1747 3485.1546142065254 16108.629442095726
1834 3702.7661889828246 16473.445680680667
1840 3944.8237998077525 16831.96752603403
1878 2927.879068519056 15399.65422761545
1910 3634.9249800041002 16364.425250759488
1914 3721.799273861844 16503.81626995573
1924 1914.012138219694 15396.413143180202
1962 3145.5902960186345 16621.45807767625
1969 1926.9332137885056 15399.80204733385
2008 2787.3986822853562 15399.776604653955
2011 2809.8917081132354 15400.323407508007
2036 2802.394037441573 15400.141140001919
2052 1202.0409354169515 16942.661360168713
2057 3094.6890187121408 15478.108674129275
2095 2794.89635531722 15399.958872217418
2099 2817.389437291164 15400.505676436376
2121 2779.900977248955 15399.594336312464
2129 2772.403230135017 15399.412066948073
2134 1082.2287955407292 16963.356917087924
2136 804.9508572748158 16903.916794297977
2150 1735.607781155973 15394.566164580176
2157 873.4476885978593 15823.358801057922
2178 4216.981033199492 16944.45597683884
2189 2340.5917713582708 16214.36579902233
2194 2028.72664748639 16061.771084932292
2195 2757.407884289257 15399.047531826443
2201 2667.1407090871603 15094.137148378088
2202 2006.9672848220616 16185.459632448501
2203 3648.5946558737405 16593.506467229152
2205 2719.919413107147 15398.136191431722
2207 2920.3791927776906 15399.610975736896
2208 1444.3308866672785 16540.894336794267
2218 2764.9055640264305 15399.229799552913
2231 2333.794384296499 16284.937669210167
2232 2859.717094442729 15401.277543467613
2234 3638.073714343501 15224.269368150737
2239 1762.6190635596586 16303.892497587485
2245 2734.914836876402 15398.500728447663
2246 2215.342697316383 15413.56207442448
2249 2912.87927455444 15399.567723613347
2257 2749.9101717923068 15398.865263303589
2260 2905.37942395185 15399.524471879768
2272 1824.9346558550412 16809.719129041805
2273 3381.817726644604 14496.79335289535
2280 2220.03071638362 15416.771585047063
2289 2742.412507836927 15398.682995960773
2290 1987.0074609744572 15405.430891126316
2291 2068.295833765143 17256.4297454442
2293 2196.8660422064354 15237.81201242324
2294 2870.3955449991454 15399.317458494139
2295 3398.2946632261446 14529.501286006558
2300 2658.6542337790133 15806.723618227683
2302 2967.5577832108143 15760.668058166766
2303 2242.1999078775557 15177.01694819223
2304 3539.266133315132 14740.046167930595
2309 2727.417077033738 15398.318458773838
2311 2667.0883529246357 15396.779947215518
2318 2880.0006036274926 15399.37371500275
2321 2831.057997453429 15456.850022635948
2323 2887.500532842907 15399.417641838476
2329 3914.453695341183 15360.84708649758
2333 2831.770236354452 15441.864956925107
2335 2143.580809191959 17223.116313726507
2338 2849.236614306201 15387.759377767343
2339 2895.000460950189 15399.461568667712
2340 2500.4293391898104 15522.47681260638
2346 2293.5673396974416 16366.345445199084
2347 2534.6569264098853 15415.92270381426
2348 2805.5476087441643 15580.238729359104
2350 2831.414116213243 15449.357504312382
2351 2864.0651980853772 15416.465480758085
2353 3869.9554291233644 15623.471577039067
2360 2039.736977818688 16756.584233598078
2361 2822.8924728138913 15426.419942583689
2362 1823.290305005836 16623.380811042567
2371 2186.509784896078 15417.574068900452
2372 2417.014257567441 16368.434977232431
2373 2779.35967378673 17304.410872427543
2374 3091.125523625694 15444.95613975731
2376 2564.486531076522 16931.48754181622
2377 2849.436050838676 15380.261131264386
2379 2830.3457611576205 15471.835033534679
2381 2401.071241783875 16368.235707455082
2386 2396.853323776928 15418.090935092276
2391 3176.3152563402937 16204.43227460489
2392 4212.915278517111 16053.402885871363
2394 2390.933788347853 16368.109000681625
2396 2852.4366159893766 15387.839314484709
2397 3091.3149252876165 15462.248293787778
2398 2223.8811309784173 15413.579225951391
2400 2362.9979384845374 16367.759833958218
2401 1433.7321075284178 16513.622597334517
2405 2332.8299583770286 16355.56531557075
2406 1851.7303574202954 15361.641545528066
2407 3090.804997639277 15430.534849552068
2409 2350.4320296996216 16367.602774222485
2410 2377.860180168467 16367.945595274114
2411 3615.002663599481 15182.987856154414
2413 2822.5363544378347 15433.912452833236
2415 2660.7395944440714 15575.240270789087
2418 2832.482476174906 15426.879871870016
2420 2852.835486654439 15372.842911707736
2423 2221.6058703095314 15410.374563702444
2424 828.2081590838615 16487.359816149736
2425 3091.544706393007 15483.22704459371
2426 3369.7424817435017 14478.51914534299
2428 3329.575266036702 15427.925148142267
2429 2832.126356424921 15434.372411026172
2430 2852.6360510698737 15380.341122571992
2431 2910.0002527359075 15399.549421948823
2433 3826.1864597487 15861.31514430701
2434 3673.485643119646 14955.308604251128
2436 2490.8592702329483 16834.192035056316
2437 2853.0349219239683 15365.344712687953
2438 3105.3398652862916 17106.845014367766
2441 2902.5003780238376 15399.505495432322
2443 4212.33971291098 15850.39341395091
2444 2194.1080713230085 15417.076447807698
2448 2620.2370260271255 16359.042557829647
2449 2527.0992995046154 15409.405607678762
2451 3338.667331352559 16541.036558183427
2452 3062.151939384302 15425.725810539047
2453 4293.080654537704 16029.219057227114
2454 2849.8349210116894 15365.26474698706
2455 3557.062019670478 16641.76254941499
2456 1894.8442701381205 16840.19162536502
2457 1859.043043360976 15385.638158269892
2458 2267.9701033159777 15410.467752631399
2459 3619.6943392243347 17341.702030126857
2460 2576.150054035951 15410.149383825905
2461 3190.448900242559 15406.533295563131
2462 4313.233728476185 16443.239676688852
2466 2690.589282901461 15397.40344999157
2468 2806.609158945521 16144.685651024338
2469 2830.701878714455 15464.342540521055
2470 3708.5056510354893 15268.708758079538
2471 4123.263573419622 16451.222993837597
2472 2811.3779337104666 15918.911507619277
2473 1798.3779757797815 15393.234935695611
2475 3827.767206450038 15200.917107527757
2476 3524.664408717294 15364.034856768694
2477 3455.366603601697 16064.530955593267
2479 2836.9658200253343 15250.692343429408
2480 2917.500146214096 15399.593348575238
2481 2059.2680908039406 16752.90989001612
2482 3464.677457295748 16052.241690015357
2483 2949.6010748418516 15398.910754740456
2484 2580.049187118512 16987.659841109657
2485 1839.4350133846008 16852.459701709668
2486 3160.273809923962 16648.15331972789
2487 1840.9563729511597 15859.701376355526
2488 2834.72886769756 16353.874236384867
2489 3427.4568388677617 16019.257411342429
2490 3648.1256440318916 16363.748933371577
2491 2849.6354865966287 15372.762913881252
2493 3143.8901762849287 16624.792573186038
2494 3605.5893233075153 15976.924998056456
2495 3462.8045700333137 16077.158927989994
2496 2825.8141606797685 16602.688836718764
2498 2348.019687914313 17479.355524217724
2500 3007.3779880923994 15399.342183304154
2501 2572.570645152836 16944.126739678937
2502 3245.8724674902223 17381.379380689727
2503 3215.253251222556 16608.883807214872
2504 2527.7952843981543 15412.617516289336
2505 2409.3535802555452 16368.339227376631
2506 3999.4549188358683 16966.006466406117
2507 2438.5099429116485 16368.703649138091
2508 2853.234358366915 15357.84646955102
2509 2526.9826640268866 15415.80640685775
2510 2484.766534914762 16361.24267510123
2512 2850.2337921102644 15350.268327911248
2513 2006.5474713950757 15384.75280050475
2514 2543.4986796384965 15416.05669310722
2515 2578.6371760720967 15416.589187305048
2516 2964.60087993759 15399.022760453536
2517 961.2453761026504 15591.236863189333
2518 2150.7359343724984 15385.65214467843
2519 2424.57793003811 16368.52951463675
2521 3075.405514771301 15418.986245450946
2523 2853.4337935544318 15350.34827361465
2524 3770.0915410645935 16581.177301169828
2525 2329.911130402663 15400.253647497751
2526 4409.379434750379 15819.322700503302
2527 4514.228970823082 16127.060022471984
2528 2577.358929207948 16989.39941628405
2529 2957.1009770032106 15398.96675759411
2531 2329.1849881453436 15838.453676889578
2532 4035.162000382217 15670.958196964904
2534 4075.9738319688668 16145.913502965213
2535 2987.473585140061 16391.22278325506
2536 2850.0343562271514 15357.766550000046
2537 3650.573021567784 15240.07270841478
2539 3173.0911406569458 16645.71523671054
2541 1521.4444619839976 15519.553214652498
2542 3147.8466771967805 16631.164128868557
2543 2552.3547602419867 16964.88730685022
2544 1502.3786353005935 16494.608051482675
2545 2855.636615522547 15387.9293320362
2547 2792.411190166701 16357.667873338893
2548 2160.4378054297636 15385.852861412752
2549 3319.87179873286 15823.546777513322
2550 4287.6822458039815 16006.02135964526
2551 2889.2618247678306 16355.305057295942
2552 2683.09098574876 15397.204512796532
2553 2262.671856813815 15170.64819575996
2554 3671.7599162685406 14953.438453577335
2555 2622.4744054991447 15389.191785063216
2556 1849.589470525827 15408.751017965116
2557 3684.4197331478263 15301.273676800813
2558 4464.091921527962 15913.193827650903
2559 2809.970219280382 15397.123408107509
2560 2553.891368005545 16967.695566545844
2561 3554.4800956513145 16232.272312778174
2562 1980.7556924542569 16349.077600762006
2564 2378.501231617869 15080.258230724368
2565 2558.010374821167 15416.276605575587
2566 2891.8894833008876 15099.47223583692
2568 2167.998295550589 15386.009276281384
2569 2817.4692433362266 15397.30567605331
2570 2589.3959666649403 16990.56972809546
2571 1414.5239608391096 15590.420462222977
2572 2568.5293333835307 16937.808305946433
2573 3261.5076199767955 16579.8801024386
2574 1827.4469190218788 16895.950706530202
2575 2585.42934929746 16984.200041443808
2576 3621.0299043931473 17576.849125831068
2577 2712.4214864700393 15397.953917703144
2578 3672.491404657036 16580.78111440132
2579 3285.2906682047287 16582.908098784916
2581 4292.677363088593 16001.797007762121
2582 4163.399484485231 17081.705886647538
2583 3005.0182085591077 16385.12310880778
2584 1830.6469184243576 16895.83117079509
2585 3845.375742613328 15205.811584522515
2586 3116.316939742924 16663.680686777698
2588 3743.187091482526 15250.040313677127
2589 2022.2034055235465 15407.182288791282
2590 4240.184366304192 15565.880889081707
2591 4062.0594180476664 15093.749784627558
2592 2869.0614188498794 17253.46329649491
2593 3361.058961658092 16975.477695939997
2594 2321.7811160640276 16589.489627144292
2595 3696.2676896611115 15304.850219915907
2596 2850.433228118608 15342.770101114136
2597 3307.3302020717956 16554.763595750817
2598 2640.5585958906986 15417.527554057218
2599 4096.948064913101 15646.350525450145
2600 2972.1008431067353 15399.078763762744
2601 2979.600800627759 15399.134767029776
2602 3645.9332630233066 15231.770560581348
2603 4177.38836099902 16951.245702828175
2604 4108.372347137232 15685.514390442973
2605 1830.3517382587656 16499.47916202448
2606 2836.4558189342742 15817.98684625445
2607 1268.1791275788016 15685.521362931177
2608 4334.775745818791 17333.380647962847
2609 4103.515801045227 15642.660795031366
2610 996.5451306553485 16389.342168618325
2612 2583.499801343464 16960.087647278193
2613 1575.932149956097 16947.514982355886
2614 1867.6285896380637 16355.374437183495
2615 4063.966862421047 15612.199674074669
2616 3083.3344095046086 15400.826625825392
2617 3733.292043493468 16113.576256946195
2618 3389.036820945654 17424.777948989038
2619 992.7095329460755 15408.785691738716
2620 3059.6841020138095 16276.470272215445
2621 3343.404528640777 15407.698566616056
2622 2392.9775930082046 15423.791046917699
2623 4077.364927304614 15641.505628028974
2624 949.2107402764651 15958.76453843966
2625 840.7310808526457 16639.502960555343
2626 2855.8906948432045 15378.376672079896
2627 1543.7967500432935 16572.5581947639
2628 3751.4575805117684 16897.592109076188
2629 3370.7524013585858 15912.090283951102
2630 2824.2799983307204 16166.315207137219
2631 2741.793847500703 15578.038087800704
2632 2469.847941047266 17247.72161084051
2633 2337.6885814553116 15646.941533231367
2634 2639.466588631602 15921.719743912035
2635 3688.2429933522867 17468.89623883388
2636 4103.489147189518 15700.444841771821
2637 3200.7069290670124 15625.246857412403
2638 3151.818199709048 14960.917108352782
2639 2511.429412972424 15386.12553382798
2640 4281.9046169125695 16042.471065459635
2641 2425.6770757624504 16732.12611548929
2642 4034.9028382077886 17155.79767817016
2643 4540.692116361179 15030.153727801424
2644 1006.0507402459143 15806.087782478335
2645 933.5789474536747 15550.737261435772
2646 4626.842668667418 15345.560645544063
2647 4499.421346147042 14959.820793359231
2648 1346.1973443079387 15360.366932391675
2649 2101.3462040983413 17238.609470242878
2650 1273.6509995660451 17276.51964202167
2651 2856.619375327908 15139.259348203892
2652 3547.0926450709662 15375.902983068783
2653 2268.529709249801 16931.289336549475
2654 2961.6321684671775 15946.854174607693
2655 3040.2767550831427 15399.711733325415
2656 3390.283829967394 15211.698742351384
2657 4175.382940761677 16538.2414661214
2658 2484.0088557424933 15586.914769021201
2659 3039.5404837481356 16479.93759630066
2660 4170.229067164179 16529.977705223882
2661 3333.2161559888577 16573.923370473534
