1747 3451.856136294776 16052.223908415624
1834 3630.4513367643985 16356.721246199857
1840 3756.5171751046137 16559.339653569776
1878 2927.879068519056 15399.65422761545
1910 3545.934757211965 16211.288777582902
1914 3635.7593365698117 16365.796869236783
1924 2101.4955254288493 15408.37958514247
1962 3023.440487474289 16422.271391912247
1969 2121.0015102173074 15411.719409842148
2008 2787.3986822853562 15399.776604653955
2011 2809.8917081132354 15400.323407508007
2036 2802.394037441573 15400.141140001919
2052 1102.7378125272332 16997.50943384083
2055 2307.6412686043645 15424.50035037391
2057 3091.4972273339017 15478.892261071065
2095 2794.89635531722 15399.958872217418
2098 4289.836606434682 16039.647362990685
2099 2817.389437291164 15400.505676436376
2121 2779.900781109588 15399.594331544338
2129 2772.4031082577435 15399.41206398525
2134 1153.516556462677 17120.541732279802
2136 956.8431822292964 16817.61087767183
2150 1965.6397823707503 15403.121177322037
2157 928.2538661991019 15737.332373118521
2178 4046.5077781029718 16914.6882422926
2189 2348.9288209434603 15904.24318014887
2194 2020.8647355110445 16265.747073220513
2195 2757.407694829172 15399.047527220691
2201 2803.072836611951 15069.750343686155
2202 2017.0809486573012 16328.057327237562
2203 3462.82607434601 16689.739248995793
2205 2719.919163949901 15398.136185374738
2207 2920.3791927776906 15399.610975736896
2208 1539.5263839914458 16484.78845708129
2217 3358.241992791431 14461.114751164238
2218 2764.9054443894534 15399.229796644553
2228 2472.1363196820885 15586.718816320528
2231 2349.5109981116257 16367.591262362874
2232 2865.000910034329 15399.285862296749
2234 3647.2326233304225 15240.657853817276
2239 1913.2023266358324 16356.456993341755
2245 2734.91462509724 15398.500723299336
2246 2403.1666660519277 15414.946560157938
2249 2912.87927455444 15399.567723613347
2257 2749.910015678674 15398.865259508484
2260 2905.37942395185 15399.524471879768
2272 1904.0029994337995 16834.857634393116
2273 3305.6934712605125 14381.503470088903
2280 2465.289681783007 15418.476222562806
2284 3412.1285327713545 17356.360111229238
2289 2742.4123501960285 15398.68299212854
2290 2219.9735883026237 15413.571376698705
2291 2362.3780864001396 17092.278528852417
2293 2229.806445068678 15407.190960440757
2294 2872.5007542283474 15399.329788634506
2295 3491.0346547772447 14669.897727866244
2300 2711.0948833502257 15810.677285979315
2302 2969.5644299802116 15623.408376129924
2303 2196.386660869461 15358.422779595872
2304 3596.303603312074 14837.93159311259
2309 2727.4168801538176 15398.318453987711
2311 2483.8437363612816 15389.1158276561
2318 2880.0006036274926 15399.37371500275
2319 3121.1631615582655 15912.428688061807
2321 2831.057997453429 15456.850022635948
2323 2887.500532842907 15399.417641838476
2325 2849.228533740571 15105.223706341189
2329 4034.930793270981 15575.659821417374
2331 2825.873627801724 15043.475448470737
2333 2831.770236354452 15441.864956925107
2335 2390.5386241903334 17087.30559763586
2338 2849.236614306201 15387.759377767343
2339 2895.000460950189 15399.461568667712
2340 2467.995261925913 15388.876257351229
2346 2357.0113286251717 16367.685008063923
2347 2665.4237484557984 15417.845601317136
2348 2650.873536662463 15574.647624443693
2350 2831.414116213243 15449.357504312382
2351 3041.840838069566 15425.391020305136
2352 1449.2393479152186 16568.94781722772
2353 3909.9615766291 15745.949490636918
2356 3388.7461503682225 15660.993966820466
2360 2301.311960493988 16608.312866626206
2361 2822.8924728138913 15426.419942583689
2362 1827.6679487119404 16839.422227102405
2364 2190.4313338299958 17184.248398851112
2371 2187.5187491932147 15422.59429738733
2372 2417.185734361709 16368.43712049962
2373 2670.8169160241896 17115.883629749653
2374 3091.361930951806 15578.340582743427
2376 2467.272146361206 16779.496633236755
2377 2849.436050838676 15380.261131264386
2379 2830.33300761854 15472.10336010445
2381 2402.019292007654 16368.24755701727
2386 2489.7360634765373 15400.819419875643
2391 2927.726864447628 16337.520066939443
2392 3967.7794969406286 16188.129820042866
2394 2394.5143253808674 16368.153753370016
2396 2852.4366159893766 15387.839314484709
2397 3098.068615352994 15595.966150598035
2398 2430.6022533610685 15415.092098062489
2400 2379.512394606053 16367.966246097494
2401 1501.916650244272 16506.906542020017
2402 3863.2829613971717 16042.68593958109
2405 2364.5117187985948 16367.778754510657
2406 1863.2234923961998 15389.528187035066
2407 3091.548979565573 15556.584893976647
2408 3533.7392779929537 17460.874233589224
2409 2372.0120507184124 16367.872500229283
2410 2387.01313111346 16368.059996873013
2411 3629.4174256874553 15208.78024572714
2413 2822.5363544378347 15433.912452833236
2415 2649.3176387046965 15440.648232826501
2418 2832.482476174906 15426.879871870016
2420 2852.835486654439 15372.842911707736
2422 2492.3655682610306 15174.315861567376
2423 2480.4822092334903 15412.156640547513
2424 981.3660678799642 16401.5200898455
2425 3110.8390951380043 15593.659058537849
2426 3291.259764282098 14359.572536908649
2428 3626.27776963256 15332.850722492853
2429 2832.126356424921 15434.372411026172
2430 2852.6360510698737 15380.341122571992
2431 2910.0002527359075 15399.549421948823
2433 3774.829333498587 15832.011991682448
2434 3821.5513515067805 15192.892871368094
2435 3090.542818793071 15758.843128851488
2436 2344.1628290398457 16601.86400669626
2437 2853.0349219239683 15365.344712687953
2438 3229.778174799221 17033.54003011179
2441 2902.5003780238376 15399.505495432322
2443 4074.5329945101716 15617.98535773957
2444 2193.909663068142 15422.717291850717
2445 4703.98532868074 15601.557305228134
2448 2362.0646520910977 16356.58838628812
2449 2697.4624128792984 15411.835173166908
2451 3154.0746859800593 16632.391207523036
2452 3091.8578333845476 15518.392881013875
2453 4070.5688273947385 16138.343701513237
2454 2849.8349210116894 15365.26474698706
2455 3380.1307432083195 16732.64623241941
2456 2161.3670709035227 16687.83443718762
2457 1810.8318016597511 15385.791349994506
2458 2581.315596401177 15410.227711004252
2459 3437.3167972138917 17055.93837468364
2460 2828.859516352828 15415.158536601864
2461 2876.0983046904303 15404.426223101782
2462 4171.166174548473 16513.898101194027
2466 2687.0943439821554 15397.310725826166
2468 2813.8669776007887 16449.96828294295
2469 2830.701878714455 15464.342540521055
2470 3424.3690736710073 15405.449826062135
2471 4053.629571736642 16330.842344074426
2472 2806.349129594139 16264.836780913505
2473 1831.9337457317163 15386.17653222345
2475 3764.161637340998 15102.406132100015
2476 3171.3919948344947 15406.43
2477 3463.0431133424627 16077.561836775336
2479 2849.428572397448 15416.886231851293
2480 2917.500146214096 15399.593348575238
2481 2294.532080912154 16619.525810334184
2482 3459.2214615573344 16071.106920541311
2483 2949.6010748418516 15398.910754740456
2484 2630.125659174935 17062.028404120738
2485 1839.9690764573813 16831.102241007666
2486 3170.0981854268857 16647.390635493834
2487 1816.3088798665822 16022.928774837437
2488 2647.4684390642096 16359.13243983509
2489 3343.0264666965513 16115.694367661044
2490 3312.051880239156 16548.514272476663
2491 2849.6354865966287 15372.762913881252
2493 3143.890120369869 16624.792483140332
2494 3373.72288489236 16099.667016509537
2495 3467.2549360377384 16084.675766620112
2496 2731.364696310571 16863.550954505998
2498 2433.3594857921426 17500.224683888388
2500 2970.36846838549 15421.01210880717
2501 2572.570645152836 16944.126739678937
2502 2977.5562768370437 17492.599200750446
2503 2946.5153906492656 16751.16645133836
2504 2750.037227628308 15415.67654072957
2505 2409.5507490120876 16368.34169176447
2506 3717.0747219421996 17159.517517464574
2507 2698.963218236025 16371.884596232705
2508 2853.234358366915 15357.84646955102
2509 2647.6024796146407 15417.620810494915
2510 2331.5014456241133 16388.14911362468
2512 2850.2337921102644 15350.268327911248
2513 1776.7364378228067 15381.969196144131
2514 2688.5751761014317 15418.127814127198
2515 2780.9266959982324 15416.053079222289
2516 2964.60087993759 15399.022760453536
2517 901.0586874379037 15471.896063445265
2518 1915.5827539445488 15378.599073669779
2519 2631.1382003836147 16372.605250558518
2521 3426.1337183329642 15428.438604482895
2523 2853.4337935544318 15350.34827361465
2524 3652.4430523711103 16393.263310721144
2525 2671.6232841813194 15405.194379338363
2526 4422.107244097013 15938.950680007149
2527 4383.940814356449 16181.845060912718
2528 2577.6748364975774 16989.906737097554
2529 2957.1009770032106 15398.96675759411
2531 2333.732155132772 16166.394019178546
2532 3748.0484213394684 15838.701582586993
2534 4266.336981803675 16041.737376087094
2535 3136.560080585186 16633.6627741746
2536 2850.0343562271514 15357.766550000046
2537 3639.945439950091 15221.056254679926
2538 3499.0131884892535 16492.83917161331
2539 3391.7047537524377 16522.71796150393
2541 1234.205860581548 15677.703061800567
2542 3147.8466771967805 16631.164128868557
2543 2493.9940547438646 17000.669462089296
2544 1348.2838822110448 16584.37008926532
2545 2855.636615522547 15387.9293320362
2547 2551.0001999822584 16358.53139393473
2548 1947.2613854199528 15381.115298453631
2549 3182.50645676163 15595.270608177685
2550 4241.08792362172 15919.533938821702
2551 2785.3222002859197 16360.940759645846
2552 2647.913125543691 15396.271209581933
2553 2197.4788197822936 15331.070364242638
2554 3574.9742671120384 14797.494868847734
2555 2449.590549164048 15388.664976288454
2556 1849.589470525827 15408.751017965116
2557 3830.6545637120444 15230.502337081265
2558 4383.227388278693 15763.466905811309
2559 2809.970219280382 15397.123408107509
2560 2336.208632509504 17093.525117436435
2561 3649.4274615792783 16394.346970908482
2562 1857.9997042904354 16282.131540275039
2564 2533.162568180727 15086.439550085614
2565 2699.8851102199237 15418.26568071314
2566 3121.5661263398915 14975.44031597424
2568 2167.998295550589 15386.009276281384
2569 2817.4692433362266 15397.30567605331
2570 2589.3959666649403 16990.56972809546
2571 1482.2705688750125 15778.290631022464
2572 2548.630279682286 16906.69690961573
2573 3168.693040475443 16683.373913965454
2574 1827.4469438815743 16895.95163068189
2575 2585.42934929746 16984.200041443808
2576 3610.6563387311026 17659.470942631146
2577 2712.4214864700393 15397.953917703144
2578 3494.5785775620257 16673.573652073217
2579 3558.0763404712857 16432.180738934574
2581 4157.46243859313 15767.967408128763
2582 3954.840059764854 17203.214559512686
2583 3243.8666598270866 16178.613901653587
2584 1828.363717626004 16930.032418494407
2585 3625.3123788970556 15313.507291982249
2586 2848.6258035685078 16809.86036937572
2587 3396.8258903026513 16930.261342836646
2588 3488.3235839199538 15384.082431248224
2589 2040.9434454337338 15425.235439675771
2590 4404.2867114243745 15478.961594551358
2591 4354.2133618430125 14931.392320701123
2592 2994.4038288141533 17166.070839687458
2593 3260.8492486915497 16808.21103458108
2594 2103.8612518504747 16714.906942251273
2595 3802.6652411585515 15502.482774570704
2596 2850.433228118608 15342.770101114136
2597 3155.8632497975727 16657.521287210133
2598 2645.840185854058 15472.262391867558
2599 4133.669595438273 15625.720502337605
2600 2972.1008431067353 15399.078763762744
2601 2992.578320592101 15399.231672047432
2602 3635.040527312786 15212.279653605836
2603 4337.306054992787 16824.25226761928
2604 3990.317782001125 15464.030750851178
2605 1754.6735757031831 16572.541938750677
2606 2844.23003746411 15608.827077697337
2607 1038.2321523458118 15680.483646153534
2608 4189.669877521687 17427.45242565647
2609 4241.940926893994 15564.894059691756
2610 846.052611755516 16473.692912001912
2612 2716.852141369142 16897.1125542161
2613 1466.9599114441046 16677.534962074955
2614 2018.3043872199128 16350.743676680522
2615 4037.2798062973975 15533.513749460059
2616 3237.881923350346 15408.49393209008
2617 3885.943357298974 16050.929343919674
2618 3470.1010049992933 17479.57311647297
2619 966.4957945574714 15307.307439064743
2620 3406.8642924041287 16092.199480553902
2621 3163.191055679783 15407.132435533847
2622 2391.4342520859277 15488.581397868444
2623 4033.3483926335653 15557.494280660936
2624 1088.8399513656211 15888.341468433146
2625 893.3424739556395 16604.023969815837
2626 2856.220050414587 15230.987197761968
2627 1698.7553862511174 16489.021788109225
2628 3897.3689432598053 16811.786263797843
2629 3394.731839879145 15820.2757545971
2630 2935.0368844526683 16160.96883921765
2631 2642.7680736347916 15606.55865027157
2632 2333.69517104661 17310.122412763147
2633 2275.452633332857 15559.677440037716
2634 2681.025976327629 15810.245482683542
2635 3684.3619564777146 17454.078638310686
2636 3996.55175025351 15768.792471634086
2637 3221.411735369034 15542.989644109663
2638 3222.2202057767754 15068.589330263163
2639 2512.7184761243498 15330.835986414013
2640 4360.450624743034 16179.414244910884
2641 2353.235362994052 16604.286290290576
2642 3892.441112049132 17240.170103115808
2643 4459.22017905449 14887.202089398428
2644 901.7548354690973 15859.186165942598
