1747 3620.0786968090997 16338.858653849651
1834 3864.249137375663 16729.192177300436
1840 4118.6060477063975 16962.38239723037
1878 2934.1309244635936 15399.705136886507
1910 3634.929264094701 16364.432628337841
1914 3885.3520788591995 16758.148051025408
1924 1893.6682589790453 15396.105114726455
1962 3160.849333173614 16644.880133786766
1969 1893.333789422912 15402.504886222334
2008 2787.3986822853562 15399.776604653955
2011 2809.8917081132354 15400.323407508007
2036 2802.394037441573 15400.141140001919
2095 2794.89635531722 15399.958872217418
2099 2817.389437291164 15400.505676436376
2121 2779.900977248955 15399.594336312464
2129 2772.403230135017 15399.412066948073
2136 976.3233505040782 16794.727450350736
2150 1449.413113274799 15618.164818407487
2178 4319.289650723687 16778.630384880173
2189 2301.5178037223614 16366.51351690602
2194 1985.7546934528943 15982.586733317221
2195 2757.407884289257 15399.047531826443
2201 2497.019318213922 15084.441515005274
2202 1898.151644766296 16129.222546601857
2205 2719.919413107147 15398.136191431722
2207 2927.8541761743686 15399.654084060983
2208 1228.1813077105085 16663.74698276104
2218 2764.9055640264305 15399.229799552913
2232 2784.7894780975316 15412.89967842537
2234 3628.6885666034177 15207.476062372032
2239 1502.0126856188754 16288.648733764701
2245 2734.914836876402 15398.500728447663
2246 2215.3116685845516 15413.562012095703
2249 2920.235929367957 15399.610149534994
2257 2749.9101717923068 15398.865263303589
2260 2911.1876139806996 15399.557967785355
2272 1766.3901561140365 16810.561781547472
2273 3457.4464451125173 14613.560451194679
2280 2215.2622211102644 15416.762012016872
2289 2742.412507836927 15398.682995960773
2290 1901.1498748105319 15396.218394525693
2291 1837.333487492048 17381.742936633065
2293 2311.8138956639 15180.771283828357
2294 2843.3259714756127 15416.948693200718
2295 3306.7855968509252 14388.981939368492
2304 3601.656104392289 14840.485347177078
2309 2727.417077033738 15398.318458773838
2311 2675.5925987952833 15397.005573218992
2318 2858.2848925836565 15405.333251047115
2321 2831.057997453429 15456.850022635948
2323 2864.7771181558114 15399.284551555167
2329 3790.6755843328774 15143.350025859894
2333 2831.770236354452 15441.864956925107
2338 2849.236614306201 15387.759377767343
2339 2873.4521252096183 15399.33536078267
2346 1987.5333909434069 16358.222649544583
2347 2534.403553478526 15415.918864161755
2348 2696.4716318337055 15579.67770887908
2350 2831.414116213243 15449.357504312382
2351 2863.9211409317645 15416.461017550293
2353 3726.5278327887604 15360.881211662416
2360 1857.952717919816 16861.677052013103
2361 2822.8924728138913 15426.419942583689
2371 2021.4020330818785 15407.151849791153
2372 2380.460273281562 16367.978093515523
2373 2702.4235478746264 17346.951796817866
2374 2967.001772992769 15420.956615177329
2376 2572.0927857918145 16949.430808306002
2377 2849.436050838676 15380.261131264386
2379 2830.3457611576205 15471.835033534679
2381 2363.8654575545784 16367.770676971502
2386 2306.989548554217 15467.379549703852
2391 3457.688707927801 16055.958793287491
2392 4459.024978259298 15918.53550802364
2394 2353.2265227618627 16367.637702244754
2396 2852.4366159893766 15387.839314484709
2397 3018.60454267494 15421.80718960284
2398 2222.817160294328 15413.577088706723
2400 2335.720916120885 16472.941304424963
2401 1410.859938205733 16237.031843304592
2405 2337.605794975867 16113.602693430343
2406 1868.9664029922458 15181.148970088054
2407 2922.881110872862 15419.133502728637
2409 2336.1717197802363 16195.210676733528
2410 2338.510660677621 16367.336013369388
2411 3613.2731459504607 15173.334805180393
2413 2822.5363544378347 15433.912452833236
2415 2797.72480400044 15579.968703106746
2418 2832.482476174906 15426.879871870016
2420 2852.835486654439 15372.842911707736
2423 2215.361005114418 15410.362011951638
2425 3063.111514501889 15422.540803170989
2426 3445.49226535389 14595.57325002575
2428 2961.7453228281197 15417.4752417343
2429 2832.126356424921 15434.372411026172
2430 2852.6360510698737 15380.341122571992
2431 2892.9942247350623 15399.449818208992
2433 3954.5577052936737 15791.962086475174
2434 3524.001982570933 14721.503741815832
2437 2853.0349219239683 15365.344712687953
2441 2883.0009049000814 15399.391287667419
2443 4421.879772439783 15747.039318803967
2444 2196.849764443749 15238.530625065234
2448 2796.000864063583 16357.631216583188
2449 2527.070567361475 15409.40517200182
2451 3620.7432638582754 16386.02499009113
2452 2864.8750017347343 15419.68443074746
2453 4418.931431978812 16242.473381276555
2454 2849.8349210116894 15365.26474698706
2456 1851.395029923006 16865.496211575777
2457 2120.4745574944445 15391.969252826133
2458 2215.410728409186 15407.162012347168
2459 3703.8677716652164 17539.083478992463
2460 2534.5683890177133 15409.518864460922
2461 3499.4051656548168 15377.698006589995
2462 4456.838519822192 16371.991739790159
2466 2690.589282901461 15397.40344999157
2468 2814.1248153832807 15839.526004399293
2469 2830.701878714455 15464.342540521055
2470 3817.1836967697386 15210.24939918241
2472 2827.0909859367252 15540.313489975422
2473 1567.0814298287962 15481.030995696741
2475 3855.3728636559895 15214.537744239551
2476 3801.093600646051 15211.642002596163
2477 3338.2466832841756 15860.981666583348
2479 2844.400293017136 15087.071186799805
2480 2904.715767240953 15399.518470893212
2481 1854.8199769550447 16870.902706927798
2482 3614.8743495411977 15968.23486403646
2483 2916.4092397769646 15399.586959172553
2484 2576.9608134047267 16983.0673948554
2485 1842.6030487705418 16964.303317837104
2486 3039.913252575803 16480.52971961024
2487 1811.9199248970644 15723.503131959618
2488 3020.5282711762097 16289.153103652106
2489 3282.161410941074 15766.245343830476
2490 3985.6091652063974 16181.8239926014
2491 2849.6354865966287 15372.762913881252
2493 3147.74585559376 16634.868723441734
2494 3631.757842126964 15907.51654870826
2495 3569.804317404202 15996.056333377246
2496 2817.8288490575405 16365.254181645472
2500 3165.2392135490545 15407.316233041365
2501 2575.761592650905 16949.298702019507
2502 3357.085646656322 17384.888849302017
2503 3483.4442432345595 16460.319598093683
2504 2526.9810040399448 15412.605173334172
2505 2372.2271248138914 16367.875188413733
2507 2401.530559472405 16368.241448409915
2508 2853.234358366915 15357.84646955102
2509 2526.901183693277 15415.8051720922
2510 2776.683164379596 16357.82848358248
2512 2850.2337921102644 15350.268327911248
2513 2145.4786085445003 15385.543378723365
2514 2541.9059512008057 15416.032556654673
2515 2556.911075248862 15416.259946620215
2516 2957.6316069214467 15398.970719884419
2517 1022.3949974497515 15680.785497340456
2518 2152.9856981446737 15385.698688817667
2519 2389.0041561337034 16368.084882447854
2521 2722.854802922669 15412.648571845733
2523 2853.4337935544318 15350.34827361465
2524 3956.4541206622744 16845.95794557959
2525 1987.7628533532325 15396.178954635472
2528 2573.6500869434753 16986.355947747696
2529 2949.658165194132 15398.91118104237
2531 2189.5295798596685 15541.695114518538
2532 4018.24013179474 15551.870232118315
2535 2837.062624228237 16368.21707492756
2536 2850.0343562271514 15357.766550000046
2537 3661.8905612853478 15260.323738063249
2539 3103.9007342715095 16685.360313578585
2541 1799.94851962618 15382.392199135616
2542 3148.3760129866587 16650.6671555317
2543 2552.3547602419867 16964.88730685022
2544 1761.0117585929886 16369.89343286004
2545 2855.636615522547 15387.9293320362
2547 2942.9319899720367 16330.011362976771
2548 2160.4919815141684 15385.8539822323
2549 3445.300595364348 16041.74603833972
2550 4235.576194160138 16058.633888126798
2551 3069.7322551683474 16505.368533050303
2552 2683.09098574876 15397.204512796532
2553 2343.50491974967 15102.04582254145
2554 3766.9594960721383 15107.173135970736
2555 2698.540302239037 15297.784413866306
2556 1963.734131397817 15382.862407875526
2557 3377.155274435639 15428.166583487531
2558 4585.0347348479745 15849.26082883808
2559 2809.970219280382 15397.123408107509
2560 2553.9069012670575 16967.685989307996
2561 3459.2214581117446 16071.106914721579
2562 2301.772575978489 16356.996882637053
2564 2408.262314227824 15181.669117625857
2565 2549.408271916359 15416.146247980618
2566 2856.7175232558725 15221.198645974353
2568 2167.998295550589 15386.009276281384
2569 2817.4692433362266 15397.30567605331
2570 2588.6791650293812 16989.418671316616
2571 1327.2845535518306 15296.721003469902
2572 2569.4807364904414 16939.295787691735
2573 3548.5023110384864 16417.817578894817
2574 1828.2285351085861 16803.80433773237
2575 2583.138409143936 16979.80850653261
2576 3702.1320671664257 17500.047133957665
2577 2712.4216522246106 15397.953921732618
2578 3724.3126484782024 16513.85381867801
2579 3129.5168656887986 16622.016946796186
2581 4333.145507257077 15987.614109956014
2582 4126.196620114377 16978.12319704382
2583 3139.29985767085 16617.4003164163
2584 1828.536705943089 16784.333188005337
2585 3940.3096584143236 15354.667085182618
2586 3235.384568869977 16765.768007665032
2588 3842.4897184880956 15204.943723175247
2589 1895.2880833342406 15399.331460859466
2590 4105.197923633378 15641.715784641676
2591 3757.2077818640814 15261.566605816244
2592 2768.6303993580304 17273.283800781162
2593 3511.2567838293894 17163.005790062183
2594 2451.4600008237335 16754.774958827467
2595 3562.859440688139 15367.31119128653
2596 2850.433228118608 15342.770101114136
2597 3582.7502946488516 16399.29838637753
2598 2534.500812105224 15412.719159448237
2599 4080.844194757706 15655.650617517224
2600 2967.6946822683262 15399.045862322791
2601 2978.3304497701056 15399.125281136276
2602 3656.8535177205335 15251.310708631298
2603 3924.349459187562 17033.870332351566
2604 4265.480273448845 15964.810516000394
2605 1862.762424801915 16344.652637435194
2606 2830.9080835280365 16138.303993478077
2607 1432.42725432522 15627.523357855369
2608 4223.490243564715 17143.042473006986
2609 4096.991768016822 15646.325973204448
2610 1020.0338119411726 16280.20008874538
2612 2719.3184571392694 16870.69503395968
2613 1678.3372933628511 17115.645319846302
2614 1834.4758987934129 16215.313688839475
2615 4080.992994813187 15645.19533610144
2616 2986.8924638025455 15399.189214932814
2617 3576.5789531655605 16202.454942912811
2618 3318.4106912657144 17359.122602750245
2619 912.7256632082814 15519.268596624963
2620 3106.10339405781 16563.940675919424
2621 3704.1898577111883 15271.031878073647
2622 2249.599186529527 15404.03070258859
2623 4068.5227992859673 15630.288574363056
2624 878.8887467206047 15842.859758978582
2625 1006.8208822071741 16578.350853404103
2626 2855.8360520160086 15380.431087000028
2627 1471.843728927991 16607.708248716466
2628 3602.964754630242 16986.332556469424
2629 3451.833588900422 16052.187870402728
2630 2819.516769084611 16358.01873041963
2631 2824.4827542521944 15527.779914524472
2632 2548.937688796987 17386.650974735403
2633 2349.2738861690523 15749.764110637552
2634 2637.228120628976 16207.509567976744
2635 3539.9487239932364 17228.82412701133
2636 4123.493658942476 15623.256768740874
2637 3347.3310675560383 15870.08791111193
2638 2976.281932343973 15054.864332268235
2639 2505.3480449129406 15580.335391261955
2640 4109.8446158254965 16131.179385546078
2641 2360.5297227880815 16639.575620737116
2642 4172.878435696025 17060.268633754033
2643 4721.415092998222 15266.399978484065
2644 1100.9479504836077 15723.40812108001
2645 1007.4016808884352 15639.44731012998
2646 4333.480439844486 15512.236589104563
2647 4504.878941863442 14976.287173706516
2648 1244.1327464096435 15396.783385710665
2649 1867.907721864327 17365.480501908492
2650 1412.3747944889344 17384.250785508397
2651 2853.6345531348916 15342.800284269693
2652 3274.6748708116043 15427.205244202909
2653 2338.8463290634436 17051.759402100764
2654 2963.9079129316233 15791.281315815275
2655 3183.0139003863087 15406.476778664535
2656 3317.4186543638302 15215.33101433794
2657 4252.213144299488 16661.449871098863
2658 2421.5555346136184 15542.91982395946
2659 2910.703682848939 16369.585477415301
2660 4238.639729641736 16639.681277374733
2661 3391.317881851665 16674.23979971425
2662 2855.629862117508 15258.31533189223
2663 3346.2877655893453 15233.529698759226
2664 2660.9146933867028 16641.486008987566
2665 4489.149442652977 15735.946950644018
2666 1825.5843886119276 16768.6111426724
2667 1749.4638005938227 16661.758867500175
2668 1360.554337014712 16430.99468576287
2669 3763.3439412664657 15572.479603080095
2670 2990.4146180704897 16947.939150437265
2671 2288.7408349677617 16171.302295436875
2672 4356.366776612297 16173.866736808946
2673 1381.6620849791564 15485.098365307982
2674 3421.9866273564126 16918.88369634504
2675 3351.5053499345013 17361.185052512934
2676 3153.5645397161907 15578.612289168139
2678 1890.286598954143 17134.907181214803
