1747 3590.0205392390158 16287.095880073015
1834 3822.1675548428325 16664.95415238022
1840 4095.0402490890724 16942.195057504003
1878 2935.8800135305714 15399.718946656285
1910 3634.929264094701 16364.432628337841
1914 3842.2897542800274 16696.82792927435
1924 1893.6682589790453 15396.105114726455
1962 3151.389489311823 16630.712481914798
1969 1893.3339936392524 15402.504889250868
2008 2787.3986822853562 15399.776604653955
2011 2809.8917081132354 15400.323407508007
2036 2802.394037441573 15400.141140001919
2095 2794.89635531722 15399.958872217418
2099 2817.389437291164 15400.505676436376
2121 2779.900977248955 15399.594336312464
2129 2772.403230135017 15399.412066948073
2136 911.4111985785538 16835.310849894347
2150 1515.793547820169 15542.815606456285
2157 951.0354381020558 15988.370853056558
2178 4336.715106357019 16807.929421811077
2189 2331.3214492473403 16363.96838577748
2194 2015.0372885449005 15982.825985536012
2195 2757.407884289257 15399.047531826443
2201 2539.5848098445563 15086.794578041057
2202 1898.8226999790597 16171.713762674062
2205 2719.919413107147 15398.136191431722
2207 2925.6939749555413 15399.641626153147
2208 1306.2170917723129 16619.625501119754
2218 2764.9055640264305 15399.229799552913
2232 2825.8541047972526 15414.3539943898
2234 3631.181064263359 15211.936010847572
2239 1567.5899576902452 16290.229457838805
2245 2734.914836876402 15398.500728447663
2246 2215.3116685845516 15413.562012095703
2249 2914.4099626271595 15399.576551110882
2257 2749.9101717923068 15398.865263303589
2260 2905.37942395185 15399.524471879768
2272 1792.965017607033 16795.521281192672
2273 3438.110400878889 14584.465914851391
2280 2215.2622211102644 15416.762012016872
2289 2742.412507836927 15398.682995960773
2290 1901.29241201431 15396.220552693954
2291 1863.9050119103672 17367.726993314827
2293 2279.5274404362262 15180.299516368594
2294 2848.2724468500423 15408.780500849316
2295 3329.6760570409015 14423.687923026315
2304 3582.109584547725 14808.991480058196
2309 2727.417077033738 15398.318458773838
2311 2675.5925987952833 15397.005573218992
2318 2859.4491367554797 15401.83372454955
2321 2831.057997453429 15456.850022635948
2323 2868.201995337822 15399.3046109468
2329 3824.0713124575013 15196.936367206272
2333 2831.770236354452 15441.864956925107
2338 2849.236614306201 15387.759377767343
2339 2879.9985052937736 15399.373702712881
2340 2464.178951384552 15586.587482307288
2346 2073.3969549847657 16361.691073798933
2347 2534.403553478526 15415.918864161755
2348 2742.1202127637503 15581.253298724301
2350 2831.414116213243 15449.357504312382
2351 2863.9211409317645 15416.461017550293
2353 3761.834222219528 15426.256051644146
2360 1862.8216910304004 16858.84139023341
2361 2822.8924728138913 15426.419942583689
2362 1734.9617783124065 16669.530831782533
2371 2080.623253545986 15411.430280734623
2372 2388.903969260035 16368.083630224543
2373 2700.4915818883333 17351.814612863778
2374 3026.2383320350586 15425.133842392235
2376 2569.879154308026 16945.854432113916
2377 2849.436050838676 15380.261131264386
2379 2830.3457611576205 15471.835033534679
2381 2365.7310644652216 16367.793994960944
2386 2307.479066258798 15435.172274163522
2391 3386.9758241579434 16092.780953221027
2392 4397.73362307818 15952.360245980739
2394 2357.1545707295977 16367.686798429226
2396 2852.4366159893766 15387.839314484709
2397 3063.5356278168315 15422.547793879849
2398 2222.817160294328 15413.577088706723
2400 2336.478317703948 16419.978613238567
2401 1411.8073050224648 16330.825496027277
2405 2336.2507376145654 16192.537659420646
2406 1855.088669575106 15200.389553318073
2407 2988.882068589148 15421.317270622212
2409 2334.238677987059 16266.812300078966
2410 2349.520623159567 16367.591382665154
2411 3609.950500706451 15167.392250750141
2413 2822.5363544378347 15433.912452833236
2415 2761.4902976403146 15578.717966538597
2418 2832.482476174906 15426.879871870016
2420 2852.835486654439 15372.842911707736
2423 2215.361005114418 15410.362011951638
2425 3088.9526616050207 15427.163136444926
2426 3426.802092417778 14567.45054254837
2428 3053.550650328644 15418.695705897606
2429 2832.126356424921 15434.372411026172
2430 2852.6360510698737 15380.341122571992
2431 2900.586947546193 15399.494288533717
2433 3922.7547598657916 15809.143749737215
2434 3561.988197276221 14776.403849762493
2437 2853.0349219239683 15365.344712687953
2441 2889.9182345513013 15399.431802236892
2443 4353.071730753304 15778.675078924882
2444 2197.830307830638 15304.817251928815
2448 2793.7245715525 16357.65446145191
2449 2527.070567361475 15409.40517200182
2451 3564.4374403497904 16416.475266445308
2452 2889.292284523918 15420.449989118737
2453 4381.063666168901 16168.805780801707
2454 2849.8349210116894 15365.26474698706
2455 3707.1392424073765 16562.330656387436
2456 1851.395029923006 16865.496211575777
2457 2032.1826617807449 15390.915704913596
2458 2215.4221858728138 15407.16203538678
2459 3717.6983605242804 17513.434296025935
2460 2534.5683890177133 15409.518864460922
2461 3427.031758877688 15405.01846321569
2462 4426.282421801804 16386.829190348773
2466 2690.589282901461 15397.40344999157
2468 2811.4784490935 15916.006590257015
2469 2830.701878714455 15464.342540521055
2470 3815.65686443464 15211.071033717924
2471 4193.07581650021 16566.610360299102
2472 2823.304978590633 15626.544313810276
2473 1620.190328879817 15426.699257551327
2475 3841.9299747850964 15204.775401670251
2476 3756.508413434186 15235.614297304064
2477 3379.6215895905543 15935.141612002248
2479 2842.5705604175187 15103.625834145532
2480 2909.0978624298396 15399.544136678844
2481 1868.390056906395 16862.99997253027
2482 3597.082530719479 15981.472888922977
2483 2939.4408407611636 15399.508314304168
2484 2580.049078367737 16987.659666462776
2485 1840.3996387735908 16908.404030331127
2486 3083.2957886852732 16545.591238941706
2487 1836.5254770733923 15715.57261084863
2488 2960.506496060406 16321.332594538071
2489 3324.725532024566 15838.064461058586
2490 3900.161315079396 16224.957722212837
2491 2849.6354865966287 15372.762913881252
2493 3143.8901762849287 16624.792573186038
2494 3605.471758095177 15922.759239768831
2495 3517.1296758658987 16024.20873700372
2496 2813.1605157617532 16388.147300674253
2498 2378.9358387502334 17504.110670434868
2500 3141.8566833464447 15405.217932497639
2501 2572.570645152836 16944.126739678937
2502 3358.117852572198 17366.077477790193
2503 3416.692924424891 16497.501324922014
2504 2526.9810040399448 15412.605173334172
2505 2375.182711613004 16367.912129926644
2506 4253.311716391788 16933.684938122926
2507 2416.1448526226213 16368.424110647833
2508 2853.234358366915 15357.84646955102
2509 2526.901183693277 15415.8051720922
2510 2727.2690595790023 16358.333086735865
2512 2850.2337921102644 15350.268327911248
2513 2145.3350825138655 15385.54040939137
2514 2541.9060801317896 15416.032558608513
2515 2556.927069973807 15416.260189006745
2516 2963.9823288937223 15399.018141643472
2517 1016.76620017608 15659.924444470827
2518 2152.9856981446737 15385.698688817667
2519 2403.781990159613 16368.269588762898
2521 2809.8020940372894 15414.43409657398
2523 2853.4337935544318 15350.34827361465
2524 3905.2576107049676 16783.499485276287
2525 2072.3517044189994 15397.223132065954
2526 4347.063492007473 15785.326686579345
2528 2577.358874157531 16989.39932787766
2529 2953.2752640272597 15398.938190442259
2531 2209.7293194653344 15628.085091723982
2532 4045.3992452755874 15601.429943953186
2535 2837.8125825870634 16368.195699054007
2536 2850.0343562271514 15357.766550000046
2537 3658.5329911848658 15254.315872984043
2539 3138.238787253497 16666.83832609593
2541 1726.231828490769 15381.048830577085
2542 3148.4694464453946 16633.22950431018
2543 2552.3547602419867 16964.88730685022
2544 1694.05357231861 16396.47522932721
2545 2855.636615522547 15387.9293320362
2547 2907.366358307108 16347.574637873033
2548 2160.4919815141684 15385.8539822323
2549 3426.873693325344 16012.29390196911
2550 4274.399619573264 16036.766646526896
2551 3031.616580943283 16442.237492505996
2552 2683.09098574876 15397.204512796532
2553 2342.301744801827 15136.321656702832
2554 3743.1435928387123 15068.363220307718
2555 2698.073511841817 15339.85237627312
2556 1916.4793443576805 15378.616589840101
2557 3460.540134304531 15420.005918175711
2558 4556.786299003672 15864.786017142367
2559 2809.970219280382 15397.123408107509
2560 2553.9069012670575 16967.685989307996
2561 3459.9869136530683 16072.399798447757
2562 2244.2558562497225 16355.945729277219
2564 2370.1524418897516 15162.17013343058
2565 2549.4126329044725 15416.146314067704
2566 2856.984753741327 15171.767120179875
2568 2167.998295550589 15386.009276281384
2569 2817.4692433362266 15397.30567605331
2570 2589.3959666649403 16990.56972809546
2571 1347.7988112076264 15366.192039101206
2572 2568.5293333835307 16937.808305946433
2573 3476.166715299999 16457.015306585
2574 1827.5273950050307 16848.352565785633
2575 2585.42934929746 16984.200041443808
2576 3711.331066177205 17527.515970592347
2577 2712.4216522246106 15397.953921732618
2578 3737.5555236445366 16534.9827676835
2579 3152.9018854023516 16646.48109875113
2581 4305.947400162698 16002.459540198104
2582 4149.607148129783 17019.84075796727
2583 3119.1610548208346 16584.968754640657
2584 1830.8757825702198 16838.974488485823
2585 3928.113336201128 15337.712837009625
2586 3203.7226529926093 16713.872962824888
2588 3831.9506522884976 15203.00867892291
2589 1920.452033033974 15399.705667386688
2590 4110.073728853749 15638.976574893335
2591 3834.3514185335976 15219.625710042515
2592 2788.422916622553 17296.667516156376
2593 3489.31001919737 17129.05308054672
2594 2407.2344969822375 16690.591283087986
2595 3617.9234601491685 15337.38796885216
2596 2850.433228118608 15342.770101114136
2597 3514.108116472254 16436.41583325909
2598 2538.3026358082825 15412.776787928447
2599 4094.725068712548 15647.633121436418
2600 2972.1008431067353 15399.078763762744
2601 2979.600800627759 15399.134767029776
2602 3653.873581510689 15245.978562419126
2603 3975.8840259219387 16987.251361343962
2604 4227.948705949998 15895.284234098855
2605 1841.588792098019 16352.379777666078
2606 2831.776055722426 16058.671396590436
2607 1431.8353142706517 15627.485091023558
2608 4262.712811349787 17210.08943360332
2609 4103.487703612269 15642.67658006764
2610 1029.5449835802106 16329.638380929697
2612 2665.641224473998 16903.411087786015
2613 1640.0910884994503 17057.72745906835
2614 1833.3385394848171 16279.859693857088
2615 4076.652725152463 15634.865245422016
2616 2987.170370375346 15399.19129010137
2617 3630.164290090978 16171.852332741395
2618 3339.8050764379277 17350.88367256384
2619 898.264410167013 15481.823600697298
2620 3061.178003136613 16491.5734944091
2621 3613.7508672138633 15319.726628888722
2622 2312.479849724835 15404.232428318632
2623 4075.223415874039 15641.09431944899
2624 904.4774386279485 15897.476196310536
2625 957.7847842132808 16573.761244491543
2626 2855.8360520160086 15380.431087000028
2627 1458.6468144691685 16615.70812779725
2628 3639.6742284197358 16964.394694432583
2629 3445.227178456728 16041.628694427513
2630 2821.0637272655345 16314.634111020603
2631 2822.6741917622494 15565.77750762431
2632 2529.2661341628545 17352.095844014893
2633 2347.562779684133 15732.290164437836
2634 2636.437081158455 16135.743141231023
2635 3583.1622119037775 17300.462772223847
2636 4092.0662821358883 15640.894601939239
2637 3306.1387338209597 15800.31185066228
2638 3043.319516113642 15019.1301370157
2639 2507.1540607623806 15509.814987380936
2640 4174.936157529753 16095.591160404523
2641 2389.0109260647273 16685.29892979818
2642 4172.684208393641 17076.35564320524
2643 4700.61466025382 15229.018226892787
2644 1107.023617347671 15754.681195045088
2645 988.7925741579182 15610.287928094755
2646 4409.217795716152 15468.405972511879
2647 4522.066394482939 15007.33429556599
2648 1276.0008407096054 15379.578613896016
2649 1921.2358140229276 17335.722821606378
2650 1378.0956361959988 17357.341209229697
2651 2854.336038632467 15316.426424306346
2652 3365.309450185018 15428.106474194487
2653 2318.2534708774147 17016.343006493174
2654 2963.346880893925 15829.52138348977
2655 3162.34309144846 15407.056340954166
2656 3332.843886867445 15237.096360028754
2657 4231.48679869931 16628.209643187714
2658 2420.6499432110863 15574.56582595893
2659 2979.9110390639753 16390.091510984697
2660 4216.0791341247295 16603.499340082803
2661 3372.2954211150945 16641.396277286527
2662 2856.889187865655 15219.437102978585
2663 3370.382991426167 15218.545625273997
2664 2626.351893859151 16642.924759844944
2665 4438.139224257252 15740.144261466845
2666 1824.8529870702862 16814.908105723713
2667 1785.0609550489958 16642.6815410687
2668 1391.0511628833628 16413.3919281919
2669 3737.291594715269 15586.358187948696
2670 2960.907987158783 16964.66904843668
2671 2313.0202265209377 16171.43530340466
2672 4367.477671759689 16187.380479157318
2673 1384.5724552583954 15494.785362959985
2674 3431.357658119658 16913.255846153847
