1636 2806.8522699947757 15782.059743534408
1747 3172.0415143230107 15578.034806957612
1834 3289.476791132197 15772.284775660224
1840 3453.856253968908 16055.630880897996
1878 2927.879068519056 15399.65422761545
1900 3091.4678939804335 15566.015986344777
1910 3213.78235151951 15646.78212944869
1914 3345.489685158488 15866.966923997437
1924 2842.0603663851407 15420.329304132172
1937 3102.8205181171215 15592.099998470334
1962 2830.526881194134 15913.30117257236
1969 2822.9841966589233 15416.967554766585
1997 2678.407055165274 15418.003866091407
2008 2787.3985205164495 15399.77660072137
2011 2809.8915971171746 15400.323404809706
2024 1750.1415256274406 16927.540903546174
2035 3002.81614878085 15599.190425948753
2036 2802.3939202062775 15400.141137151943
2052 1187.8933445602943 16686.525822595457
2055 2857.50564012576 15419.80157822477
2057 2849.9460086244603 15523.4630350419
2091 3277.952509906779 14339.353163815222
2095 2794.896251549288 15399.958869694832
2098 4322.001066095401 16438.813229055097
2099 2817.3893367356113 15400.505673991882
2108 1822.4908396138612 15386.004167079567
2121 2779.900781109588 15399.594331544338
2129 2772.402902628192 15399.41205898642
2134 1728.4033892485852 16931.775194857735
2136 1539.8598115756483 16484.592370087485
2144 3998.589910280526 16400.59640926469
2150 2789.716125002822 15412.959733592967
2157 1643.8004812754205 15415.55698193515
2178 3549.1618097892474 16424.736351055548
2189 2635.4642408837612 15417.450353415239
2194 2349.5109993577958 16367.59126237845
2195 2757.404024842519 15399.047438003741
2201 2904.9098502428988 15418.063577725014
2202 2364.5221075912086 16367.778884358886
2203 3153.658810048026 16634.111158113486
2205 2717.3786596821665 15398.074426010082
2207 2920.3791927776906 15399.610975736896
2208 2176.4247870454506 16363.869067881054
2211 4102.114990751051 16947.46767654055
2217 3092.8977237043664 14341.945750482622
2218 2764.905028984768 15399.229786546111
2228 2838.967467190972 15416.95030205475
2231 2387.2546029341397 16368.063014999356
2232 2865.000910034329 15399.285862296749
2234 3639.78239350038 15302.078272631898
2239 2357.0115499157846 16367.685010829808
2245 2734.7054192613455 15398.495637529682
2246 2915.338330022863 15418.684440751604
2249 2912.87927455444 15399.567723613347
2257 2749.8951874714526 15398.864899036484
2260 2905.37942395185 15399.524471879768
2263 2345.3516905092533 17477.186566692566
2264 2863.7834454159783 15416.456751440048
2272 2383.27419650716 16688.19413026861
2273 3022.035804881932 14395.148549776948
2275 1843.456655693982 16868.360762195687
2277 2204.7992362418404 16663.154764991705
2280 2915.8795251124056 15421.921122765336
2281 1056.9144455822789 15234.562267838915
2284 3413.1693362760507 17352.411960766844
2289 2742.3816660865477 15398.682246201392
2290 2870.9233710410144 15419.874066088745
2291 2593.724167081974 16965.812255297187
2293 2884.441758545649 15420.297909921399
2294 2872.5007542283474 15399.329788634506
2295 3941.1925960389312 15409.191291501736
2298 3437.3955050378 16485.95009358103
2300 2806.2792865154374 16297.109002400734
2302 3172.5246171714543 15584.997276453803
2303 2818.03148987831 15413.334578075643
2304 3799.168798059528 15168.35222505035
2309 2726.559395318114 15398.297608630617
2311 2042.3577760746714 15384.72799253476
2318 2880.0006036274926 15399.37371500275
2319 3428.5418135726577 16020.991551074632
2321 2831.057997453429 15456.850022635948
2323 2887.500532842907 15399.417641838476
2325 2890.2262058832384 15417.276006378717
2328 3168.6324094755823 15578.586324942791
2329 3676.1096250209584 15882.119938589118
2330 3829.9546702089538 17281.240373994326
2331 2876.5455897467104 15416.852150770004
2333 2831.770236354452 15441.864956925107
2335 2658.8089545452 16929.49796141283
2336 4141.558724254903 15256.474422545032
2338 2849.236614306201 15387.759377767343
2339 2895.000460950189 15399.461568667712
2340 1998.9246378610326 15384.758081303873
2346 2395.3260579697862 16368.16389911499
2347 2934.9039046806192 15423.05055450465
2348 2896.6200232915758 15420.777779429714
2350 2831.414116213243 15449.357504312382
2351 3096.6633090784026 15596.048878782667
2352 1914.812907507023 16356.495250995293
2353 3471.5487576275304 16048.569341264807
2354 1412.4275753429094 15653.045366394203
2355 3673.8350775623117 16143.224927326592
2356 3402.055559430131 15976.485391590524
2359 4072.639680361905 15405.931141326493
2360 2379.581642039579 16367.96711161258
2361 2826.0924059683407 15426.570009429239
2362 2331.352246855165 16604.85176094755
2364 2569.751918254243 16959.878223415304
2371 2286.719046264099 15748.604960568206
2372 2724.01264863126 16371.533420061383
2373 2834.5954264210854 16833.91403842187
2374 3184.2013039084813 15604.230235825358
2376 2372.0408479730277 16367.872860162597
2377 2849.436050838676 15380.261131264386
2379 2806.481096099837 16203.85933862536
2381 2447.015877662359 16368.809963761807
2383 3240.55240783963 15359.474041247895
2384 3255.1001254869925 17183.223220362877
2386 2089.370796716367 15384.695423763966
2387 1831.7868826463323 16860.07724615144
2389 3357.754900763137 15222.633396273799
2390 2160.491981324142 15385.85398222837
2391 2357.1865593671378 16359.707800641108
2392 3319.00530955846 16548.32530793998
2394 2439.4728442020205 16368.71568432192
2396 2852.4366159893766 15387.839314484709
2397 3188.093514496594 15610.641192100253
2398 2906.235126861003 15421.348581555838
2399 1400.1414790426409 16010.795283401443
2400 2421.8898566346134 16368.4959167406
2401 1949.4940733248811 16357.31906558907
2402 3661.838520185632 16356.096612561478
2405 2403.644833096154 16368.26787445377
2406 2162.0632550937976 15398.406970286043
2407 3180.3090376085484 15597.819187786148
2408 4140.147561678759 17098.795471497677
2409 2412.43179322416 16368.37770157883
2410 2431.5760714184944 16368.616983538097
2411 3666.6154082921453 15275.34042288488
2413 2805.0080817881826 15917.880066805037
2415 2925.3077478568703 15422.480830682078
2418 2832.482476174906 15426.879871870016
2419 4173.806952182911 16099.864757479412
2420 2852.835486654439 15372.842911707736
2422 2194.857108998437 15397.54384996383
2423 2924.6735912692816 15419.240218647687
2424 879.6431574222142 15836.832021692253
2425 3192.6350215104935 15618.121620568629
2426 2970.0228069246104 14440.73497168389
2427 3469.212693129628 15395.68794552399
2428 3931.4045391308355 15732.345498371342
2429 2832.126356424921 15434.372411026172
2430 2852.6360510698737 15380.341122571992
2431 2910.0002527359075 15399.549421948823
2432 2312.2101377596578 16357.18763548573
2433 4076.28558902482 15634.209290815581
2434 4018.940356213831 15680.866192923182
2435 3228.076612186051 15539.346628376732
2436 2319.8986692587996 16357.328148118502
2437 2853.0349219239683 15365.344712687953
2438 3174.8454116179682 16672.67607813394
2439 2272.2681666781214 15558.42166997958
2441 2902.5003780238376 15399.505495432322
2442 3144.5077892539416 16625.787178143797
2443 3619.602481792576 15316.578843070649
2444 2332.908012610945 15944.31929148361
2445 4409.29368667393 15461.548880507817
2446 1678.1492141169504 15401.462950663505
2447 898.7405816943098 15860.720761218749
2448 1861.1079108288743 16344.437272437175
2449 3328.110261866383 15427.91771426826
2451 2770.433788378193 16361.092775287132
2452 3176.4168295414947 15591.408235663754
2453 3411.522454078095 16500.386245417398
2454 2849.8349210116894 15365.26474698706
2455 3117.1892643139086 16575.721736577936
2456 2560.5725173170413 16964.76728472777
2457 1141.7355460597162 15678.698738004747
2458 2944.7566613245867 15420.433825056885
2459 3149.879868702306 16634.903115270437
2460 3468.499075730542 15416.916887146057
2461 2037.2615397781408 15390.976308905265
2462 3997.127241452392 16195.984248061728
2463 3983.272101072947 16870.78760357227
2466 2167.9982184070996 15386.009274685404
2468 2580.0712481733635 16973.567489040182
2469 2810.4695089632496 15945.165188805855
2470 2527.193850714504 15396.462755047127
2471 4287.681975002437 16006.020856989013
2472 2334.1161084235837 16365.43486447052
2473 1176.8007624495233 15680.391243241114
2475 3508.6149175419823 14690.777758673798
2476 2198.8530353276014 15392.847071128264
2477 3603.586289717672 16316.837469792932
2478 4051.6232851572536 16917.360522097075
2479 3091.169638363077 15448.983764573804
2480 2917.500146214096 15399.593348575238
2481 2696.5458630951407 17173.44331591032
2482 3538.862384895879 16205.623490300784
2483 2949.6010748418516 15398.910754740456
2484 3063.715862217326 17465.603204734573
2485 1856.1436563124084 16054.371721580557
2486 3607.1678710482583 16408.968797565325
2487 1420.3585944453685 16155.067362233725
2488 2292.0778798600604 16356.819706114375
2489 2786.560542262262 16357.727618535002
2490 2579.098699862601 16949.56661722401
2491 2849.6354865966287 15372.762913881252
2493 3099.277641243683 16255.358080883945
2494 2802.7768397731625 16356.98244108147
2495 3454.63806384426 16468.998581126816
2496 2552.3547246278454 16964.887328808487
2498 2794.376447972019 17330.6879887196
2500 2950.7619478970746 15599.222501971775
2501 2462.2184256617816 16721.33873291872
2502 2586.6910474512656 16967.140942248327
2503 2459.2871564409347 16767.01241213579
2504 2981.900310597634 15424.40301365291
2505 2614.8904221954153 16372.444477940764
2506 2945.033807619766 17502.690317517125
2507 3139.0395788723895 16637.39794983893
2508 2853.234358366915 15357.84646955102
2509 2935.2046941581116 15419.86706578941
2510 1897.0515130445917 16826.463361212333
2511 3404.0262759158636 16702.56425926933
2512 2850.2337921102644 15350.268327911248
2513 1039.7509685130588 15680.183994239225
2514 2944.5387047424324 15423.623397201734
2515 3367.8487848052205 15428.11935954595
2516 3014.990897071768 15399.399029996055
2517 898.5149378589344 15215.94373946277
2518 1328.543043989796 15672.922973072617
2519 3126.677031444901 16617.321332666234
2520 2324.944551648167 16400.068429088904
2521 3959.4896222542056 15450.236679246444
2522 3967.3260039607985 16188.384209730357
2523 2853.4337935544318 15350.34827361465
2524 3142.060330275145 16615.773505404788
2525 3565.3624522951477 15358.664882490626
2526 3721.216376482013 16330.29253012087
2527 4017.4500298187195 15522.39581671079
2528 2959.8833129913533 17506.109743409215
2529 2957.106072571966 15398.966795643459
2530 3538.291213625821 15356.697995885479
2531 2560.897470456008 16959.576044099507
2532 3435.1519108053994 16025.52516513055
2533 1829.2770899719674 16737.326160778644
2534 3746.909393316175 16312.284281645503
2535 3437.5075928356064 16909.56300430041
2536 2850.0343562271514 15357.766550000046
2537 3612.112418999034 15171.258843836054
2538 3791.8899508458076 16622.303370973066
2539 3862.1789107385653 16731.840899086666
2541 898.8878015427777 15494.96360513398
2542 3055.0860632597537 16278.922052880005
2543 1713.4409405097854 17437.20660475074
2544 1058.646124393552 16835.762799690023
2545 2855.636615522547 15387.9293320362
2547 1946.442049953115 16347.625115354109
2548 1633.2538674993762 15402.060849406591
2549 3792.319072593175 15242.401704672142
2550 4559.658398561427 15731.777360928314
2551 2639.114495463216 15974.777306376678
2552 2152.9857550442093 15385.69868999483
2553 2215.676507083791 15407.162546796833
2554 3312.2507011160533 14391.466688132921
2555 1910.7770144368392 15378.505186705885
2556 1825.889556922684 15793.308009098964
2557 4172.266551458278 15604.036871961125
2558 4189.794474203842 15408.792658404403
2559 2764.403803739966 15396.015891063123
2560 2302.297726841209 17426.182317952
2561 3792.484417132542 16519.845771524273
2562 1869.08651920059 15412.56210300808
2563 3574.955368997885 15890.462323348656
2564 2684.071447575588 15091.997778958706
2565 3163.1852326251046 15424.559832960864
2566 3342.7935323051875 15235.702654043354
2568 1875.7402776806907 15367.881261350065
2569 2817.4692433362266 15397.30567605331
2570 2768.3466461235444 17307.85004348176
2571 1434.8130701347425 15954.46082696071
2572 2111.048076766947 16707.15476146934
2573 3555.5286669009197 17268.15809266756
2574 1835.4390886176013 17377.610819767873
2575 2697.0471395858845 17125.971577189066
2576 3623.596083011077 18051.698140722037
2577 2454.7997582196253 15388.724776581983
2578 3466.9936789148333 16888.111216734193
2579 4292.344214101209 16031.07449086349
2581 3907.5389080984273 15179.654290394474
2582 3437.980686159162 17492.164114665167
2583 3231.8393596585643 15676.525204839978
2584 1845.7826613006614 17393.554363727853
2585 3215.273854747344 15311.345125445847
2586 2246.0175373340194 17141.413136853153
2587 3139.6141630035413 17084.049641402482
2588 3182.602280005578 15257.049547142507
2589 2027.1129664604362 16119.003636052394
2590 4602.490400805868 15708.638872884605
2591 4473.42741854785 14912.865804993882
2592 3229.8408613495694 17203.73054293571
2593 3331.53496665819 16758.569847149007
2594 1826.541123864547 17170.399919365595
2595 4067.214653975808 15663.592756295855
2596 2857.122078004262 15109.334175803353
2597 3100.304659803455 16885.786170602645
2598 2794.7400000000002 15811.86737923576
