1747 3325.73641498718 15833.486805063018
1834 3460.229606878467 16066.505692855566
1840 3595.4321505868147 16296.415147673168
1878 2927.879068519056 15399.65422761545
1910 3411.0570096198617 15986.272398741005
1914 3484.685017098837 16107.836369813498
1924 2555.516074096614 15413.03771120244
1962 2830.663080504648 16320.252028459709
1969 2508.298377239137 15413.73340337928
1997 2507.697132890558 15488.609378455945
2008 2787.3985205164495 15399.77660072137
2011 2809.8915971171746 15400.323404809706
2024 1644.5748734640881 17052.90085608797
2036 2802.3939202062775 15400.141137151943
2052 1027.1829639152754 16829.159327591107
2055 2623.5485152177184 15417.26978066956
2057 2996.5848082537623 15599.093951992669
2091 3392.8544574272914 14514.6180159488
2095 2794.896251549288 15399.958869694832
2098 4458.5677179747645 16355.940961183898
2099 2817.3893367356113 15400.505673991882
2121 2779.900781109588 15399.594331544338
2129 2772.4031082577435 15399.41206398525
2134 1349.6200600056345 17134.59181037381
2136 1349.6845406758734 16595.048978030383
2144 3995.4885711685015 16406.075952745203
2150 2358.579652366126 15414.421203651498
2157 1360.3681509099242 15679.313059454842
2178 3723.7858674008626 16506.986224632732
2189 2502.894055686338 15551.125535587713
2194 2162.321528272289 16363.570926946395
2195 2757.407694829172 15399.047527220691
2201 2830.841115644081 15385.566857094127
2202 2242.8506567086706 16365.273301553963
2203 3262.7999983823183 16795.22672514602
2205 2719.919163949901 15398.136185374738
2207 2920.3791927776906 15399.610975736896
2208 1864.5761414468343 16355.301929489264
2211 4223.710937018522 17045.57426775696
2217 3249.056403681579 14295.44770170891
2218 2764.9054443894534 15399.229796644553
2228 2544.2046519878754 15416.067391521156
2231 2351.256527918832 16367.61307952349
2232 2865.000910034329 15399.285862296749
2234 3660.8735451586845 15265.06622518335
2239 2205.5778851250184 16364.485360331579
2245 2734.91462509724 15398.500723299336
2246 2819.004905254898 15413.418412892766
2249 2912.87927455444 15399.567723613347
2257 2749.910015678674 15398.865259508484
2260 2905.37942395185 15399.524471879768
2264 2836.8307259251633 15258.404133008338
2272 2242.3899448157485 16645.475383076944
2273 3172.2403544580147 14309.878805229093
2275 1827.0225972568958 16677.143479896175
2277 1987.2513542167262 16763.959960104836
2280 2834.9574758871454 15419.68465927809
2284 3545.533077074768 17277.35076680372
2289 2742.4123501960285 15398.68299212854
2290 2658.148938239658 15414.556434757831
2291 2593.724167081974 16965.812255297187
2293 2687.772881325224 15411.717059071747
2294 2872.5007542283474 15399.329788634506
2295 3723.720186453249 15035.914284606664
2298 3669.688822150039 16420.665002784015
2300 2800.7800223584886 15949.697517517103
2302 3102.2994082299824 15595.481953243216
2303 2447.6245093855077 15408.782144396886
2304 3705.27045789813 15013.497677647554
2309 2727.4168801538176 15398.318453987711
2311 2188.219083446489 15385.710732165699
2318 2880.0006036274926 15399.37371500275
2319 3300.5695846651856 15814.561950333302
2321 2831.057997453429 15456.850022635948
2323 2887.500532842907 15399.417641838476
2325 2834.664839990736 15360.486801981493
2328 3259.5090361986554 15722.103808625723
2329 3948.01141634488 15724.188783546644
2330 3631.2196122998907 17399.450178717354
2331 2836.0633608371954 15302.20884454736
2333 2831.770236354452 15441.864956925107
2335 2595.274244409238 16968.612186410697
2338 2849.236614306201 15387.759377767343
2339 2895.000460950189 15399.461568667712
2340 2167.259933362479 15385.994000707604
2346 2364.64351687332 16367.780401838449
2347 2873.817188084561 15419.964796326083
2348 2726.809353721834 15418.593883644457
2350 2831.414116213243 15449.357504312382
2351 3091.457156159111 15567.264906045499
2352 1690.2809346651748 16409.4461092695
2353 3599.023501697369 15929.22555713941
2356 3266.933257371407 15740.630047330404
2360 2340.2616338534253 16379.238856548644
2361 2822.8924728138913 15426.419942583689
2362 2091.459803329784 16727.389757026405
2364 2388.5634602933446 17077.38616977362
2371 2187.2397387747224 15436.068333242016
2372 2454.672733986275 16368.905665859553
2373 2601.8400326324368 16964.94858766656
2374 3156.156941142954 15577.481634779866
2376 2343.0602181651293 16407.355477631878
2377 2849.436050838676 15380.261131264386
2379 2815.0603181934575 15813.31079751947
2381 2439.4077102633473 16368.714870220898
2383 3191.033677397617 15271.04810803872
2386 2214.2654077087504 15385.278050057736
2387 1827.3914712202793 16562.459678635838
2390 2279.0850861371555 15386.267874541365
2391 2701.463193229673 16358.5966090963
2392 3621.0764110550085 16378.573991731691
2394 2430.7511878791656 16368.606673421024
2396 2852.4366159893766 15387.839314484709
2397 3169.1398777553786 15579.42218849103
2398 2810.929011778243 15416.418803443457
2399 1293.5152998409042 16064.242590221358
2400 2410.779419567998 16368.357048765394
2401 1850.155160693682 16355.535848361658
2402 3966.2657525383834 16188.98041146267
2405 2380.6922740813366 16367.980993264751
2406 1893.7037823242856 15396.10565258853
2407 3135.2933844287572 15586.581102057717
2408 3837.0461448284746 17276.930140286917
2409 2396.5592832897983 16368.179313045344
2410 2422.0851889556743 16368.49835817506
2411 3649.019393045818 15243.85500862163
2413 2818.750071407595 15513.57350466074
2415 2857.471797758391 15419.8027345328
2418 2832.482476174906 15426.879871870016
2419 4010.3696366712697 16250.493890008129
2420 2852.835486654439 15372.842911707736
2422 2290.7707465753565 15180.444594492476
2423 2841.9650682040847 15417.11591537039
2424 998.9401757893025 16138.01195502172
2425 3175.927610367577 15590.602430668925
2426 3131.4222463365354 14323.848968528066
2427 3265.08323556326 15408.701168957416
2428 3787.2422669071566 15473.585729177863
2429 2832.126356424921 15434.372411026172
2430 2852.6360510698737 15380.341122571992
2431 2910.0002527359075 15399.549421948823
2432 2328.4060125031574 16357.060212436554
2433 3945.6288578785575 15735.755407665436
2434 4014.7994818422185 15538.97843293524
2435 3085.971855440355 15598.15452086471
2436 2337.1395178458347 16373.742983804696
2437 2853.0349219239683 15365.344712687953
2438 3338.299398428451 16944.441147300797
2439 2275.3926291940934 15564.4297678278
2441 2902.5003780238376 15399.505495432322
2442 3258.983405372388 16811.441987229406
2443 3864.6747070296537 15231.068343209923
2444 2196.2736813335555 15564.903244428595
2445 4624.972469993629 15402.571221611604
2446 1452.7702582958127 15650.758876792604
2447 1071.1391821010488 15772.950421504182
2448 2200.7094990685014 16355.149892868683
2449 2952.4570087540255 15420.716872144876
2451 2984.5818448947093 16372.711807929138
2452 3116.175245498369 15592.519995672463
2453 3681.0549585372955 16352.704170892352
2454 2849.8349210116894 15365.26474698706
2455 3234.7549001353063 16764.735957445875
2456 2382.9157577297 16687.618783287802
2457 1480.2554179476012 15568.289002893083
2458 2877.5691840244162 15416.88386397439
2459 3292.507433383395 16873.714596035446
2460 3097.574469136078 15422.832539524006
2461 2430.3814840866658 15395.39665878142
2462 4065.184949135662 16352.304621092662
2463 4226.868232710995 16943.333053902632
2466 2313.9544613811627 15386.808718797874
2468 2754.6318381509927 16839.774749153974
2469 2828.626375456713 15508.009844645614
2470 2946.4482680924552 15406.084144394528
2471 4086.809377388505 16147.31536892148
2472 2615.8058003138876 16359.00984283209
2473 1504.377315223287 15542.494333202641
2475 3628.567353434212 14883.845459773549
2476 2653.099549083538 15399.170863080286
2477 3463.075199560084 16077.616031625797
2479 2951.337828792155 15423.899248727812
2480 2917.500146214096 15399.593348575238
2481 2472.2038660420394 16828.124254376562
2482 3459.221537516766 16071.107048839702
2483 2949.6010748418516 15398.910754740456
2484 2872.2257643623475 17432.807421901605
2485 1849.0797709915557 16426.843471578468
2486 3276.216959776777 16587.987386275574
2487 1608.0172699605614 16091.359828097136
2488 2312.3199100534366 16357.189641641782
2489 2980.495150422462 16311.129676046276
2490 2835.5585962130344 16809.769357971818
2491 2849.6354865966287 15372.762913881252
2493 3083.505865249057 16527.54957774958
2494 3015.723656876042 16291.793356952974
2495 3618.333975928025 16342.234274079936
2496 2553.9068756396155 16967.686005108935
2498 2644.647666319474 17383.054901777952
2500 3091.7961787193863 15527.833075155548
2501 2531.96331853013 16880.638764247706
2502 2768.6014097834163 17249.70176163628
2503 2608.8373788210733 16934.70643503585
2504 2902.8217739765396 15421.145947328387
2505 2447.0627343051633 16368.810549417176
2506 3277.5819203385495 17368.006824580858
2507 2969.8776301084918 16383.932750082187
2508 2853.234358366915 15357.84646955102
2509 2863.877579348856 15416.459667916544
2510 2247.638331088518 16624.539644183624
2511 3324.0347221453435 16567.115093440807
2512 2850.2337921102644 15350.268327911248
2513 1389.2052114288792 15643.973960366795
2514 2887.404782664353 15420.390810017529
2515 3010.17475316563 15421.66824040664
2516 2964.60087993759 15399.022760453536
2517 1000.6587593324302 15361.877762916565
2518 1625.1013325449144 15408.801721914531
2519 2916.279178860351 16370.081225926462
2520 2332.9052310579027 15938.82906208855
2521 3804.9346041483464 15235.515731239819
2523 2853.4337935544318 15350.34827361465
2524 3348.1617995645693 16535.739015774234
2525 3154.6446867191016 15416.866671630576
2526 4031.843817498064 16156.170451869071
2527 4198.5609825134525 15849.17233409727
2528 2794.9575324389734 17325.706443737003
2529 2957.1009770032106 15398.96675759411
2530 3825.7382967888175 15205.640446014659
2531 2366.1530862269015 16648.60328652702
2532 3599.9240960882116 15979.953734781939
2533 1835.2289252084204 16312.363304204777
2534 4060.9115881230155 16143.702071669373
2535 3298.288253717847 16893.185572512062
2536 2850.0343562271514 15357.766550000046
2537 3624.9043448300217 15194.138302970781
2538 3627.94472370644 16608.126940926515
2539 3662.639072228579 16415.45389938577
2541 1008.2721069212107 15640.923592491428
2542 3121.0499282075307 16588.010599500216
2543 2081.8030995805425 17236.59129167908
2544 1029.0216749560936 16763.689421474115
2545 2855.636615522547 15387.9293320362
2547 2286.076917382351 16356.710034841388
2548 1837.2360677049319 15383.071704942811
2549 3462.8280050257044 15419.117947870207
2550 4432.535098196192 15745.9940566061
2551 2639.9607074581777 16271.86762477138
2552 2240.911179485723 15385.675775083992
2553 2215.4105419349007 15407.16201197219
2554 3436.5969253308454 14582.188620240084
2555 2142.060098517601 15385.472655028441
2556 1848.2560819294806 15548.432884238251
2557 4025.924887998713 15565.893462844257
2558 4290.2346139212 15589.513115463924
2559 2809.970219280382 15397.123408107509
2560 2203.1113191590653 17255.46526089235
2561 3734.8746452464325 16530.70543800607
2562 1861.4413798484093 15773.371662924346
2563 3508.3720228971088 15711.913572669553
2564 2780.1759670956717 15089.323380004507
2565 2893.218664547645 15417.368719336679
2566 3239.750292516061 15095.476917660162
2568 2018.2771270189617 15384.74467466088
2569 2817.4692433362266 15397.30567605331
2570 2660.093559523224 17104.097571044244
2571 1423.234373555479 16113.096362934262
2572 2350.0040372903186 16599.121771510556
2573 3433.9635787662473 17064.635580409176
2574 1828.9439838812532 17134.18935644441
2575 2603.4796852021163 17013.18569168885
2576 3668.159850371469 17862.63276384337
2577 2712.2329034133227 15397.949333270866
2578 3451.152480701564 16785.736850215966
2579 3948.450767679983 16219.139465192276
2581 3923.809019433637 15336.580862955385
2582 3643.8481304311636 17388.858425471648
2583 3435.06218281845 16025.381750849501
2584 1831.1011258746685 17307.02446843287
2585 3274.3378173506608 15407.171691244788
2586 2543.8382973060297 16970.138219478755
2587 3278.992571690337 17000.368453816052
2588 3258.4423381212423 15386.733644929858
2589 2034.1143135598782 15794.71841664179
2590 4507.391407665066 15677.79377942155
2591 4513.101131950375 14991.139597927378
2592 3117.723630931097 17198.766890906445
2593 3392.0055734413268 16729.932744186546
2594 1830.7836691923044 16900.917310802943
2595 3936.911561194151 15737.874571365977
2596 2850.6871921910015 15333.221774164871
2597 3235.4752028837593 16810.462799820973
2598 2639.2935910102674 15807.890994381418
2599 4301.484668144484 15617.353309205679
2600 3034.1922910696944 15369.847627235089
2601 3014.821285225703 15332.90527819262
2602 3620.5467572348534 15186.343666430303
2603 4257.115924336225 16669.312787647836
2604 4011.4249253924154 15318.983540000712
2605 1567.92695288657 16667.789358063852
2606 3032.460985601757 15600.325290002746
2607 939.7356138945355 15564.133624341383
2608 3885.0130034922727 17604.616782416455
2609 4348.916129297058 15706.079734469313
2610 777.8887007929416 16602.4698611572
2612 2822.642993821837 16994.90149859177
2613 1427.4580068049306 16317.227053157456
2614 2026.714377627499 16220.051501441421
2615 4095.015046660059 15503.779909876062
2616 3243.037178323625 15363.56315172943
2618 3445.2200454835174 17486.680295313494
2619 1008.8301442725578 15391.364740425624
2620 3610.1396711169 15939.085506349724
