1747 4184.2474686011265 17073.25649205491
1910 4165.886844475887 16516.542695310345
1969 1138.1002678044163 15685.404887210487
2008 2787.3986822853562 15399.776604653955
2011 2809.8917081132354 15400.323407508007
2036 2802.394037441573 15400.141140001919
2095 2794.89635531722 15399.958872217418
2099 2817.389437291164 15400.505676436376
2121 2779.900977248955 15399.594336312464
2129 2772.403230135017 15399.412066948073
2195 2757.407884289257 15399.047531826443
2205 2719.919413107147 15398.136191431722
2207 3991.7903462088325 15115.472105086788
2218 2764.9055640264305 15399.229799552913
2232 2000.1769424377455 15409.549248863972
2245 2734.914836876402 15398.500728447663
2246 1873.2362610181426 15398.708918293967
2257 2749.9101717923068 15398.865263303589
2260 3864.3524228489255 15230.49329609091
2280 1992.651359016062 15409.263844001773
2289 2742.412507836927 15398.682995960773
2294 2000.4884056323735 15406.357475196353
2309 2727.417077033738 15398.318458773838
2311 2675.5926989000523 15397.00557587487
2318 2237.270301370659 15410.406048134702
2321 2831.057997453429 15456.850022635948
2323 3024.8298656738166 16424.60176595852
2329 3308.924022389732 14392.230667136184
2333 2831.770236354452 15441.864956925107
2338 2850.48492962956 15423.808567285007
2339 2441.0581454405315 15699.475009567499
2347 2302.4493010810993 16366.533208631006
2350 2831.414116213243 15449.357504312382
2351 2863.9211409317645 15416.461017550293
2361 2822.8924728138913 15426.419942583689
2371 1358.752546829281 15393.950209332297
2372 1513.6395950590374 16500.01234035169
2374 2878.9239467118355 15416.925837505245
2376 3419.67785043226 17469.268264635586
2377 2848.5715234439954 15402.966103371104
2379 2830.3457611576205 15471.835033534679
2394 1315.005995387011 16614.656249459826
2396 2853.3000952064435 15429.535577635244
2397 2886.4252934691904 15417.158245743607
2398 1993.0205990178079 15406.073821111579
2400 1842.3629747468026 17081.35342830213
2405 2079.0847197148073 15408.219084871349
2407 2871.4225839873034 15416.693428772185
2409 2107.067571111252 15408.419490661894
2410 1410.9535324817057 16319.47988440939
2413 2822.5363544378347 15433.912452833236
2418 2832.482476174906 15426.879871870016
2420 2852.4552430490694 15387.138990008203
2425 3322.6719027034915 15223.395437238449
2428 1686.292380548148 15392.945715464342
2429 2832.126356424921 15434.372411026172
2430 2851.6443278044903 15405.7698629896
2431 3284.0028898231694 15763.077119301795
2437 2852.8198786045396 15373.429730000891
2441 3706.2082736065504 15269.945398260877
2448 3614.7607317112356 15970.499730293594
2452 2863.8198134377235 15419.651347286002
2454 2849.656484098833 15371.973467506912
2460 2040.4701152823275 15190.271822558248
2461 4340.003304304023 16109.77409136246
2466 2690.589282901461 15397.40344999157
2468 2829.6335247418897 15486.820046956507
2469 2830.701878714455 15464.342540521055
2470 4507.445164636284 15899.210222628966
2472 2829.9896433885383 15479.327531013869
2476 3658.057642143489 14931.360988946673
2477 3031.116073327222 15399.558202346267
2480 2255.970427595196 15413.643685131645
2482 4582.721104314288 15358.857824921955
2483 2285.3791704043592 15416.90277584989
2484 2022.6220545565793 16236.808076297906
2490 4647.442440198765 15964.40221257374
2491 2849.2877243672833 15385.837784807307
2495 4258.180963228364 15537.481413848715
2496 3752.433691365692 15836.045749923009
2500 4033.723774012865 15531.417443368919
2504 2035.363494957942 15911.6921599607
2507 2030.373174430904 16003.37358505042
2508 2853.1451127083305 15361.201852534667
2509 2331.236007296875 16589.78648200017
2510 3397.634019840352 16087.243086598415
2512 2850.2274950740134 15350.505078568027
2513 2624.0313261491215 15395.637601965795
2514 2039.6845258970322 15529.429949527603
2515 2339.8970980484173 16239.787142719306
2516 2548.5498150682943 15416.133238793058
2517 1861.7134801482648 15392.373977312303
2518 2637.8242410762973 15396.00354155863
2519 2188.3811773229963 15492.994617061535
2521 1644.4191313339024 15407.77540706086
2523 2853.4207559115457 15350.838451913301
2525 1440.5632519145333 15614.579840975357
2528 1599.4131677756604 17009.426310298953
2529 2830.8863043492133 16140.30213648195
2531 2027.4083951490802 15407.379992969321
2535 2837.061619665572 16368.217103560355
2536 2849.987134663934 15359.5419464977
2537 4189.339872523574 15832.439539628673
2539 1933.4764968850739 17313.475541357133
2541 2167.9982616768325 15386.009275580589
2542 1845.2084714237747 17349.027401798827
2543 2913.843640410255 16344.375980044319
2544 2796.068903860416 16360.831032225236
2545 2887.7747504357544 15396.221597321364
2548 2645.5863661345165 15396.209478367371
2549 3143.890128548653 16624.79249631146
2550 3037.29134723356 16721.289497845137
2551 3648.904294865015 17566.512643632148
2552 2683.09098574876 15397.204512796532
2554 4284.827583724543 16022.794652075932
2556 2634.1484884125566 15389.5015099597
2557 1727.5910913988353 15391.183056202926
2559 2809.970219280382 15397.123408107509
2560 2854.895837753681 16356.346278425675
2561 2965.3843584734564 15420.929955146597
2564 2668.0944100686615 15396.806638900604
2565 2337.0901669461746 16377.193935739457
2566 2853.832665588144 15335.351819380345
2568 2653.0978396341275 15396.408765143846
2569 2817.4692433362266 15397.30567605331
2570 2810.842218176792 15934.393808019926
2571 1089.2385989496543 15117.109595950124
2572 3752.8260476850405 16308.982557277439
2573 3875.7979892358217 15764.541801714513
2574 1849.510488618123 15416.259684327084
2575 3183.0048708436934 16200.87149193152
2576 3044.892417859636 16488.4855021424
2577 2712.4216522246106 15397.953921732618
2578 3235.464157252009 15688.665267583303
2579 2349.511033714589 16367.591262807871
2582 3510.332698763616 16157.435757738811
2583 2946.7465495653946 17502.30206904775
2584 1849.589459352792 15408.752080165259
2588 4550.619103624262 15875.48001136084
2589 2160.4919927396154 15385.853982464538
2590 3626.534688364981 15311.030939175474
2591 2024.024954187481 15402.942406461081
2592 2561.085479429269 16965.517685764542
2593 3390.725901514551 17544.07786204431
2594 3336.225716481071 16756.065979325464
2595 2893.925835108888 15417.409640715583
2596 2850.433228118608 15342.770101114136
2597 3110.049761636426 15593.827550881455
2598 2035.9032088854271 15879.346490240734
2599 2988.135668887356 16322.674429100507
2600 2574.551004567006 15416.527264831446
2601 2865.000927234115 15399.285862397488
2602 3191.1104796888217 15422.063552735843
2603 2826.7041709361138 17362.794636233102
2604 3089.7580225240417 16692.988909471744
2605 2202.09377257805 15597.782822447758
2606 3147.84667658895 16631.164127889704
2607 1807.2521523087405 16321.624939406436
2608 3531.831470019773 16193.748005791593
2609 3471.20643476835 15395.005520700613
2610 1615.3653235133102 15423.809784617411
2612 3434.5598999317504 16068.056856117935
2614 1521.9775862458323 15959.934213246384
2615 3091.9852314965037 16259.24656251112
2616 2872.5008544035354 15399.32978922123
2617 2820.432080696863 16371.052847709205
2618 2568.137864261004 16964.50063009022
2619 1946.6521814188168 15381.050685908056
2620 2595.274191064155 16968.612216176352
2622 2578.85789844864 15388.034596251771
2623 3236.7508730562267 15426.324763880877
2624 2077.1633793558485 15384.703880582365
2625 1821.8416328612132 16347.612565839414
2626 2867.460033043672 15399.300622713507
2629 4350.550071525039 15491.790235969089
2630 1712.8006210056492 16400.157192214458
2631 2829.2924059194925 15426.729943609991
2632 2564.2974578768476 16964.548253017885
2633 2737.4159477858702 16361.429898429795
2634 1896.4502715262047 16356.05906590334
2635 3005.410400069134 16425.7237870864
2636 4402.387094214621 14905.565839899535
2637 3952.249647698137 16840.900274215917
2638 2850.6326632886094 15335.271905836316
2639 2515.525467086467 16854.93882299587
2640 3475.4564672943343 16822.31102494486
2641 1837.5569250075878 15983.54157182204
2642 3350.79984894211 16751.9097721498
2643 4375.131402227292 16166.168417056091
2644 1467.6362223477927 15577.09594599366
2647 3275.6661199609 15427.228258004772
2648 1157.2308790218544 15676.180675516707
2649 2552.354720662545 16964.887331253332
2650 1566.2170034155558 16950.442661639532
2651 2853.633229680031 15342.850042409076
2652 2871.3117122802914 15419.886241804168
2653 3538.5876200062644 16426.816160358117
2654 2830.6600374332497 16347.939413575792
2656 2855.760215731533 15252.279425951578
2657 3688.939847134326 16457.41666991774
2658 2301.057632285709 15180.604295678208
2659 2067.628702567732 16740.841004246566
2660 3515.3661753753395 17284.000557276548
2661 3028.9962533304583 16463.18865124821
2662 2855.656411907467 15387.185044256228
2663 2859.696445842846 15128.282986791759
2664 3197.018365587638 16835.828494072586
2665 3810.5740125537786 16291.984094387695
2666 2692.2799040420814 16361.89075246026
2667 1848.4611882695806 15522.25213943156
2668 1281.3700632309374 16622.483911741932
2669 2948.513462063597 15423.852694364115
2670 2426.350962584648 16739.0986624823
2671 2339.3141217086877 15956.368604266218
2672 3238.575062808034 16612.72666634622
2673 1389.3086506613877 15651.31286990469
2674 2998.8711643595307 16409.326186540846
2675 2767.0537916675416 17078.981062772877
2676 2864.9733249005517 16356.040950586623
2677 3528.621054268172 16451.947451165026
2678 1913.4340121647397 16829.36506712328
2679 1633.2470467817873 16086.43950195211
2680 2344.762464891324 16178.93325193459
2681 2829.2774065769713 15494.312552763839
2682 2660.5961265969017 15396.607702068535
2683 3459.2663778113815 16071.182785814686
2684 2337.9272663474626 15387.180550922416
2685 1612.2139509435588 17028.129192912962
2686 1333.1437132669844 17143.923595975244
2687 3650.6829022618017 15240.269323337094
2688 2599.5430059341124 16962.565612995993
2689 3476.3449807555166 16448.1316065899
2690 1013.0535674447054 16761.73985827961
2691 3375.825911325509 16108.654711776433
2692 2545.9459844301705 16968.838703350946
2693 4024.2631166406495 16905.040229868748
2694 3634.9292711872745 16364.432640551871
2695 2646.137253958293 16358.413630188412
2696 2479.3001750763146 15389.00603465859
2697 1131.382225796599 17071.259607506017
2698 950.9669729425951 17349.4019263251
2699 2850.8321675628295 15327.771112436369
2700 3513.1607395012843 15394.393478823813
2701 2505.322752079172 15379.91184445707
2703 2502.1229684246337 15379.869194573006
2704 3664.33745760882 17433.03979002919
2705 3227.947047333 17395.584631232567
2707 3399.6048253616896 16319.966789289869
2708 1849.1533468282796 15450.212504938789
2709 3810.7203577092027 15912.156424140925
2710 869.0733360479346 15754.662716551506
2711 927.4354982125519 15724.966236706754
2712 1384.1933877453523 17099.451726181243
2713 3820.352823535204 17283.337468085316
2714 3473.053539765691 16259.463585649974
2715 4050.3191500546272 15105.261239812224
2716 2539.536847324192 16972.790322611298
2717 999.6199192864793 16144.023064288263
2718 3842.128342228345 17091.81240794942
2719 4215.237642686015 15579.895868236032
2720 4208.043910947961 17117.82504819052
2721 976.3501432121209 16145.276164365445
2722 2967.852784081735 15980.46189729477
2723 2319.8981510049825 16357.328138647095
2724 2999.60063542023 15399.284108687427
2725 3380.095612094998 17409.634279944683
2726 1089.1851082695384 16586.95484487579
2727 1420.1173643243237 16306.181981481828
2728 3618.1683293621395 15182.089845738037
2729 1863.3490085798105 16344.658532749545
2730 3281.118632309401 15158.99748702224
2732 1848.7725886187818 15486.410495628075
2733 3147.166688308426 16651.51205784329
2734 2443.4698426077075 15183.233541194144
2735 1003.0765970131775 16164.608272289992
2736 3091.448194697608 15568.30721672309
2737 3631.162517607671 16357.945961753987
2738 2250.891394782357 16622.639395124905
2739 3536.7851513064265 17445.0612933489
2740 3107.4861396856663 15799.030944029713
2742 4043.245729276811 15575.17764950905
2744 3228.831392646809 16781.06530998761
2745 1430.9142457498706 15943.705952335493
2746 2771.584144555575 17289.668425531538
2747 2355.3222836972245 15904.377628623626
2748 2478.9818869119204 16169.650301845173
2749 3057.17421576171 15265.71121758719
2750 2792.866024786217 15953.92422469283
2751 3270.73862338894 17005.306512900388
2752 2965.1001091540948 15928.393066696259
2753 2650.636931273516 15955.537730438482
2754 3733.6393187723816 15059.13535037018
2755 1844.8948703636324 16630.576588770655
2756 3731.1344261853824 15763.211416718943
2757 1298.0873313521445 15747.669039862665
2758 3292.7476877863155 15815.29964788578
2759 965.4566306727507 15599.383477017644
2760 2774.6727791999792 15811.581634743476
2761 864.5072200817687 15743.83173804532
2762 1826.9110027861009 15400.510931123024
2763 2423.1659208823394 15598.663177029886
2764 4335.729052933106 15787.514975178807
2765 4286.928723323171 15165.757210365853
