1747 4053.792787039967 16918.493843976103
1910 4021.571404378043 16593.567402525037
1914 4314.696818793958 16908.779606757736
1924 1413.548458393811 15566.067207077942
1969 1421.8810382200088 15639.385634574119
2008 2787.3986822853562 15399.776604653955
2011 2809.8917081132354 15400.323407508007
2036 2802.394037441573 15400.141140001919
2095 2794.89635531722 15399.958872217418
2099 2817.389437291164 15400.505676436376
2121 2779.900977248955 15399.594336312464
2129 2772.403230135017 15399.412066948073
2189 1528.7542070720951 16389.663273215603
2195 2757.407884289257 15399.047531826443
2205 2719.919413107147 15398.136191431722
2207 3714.806114507759 15265.317323049003
2218 2764.9055640264305 15399.229799552913
2232 2000.2515920352462 15409.552079921299
2234 3622.660539458507 15190.124168107515
2245 2734.914836876402 15398.500728447663
2246 1993.0206068407456 15406.073821408721
2257 2749.9101717923068 15398.865263303589
2260 3678.848272012635 15284.67365158941
2280 1992.651359016062 15409.263844001773
2289 2742.412507836927 15398.682995960773
2294 2008.6750562022462 15406.668433553286
2309 2727.417077033738 15398.318458773838
2311 2675.5926989000523 15397.00557587487
2318 2506.679198029949 15410.641600405776
2321 2831.057997453429 15456.850022635948
2323 2832.801539469071 16352.80870167999
2329 3386.6307376291775 14510.644454060639
2333 2831.770236354452 15441.864956925107
2338 2849.236614306201 15387.759377767343
2339 2509.3228661260673 15425.128559942383
2346 1627.8785540569309 16000.526458354969
2347 2341.9220390617543 16161.027083918576
2350 2831.414116213243 15449.357504312382
2351 2863.9211409317645 15416.461017550293
2361 2822.8924728138913 15426.419942583689
2371 1437.263060743067 15614.692393095584
2372 1822.9577399662862 16357.384618275451
2374 2878.9239467118355 15416.925837505245
2376 3306.3488187574835 17355.943853008175
2377 2849.436050838676 15380.261131264386
2379 2830.3457611576205 15471.835033534679
2394 1499.134588900166 16508.54265754073
2396 2852.4366159893766 15387.839314484709
2397 2886.4252934691904 15417.158245743607
2398 2000.4884296590533 15406.357476108971
2400 1854.624964782871 16871.016275116526
2405 2187.359505995804 15430.12001293904
2407 2871.4225839873034 15416.693428772185
2409 2187.2119565814933 15437.645898780875
2410 1458.0329932986049 16532.714287915558
2411 3669.6842018247326 15274.269281844965
2413 2822.5363544378347 15433.912452833236
2418 2832.482476174906 15426.879871870016
2420 2852.835486654439 15372.842911707736
2425 3257.544922550238 15334.034015694479
2428 1899.5409205254805 15396.194033208232
2429 2832.126356424921 15434.372411026172
2430 2852.6360510698737 15380.341122571992
2431 3153.114007153546 15575.312525565003
2434 3229.9654041645476 14295.405916647562
2437 2853.0349219239683 15365.344712687953
2441 3302.945451763353 15407.389924569074
2448 3370.7278249072333 16101.22321262552
2452 2863.8198134377235 15419.651347286002
2454 2849.8349210116894 15365.26474698706
2456 1839.33952748874 16106.368512756037
2457 3239.9066413685005 15358.41132319698
2460 2173.314081687813 15188.455164297808
2461 4161.97434487695 15789.402484851664
2466 2690.589282901461 15397.40344999157
2468 2829.6335247418897 15486.820046956507
2469 2830.701878714455 15464.342540521055
2470 4294.365246996643 16004.397883709764
2472 2829.9896433885383 15479.327531013869
2476 3551.828006960766 14760.201005423449
2477 2983.6128741906837 15421.230417881052
2480 2517.5108056916065 15413.1376706252
2482 4301.372900698407 15523.776448571309
2483 2532.7997622236635 15412.693374738821
2484 2099.2906055193007 16362.238461980367
2486 2636.063907882178 15965.744649223801
2488 3662.208983712203 15826.813428374651
2490 4683.436204382985 15822.614589546312
2491 2849.6354865966287 15372.762913881252
2494 3870.014078151983 15293.559639851997
2495 4085.61929044595 15640.770586668845
2496 3609.183020308913 15956.912802188992
2500 3888.6825754111637 15273.905244218346
2503 4530.125235407104 15883.087853876126
2504 2041.522764623383 15611.972118320386
2507 2020.4400272109087 16272.741040663053
2508 2853.234358366915 15357.84646955102
2509 2339.3455333106235 16259.971474795551
2510 3064.4791821525005 16265.00100100003
2512 2850.2337921102644 15350.268327911248
2513 2460.21825308082 15388.786979419252
2514 2043.4373543772538 15483.71508525745
2515 2354.9723388539705 15914.034036731158
2516 2806.9931783739366 15416.370826160071
2517 1853.0816571506537 15388.442929416824
2518 2470.911766732781 15388.90973802779
2519 2317.6887858366385 15802.795698936787
2521 1887.9478775562714 15395.947741427202
2523 2853.4337935544318 15350.34827361465
2525 1450.81370201537 15609.920291600107
2528 1758.3711414322743 17248.313962646313
2529 2838.534764146543 15762.054317760138
2531 2187.5187482677593 15422.594341123668
2535 2837.061619665572 16368.217103560355
2536 2850.0343562271514 15357.766550000046
2537 4030.0923680373503 15545.131903375106
2539 1885.658215155892 17355.521854964507
2541 2167.9982616768325 15386.009275580589
2542 1956.8277024362274 17316.533890437502
2543 2818.2038219727956 16467.86103296286
2544 2693.4371039855073 16361.878937063657
2545 2855.636615522547 15387.9293320362
2547 3531.8775208351167 15820.52364592238
2548 2484.246838597831 15389.153005635031
2549 3143.881105390441 16624.77796540239
2550 3172.89625637628 16645.824329183233
2551 3673.7927553653767 17435.95055961639
2552 2683.09098574876 15397.204512796532
2554 4148.239534083569 15757.858115433399
2556 2452.1259528216906 15388.694082028178
2557 2051.6001095172746 15396.930629494924
2559 2809.970219280382 15397.123408107509
2560 2822.062810823506 16527.83319859101
2561 3091.4454586604616 15474.16584069019
2564 2668.0944100686615 15396.806638900604
2565 2342.9265818746594 16085.231189488575
2566 2853.832665588144 15335.351819380345
2568 2500.82245541452 15390.681769002953
2569 2817.4692433362266 15397.30567605331
2570 2809.7221424520612 16308.849662058496
2571 1043.0015647423952 15229.012254542551
2572 3431.0369385342706 16485.830357172767
2573 3601.7625809896153 15925.460721360163
2574 1847.2870413641174 15634.717131554386
2575 2899.0881139801027 16351.59441480739
2576 3156.965523729278 16676.52288936507
2577 2712.4216522246106 15397.953921732618
2578 3385.958110743315 15946.819248005575
2579 2504.426173858835 16370.012890046104
2582 3643.5882966334298 16384.777409992188
2583 2744.7173841606773 17212.698341657386
2584 1847.8650476006962 15598.34635823216
2588 4309.143916542123 16000.714798890785
2589 2160.4919927396154 15385.853982464538
2590 3796.064914347925 15219.793163461656
2591 2430.835839459527 15407.765067892626
2592 2577.358927630813 16989.399413751304
2593 3423.1731292663626 17475.009203710473
2594 3207.524511496225 16720.10434876771
2595 2893.925835108888 15417.409640715583
2596 2850.433228118608 15342.770101114136
2597 3227.599575103026 15675.714405117253
2598 2042.3849940497792 15570.813716513896
2599 3336.9183643229235 16129.28184051125
2600 2820.532719170356 15413.549994952471
2601 2865.000927234115 15399.285862397488
2602 3588.8431500371003 15349.546092647834
2603 2960.248414827368 17506.014013647415
2604 3261.962776649504 16595.966603882443
2605 2339.27 15865.621714717303
2606 3147.84667658895 16631.164127889704
2607 1527.7856751358781 16286.06805698115
2608 3655.645378748609 16404.295492239115
2609 3645.0948821968295 15301.035973792674
2610 1302.1732260746646 15682.101088923897
2612 3139.0933677090043 16224.244934368915
2614 1483.267913120105 15976.906236275228
2615 3418.44084566219 16086.06208375673
2616 2872.5008544035354 15399.32978922123
2617 2860.528611686892 16370.750620353949
2618 2621.6685632137956 17048.447039512357
2619 1575.909377689275 15461.319093871518
2620 2595.274191064155 16968.612216176352
2621 4393.902550829114 15470.539694792486
2622 2444.6055491063785 15388.607749852827
2623 3534.7902620774294 15382.606914271573
2624 1699.1130207229373 15380.554633765765
2625 1517.326424542043 16485.79640835079
2626 2855.8360520160086 15380.431087000028
2627 1648.6631473024374 16426.710345956613
2628 3658.3726342705068 17438.472942916622
2629 4073.449387411324 15651.502903665594
2630 1908.3969585003304 16356.34284687911
2631 2829.2924059194925 15426.729943609991
2632 2580.059959448037 16987.67714079092
2633 2393.703704095401 16357.117333631266
2634 2264.6822516160964 16365.734818442756
2635 3146.574396498436 16658.39769765857
2636 4529.612115146414 15020.918914807966
2637 3737.9970889892293 16529.662694406317
2638 2850.6326632886094 15335.271905836316
2639 2341.883845773286 16581.35605483678
2640 3398.5741546104646 16686.768229153302
2641 1833.0793525803588 16294.568747635623
2642 3582.5542101598276 16632.26204774734
2643 4184.6395397263495 15823.910229955944
2644 1136.713282621183 15675.383604364866
2647 3626.8139167005256 15332.559539680316
2648 1016.1918660044018 15657.573263955519
2649 2552.202076440825 16964.981445614838
2650 1692.2528233055116 17148.707185838288
2651 2853.633229680031 15342.850042409076
2652 2871.3117122802914 15419.886241804168
2653 3196.171561077948 16619.342252344555
2654 2832.187584018401 16020.915501743717
2655 3906.7165858421763 15306.083074725493
2656 2906.7729923017287 15091.621893827585
2657 3890.2449992228962 16769.56259408003
2658 2195.900526921597 15280.436512060123
2659 2326.0322438747367 16593.35001047341
2660 3890.886540297486 17059.900298903634
2661 3156.246961527889 16669.26060153016
2662 2856.0354889223186 15372.932826441936
2663 3046.532924341943 15017.341501287206
2664 3181.437967684708 16689.627427492407
2665 4177.039226428455 16090.787504981728
2666 2355.087778875381 16359.672722708732
2667 1841.4130182858098 15812.580183126694
2668 1029.5898627088122 16763.382406183253
2669 3319.722388226277 15427.875151661896
2670 2593.080758734602 16966.17124732474
2671 2321.8084940588133 16168.283337946366
2672 3565.646896871963 16431.687930426448
2673 1048.9855316004216 15681.70092959428
2674 3148.79681715113 16655.801289408137
2675 2707.89327903936 17179.225234084217
2676 2830.680347602437 16166.247344660673
2677 3667.6339778596193 16423.42324932224
2678 2135.028956810328 16711.30732225913
2679 1791.72523441988 16034.373894011129
2680 2355.3586227957594 15846.424374328004
2681 2829.2774065769713 15494.312552763839
2682 2660.5961265969017 15396.607702068535
2683 3574.113980328584 16266.083577774587
2684 2193.909663299074 15422.717280526173
2685 1798.10529565183 17308.17318385964
2686 1597.4328423648064 17009.86216369597
2687 3637.2828201246853 15216.291898258609
2688 2890.8910407594894 16803.00230853558
2689 3395.309372969483 16301.678620501738
2690 1059.6362798324087 16914.939426935438
2691 3451.8564130036893 16052.224350685769
2692 2416.801959743595 17044.285530213227
2693 4164.046628644853 17045.004803680073
2694 3634.9290179751424 16364.432204498455
2695 2636.728839401989 16195.750465129751
2696 2224.4876582237184 15385.421036733102
2697 1198.8468639168052 17207.178226102507
2698 785.0458430215044 17214.45114665114
2699 2856.8474475295197 15159.550966021909
2700 3839.6163751358085 15216.87563871877
2701 2508.16014765943 15236.18009998821
2703 2498.3872466326343 15203.912131999186
2704 3643.5555699423257 17565.607944779742
2705 3321.050943387473 17301.125294896356
2707 3540.9674741093736 16222.586360986235
2708 1809.6136577836546 15615.544647097682
2709 3682.801485354802 15878.15610101206
2710 1091.05094488857 15699.84592318545
2711 912.6904183245289 15736.983520295296
2712 1198.2821450131582 17175.755062987057
2713 3570.359502125851 17427.759599792356
2714 3546.72 16213.79895267592
2715 4134.246728050817 15247.99231355548
2716 2389.734077749215 17059.533833162222
2717 860.1550540227311 16189.926562977182
2718 4148.5831565567005 16951.483212759264
2719 4524.083288155142 15403.772355793822
2720 4408.601463766351 17459.682628931758
2721 802.391528343408 16212.125419667342
2722 2966.4889050977868 15833.52302656687
2723 2087.465649091463 16353.080291995313
2724 3023.4751299944146 15318.512754929792
2725 3382.411732811748 17518.942546880528
2726 1284.3943621053993 16474.875870893888
2727 1449.295939079434 15921.478191524568
2728 3608.896492572127 15172.05948293902
2729 1742.0730904576328 16293.014759323009
2730 3372.8109601086553 15217.035746868847
2732 1842.276585498258 15752.416329768608
2733 2874.5280094401933 16795.553897910504
2734 2296.2544097004507 15180.529726915242
2735 903.1817376257011 16173.392657911003
2736 3039.3716077128474 15655.879491937021
2737 3575.90042765587 16262.77981413068
2738 2028.8913292233879 16749.9802633142
2739 3602.5299404392035 17368.39466782064
2740 3142.077616971727 15861.548285518928
2742 4103.41127259775 15499.455825771205
2744 3341.0130480828257 16757.131239862956
2745 1415.7681950120411 16136.986029528209
