1910 4438.861323271302 16380.721118941527
1969 871.5834778452496 15744.516086251831
2008 2787.3986822853562 15399.776604653955
2011 2809.8917081132354 15400.323407508007
2036 2802.394037441573 15400.141140001919
2095 2794.89635531722 15399.958872217418
2099 2817.389437291164 15400.505676436376
2121 2779.900977248955 15399.594336312464
2129 2772.403230135017 15399.412066948073
2195 2757.407884289257 15399.047531826443
2205 2719.919413107147 15398.136191431722
2207 4144.534092665899 15242.758099105467
2218 2764.9055640264305 15399.229799552913
2232 1908.377127780897 15402.727979307725
2245 2734.914836876402 15398.500728447663
2246 1439.684095382852 15628.642918261587
2257 2749.9101717923068 15398.865263303589
2260 4088.9232437443475 15638.092696127856
2280 1900.8554785847125 15402.616433061374
2289 2742.412507836927 15398.682995960773
2294 1901.1568213306457 15396.218499703562
2309 2727.417077033738 15398.318458773838
2311 2675.5926989000523 15397.00557587487
2318 2215.3610453215183 15410.36201203245
2321 2831.057997453429 15456.850022635948
2323 3150.586710621994 16629.50418406223
2329 3160.9367832624066 14316.718384900636
2333 2831.770236354452 15441.864956925107
2338 2831.2128791930877 15889.003892414728
2339 2342.181474080471 16141.451901021948
2347 1856.6097611427824 16355.342313396983
2350 2831.414116213243 15449.357504312382
2351 2863.9211409317645 15416.461017550293
2361 2822.8924728138913 15426.419942583689
2371 1155.9955396344596 14964.57975907049
2372 1170.3774267919428 16696.429333574913
2374 2878.9239467118355 15416.925837505245
2376 3450.501257962529 17636.46387881738
2377 2541.9136652305433 15416.03267355427
2379 2830.3457611576205 15471.835033534679
2394 816.0633537875141 16907.82861682212
2396 3028.604616870629 15599.288738764397
2397 2886.4252934691904 15417.158245743607
2398 1893.6683201435067 15396.105115652552
2400 1987.3674761311088 17623.08756065747
2405 1906.8212944235536 15399.502968230961
2407 2871.4225839873034 15416.693428772185
2409 1925.0555794571326 15396.580352889234
2410 1284.201682914625 16233.351274620298
2413 2822.5363544378347 15433.912452833236
2418 2832.482476174906 15426.879871870016
2420 2913.3669941965422 15599.340754897283
2428 1505.03200442195 15541.79424351084
2429 2832.126356424921 15434.372411026172
2430 2832.116074925339 15857.013712010194
2431 3496.6040744576453 16127.965697415384
2437 2832.3521166470496 15755.987377626934
2441 4112.955002703997 15208.597783180034
2448 3872.862516877889 15766.139327601068
2452 2863.8198134377235 15419.651347286002
2454 2583.081579677632 15416.656538483185
2461 4555.985801057437 16505.89215346921
2466 2690.589282901461 15397.40344999157
2468 2829.6335247418897 15486.820046956507
2469 2830.701878714455 15464.342540521055
2470 4870.12997444484 15723.433264116444
2472 2829.9896433885383 15479.327531013869
2477 3241.6454030443906 15361.27274989195
2480 1998.7637468669534 15406.291966469507
2482 4575.5613681156 15070.31831747062
2483 1993.6360896499446 15409.301189533026
2484 1942.5018536453101 15982.233337798127
2491 2551.5405876627015 15416.178561422515
2495 4136.39 15253.009858395873
2496 4052.5775230442555 15614.528104503719
2507 2038.7166998572447 15595.362738045069
2508 2836.627788958133 15640.937328601374
2509 1877.4323309238212 16857.734072095966
2510 3619.4907025046505 15910.841613429331
2512 2833.5057285933312 15638.953040435588
2513 2630.6028838492557 15395.81195185208
2515 2417.681772945385 16719.349391821168
2516 2525.439503651747 15415.819820168837
2517 1861.6244617335094 15762.682845212763
2518 2638.1011658715 15396.010888645691
2519 2187.518747210673 15422.594391080771
2521 1386.2984468736379 15500.507682606827
2523 2845.555511940002 15586.325767775932
2525 1298.3489700317825 15199.102156445795
2528 1429.6389260266237 16830.057080846294
2529 3006.0270649434124 16393.06423439635
2531 1893.6438187755475 15399.307009430431
2535 2965.520399952598 16299.070296589565
2536 2835.2414238811566 15678.241723903137
2537 4181.691979307931 16088.231806605052
2539 1922.5059911746048 17116.471835544457
2541 2423.0253044219544 15388.36001455313
2543 3417.7222972314344 16076.80546618078
2544 2850.001670239347 16600.06037830038
2548 2645.5995259880133 15396.20982751122
2549 3147.8467161669523 16631.164191626187
2550 2556.406801372234 16982.627008317948
2551 3418.2249867854816 17601.541230396346
2552 2683.09098574876 15397.204512796532
2554 3778.963935294305 16314.871493354283
2556 2699.7994373990887 15215.58602591411
2557 1436.7967357531638 15614.42653850478
2559 2809.970219280382 15397.123408107509
2560 3219.014870619985 16181.703902647227
2561 3109.592601843336 15402.32261966476
2564 2668.0944100686615 15396.806638900604
2565 2164.865726881314 16685.84637875246
2566 2842.668712575203 15535.8604383727
2568 2653.0978396341275 15396.408765143846
2569 2817.4692433362266 15397.30567605331
2570 2828.9211414784063 15501.808149964167
2572 4261.391902323032 16027.271574404785
2573 4244.455346160229 15552.457215587434
2574 1974.2411289440674 15383.976786403158
2575 3609.220417043036 15956.982569907304
2576 2749.666844477024 16371.173765485079
2577 2712.4216522246106 15397.953921732618
2579 2131.349724640293 16362.916187312707
2582 3463.0430959559117 16077.561807408785
2584 2019.7536151531795 15381.543730906145
2588 4883.715423337404 15754.691933039287
2589 2381.2699610781674 15387.852821284092
2590 3405.4272115683593 15353.272356698582
2591 1893.3337946308666 15402.504886299568
2592 2323.3518354995294 16522.07534932994
2595 2893.925835108888 15417.409640715583
2596 2797.708527365994 15413.05715991002
2597 3068.4351168115295 15425.829376879834
2598 2035.4927210030705 15730.660685850831
2599 2868.543781315357 16596.50695356907
2600 2534.4035493138704 15415.918864098643
2601 2865.000927234115 15399.285862397488
2602 2536.777029355505 15408.930698880258
2603 2577.413662201906 16989.487312916805
2604 2583.818517930927 16976.26505635644
2606 2814.5646941023933 16845.280591654468
2607 1845.15 16617.16855606463
2608 3466.864752323562 16084.016731382864
2609 3261.8198502529413 15408.215552998901
2610 1837.1596938674752 15386.271923545899
2612 3641.662589812906 15901.853128746778
2614 1787.7456803132682 15874.212052605695
2615 2959.8321760832905 16544.200315511614
2616 2872.5008544035354 15399.32978922123
2617 2352.535447223667 16367.629064577295
2618 2322.847445319053 16560.713177277135
2619 2289.6914593901715 15386.43238554898
2620 2626.0647197371036 17028.753348586186
2622 2817.549040658274 15394.10567329295
2623 2901.4248466198956 15417.8560968704
2624 2328.913450343006 15387.040741402425
2625 2310.649990022314 16357.159122828129
2626 3257.7261819942355 15407.044932686978
2629 4358.850334285985 15370.510399328492
2630 1421.6353063127629 16414.405831219367
2631 2829.2924059194925 15426.729943609991
2632 2327.0963578960664 16584.651295242238
2633 2941.6874817796174 16360.410242139022
2634 1480.203765574357 16519.675774331583
2635 2630.1381489957835 16372.595354997558
2637 4230.2740789378695 17148.258537868798
2638 2854.0205409784403 15465.124250892237
2639 2792.1290526813086 17286.153039365407
2641 1780.8756281313047 15733.508900133902
2642 3376.7842954925877 16734.431083702853
2643 4608.358823399766 16589.745125828173
2644 1837.2362551428455 15383.071708358568
2647 2886.3226954021047 15420.356883189175
2648 1596.7488664190282 15443.716720397433
2649 2614.9895032013947 16931.31700133478
2650 1398.6820038749522 16567.34578136236
2651 2735.5843843687207 15412.29987490642
2652 2871.3117122802914 15419.886241804168
2653 3963.219954342142 16173.126269915983
2654 3051.19734931021 16488.70760305214
2656 2833.6194199896318 15416.301460350129
2657 3363.2909435460724 16538.119421607913
2659 1857.8771108390686 16861.721085139652
2660 2948.4821513096535 17509.099129888204
2661 2716.252711415204 16371.6422091635
2662 3185.566301579676 15406.496180655418
2663 2847.9156726240285 15411.110909758438
2665 3224.736119620991 16620.474264943936
2666 2901.980284162886 16355.16947911525
2667 1883.0889990600767 15387.11533987525
2668 1667.55251779164 16406.99590912452
2669 2878.8035506198967 15420.121134425377
2670 2333.113524084454 16190.579620654296
2671 2193.4661671944673 15445.945786951494
2672 3323.443162448949 16921.378576156592
2673 1480.9570664248188 15902.441444566908
2674 2844.418721683598 16353.460724041037
2676 3121.445501329158 16588.647631116564
2677 3091.6018575990975 16691.99434259289
2678 1851.3950229020356 16865.496215664753
2680 2424.7445223717286 16712.540355155958
2681 2829.2774065769713 15494.312552763839
2682 2660.5961265969017 15396.607702068535
2683 3459.221475596358 16071.10694425376
2684 2474.6283203369803 15388.952403045469
2685 1439.02171293185 16580.69796244881
2686 1107.9009144642723 17018.97842799399
2687 3665.1199147347197 15290.249046614495
2688 2526.136070891197 16999.44857220411
2690 1054.5950183828413 16501.20398634498
2691 3044.943840725094 16464.591017495837
2692 2618.480490511838 16933.0501870208
2693 3679.5791528599234 16442.481723427976
2694 3429.3179593118257 16502.330048703836
2695 2864.3328411723182 16356.060355971103
2696 2484.277525024948 15389.15583583352
2697 1093.5029760826121 16979.953426859407
2698 1291.4301130486133 17590.760802432495
2699 2848.9468537809294 15394.615003374318
2700 2990.3243436748994 15421.341043809389
2701 2404.124922599776 15746.601516946934
2703 2165.966219859236 15408.84130722723
2704 3349.7200821467723 16970.834003756703
2705 2850.367622907699 17410.93296753352
2708 1973.4560041499976 15389.527498855437
2710 1179.4076856301708 15677.326383088466
2711 1470.7736944754802 15573.740721645967
2712 1810.3470440272104 16878.854171855255
2713 4189.65106820254 17066.301827384366
2714 3066.597680960963 16483.155781780995
2715 3719.04066459237 15282.399477928846
2716 2591.857166375834 16944.061464413557
2717 1083.4496150453808 16340.929354977341
2718 3353.852034124797 17345.043376729584
2719 3832.455189940588 15799.631574034021
2720 3934.611727287277 16824.694068021217
2721 1049.2078683149361 16359.902743720771
2722 2964.480062725404 15752.283459429229
2723 2546.2860061282063 16358.496589830767
2724 2895.7510551357523 15399.465964872867
2725 3080.708298770711 17458.35962751195
2726 1044.7334500349523 16755.199701002814
2727 1431.636588480996 16489.657842361714
2728 3638.9359023631428 15219.24983949476
2729 2319.7993535797987 16357.326333063504
2730 3136.365491298703 14967.175828825331
2732 1904.3455833244484 15381.582088227035
2733 3447.549152521416 17067.818262760633
2734 2502.446264320375 15568.610668950163
2735 1106.3757697202532 16328.225947979367
2736 2958.421789921391 15420.815190323261
2737 3557.9580780299275 16238.261702335518
2738 2331.5299115159264 16385.968648041475
2739 3853.2928420929034 17264.143035087207
2740 3081.417875738206 15595.38212835479
2742 3958.9509510280427 15449.37436193378
2744 3359.338537550646 16522.17199440736
2745 1449.0385697653428 15649.982336617571
2746 2587.130567281064 16986.93189694632
2747 2341.910237176365 16487.761988090188
2748 2641.839516440673 16316.060439340075
2749 2901.9343754789966 15212.645580355154
2750 2637.665704586128 16061.878444457981
2751 3179.585788603304 16713.26926773949
2752 3083.827635071531 16163.82437854274
2753 2640.3836158118283 16281.827988904119
2754 3574.8056439293787 14803.29430735589
2755 1935.0663457645542 16804.19833996204
2756 3619.530810767585 15956.605709681498
2757 990.2535853173551 15705.15039757586
2758 3158.2940485270215 15576.5495531134
2759 1047.1112049563767 15678.734037103028
2760 2731.1118120759343 15807.764026464582
2761 1339.0742220541251 15666.697800812655
2762 1463.0826847924654 15606.179169667192
2763 2349.49963011603 15749.90941708618
2764 4298.64853844822 15612.047977187252
2765 4170.930940481583 15304.421396715807
2766 2450.057309452764 16916.333258945466
2767 4446.793222552477 16933.839930635473
2768 2968.0735366673957 15146.869704619177
2769 2711.6285418632674 16361.69319642778
2770 4099.277186731641 16347.313164775369
2771 2880.0007888694113 15399.373716087706
2772 3350.185549682068 14448.922442459936
2773 4076.687952339996 16378.839670004787
2774 3681.7313193374 16935.530883892465
2775 2106.541211823659 15241.11985141711
2776 1015.072938549798 16237.517098122724
2777 3778.169272729518 15231.233133112039
2778 1006.5707065797152 15638.037939696897
2779 2298.027070056109 15180.557246999422
2780 4407.023162135453 15094.91173602856
2781 4656.010210273506 15157.461389396827
2782 3717.6753103859937 16497.235770698437
2783 3969.015730719001 17194.819071363814
2784 1865.2694446281876 15981.594973183319
2785 3336.0767508578115 15519.782018593873
2786 3302.861538697912 16576.736504111683
2787 3843.968475729363 16353.962174263092
2788 4814.96877883329 15747.872063506727
2789 3280.7729473173927 14882.59440824491
2790 3049.398862162104 15425.515600091068
2791 3683.1822752543117 15530.752050770177
2792 3987.781673911001 16176.962307941702
2793 2292.429181770446 16938.84175229806
2794 1559.4738423520537 17505.438515914633
2795 2859.402432684695 15231.872970775341
2796 1250.5581967213116 15808.3956177529
