1747 4216.104079979901 17130.808360417064
1910 4248.664938440387 16475.797445014137
1969 979.0403925347077 15709.382025372859
2008 2787.3986822853562 15399.776604653955
2011 2809.8917081132354 15400.323407508007
2036 2802.394037441573 15400.141140001919
2095 2794.89635531722 15399.958872217418
2099 2817.389437291164 15400.505676436376
2121 2779.900977248955 15399.594336312464
2129 2772.403230135017 15399.412066948073
2195 2757.407884289257 15399.047531826443
2205 2719.919413107147 15398.136191431722
2207 4053.4779282130075 15104.042614704455
2218 2764.9055640264305 15399.229799552913
2232 1984.20228411883 15408.354023387254
2245 2734.914836876402 15398.500728447663
2246 1695.5854862945214 15394.733329460545
2257 2749.9101717923068 15398.865263303589
2260 3934.5971977735367 15355.829773300515
2280 1965.6189893606486 15406.33718061513
2289 2742.412507836927 15398.682995960773
2294 1999.6191634041768 15406.32445825826
2309 2727.417077033738 15398.318458773838
2311 2675.5926989000523 15397.00557587487
2318 2215.361340530624 15410.362012625801
2321 2831.057997453429 15456.850022635948
2323 3117.622816322717 16576.419918346994
2329 3269.3677225413917 14332.136150225311
2333 2831.770236354452 15441.864956925107
2338 2841.9210545777046 15546.565337670212
2339 2360.5268122674274 15836.53755468463
2347 2165.100339307832 16363.629670626327
2350 2831.414116213243 15449.357504312382
2351 2863.9211409317645 15416.461017550293
2361 2822.8924728138913 15426.419942583689
2371 1311.3561905811175 15232.653085425398
2372 1446.1736417393388 16539.792677337875
2374 2878.9239467118355 15416.925837505245
2376 3401.288972625239 17512.338151191678
2377 2793.9550261283666 15416.211892826042
2379 2830.3457611576205 15471.835033534679
2394 1153.9503114641964 16705.71723496613
2396 2847.35450576831 15560.56793754697
2397 2886.4252934691904 15417.158245743607
2398 1987.898778690975 15405.527237054765
2400 1846.8645555600735 17264.5171472164
2405 2015.537009725174 15406.929075164238
2407 2871.4225839873034 15416.693428772185
2409 2023.5736263041504 15407.234334691975
2410 1414.229390285254 16175.412733940451
2413 2822.5363544378347 15433.912452833236
2418 2832.482476174906 15426.879871870016
2420 2852.752883914843 15483.274449586019
2425 3267.4077312536174 15209.747359935613
2428 1530.4585860227482 15521.732241258056
2429 2832.126356424921 15434.372411026172
2430 2847.2754807850756 15515.800622177714
2431 3379.2501756926304 15927.752558294389
2437 2850.7364112450327 15419.994429450337
2441 3908.073965040561 15161.276421416344
2448 3608.0486532788736 15921.073188175556
2452 2863.8198134377235 15419.651347286002
2454 2846.040223661588 15415.583584718242
2460 1972.3218982376993 15189.980672898575
2461 4390.363144637927 16203.407032687634
2466 2690.589282901461 15397.40344999157
2468 2829.6335247418897 15486.820046956507
2469 2830.701878714455 15464.342540521055
2470 4661.503789188295 15814.859198528018
2472 2829.9896433885383 15479.327531013869
2476 3713.4428423977483 15020.588684111462
2477 3152.0626917661734 15406.133798865856
2480 2213.2645462689284 15416.710292717766
2482 4719.194698874638 15281.360385274449
2483 2211.23096451331 15413.406452298563
2484 2027.94569265362 16089.469271048463
2491 2822.2651103232815 15413.699196104397
2495 4212.463785810134 15459.681987420234
2496 3907.917278534236 15747.062026790616
2500 4110.237988266345 15492.343066858053
2507 2032.8848771356766 15868.403621251573
2508 2852.194515576429 15393.60460003229
2509 2228.8715453884215 16653.156582284442
2510 3549.9263607205035 16006.683461840923
2512 2849.342190252825 15383.790022390245
2513 2630.6026576827207 15395.81194585166
2515 2336.6768685658185 16406.094581019486
2516 2526.9024899480382 15415.805191887386
2517 1869.068928580369 15436.173112999593
2518 2638.1011658715 15396.010888645691
2519 2187.51801688284 15422.628905833179
2521 1501.2039867920355 15554.244698056684
2523 2852.675768972488 15378.847842375588
2525 1412.6908307188726 15563.33951498977
2528 1557.709758676519 16933.21572196711
2529 2830.663222881943 16318.95660864116
2531 2007.9568837888226 15406.641154788696
2535 2840.1488200912772 16356.793083762135
2536 2848.7450939272594 15399.104160118475
2537 4268.98269960365 15971.311647266328
2539 1953.4318357563336 17268.660390023928
2541 2170.356862937964 15386.007459763217
2543 3043.9383415743537 16276.288696276039
2544 2825.35152222741 16378.14958689209
2545 2934.803774001656 15376.974390126043
2548 2645.5995259880133 15396.20982751122
2549 3147.8464880484385 16631.16382426375
2550 2869.4402559830205 16814.76367229054
2551 3555.160274313646 17597.117059347907
2552 2683.09098574876 15397.204512796532
2554 4177.457622655332 16090.557685220065
2556 2697.7166032990626 15372.01759485667
2557 1564.1087139446688 15484.334759867123
2559 2809.970219280382 15397.123408107509
2560 2916.5233185819507 16343.052682181753
2561 2938.798733518206 15406.416127800409
2564 2668.0944100686615 15396.806638900604
2565 2335.0317983515515 16521.129125026895
2566 2853.3569934331767 15353.235739784868
2568 2653.0978396341275 15396.408765143846
2569 2817.4692433362266 15397.30567605331
2570 2818.9484516072116 15728.913628721657
2572 3913.2486461947897 16217.88627248229
2573 4043.227585874882 15666.031828981922
2574 1849.5105685820506 15416.252082301873
2575 3359.5341458671764 16107.019025206917
2576 2930.2305927867424 16371.540023960591
2577 2712.4216522246106 15397.953921732618
2578 3170.982223859671 15582.456762302094
2579 2349.511033714589 16367.591262807871
2582 3463.2379228166196 16077.890877438373
2583 3078.6838829896674 17452.59839647206
2584 1850.3263008082097 15406.922535864933
2588 4695.983874308302 15796.075353123668
2589 2160.4919927396154 15385.853982464538
2590 3540.2373502874357 15357.469363444994
2591 1895.9913035004267 15402.5442972228
2592 2490.923188078471 16851.275027939486
2593 3426.676217953692 17610.41453245129
2594 3407.7282224533974 16718.098486402137
2595 2893.925835108888 15417.409640715583
2596 2849.9313837963405 15361.638020585926
2597 3091.559795398269 15555.32690074617
2598 2032.8545294775156 15975.722813331535
2599 3048.7936405878136 16471.04629532641
2600 2534.4211263881357 15415.91913046434
2601 2865.000927234115 15399.285862397488
2602 2981.4645799612576 15417.737390427772
2603 2737.2401542543935 17224.672318260706
2604 2928.0531842196906 16782.626481184543
2605 2243.372428869833 15583.196366629829
2606 3124.0481647410793 16670.85287526782
2607 1828.4208573902067 16341.14675377872
2608 3468.283365930516 16086.412824097792
2609 3371.2855436802165 15409.511333209824
2610 1796.1183529907605 15385.522779528465
2612 3578.990631716032 15991.145157452429
2614 1605.9133431798493 15930.469587784592
2615 3001.880144052279 16380.843004680013
2616 2872.5008544035354 15399.32978922123
2617 2717.9979051259897 16371.617742721113
2618 2504.3485925800937 16866.197726763767
2619 2122.485400844797 15385.067684753221
2620 2595.274191064155 16968.612216176352
2622 2698.415510550256 15391.20030006249
2623 3085.498107785854 15422.909803979257
2624 2152.9324491437187 15385.697587178043
2625 1953.780568426558 16347.935752471632
2626 2974.5433364308988 15399.097002213492
2629 4464.345920418681 15422.43157854256
2630 1532.9197541381654 16488.67378105715
2631 2829.2924059194925 15426.729943609991
2632 2510.303571088457 16881.349713899213
2633 2796.0208045850313 16360.831523334848
2634 1819.0675547165097 16358.03370158065
2635 2867.573518869638 16370.558123165001
2637 4084.2433846893373 16934.80768348078
2638 2850.205212447189 15351.342841973703
2639 2608.0841807698584 17000.86264153811
2641 1841.3643127540379 15818.072880549347
2642 3269.84195884263 16795.102021944815
2643 4410.8580247123955 16234.41021292135
2644 1593.4975473633338 15442.511536093212
2647 3119.3411698649033 15423.386548755787
2648 1324.827841242239 15673.947613587592
2649 2552.354720662545 16964.887331253332
2650 1490.5166320628016 16789.453841617407
2651 2852.972863683539 15367.677926059177
2652 2871.3117122802914 15419.886241804168
2653 3710.2633171163507 16329.073683372644
2654 2890.165267551459 16358.480679695098
2656 2853.724347632212 15339.424266510257
2657 3631.8427476858433 16395.467385043525
2658 2371.4400181480373 15181.696963643366
2659 1900.1698284679758 16837.090050994306
2660 3310.5298922498623 17362.264701468837
2661 2899.902472925402 16369.829059863278
2662 2915.2329476397135 15399.581297275892
2663 2856.2429663375765 15229.926096719699
2664 3117.112730096991 16880.13170437606
2665 3624.283675148648 16399.603501227844
2666 2787.711063198449 16360.916368560358
2667 1849.2631872978934 15439.770171202543
2668 1412.3530859248754 16547.876547366406
2669 2878.813440025884 15420.121444489261
2670 2329.9191449818723 16582.96559176637
2671 2317.0782837086103 15793.081759640418
2672 3171.271014974216 16660.68353434484
2673 1447.9576446188773 15647.175564598598
2674 2853.361683351016 16367.752506964925
2675 2840.6878711748263 17033.50790307452
2676 2987.352432511032 16378.694210043648
2677 3352.639214103866 16543.893099437497
2678 1851.417372273039 16865.48319952034
2679 1553.370510876171 16112.681727864252
2680 2340.495120566277 16366.910173738523
2681 2829.2774065769713 15494.312552763839
2682 2660.5961265969017 15396.607702068535
2683 3459.221475596358 16071.10694425376
2684 2471.3976292281427 15388.915315596194
2685 1572.300229224772 16962.761028777633
2686 1220.209073992072 17204.51376271586
2687 3657.9279865975545 15253.233308562725
2688 2593.7252907074103 16965.81162836629
2690 1032.556428530208 16679.780133329823
2691 3212.3645132924885 16195.315001621391
2692 2545.9459844301705 16968.838703350946
2693 3896.7096541031806 16777.793881634134
2694 3636.071449134042 16366.685612874559
2695 2718.045951519937 16361.627672539105
2696 2482.128896955567 15389.03850761118
2697 1090.9213080762058 16981.985636683406
2698 1024.4106647940978 17408.13911292014
2699 2850.7330875079197 15331.496240756744
2700 3332.3057255755066 15427.93900331934
2701 2503.0327854618554 15422.95993052705
2703 2478.0866418219434 15412.1439296148
2704 3571.371961227073 17274.724749631634
2705 3054.504402371782 17469.331155239575
2707 3451.1318027157254 16406.022721867954
2708 1849.431664137385 15423.753384393589
2709 3868.4814041905374 16019.634484683902
2710 865.6026786938601 15750.262565485462
2711 1095.242185938746 15675.764103020943
2712 1561.4666881201933 17007.90084772943
2713 3953.9875981296764 17203.719426730517
2714 3331.1632174721935 16336.503128689226
2715 3998.7578769025013 15128.937594257039
2716 2539.5372456183886 16972.790077038924
2717 1014.5675570129963 16234.89233019568
2718 3691.778494665411 17183.898256956894
2719 4100.104937351463 15644.57700592535
2720 4124.7549028833 16975.55405693804
2721 1003.9687710086558 16170.558603274572
2722 2961.7993366504124 15935.364973668577
2723 2319.899010993327 16357.328154363911
2724 2949.6130057491905 15398.910843830266
2725 3345.060085920046 17351.77423679354
2726 1046.7477893689013 16627.413511504456
2727 1436.166961508913 16491.657804665338
2728 3625.1185370583967 15194.521791239926
2729 2020.3375903236397 16350.745257675353
2730 3230.4693895012115 15081.261886829121
2732 1849.3509785586755 15431.424015660452
2733 3210.373172783749 16737.054556769686
2734 2508.2898281841553 15230.158413014007
2735 1022.1999840417186 16274.532380754854
2736 3091.4200424119267 15471.845366413054
2737 3631.162517607671 16357.945961753987
2738 2313.7366577096864 16585.92887760605
2739 3619.928126354035 17402.149614350685
2740 3065.3019758264104 15716.50797854864
2742 4077.686496218035 15641.230878875242
2744 3163.1959145301075 16674.444139731215
2745 1494.6457164598837 15856.50282617269
2746 2731.2190985320117 17221.248939558966
2747 2349.482604101029 16073.548064034077
2748 2575.9067117468926 16171.329247528154
2749 3006.249890664473 15185.663225402852
2750 2720.77883571889 15954.744790220311
2751 3334.3763782533315 16966.327914888425
2752 2985.9340313805965 16008.335239913084
2753 2638.583645895397 16006.691920306277
2754 3683.6605616481547 14978.68020440443
2755 1841.3408543338114 16776.24412858436
2756 3763.5149543200178 15836.559288921588
2757 1287.9223451779299 15697.494425090621
2758 3287.8310159131674 15775.782193569617
2759 961.3201197759844 15591.304790046617
2760 2685.216805610348 15810.305664914142
2761 957.7869755750351 15705.228280000416
2762 1743.7635127990354 15397.974898291533
2763 2403.098199187217 15650.943810168439
2764 4378.481402267029 15762.109020331973
2765 4236.841547786424 15194.948958048857
2766 2323.7435710116206 16920.385182560352
2767 4470.990712110553 16964.578474072154
2768 2899.490145337778 15209.375757341679
2769 2377.0543336827077 16356.838986472076
2770 4348.713640544847 16212.107546140736
2771 2933.385863432186 15399.69873235042
2772 3253.2090581919433 14301.757348199842
2773 4153.613237369501 16508.752170764918
2774 3555.586967591608 17010.91580327668
2775 2185.18384378895 15196.462653386647
