2008 2833.6526798018626 15400.80461261007
2011 2994.5331613210988 15399.246269125755
2036 2855.1956741762247 15448.298800505105
2095 2871.2441564440433 15399.323177091388
2099 2869.7396983116714 15599.478716169055
2121 2818.899608506381 15400.539169092444
2129 2806.132775560294 15400.232028292785
2195 2782.727547310436 15399.66304990345
2205 2727.890785215415 15398.329974564898
2218 2794.823193068992 15399.957093651634
2232 996.153431001582 16122.559528886664
2245 2747.858759500517 15398.81539370825
2257 2770.9693040508155 15399.37720837096
2289 2758.3745639296726 15399.071031696598
2309 2736.8286994367595 15398.547254224954
2311 2693.9436648279434 15397.49005903354
2323 3886.8552317423764 16969.14409160215
2333 3255.297576302596 15402.025589893574
2338 3551.0915072046387 17220.597652227145
2339 1168.0252533370992 17140.41489306458
2350 3257.1035321490976 15410.240332306481
2351 2863.9211409317645 15416.461017550293
2361 2796.3146064696807 14598.069241009607
2372 988.6078861731387 16393.791028053573
2374 2878.9239467118355 15416.925837505245
2377 1813.2208219208524 16360.103393789554
2379 3183.628962898002 15403.28129504917
2397 2886.4252934691904 15417.158245743607
2407 2871.4225839873034 15416.693428772185
2418 3240.1717207651755 15345.017446941765
2429 3361.59681188155 15407.837346439326
2430 3242.6684748520215 17025.828557176395
2437 3407.0590995993307 17026.019474930294
2452 2863.8198134377235 15419.651347286002
2454 2538.8386333900157 16909.20543699675
2466 2710.928754084228 15397.917629551646
2469 3205.630693043367 15403.448517753859
2472 3165.335511944877 15407.32487466289
2480 1072.1504479076868 15772.435573105291
2483 989.764224501703 16088.679991799816
2491 2564.5006023568985 16949.326678006015
2507 1917.4681588245746 15707.898385756856
2508 3328.1053035130913 16928.616005618835
2513 2630.6028838492557 15395.81195185208
2516 1257.8493965373334 15692.3544639402
2518 2638.5090366999507 15396.021709859748
2519 1189.4800443577444 15695.080943970119
2536 3349.349427828975 16961.30984998478
2537 4179.724029659652 17065.712393834347
2541 2608.107888016897 15395.215137497813
2548 2647.04897311496 15396.24828276845
2552 2702.1885180336303 15397.700444942926
2559 2838.5797957116793 15594.685616029874
2560 4190.946104100698 15454.352786088244
2564 2682.8905368604246 15397.199194690464
2566 3308.8134325861056 16892.74306517616
2568 2657.3847479271885 15396.52250103532
2569 2838.305050355853 15682.02781385083
2570 2895.0005439651236 15399.461569153927
2574 2500.1886747450485 15388.109696385205
2576 1416.2788676226212 16253.348805736181
2577 2719.1080287616014 15398.11646677221
2595 2893.925835108888 15417.409640715583
2596 1875.4895276245406 15408.574636429781
2597 2901.268892783715 15421.053760293678
2599 1836.498613159333 16877.60451428076
2600 2568.5292153917476 16937.808121470873
2601 2865.000927234115 15399.285862397488
2602 1039.3043683035473 15697.623353248417
2603 1878.2426566529714 16857.26216706402
2606 1892.0231512075827 17351.950903446785
2615 1853.6833305154275 16871.563330235018
2616 2872.5008544035354 15399.32978922123
2618 2187.3595063147136 15430.119997867618
2619 2593.111238147714 15394.817261633576
2622 2884.487186640825 15208.94065250363
2623 2901.41758445634 15417.855664515067
2624 2600.6096030056724 15395.016200624901
2625 3437.086930208231 16066.743842448506
2626 4398.694932472558 15345.105607562034
2631 3243.145528076336 15363.741459590192
2632 2187.518749191639 15422.594297461794
2635 2187.211956476921 15437.645904718847
2638 3609.7732940779706 15920.087058549876
2644 2460.512885186943 15388.790361715151
2647 2886.2954762104423 15420.356029782175
2648 3280.3577533527164 15319.964994871103
2649 2832.1263552884247 15434.37243493735
2651 918.5536109152206 15741.453101719737
2652 2871.3117122802914 15419.886241804168
2657 2037.8834947764833 16360.940324175048
2661 2193.909661622312 15422.71736275201
2662 4590.385063391233 15366.27068884632
2663 2342.6393939231693 16106.900417890865
2666 4055.294231146015 16575.51191073175
2668 2796.019000608518 16357.631031377814
2669 2878.8035506198967 15420.121134425377
2671 2856.9523412244857 15197.487197823317
2678 1424.7806766137828 15620.085531818486
2681 3149.562659507718 15405.90945107279
2682 2669.889626442948 15396.85426775589
2683 4326.824729207634 15509.133868502307
2684 2615.606185711278 15395.414074707223
2685 967.6956186845437 16024.010260390569
2691 2228.601008279514 17293.173403594254
2692 2832.4824727365108 15426.87994421173
2695 4203.658125040387 16065.670091258376
2696 2623.1045461652557 15395.613013581706
2698 2622.5548291256237 17035.125332381038
2699 1893.9978552613445 15387.787158028306
2700 2908.909273972701 15418.301684752489
2701 1838.530499826419 16880.127046537727
2703 982.1800751532674 16058.687024055278
2708 3950.8196726397578 15384.774322705833
2710 2444.625247101303 15388.607975980414
2711 2452.12610149905 15388.694083734954
2712 2562.458854805564 16940.198190282354
2714 1948.466482095 16808.96235924767
2715 2830.6610161382464 16339.034666164076
2717 1991.541307127505 16349.53415234867
2718 2577.3589014188215 16989.399371657026
2719 3149.7766401289373 16642.20904079686
2720 2983.1045212354493 15602.08602355185
2722 3133.9331075772116 15404.506886977724
2723 4095.5804205310687 15638.749818777937
2724 2887.50064823064 15399.417642514298
2725 2308.854834917122 15782.679401418323
2726 2312.368673572956 16357.190532825036
2728 3232.93749553033 15426.236228808872
2729 3398.24223912534 16507.796086636983
2730 2852.636051420183 15380.34110940136
2732 2483.360743750332 15389.071281415754
2734 1864.8467302391175 16865.06348060359
2735 2077.5829278918263 16352.899679198856
2737 3090.707392524648 15429.901735295016
2738 3463.3259662613914 16052.963990915005
2740 2916.400977738836 15418.747705838276
2742 2264.9202158638714 15402.739086240652
2744 4103.976653206623 15630.43840797355
2746 2965.424840124327 16318.903782654654
2749 2852.4366146090156 15387.83936638237
2750 1988.8648745396188 16358.25427753609
2751 2454.337846921837 16800.398215270212
2753 1886.385004502174 16529.377438472824
2754 4136.839637811481 15737.171655615266
2755 2193.757271555105 15430.190337201586
2756 2410.3327679179793 16725.570208764322
2757 2167.998220210998 15386.009274722725
2758 2908.7512969846543 15421.497954388477
2759 2830.5889763922764 15403.353715302837
2760 3118.5308809619096 15403.124722592542
2761 2292.76409522683 15180.475540704203
2763 2572.570688350216 16944.12680721636
2764 3116.6305468258556 16222.609891484171
2767 3548.2906414672743 16221.639855453734
2768 2849.236614538817 15387.75936902164
2769 4293.208767969757 16029.243560475768
2770 3921.9801140000554 15367.842296029263
2771 2880.0007888694113 15399.373716087706
2772 3878.038212331839 15254.912657276394
2773 3459.2227084560604 16071.109026601016
2774 3275.248766265158 16588.529362385027
2775 2470.318483041085 15388.902927293468
2776 826.4638418305852 17001.00767203309
2777 2961.6094834150754 15948.413281830553
2778 2256.927663515338 15183.439454309262
2779 2701.960633625539 14687.890998815383
2780 3034.895859729617 15601.942426531057
2781 2932.067163726984 15419.680397453252
2783 3475.995785803995 16099.439396649132
2785 3751.6372790088117 16551.4891615778
2786 3313.416202611996 15818.899960015906
2787 2696.868126454501 16908.26270802139
2788 3726.903027503525 15361.575938447997
2789 2849.4360501851384 15380.261155835542
2790 2893.786512335365 15420.609567608957
2791 3158.1638642546177 16224.049883446261
2792 3939.50312134304 15416.38810993792
2793 3244.7730569935134 16592.704356309074
2794 1825.4693750880517 16867.262392432276
2795 2855.636614408267 15387.929373929936
2796 1478.4752952756055 15694.397381753502
2797 899.0580184427675 15495.723608661128
2798 2319.898993697518 16357.328154047818
2800 2849.635485429989 15372.762957743596
2801 3223.8021897558706 15419.621168846268
2802 2337.9715770501766 16539.3672883521
2803 3850.7730905834123 15259.550833387799
2804 3611.595323144412 15319.06734029858
2805 2776.4363925125012 16849.687100041865
2806 2521.4688369252544 16882.04860459843
2807 2852.835485807267 15372.842943558997
2809 1388.3615142662466 15651.860190526471
2810 3310.6025916106073 16568.7389708103
2811 3777.4382438487332 15246.879027575002
2812 3087.7984723600457 15400.942686339316
2814 2476.0561845328843 16834.102616562825
2815 3237.270902225815 16768.859777426023
2816 3383.1794370822613 15941.698403491124
2817 2585.612928784956 15394.618324114592
2818 4101.680588243639 15643.691810949596
2820 1875.8893517859678 15398.788947540163
2821 3282.7941954654807 16881.282982603938
2822 2580.0490654616005 16987.659645736338
2823 2396.3147015765267 15770.337616893687
2824 3414.694313152445 15998.858776400684
2825 3711.3302422492848 15017.18878198491
2826 1044.9865043441164 16410.438421955263
2827 2849.8349219678908 15365.264711036596
2828 2552.354321938627 16964.887577090656
2829 4391.563113720072 15955.728269568413
2830 1873.7840361625426 15385.178254268101
2831 1485.8870115996126 16285.058099963535
2832 2894.3882207043666 15098.154270886065
2833 3167.530188440947 16681.48492574886
2834 1628.7301671248638 16969.53330963435
2835 3137.9410133778865 16615.212031295338
2836 3048.583310543021 16494.465212552717
2837 3042.8884790113234 15425.40828869204
2838 4257.285132106626 17200.80331210446
2840 2509.047351490113 16991.588934184758
2841 4090.473183179944 15648.932860308096
2843 3608.7136127567533 15936.425037720559
2844 3782.0504966348285 16606.472371318927
2845 3650.7942325078147 16396.555509776656
2846 3979.304588724249 15438.770456650136
2847 2187.0794098427705 15445.172344428016
2848 3604.4737707485156 16318.365789674932
2849 3830.145507459981 16683.85390929989
2850 4025.095114295015 16905.561858492172
2851 3784.3594772612573 16604.13072408191
2853 3756.399837873801 15810.976029065909
2854 3573.8881452986625 15341.170165373676
2855 1270.4477304221916 16237.313497840629
2856 2019.2561888207722 16344.968058300537
2857 1549.740483577423 16922.93950407316
2858 3425.594273557192 15428.48929698842
2859 2849.515705439376 15400.393112851676
2860 2902.5004202941896 15399.505495679898
2861 2344.0856324720726 16350.164733110396
2862 1831.9246971761759 16421.668454663977
2863 3026.6955223724494 15028.12715755913
2864 1335.0716610292118 17127.61370779654
2865 3974.86907002799 16868.22357499695
2866 1359.7595729044206 15450.495478416962
2867 2337.9006721411924 16330.348931686527
2868 3804.592393072044 16642.740719852223
2869 3855.7767002162304 16722.426725581452
2870 2821.076369423013 16199.394524521127
2871 3128.28914658867 14971.685944445291
2872 2906.4788332355956 14502.952361571248
2873 4304.481346430677 16066.330542949087
2874 1868.0420212653844 16344.705698706184
2875 3584.2278804210346 17589.66506788067
2876 876.2204204798792 17100.591581114328
2877 1432.3752514626588 16142.097393357815
2878 3833.617308437871 15235.739043961532
2879 4098.774558573798 16133.538190077204
2880 3994.2917736083987 17179.849429417784
2881 3959.601600407536 15784.999662046961
2882 3995.122282247639 15706.380457280804
2883 3606.5851467862753 17409.0916289305
2884 1484.9363214123005 16799.25400448736
2885 1471.555100470169 16805.844495971185
2886 3249.335033856644 15527.726794022776
2887 4322.846928165707 14948.796239487656
2888 3101.9739048314277 15401.638933342361
2889 2215.473800966191 17276.8540306263
2890 3686.173745997275 16139.865307122816
2891 1839.4366117684078 16852.395781507945
2892 3069.611902964788 16477.79012921484
2893 2044.1166330433375 15427.494567899506
2894 2860.234140640479 15193.84704682498
2895 4480.321469668721 16984.447243748502
2896 2511.7215604869634 15379.967358608104
2897 1381.90949373631 15507.810363930865
2898 3158.541385641287 14954.47621406282
2899 1280.0999626628666 16235.624042229556
2900 3567.410109474029 16636.49420733989
2901 4490.198210150181 15970.636678075252
2902 2955.6201534638494 17191.8604281635
2903 3551.337105136341 17013.455556616012
2906 4104.168851619105 16418.97555972705
2907 1854.530377885766 17351.93632837439
2908 2821.072877921649 16231.221305210862
2909 1719.6493605602927 16871.55375586828
2910 2378.247211136482 17559.770047959377
2911 4071.1012976349525 15731.160605972935
2912 2814.1195221911084 17319.475362663296
2913 4513.156120586895 17030.424322394698
2914 3267.545053239047 16007.004925543688
2915 2804.5968424165044 17305.12223679624
2916 4201.15774241626 16851.565809047803
2917 1289.8820127657052 16066.18744095868
2918 872.9357874402838 15740.504747719
