2008 2793.2060744937407 15399.917781686268
2011 2821.993899223846 15400.594842883764
2036 2812.93731656351 15400.39744589687
2095 2805.264426893532 15400.210918837216
2099 2854.237994536168 15415.565769246583
2121 2784.245269346704 15399.69994555046
2129 2773.801304055879 15399.446053963246
2195 2757.407884289257 15399.047531826443
2205 2719.919413107147 15398.136191431722
2218 2765.415703676103 15399.242200988743
2232 883.1532036312987 15844.46528212055
2245 2734.914836876402 15398.500728447663
2257 2749.9101717923068 15398.865263303589
2289 2742.412507836927 15398.682995960773
2309 2727.417077033738 15398.318458773838
2311 2675.5926989000523 15397.00557587487
2321 3054.1565317724653 15260.35270211125
2323 3733.152122287553 17044.09722034821
2333 3146.554934727195 15405.63954398884
2338 3331.710491857519 16928.295894646424
2339 1345.2190812872266 17137.0844132844
2350 3139.083402929954 15404.969063972487
2351 2863.9211409317645 15416.461017550293
2361 2646.513560830985 14743.054421680405
2372 804.0931586989655 16497.212717312264
2374 2878.9239467118355 15416.925837505245
2377 2122.8445683770133 16362.736389488775
2379 3124.140442297011 15403.62811317934
2397 2886.4252934691904 15417.158245743607
2405 2197.8604463074635 15179.793437464632
2407 2871.4225839873034 15416.693428772185
2418 3174.088720616303 15406.803345532284
2429 3154.026421815726 15406.310019993125
2430 3316.2974656828915 16910.285716547365
2437 3188.2768854148344 16700.83696390983
2452 2863.8198134377235 15419.651347286002
2454 2334.362232173307 16577.926733707976
2466 2690.589282901461 15397.40344999157
2468 2964.6393702840596 15599.09064071344
2469 3131.6119329996973 15404.298589507951
2472 3116.6688491924815 15402.957627661395
2480 895.3874269964059 15862.11782135715
2483 868.1742817566422 15811.890778882263
2491 2519.759658621196 16879.376387406
2507 1932.342755299618 15687.282370055304
2508 3154.432221069866 16643.302797497334
2513 2630.6028838492557 15395.81195185208
2516 1520.0740813945176 15533.273187535866
2518 2638.1011658715 15396.010888645691
2519 1526.786604254649 15535.379527436631
2529 3268.6308118761267 17182.609407307624
2536 3172.4572666501285 16674.90733591159
2537 4041.918507245606 16911.958458766527
2541 2608.107888016897 15395.215137497813
2543 4177.211506383122 15376.081182122229
2548 2645.5995259880133 15396.20982751122
2549 3670.939928178412 17438.219048284907
2552 2683.09098574876 15397.204512796532
2559 2840.7418908041686 15397.702927170598
2560 4237.723089157888 15556.194361893782
2564 2668.0944100686615 15396.806638900604
2566 3145.875866194779 16627.990331536334
2568 2653.0978396341275 15396.408765143846
2569 2842.5348350057066 15400.89291053669
2570 2895.0005439651236 15399.461569153927
2574 2481.913057420864 15389.036029832425
2576 1451.3913246025897 16535.47738363319
2577 2712.4216522246106 15397.953921732618
2579 1208.628192328777 16518.37685460362
2591 1014.8191389759584 15925.674448765803
2592 1225.08857682384 16665.49561475953
2595 2893.925835108888 15417.409640715583
2596 1900.6578321362672 15402.613501959584
2597 2901.268892783715 15421.053760293678
2599 1853.0275038679083 16868.248972797082
2600 2431.370804879415 16723.130448073727
2601 2865.000927234115 15399.285862397488
2602 1479.2936689015542 15588.162509392307
2603 2173.0725118762393 16688.539538655874
2606 2269.5488477433596 17152.43718177015
2615 1970.9151981384382 16803.292958044698
2616 2872.5008544035354 15399.32978922123
2618 2187.3595063147136 15430.119997867618
2619 2593.111238147714 15394.817261633576
2622 2852.8115266558157 15373.74373952329
2623 2901.41758445634 15417.855664515067
2624 2600.6096030056724 15395.016200624901
2625 3157.3690088041308 16214.517081422657
2626 4408.924609374568 15458.051127804742
2630 1183.4913305459538 16122.914795469944
2631 3162.304645985555 15407.05289093678
2632 2187.518749191639 15422.594297461794
2633 3019.6927571625697 16787.069481653776
2635 2187.211956476921 15437.645904718847
2638 3494.41874115938 16036.3465375169
2644 2440.9400860792393 15388.565671340983
2647 2886.2954762104423 15420.356029782175
2648 3226.472766745646 15403.606926565928
2649 2828.6922144368837 15506.624633247056
2651 1404.662810025776 15657.400603350929
2652 2871.3117122802914 15419.886241804168
2657 2348.014979398445 16367.55749192114
2661 2193.909648289931 15422.718016551471
2662 4323.047155565061 15511.307127861959
2663 2366.28643756159 15818.614018400729
2666 3854.8704667861925 16682.631156677777
2667 3663.366205839568 15293.013111570335
2668 2796.0164276527644 16357.631057652126
2669 2878.8035506198967 15420.121134425377
2670 2473.816527597204 15183.19133006111
2671 2850.8610170773154 15392.183748572026
2673 1802.8494963500327 16785.86696133185
2678 1476.3988006857046 15896.634816998141
2680 2804.8315741277593 16967.63497848736
2681 3109.19701817119 15402.287120793288
2682 2660.5961265969017 15396.607702068535
2683 4078.095470805342 15648.814316461581
2684 2615.606185711278 15395.414074707223
2685 857.6610766445949 15766.160057529722
2690 987.8648717004083 15613.30500999873
2691 2304.976113655857 17135.965080138372
2692 2832.480494756786 15426.921559681068
2695 3900.662567666865 16231.969130876185
2696 2623.1045461652557 15395.613013581706
2698 2431.5728690122723 17046.985593887213
2699 1997.107614893082 15406.229060636033
2700 2908.909273972701 15418.301684752489
2701 1854.6257239640622 16871.01583299626
2703 855.4757793770045 15784.27547984083
2708 3834.2620241898558 15202.993918559278
2710 2362.4961868736423 15387.561629145419
2711 2412.7543459120657 15388.242106761918
2712 2363.7394857810496 16627.119684080437
2714 2310.875872707502 16610.239213850567
2715 2832.3971890714015 16001.685168330876
2716 3614.489502648222 15967.179930788656
2717 1779.291432844674 16306.546304074642
2718 2577.3589014188215 16989.399371657026
2719 3138.208232870525 16615.642362012994
2720 3196.154620978475 15623.91883985663
2722 3091.243850243806 15401.032262212419
2723 3791.7052620105746 15813.948417555595
2724 2887.50064823064 15399.417642514298
2725 2335.30645683102 16224.48081382454
2726 1957.07213349529 16348.075083358211
2728 3616.1482555877915 15334.71114006225
2729 3144.1403447432585 16619.123110876593
2730 2852.636051420183 15380.34110940136
2732 2473.042783246026 15388.93420151383
2734 2038.9422850939118 16764.381893158436
2735 1803.169104624968 16317.848494204412
2736 3387.5482989238326 15206.280371490222
2737 3098.054750403777 15595.96709445608
2738 3185.1197999403785 16199.7457465124
2740 2916.400977738836 15418.747705838276
2742 2655.6945046671735 15411.269387149414
2744 3838.1397646336377 15788.67702231685
2746 2814.556137717836 16410.209530530625
2747 2886.826996919796 17237.58045614214
2749 2852.4366146090156 15387.83936638237
2750 2332.074810690241 16367.186039154889
2751 2600.2744612439287 16962.157494845513
2753 1856.790957003613 16361.592343971097
2754 3928.3029040177275 15344.599237848686
2755 2193.756998585218 15430.203723224891
2756 2529.868129161315 16679.748806372147
2757 2116.377438887288 15384.94132044986
2758 2908.7512969846543 15421.497954388477
2759 2379.3976898977285 15394.835226037963
2760 3079.838525076571 15400.735736840072
2761 2197.28392755476 15335.951314344298
2762 1760.6838892568344 16380.406308459462
2763 2572.570430622102 16944.126404268478
2764 3375.514937505698 16108.81957688638
2765 3730.712511709146 15593.487397669556
2767 3677.4641323305145 16439.107217487977
2768 2849.236614538817 15387.75936902164
2769 3962.9163157721214 16198.250724991316
2770 4158.185461410759 15792.727878290298
2771 2880.0007888694113 15399.373716087706
2772 3817.1113553924342 15192.591363343257
2773 3587.0215755132713 16288.311584530742
2774 3587.3056398550275 16419.836863123743
2775 2460.269396177232 15388.787566527995
2776 871.0547967949451 17086.213679436027
2777 2966.25370001016 15849.431591612893
2778 2192.6272231257794 15372.312675694691
2779 2713.415728129001 14847.012628154454
2780 3390.293683053537 15450.345707919463
2781 3333.133114423789 15427.943201740462
2783 3646.9758495346905 16390.329127428915
2785 3619.838774059318 16338.445485910404
2786 3453.812505642339 16061.879480539237
2787 3049.250084948362 16711.199050351606
2788 3899.4194376014602 15675.723884014198
2789 2849.4360501851384 15380.261155835542
2790 2893.786512335365 15420.609567608957
2791 3528.5577735574507 16026.90080523429
2792 4059.5092257593524 15656.087188321893
2793 2854.523909032695 16799.293157206906
2794 1808.7147503703216 16879.684074717625
2795 2855.636614408267 15387.929373929936
2796 1429.5456089885352 15627.337069671987
2797 1014.1160239591079 15396.79218565869
2798 2197.0503659220394 16355.083019964264
2800 2849.635485429989 15372.762957743596
2801 3625.379819117723 15333.338401661596
2802 2349.1807849356237 16096.318905286586
2803 4045.9867844399787 15602.502023155599
2804 3772.2098606489058 15232.621168985665
2805 2591.788779418095 16966.20938674834
2806 2334.7377068717183 16541.694009726438
2807 2852.835485807267 15372.842943558997
2809 1005.4662420992119 15694.815153578742
2810 3622.9695122811486 16400.322574934093
2811 3742.62833338574 15250.34108389687
2812 2881.9256504248315 15399.386841625048
2813 2529.3094912102138 17352.17200517587
2814 2606.833564270572 16958.497819455748
2815 3084.204312995397 16522.603561143354
2816 3461.419310850666 16074.819172175192
2817 2585.612928784956 15394.618324114592
2818 4296.743581207182 15533.561668009746
2820 1920.0602603871992 15399.699841437925
2821 3515.3303594340427 17194.056904118148
2822 2580.0633668924106 16987.6826129315
2823 2509.2660930379684 15427.345407099927
2824 3555.4829210469416 16233.999265734963
2825 3574.045585006336 14795.998551801771
2826 1049.608833213158 16594.654380424123
2827 2855.215448778761 15277.504365905088
2828 2301.941691517726 17109.43261173744
2829 4382.254801407268 15979.209032039846
2830 1500.77412131172 15546.347396488554
2831 1434.397599413451 16098.347266022347
2832 3151.236728867699 14960.601629492048
2833 3419.7981915826576 17047.83183854656
2834 1244.0925012369994 17179.77297817906
2835 3068.1908114390994 16271.934297900407
2836 3197.3126087513338 16742.0662974897
2837 3091.8551567688037 15515.90095175609
2838 4281.871945771749 17372.76347226713
2840 2135.862795679133 17203.54945983363
2841 4232.505784051761 15570.194688835521
2843 3761.9685951480355 15822.018621675306
2844 3906.0408754866617 16803.886088030733
2845 3867.9514297155656 16740.32913842557
2846 3862.8029097525505 15204.515760527456
2847 2213.8075498141766 15635.802394904475
2848 3747.2602527301924 16550.500404368307
2849 4089.887325965126 16942.49885725178
2850 4214.219304012016 17127.77236517042
2851 3880.055728542109 16471.96862907879
2852 3314.4439316194366 16982.8897202199
2853 3664.9710808232617 15644.471021149018
2854 3406.0420368063897 15348.248880136798
2855 1085.7479689524362 16339.655834601997
2856 2028.5045870252927 16177.543328944557
2857 1420.762659232451 16994.357102629252
2858 3849.5193733743167 15204.38401559098
2859 2803.5473599990387 15396.967296944422
2860 2902.5004202941896 15399.505495679898
2861 2350.788011717359 15941.355969665194
2862 1753.9167205172448 16655.743202801554
2863 3184.4220071286636 15009.70624020196
2864 1169.5669088124114 17137.13746956722
2865 4099.705992098425 16926.587451578518
2866 1211.1170288986139 15505.452690192642
2867 2350.7884416597913 15852.928646135055
2868 3976.710255484834 16869.679094215102
2869 4106.366083861074 16955.079653724715
2870 2892.090508011543 16160.816803409596
2871 3223.559576449845 15070.646897555183
2872 3068.6619850702646 14363.1987246968
2873 4540.846697618961 16496.56732779972
2874 1856.4814918051304 16039.780936245494
2875 3537.471384187848 17448.31009305559
2876 829.7469261803993 17001.056693638526
2877 1501.7235731748874 15827.006618709565
2878 4026.034940929747 15566.094288687393
2879 4249.141885266793 16041.1510534636
2880 3745.546488313208 17328.805132414822
2881 4068.4950595374567 15993.100963261375
2882 4123.730818939341 15743.649850043179
2883 3382.5666214712282 17520.55896323978
2884 1320.424606490488 16880.278976787748
2885 1292.4960448442519 16894.034294668007
2886 3230.3104841188087 15534.475533866253
2887 4411.436389913427 15030.549190431919
2888 2902.7062351822333 15399.509055566217
2889 2319.7348735000055 17455.98711440259
2890 3634.4782708215234 15989.903101605674
2891 1845.15 16592.16265712724
2892 3209.351803913499 16402.94369841044
2893 2039.2414624154626 15566.100110685271
2894 2930.4965621015112 15079.108840850622
2895 4446.936796368353 16928.271653696498
