2008 3179.851104224476 15590.897232139732
2011 3154.026361159368 15406.310014549948
2036 3090.7483338887187 15759.240723431201
2095 3146.5548647056044 15405.639537705247
2121 3188.0185273419474 15557.595829647214
2129 2640.73259796878 15764.214731913786
2195 2644.064280622893 15665.14183560201
2218 3159.4715176531154 15572.573121303363
2245 2833.0724272330503 15936.542996819167
2257 3103.327267042754 15591.991860459724
2289 2647.2533625450696 15563.891375126663
2309 2917.427154467937 15599.327915575861
2311 2802.3939708756657 15400.14113838371
2338 4070.1468773454153 17502.016307101927
2351 2677.5213001921916 15411.592093667306
2374 2827.731239121706 15414.84774299173
2377 1111.3163228513474 16729.822519080233
2397 2846.120585590569 15416.998096139449
2407 2807.4269207927264 15413.175625827553
2429 4460.935425394901 14890.300481192067
2437 3394.610034691309 17427.933774039255
2452 2676.312825211885 15414.7778501134
2454 2234.4461693926046 17303.28632485523
2466 2817.38940594138 15400.505675674265
2491 2271.242339812314 17366.756084638546
2507 1919.54652738065 15793.117928329784
2508 3638.632268543896 17571.638831376225
2513 2757.405898499129 15399.047483552116
2516 1008.3486447711753 15647.3574877505
2518 2764.9050501893657 15399.229787061593
2536 3369.5242155729593 17385.420814536308
2537 3505.3789903363786 17464.39701114221
2541 2734.7308068406487 15398.496254698797
2548 2772.402913044085 15399.412059239628
2552 2809.8916719320105 15400.323406628446
2559 3030.8861000476204 16441.012272676628
2564 2794.8963084839347 15399.958871078907
2566 3851.1629791814576 17624.041708564902
2568 2779.900785913051 15399.59433166111
2569 3135.8940711248997 16611.91563206926
2570 2895.0005439651236 15399.461569153927
2576 1336.4903485238142 15535.309486178223
2577 2844.6528914250707 15507.451145825618
2595 2864.754076844129 15416.486823738744
2597 2883.22532258661 15420.259770840174
2599 807.3977517987137 17531.104806661402
2600 2957.720181154431 17185.786512456994
2601 2865.000927234115 15399.285862397488
2606 1052.8526775456426 17443.983989878656
2615 1322.7467700347383 17314.03215837114
2616 2872.5008544035354 15399.32978922123
2618 1746.8772244551578 15394.867104436502
2619 2718.608500245859 15398.104323291818
2623 2878.655458761344 15416.917519157405
2624 2727.0517502416005 15398.309577721811
2625 3871.906798887013 15626.92294189607
2632 1753.8902458933383 15398.283767838971
2635 1782.895668501632 15399.16844522415
2644 2851.3301716598176 15105.987431201333
2647 2849.51709320488 15420.074526651806
2649 2832.1263552884247 15434.37243493735
2652 2798.6184159402756 15416.26873892484
2661 2581.167068875624 15388.095860813346
2663 2141.965365089506 16712.795690259245
2668 2978.0126050933004 16312.424159931863
2669 2828.6332930855356 15418.317021186584
2678 951.3571523423891 15586.564756987433
2681 3936.7260487183016 15359.62783691788
2682 2787.3985915144312 15399.776602447324
2684 2742.3812176087877 15398.68223529895
2692 2832.4824727365108 15426.87994421173
2696 2749.9054038484583 15398.865147395425
2698 3255.856794699444 17377.168775844122
2700 2889.5340811256356 15417.254562829865
2701 1826.1567664657089 17152.99312477583
2703 1275.636216085504 16113.846750111998
2708 4561.322585031874 15297.53172725339
2710 2665.4755114581403 15396.737156945828
2711 2674.175624470556 15396.967979497129
2712 3028.229466360493 17415.88471957623
2714 1584.2744566757344 16750.393397557094
2717 2830.89184103136 16357.45653064887
2718 1837.7168436911204 17373.119871681603
2719 2272.351611620475 17154.51866600241
2724 2887.50064823064 15399.417642514298
2725 1781.8263506257526 15395.932957038623
2726 2901.6741213416403 16355.153725452039
2728 2924.9720790147608 15419.257989215303
2729 4121.652396941879 16966.06100762793
2730 2852.636051420183 15380.34110940136
2732 2690.585908906923 15397.403360476179
2734 1806.8641541031204 17321.368341927304
2735 2517.984438392026 16864.721299527067
2737 2915.7610165121855 15421.914087483761
2738 3566.771474205039 15678.448917346612
2740 2900.282049198583 15417.788060044253
2742 1734.6010354099512 15391.341745880343
2746 3633.5657903845226 15845.748419805666
2749 2852.4366146090156 15387.83936638237
2751 1652.7034002646226 16978.97419380061
2754 3830.6487168001668 16280.539766374384
2755 2462.123213031758 15415.259307693113
2756 1827.6788737261281 16838.728086200954
2757 2499.0558086205247 15399.978245019578
2758 2896.1053941074492 15420.747228387769
2759 3798.898577964377 15167.891982506435
2760 3999.9137743470487 15111.039540780777
2764 2965.3073930028004 15695.383079848674
2767 3143.0157305146595 15583.213064839541
2768 2849.236614538817 15387.75936902164
2769 4586.3227202276785 16143.575772770824
2770 3677.47046779033 14962.639444456168
2771 2880.0007888694113 15399.373716087706
2772 4146.492701381832 16107.56632528381
2773 3097.4911658188043 15596.00546054285
2774 2942.1136761866182 16554.44139310213
2775 2682.720232929179 15397.194676359743
2781 2911.684203843971 15418.466891129143
2783 3915.3613895363883 15743.010835507484
2785 4157.401606316481 17088.853507766446
2787 2590.5811709564578 16952.067176156164
2788 2938.0753901159687 15410.346654153645
2789 2849.4360501851384 15380.261155835542
2790 2867.5702493382637 15419.768935210277
2792 3448.0523483408056 15402.492040528059
2793 4085.1969743631744 16024.067227982136
2794 2339.060411069003 16361.5192404792
2795 2855.636614408267 15387.929373929936
2797 1455.7717510184762 15585.087558205701
2798 2981.50485578068 16371.041805320257
2800 2849.635485429989 15372.762957743596
2801 1935.9781188097325 15396.74573201226
2802 2572.5706418043173 16944.126734443656
2803 2944.7779744998315 15417.205922690622
2804 3218.875837864141 15324.215828167864
2805 3849.645193741081 16252.252990398261
2806 2221.1571630950816 17280.294542127034
2807 2852.835485807267 15372.842943558997
2809 1458.9304409939957 16284.408318434575
2810 2859.178641871588 16370.789124647648
2812 3161.4978951422754 15406.980494762438
2815 3735.7363174927123 17042.516316449197
2816 3090.9946065153595 15433.003558063238
2817 2709.5934407826526 15397.885168239862
2818 3988.7073002805137 16210.25954296551
2820 759.0462125798932 15812.08104891236
2821 2823.170764357564 16366.087936317328
2822 2223.4241358685144 16364.862627597424
2823 2148.407291399119 16695.19863621865
2825 3466.1194542882026 15417.840467818505
2826 844.704510186971 15766.071895419082
2827 2849.8349219678908 15365.264711036596
2828 2323.6904352034435 16496.137578117894
2830 3151.721864704937 15406.546274523958
2831 2319.8555638137195 16357.327360340034
2832 2853.034921538254 15365.344727189728
2834 2331.559176271823 16383.726990079313
2835 3023.6071275354243 16732.300672416106
2836 2357.0113832416837 16367.68500874657
2837 2905.754242184626 15421.32003376187
2838 3632.762163273296 16367.034917077792
2840 2816.4107457179452 16607.30996803336
2841 3682.2913701517086 15302.429596063153
2843 3690.0125365257536 16453.09501535276
2844 3400.885254826126 15974.32862593803
2845 3666.014137787317 15887.929195774002
2846 3991.9661141068846 16191.509496968527
2847 1772.525228081522 15392.446660701195
2848 3863.3373945157414 15771.323034919933
2849 3463.0978440627955 16077.654279058159
2850 3407.9027342600552 16513.93798624749
2853 3059.0878270294625 16276.788219835198
2854 3328.193515297705 15487.880030045462
2855 1567.9677972191078 16455.94358553323
2856 2499.7990817310233 16358.153384650881
2857 1417.6529720304598 16093.940220376686
2858 3131.6118583177276 15404.298582806145
2859 3139.0833392297745 15404.969058256163
2860 2902.5004202941896 15399.505495679898
2861 3008.984081392942 16398.023974221494
2862 2700.2618472817853 16361.80925416294
2863 2850.034356578123 15357.766536804496
2864 1947.8146378208726 16800.436377861202
2865 3480.349481988309 16106.792956250634
2866 1090.5997328092246 15673.041342586452
2868 3459.221520496949 16071.107020092577
2869 3467.6919490747237 16085.41389837714
2870 2816.984571494331 15550.718530262033
2871 2853.2343564915004 15357.846540061268
2872 2842.034405049532 15081.503933786253
2873 3680.16948738318 15299.94104907396
2874 2397.402936585723 16674.877832027934
2875 3325.0297831429607 16947.080816558188
2876 1216.1869374055616 16659.611938867652
2877 2082.2960966871296 16352.98581525178
2878 2972.519820255111 15602.078017974489
2879 3232.4306061298867 16760.926354069376
2880 4332.072202361397 16827.082829377636
2881 3832.390282843445 15227.058875869032
2882 3414.3841329986967 16088.212780492879
2883 4089.9801840852488 16942.56377695495
2884 1832.8704806784933 16306.42238678375
2885 1483.989507306687 15800.294681620842
2886 3451.856414189045 16052.22435258035
2887 3397.2337484182426 15445.921126112951
2888 3168.96937603445 15407.650970210674
2889 2412.903843517057 16723.656271601194
2890 3068.725878347738 16481.959969410138
2891 2313.0703312944056 16590.02098160564
2892 3533.527227312831 16196.61220480693
2893 2025.568439406167 16240.993234051226
2894 2855.836048900165 15380.43120414688
2895 4060.46904257311 16925.58804661275
2896 2347.5226427478656 15943.045382239678
2897 1342.4065831153905 15669.099455263698
2898 2850.233791892564 15350.268336096158
2899 910.6992085883152 15910.560672332713
2900 3957.1622011674226 16846.80971428511
2901 3925.244588758805 16010.375449837906
2902 2580.049052851562 16987.659625485412
2903 3767.393017151773 16582.889503036673
2906 4444.527949265644 16322.628313515868
2907 2590.639765396219 16985.618883233994
2908 2349.511020862738 16367.591262647236
2909 1836.5726284846912 16176.365083071709
2910 2233.3347861048583 17156.03433554168
2911 3599.7936626724804 15988.357487899337
2912 3424.9632999151786 17477.949530109683
2913 4203.619088510991 17110.697548628348
2914 3349.0088399384113 16112.510039031284
2915 2586.9680191126636 16992.720967145186
2916 4015.791805201559 16899.343603669706
2917 1437.198501104557 15645.15366686631
2920 3429.3010426730243 16016.173589604918
2921 3812.7213152988606 15231.26548733427
2922 3169.0747153418406 16696.19414163739
2923 3618.1695830890135 15188.655774391502
2924 3151.3417990752414 15424.242898063796
2925 1829.9587758508906 16353.448938450212
2926 3539.747504706802 15379.905566609066
2927 2631.3864208633745 15395.83273985936
2928 2583.6199129829356 16963.122468035504
2929 852.2109157489713 15784.843761655953
2931 1294.280899570123 15367.57818962794
2932 3492.9156018273347 17149.12121694982
2933 3170.3687418431205 15407.721765357577
2934 3706.4029480729564 17514.642200827948
2935 2161.796714040799 17209.65500313883
2936 4263.893213738901 17212.10896340819
2937 3217.319034024461 14299.310461727628
2938 3037.5911823729493 15602.350914386327
2939 2719.434083319232 15394.922877025121
2940 3617.199889341082 15970.510750488287
2941 974.956604009201 17368.755860155543
2942 2279.3484397489206 15416.890668809132
2943 3574.957728920653 15890.466154781383
2944 1507.855965704012 16946.679881066102
2945 3683.967206527152 15884.333724462424
2946 3423.1349215059627 16486.576104041556
2947 3695.0998574737837 15302.687811252688
2948 2966.588516470985 15608.110987475138
2949 2946.0551493478724 15082.367610522748
2950 3341.799400107395 16753.09081168329
2951 2389.248313061 17059.80748172953
2952 2187.5187299635368 15422.595206167662
2953 3443.930181969101 16039.555675460735
2954 4507.270829725018 16001.984022584329
2955 2187.9192092582466 17222.785653107556
2956 3528.4322248843114 17456.56869788856
2957 3858.0397486339384 17260.52572117491
2959 3471.402841444735 16057.82539553625
2960 3868.522883438071 16026.478942230015
2961 4259.648178999593 16934.69238048485
2962 2095.757301859627 16362.163768430992
2963 2031.079142899607 15975.964093383824
2964 2106.997263814004 15213.403291703919
2965 3289.2567111955377 15721.19727339702
2966 4050.137291232174 15944.048602911582
2967 1653.701856802618 16713.135803058056
2968 3550.7327511984986 15349.999299385692
2969 2132.3596595301237 16353.900757594389
2970 1817.156223876231 16330.785298640103
2971 3827.186266906152 15949.562410330007
2972 3017.772696648449 17476.506348729963
2973 2998.6403282064434 17163.605127779574
2974 3274.4823134554276 15753.328324176851
2975 2891.936005659044 14516.01361422043
2976 2856.2785245778346 15228.279604635707
2977 4158.805275240531 15290.758431379525
2978 3620.367505782384 15567.163211923864
2979 2637.0375840069178 15781.84657069105
2980 3418.8953220187823 14555.55339254436
2981 2362.2570312133507 16356.591602516772
2983 3044.466966932725 15030.830136830102
2984 2801.036758409786 15940.012799341332
