2008 2787.3986822853562 15399.776604653955
2011 2809.8917081132354 15400.323407508007
2036 2802.394037441573 15400.141140001919
2095 2794.89635531722 15399.958872217418
2099 2817.389437291164 15400.505676436376
2121 2779.900977248955 15399.594336312464
2129 2772.403230135017 15399.412066948073
2195 2757.407884289257 15399.047531826443
2205 2719.919413107147 15398.136191431722
2218 2764.9055640264305 15399.229799552913
2232 1006.2216582403171 15706.698553639497
2245 2734.914836876402 15398.500728447663
2257 2749.9101717923068 15398.865263303589
2289 2742.412507836927 15398.682995960773
2309 2727.417077033738 15398.318458773838
2311 2675.5926989000523 15397.00557587487
2321 3030.914983288962 15368.186083069493
2323 3572.7140953456296 17137.141588706527
2333 3146.554934727195 15405.63954398884
2338 3153.9594977327897 16634.561486734354
2339 1714.7276903730794 16938.993674682664
2347 949.6463715935919 16821.73701551617
2350 3139.077565780835 15404.968540158638
2351 2863.9211409317645 15416.461017550293
2361 2766.4166222040108 14926.654070452238
2371 943.5339565311035 15274.199541967262
2372 798.21159403867 16637.64955394042
2374 2878.9239467118355 15416.925837505245
2377 2338.119532816074 16310.343444812197
2379 3023.428760302426 15399.462265702268
2397 2886.4252934691904 15417.158245743607
2398 2043.9213188782849 15177.959034450429
2405 2024.5462700279973 15180.929321972348
2407 2871.4225839873034 15416.693428772185
2409 1468.3308518241038 15581.040497555465
2413 2507.8847791591043 15481.282260784881
2418 3168.9693911970576 15407.650971571336
2420 3448.3701819259322 16046.6522283125
2429 3154.026421815726 15406.310019993125
2430 3143.136442605681 16623.578759208962
2437 3122.742118700624 16590.735705899122
2452 2863.8198134377235 15419.651347286002
2454 2339.287667398834 16262.089059005384
2466 2690.589282901461 15397.40344999157
2468 2852.797223675271 15482.639596923646
2469 3045.8958794411137 15399.853266986043
2472 3001.5773338331887 15399.298868980235
2480 971.5670440470975 15719.291479872501
2483 1043.2949707412258 15696.622064234149
2491 2336.102750720026 16446.24082160209
2507 1933.0000234584497 15654.163867928344
2508 3017.982379796932 16419.36914139473
2510 4378.59466356758 15432.35782314242
2513 2630.6028838492557 15395.81195185208
2515 2668.1806976820794 17117.08408605394
2516 1803.1516197844633 15393.380488665263
2518 2638.1011658715 15396.010888645691
2519 1843.9441925680683 15401.028594503703
2523 3410.1209364072397 15986.179699520362
2525 903.086694348158 15219.434320113733
2529 3446.15134882694 17084.419639728538
2531 1299.941881113788 15182.90618789688
2536 3042.124989834171 16459.86301977804
2537 3892.188893306299 16766.855331658957
2541 2608.107888016897 15395.215137497813
2543 4209.916866041343 15571.629887301886
2548 2645.5995259880133 15396.20982751122
2549 3636.0832686691515 17369.141631403327
2550 1964.0094884363036 17286.4767898662
2552 2683.09098574876 15397.204512796532
2557 1065.1584089161245 15006.587010521196
2559 2809.970219280382 15397.123408107509
2560 4063.625415475152 15653.573066408953
2561 3214.439844957819 15056.636988567861
2564 2668.0944100686615 15396.806638900604
2565 1614.1538260535153 16734.35890071392
2566 3006.9820520453513 16394.666013636615
2568 2653.0978396341275 15396.408765143846
2569 2817.4692433362266 15397.30567605331
2570 2874.3552821404564 15399.341720224678
2574 2207.6395513312928 15385.388118928704
2575 3871.1942110973064 15394.420006997778
2576 1771.522659994035 16375.93553382991
2577 2712.4216522246106 15397.953921732618
2579 1391.9613731449228 16412.866555136952
2582 3399.523397558137 15828.526153154759
2584 2189.9392632507524 15359.351512954949
2591 1230.7344300617399 15816.771277715201
2592 1488.8960317793358 16514.563898679284
2595 2893.925835108888 15417.409640715583
2596 2168.6191816182486 15412.042568299394
2597 2901.268892783715 15421.053760293678
2599 2156.4202909770893 16698.001385575048
2600 2343.6621366729833 16368.364291367912
2601 2865.000927234115 15399.285862397488
2602 1806.6241041949818 15396.689220586944
2603 2367.1015497099074 16662.234652411757
2606 2584.1534234304468 16974.704787318977
2608 3440.7264082640972 15676.55616166805
2615 2307.6679552250152 16612.06196316025
2616 2872.5008544035354 15399.32978922123
2617 1881.5007151653472 16521.837567913593
2618 2187.2565035641205 15435.116372617356
2619 2593.111238147714 15394.817261633576
2622 2817.549170802095 15394.105676455885
2623 2901.41758445634 15417.855664515067
2624 2600.6096030056724 15395.016200624901
2625 2894.69216751177 16351.93779065475
2626 4088.849452095665 15638.090176413023
2630 1017.4866521135899 16215.784489426922
2631 3161.4979226183596 15406.980497228085
2632 2187.5187462004355 15422.59443882387
2633 3066.177063552686 16855.81371191677
2634 742.5217260408672 17163.431037089944
2635 2192.634524518705 15586.502622593525
2637 4264.081581056886 17832.59024940485
2638 3353.926053540574 15881.437786164974
2644 2151.6387450856505 15385.670822438316
2647 2886.2954762104423 15420.356029782175
2648 2823.5896443953093 15403.18876366688
2649 2811.537126106753 15914.310811268553
2650 852.3799235142068 16634.762393146888
2651 1798.7252822689102 15399.651254990626
2652 2871.3117122802914 15419.886241804168
2657 2465.262341195747 16369.068707156606
2661 2235.8023018602134 15661.073809121372
2662 4073.2542760673773 15615.700786491203
2663 2507.1564936656223 15509.719988591618
2666 3667.5866958059282 16417.31069547088
2667 3290.558070600141 15407.295427438292
2668 2459.723461499384 16357.857513056255
2669 2878.8035506198967 15420.121134425377
2670 2278.1710913580455 15180.284103310887
2671 2688.459370037794 15390.942431042253
2673 1742.8344331005453 16909.639166004414
2674 2830.664999614792 16302.791004810992
2676 3399.540650614007 17109.146536507196
2678 1415.317184371377 16290.884250228324
2680 2743.291476163995 17093.655620734706
2681 2899.9826248453287 15399.493348470849
2682 2660.5961265969017 15396.607702068535
2683 3856.4216333422646 15778.727344733588
2684 2615.606185711278 15395.414074707223
2685 1281.8509822830617 15697.890631857174
2688 1825.6395193477763 17063.316867877853
2690 889.1662672202365 15733.90652754715
2691 2598.984570888132 16966.541887009265
2692 2818.826392250591 15731.523937271895
2693 3275.5380625819344 15755.104201126178
2694 3169.4367436066 16847.459031193313
2695 3574.315164643202 16407.496912695868
2696 2623.1045461652557 15395.613013581706
2698 2107.245747069873 17226.39427878393
2699 2407.129122565538 15414.967579850767
2700 2908.909273972701 15418.301684752489
2701 2075.213327928136 16740.238586471656
2703 1088.3850362373094 15691.336447920798
2705 2251.779907617711 17155.17882573596
2708 3475.1474413982855 15391.71594388935
2710 1918.6809609297118 15378.659601554587
2711 2139.6738413187945 15385.423287050928
2712 2315.552774681827 16588.57094960212
2714 2460.3125899211836 16722.464290688487
2715 2842.7765817539516 15647.931260166359
2716 3249.234832084071 16165.618264959658
2717 1468.5234985595998 16284.639556736493
2718 2577.615647662179 16989.81168475432
2719 2990.2383400139247 16364.088038267979
2720 3418.2679953892057 16004.570673949143
2722 2949.2457419564694 15420.66394046256
2723 3612.5085234895646 15973.082842062933
2724 2887.50064823064 15399.417642514298
2725 2399.3945558365313 16695.906600588685
2726 1816.1043939539754 16348.514014453614
2728 3841.4160672412613 15204.81601446496
2729 2970.670713632155 16365.538639664395
2730 2852.636051420183 15380.34110940136
2732 2185.369989977982 15385.758061368673
2734 2331.2507670329737 16589.73895889383
2735 1501.1854471638264 16285.426865004052
2736 3346.1913419580883 15275.441297377707
2737 3253.123644847132 15717.745718487478
2738 2912.228283780038 16345.173687022203
2740 2916.400977738836 15418.747705838276
2742 3071.167230008948 15418.92990150221
2744 3607.9645663284437 15954.63964235086
2745 1715.4630443104113 16290.591973976292
2746 2763.4589108793257 16845.87293234529
2747 2723.5682306543627 17179.932047492675
2749 2852.4366146090156 15387.83936638237
2750 2349.511068955318 16367.59126324834
2751 2600.2744612439287 16962.157494845513
2753 2221.7671001364415 16364.82759809184
2754 3824.773258078233 15198.632185248622
2755 2280.6567972471107 15728.332730249353
2756 2852.688738464623 16602.49612075082
2757 1678.8072226413242 15382.611307049756
2758 2908.7512969846543 15421.497954388477
2759 1925.2639505301076 15385.233024927476
2760 2846.1190628606514 15400.654143617869
2761 1928.4866059498177 15375.907929837933
2762 1671.027058579575 16289.520855428927
2763 2449.7498119330367 16752.101145028195
2764 3616.1601649872873 15950.317399462843
2765 3903.426915814716 15682.833532302604
2766 1870.4970865639857 17364.027777838826
2767 3882.1320633273576 16759.23259046796
2768 2849.236614538817 15387.75936902164
2769 3527.3975655055538 16436.506487993134
2770 4400.506685314931 16239.564720881423
2771 2880.0007888694113 15399.373716087706
2772 3708.5533648617693 15012.71515892595
2773 3650.123699157796 16395.48567676977
2774 3658.3653421173394 16408.635181815043
2775 2166.416827154036 15385.976558141749
2776 816.6507631289978 16907.451918538136
2777 2969.6065021800446 15620.543808089122
2778 1895.096733403616 15375.005179580534
2779 2829.9899856350385 15053.161792822699
2780 3765.319357124372 15257.139040359141
2781 3759.931295010631 15256.434897975945
2783 3836.415568477849 16693.66667434693
2784 1387.5174850294188 16573.65820737562
2785 3456.919498930924 16060.85767649752
2786 3562.914774979808 16246.797567592654
2787 3299.0865127710435 16575.185450290624
2788 4013.990271623586 15889.84218404504
2789 2849.4360501851384 15380.261155835542
2790 2893.786512335365 15420.609567608957
2791 3645.0879548047515 15906.768200433236
2792 3939.4365164695228 15746.109712052965
2793 2561.4479514926957 16960.094163072426
2794 1467.471818991443 17060.876755499823
2795 2855.636614408267 15387.929373929936
2796 991.392529596285 15699.125606841406
2797 916.8936320650246 15235.79099023842
2798 1866.2176157127215 16344.687362971987
2800 2850.1006868558557 15355.272706978662
2801 3773.117024274686 15447.164691656506
2802 2410.185435328105 15749.116700470393
2803 4227.562963565924 15926.182813958969
2804 3898.1186099620786 15343.234927032046
2805 2593.7241956876223 16965.812239336563
2806 2342.399621074882 16124.992028584295
2807 2852.835488507258 15372.84284204701
2809 865.8111743185985 15755.976715998755
2810 3793.61346497367 16625.07638571322
2811 3339.325905140711 15407.667452838801
2812 2832.0850243683967 15435.242011917237
2813 2352.9732531624977 17299.15738422596
2814 2874.1466248756096 16808.53541375828
2815 3119.9276326732434 16244.347027602664
2816 3545.145615189298 16211.408926592629
2817 2420.544960313728 15388.331540881958
2818 4444.038572347212 15379.626981762278
2819 3582.920274204121 15334.492640644778
2820 2177.418752210406 15409.588008059574
2821 3702.997595855726 17501.58165909876
2822 2779.2686026923056 17295.661828303837
2823 2513.5315103546786 15287.479729124796
2824 3675.1848197742797 16369.496788891787
2825 3425.4133462479404 14565.360925591469
2826 1012.180110171451 16781.607602296288
2827 2938.160737026084 15166.02934990722
2828 2217.647493362646 17280.614813199376
2829 4775.270708050295 15765.69469438793
2830 1488.6888324018075 15820.059844532661
2831 1497.8452157173942 15778.849254880528
2832 3257.9201339474253 15123.15924220434
2833 3408.969133332333 17228.789327043945
2834 969.1133709741789 17364.199442643006
2835 3440.427603068992 16074.405638916833
2836 3327.934352732956 16971.0882357124
2837 3035.687203608765 15613.074884013551
2838 4087.9266837778428 17535.777827805665
2839 3688.83067971325 15547.854416437103
2840 1725.2139044395676 17427.265610796512
2841 4465.803419398952 15417.126711695664
2843 3706.958716744317 15717.87980082007
2844 3728.3946440477953 16907.64449086092
2845 4104.220224665308 16923.980118020412
2846 4214.585099205527 15008.971421588994
2847 2332.9083833605464 15945.051077046131
2848 3845.5937315987644 16691.222398457274
2849 4324.785003245529 16847.88024357269
2850 4458.005695230282 17544.200023638834
2851 4199.291593330114 16293.197235596892
2852 3449.4967705280633 17070.259721743303
2853 3684.404030884078 15533.002811309127
2854 3290.7822764702537 15168.261379471725
2855 1013.7419814697438 16230.604591033314
2856 1994.6968556707527 15979.459549765974
2857 1294.898320677751 16994.25939713437
2858 4020.9555767614274 15099.558040516455
2859 2786.689394407816 15396.55755472519
2860 3026.2683155670697 15399.4790870129
2861 2364.801971485392 15751.58953413578
2862 1551.1934639063666 16764.515688992225
2863 3313.32777588225 15209.050981113356
2864 1076.4531721032636 16943.414392121995
2865 4245.6341710453735 16803.838197304845
2866 1010.0414066178894 15599.072355159084
2867 2374.1526658035013 15755.117284070773
2868 3983.138321050327 16870.68190250495
2869 4212.558753883738 17125.097552682266
2870 2955.6832220474507 16241.804135010167
2871 3244.518510838831 15096.923619227144
