1005 2822.5363549353096 15433.912442366676
1007 2849.436050633243 15380.261138988059
1008 2905.9461658360883 15399.527740287405
1010 2802.3940416574223 15400.141140104406
1012 2198.732573791194 15584.366583120525
1017 1837.168934458651 16907.495729647286
1019 2187.3595038664344 15430.120113571482
1021 2787.3986208841816 15399.7766031613
1025 2852.8354874332626 15372.842882426185
1027 2030.535546649102 16351.162991317937
1030 2749.910212022368 15398.865264281576
1034 2831.0580013090776 15456.849941515484
1035 2809.8917362039156 15400.323408190889
1036 2742.4125201052616 15398.682996259015
1037 2855.636614654518 15387.929364671609
1038 1877.4889138403769 16355.608658807412
1042 3143.8902015850776 16624.79261392944
1046 2794.8962851767083 15399.95887051231
1047 3818.0400571893406 16307.460695613603
1049 2871.3363754018465 16367.27200917892
1050 1306.45241717536 15365.462636360868
1052 2712.421036934474 15397.953906774987
1053 3666.607828459591 16421.786032473716
1054 2849.8349219516017 15365.264711649019
1056 2849.6354866932566 15372.762910248326
1061 2563.4060750756385 17428.112820255657
1063 1869.9899299087833 16355.43052833643
1064 3844.497013713256 15205.54734042267
1067 3139.933647907532 16618.42097327296
1070 2850.0343568809403 15357.76652541944
1075 2832.1263593166655 15434.372350185655
1077 2573.9283241708354 16656.86971270876
1079 1884.9878605753056 16355.786788394827
1081 2852.5386584086323 16599.134271186722
1082 3602.2196072469765 15978.726511463054
1083 2817.549110243624 15394.10567498411
1084 2193.7572717883754 15430.19032576235
1085 4529.185462871477 15271.258557646861
1086 2526.9203354175775 15415.805462320386
1087 2217.5417362957146 15642.86865814748
1089 3020.1837863173673 14400.764437125803
1090 2832.9699697120245 16371.329690204633
1091 2853.234359007591 15357.8464454634
1093 2906.960596537692 16347.77501405546
1094 4448.860678252785 16375.865625447012
1096 2832.4824765571966 15426.879863826865
1097 3170.0981683243062 16647.390645067528
1098 3167.3957399495976 15407.509755319734
1099 3616.5936556773454 14870.622711803602
1101 2562.856298356769 16951.082838608
1104 2853.0349227045167 15365.344683341556
1106 4000.188342539851 15552.142711216244
1107 2187.2119525372223 15437.646128428065
1108 3176.6430850021816 16643.726926569925
1109 3009.3289104887117 16431.94813093182
1111 1859.699600865387 16344.222066146911
1113 2734.914770308903 15398.500726829414
1115 2853.433793625779 15350.348270932202
1117 2021.349589139722 15390.786438677153
1118 1983.380535690976 15390.3333708539
1119 1712.3457525868862 15397.381906802602
1120 3825.552499066783 15205.74054806474
1121 3339.2203930692654 15407.66664794002
1124 2939.286446417883 17510.394030742493
1125 2763.156203148406 15415.836459288517
1126 3424.706743138638 16014.861870829165
1127 2850.233792949214 15350.268296369119
1128 3603.56988425113 15924.144419562761
1129 3128.0641183165 16599.3062629773
1131 4429.57102561316 15934.822559500673
1132 1014.9396270711665 15652.446910822588
1133 3276.7686706223017 16836.87644771061
1134 2831.7702373358625 15441.864936276845
1135 1816.1047642894127 16348.513882696701
1136 3048.284572467968 16470.193295818277
1138 1541.3071907785431 15498.311938698214
1139 1771.1916280508317 15398.81146715002
1140 2865.000934477041 15399.285862439909
1141 3303.0725066002815 16136.96126858201
1142 601.4931732957216 17363.63713351433
1143 2887.436712242678 16352.157580145604
1145 2339.27 15860.453838658432
1146 3830.148505029094 15229.607868866126
1147 1521.716967818524 15523.952234041479
1148 4052.7263299335036 16369.395728047328
1149 2850.4332274097633 15342.77012776469
1150 3236.9563871552923 15351.350276848778
1151 2719.9194236388194 15398.136191687747
1152 3848.014623573082 16705.3285845548
1153 2849.153084487579 16371.07507697166
1154 3372.3203551854663 15460.561706688924
1156 2585.429344461014 16984.20003367733
1157 2871.422423944707 15416.693423813713
1159 2727.417092312833 15398.318459145272
1160 1085.8694923510652 16971.159208972476
1162 2529.3610044167444 15409.43990281207
1163 3827.869028670275 15200.860539627625
1164 2851.0175337178225 15462.219041623983
1165 1809.037748261605 16351.028166038264
1166 3955.480137581363 16160.887353450582
1169 2853.633230138049 15342.850025188904
1170 2827.9514073521473 16644.86867412375
1171 3132.02063604998 16605.6778457494
1172 2854.808309039791 15406.765149509847
1173 2826.1443765661857 16610.162722948
1174 2878.9238309400926 15416.925833918382
1175 3899.7834899740487 16232.444032266985
1176 2844.6071475308026 16368.002035286725
1178 2764.90555467394 15399.229799325556
1179 3183.1880488290444 16640.063181679227
1180 899.0561230314768 15475.648240354481
1181 2001.7852262455194 15982.71771011511
1183 1214.473106841449 15682.788219017504
1184 2350.3023845077196 16367.601153803307
1185 2830.7018835375734 15464.342439045626
1186 2779.1004272945365 16370.761126444626
1187 2837.0616079521697 16368.21710389422
1188 2833.348198402265 16757.643824188184
1189 1849.5868804016204 15408.997256364133
1190 3594.6769041134403 15916.30409689898
1191 3413.7371903652784 16514.41937262642
1192 3692.0811029859433 16462.42852979472
1194 1757.503603837713 15737.685987566263
1195 2576.3502380367413 16371.796843057702
1196 1892.4868119629732 16355.964918092763
1197 2863.81979497193 15419.651346707042
1198 2167.998191485408 15386.009274128437
1199 2381.025504679122 16666.42070646253
1201 2681.1584382955625 17137.760344047598
1202 2193.9096619872444 15422.717344856273
1203 3163.979263467696 17069.30016235081
1204 4027.655348405679 17205.998943738978
1206 3414.2340424859412 15428.47587803215
1207 3278.19515143154 16160.414393585137
1208 1899.985849440449 16356.143049835671
1209 1917.520878891319 15712.040942530806
1210 2802.5506721150873 16357.00444204425
1211 3408.5048215782263 17232.473317258486
1213 2853.8326645879856 15335.351856983452
1214 4097.8126277694355 15645.864817162574
1216 2345.010242541727 15406.820761193807
1217 3092.938912144741 16691.273133747094
1218 2852.1527331775505 16367.786965366162
1219 3135.9771404465837 16612.049407043767
1220 4103.724915086411 15707.477450514889
1221 2223.305760685105 16638.75330501445
1222 2830.344923789237 15471.852651247267
1223 1430.18706231768 16051.914353734552
1224 2476.77697879809 17014.17390072963
1225 1083.774790283408 16745.394519005382
1226 1857.4081543010311 16853.390580025094
1227 3441.0120525406182 16040.923017464429
1228 4236.564729971721 16061.74396294367
1229 1956.9330188566614 16348.069194680476
1230 2582.9314065790827 16986.238516567206
1231 3229.5132541434537 16597.417016917985
1232 2891.9775437360854 17436.827411608083
1233 1849.1833464624212 15447.360494265724
1234 3659.8161716692503 15256.61193084486
1235 1428.3329120908486 15938.185135505757
1236 4118.234263698651 15703.41000421071
1237 2287.827875679674 16356.742034679102
1238 4220.583119331638 15846.192439707733
1239 3088.508656086018 14993.90077281471
1240 4117.438075472469 15634.839311582678
1241 995.057582813189 15618.511155223894
1242 1926.2650973021437 16346.771031463122
1243 3652.808472189348 16399.769220317714
1244 2850.632663952221 15335.271880886421
1245 2375.719977139947 16360.017558606693
1246 2342.7488263641308 16098.643398243925
1247 2986.58466169808 17495.814537488568
1248 3317.8626189054253 16935.828333862453
1249 4214.910291729486 15874.929170018597
1250 3080.3910095072024 16522.533408855805
1251 2339.773981428448 16244.29255535954
1252 3149.1380510994413 16656.428839002045
1253 4335.997338993292 17335.21564752681
1254 1851.8887571502787 17126.90642973193
1255 3562.0094807379182 16210.77557521054
1256 3320.208266791547 17306.160557543943
1257 3858.4323572171056 16726.331754272614
1258 1950.8473321474382 15401.52220500906
1259 3623.8764390542974 15968.736855612107
1261 2643.148780288269 16346.781380335451
1262 3464.3627782001595 16061.634534371531
1263 1771.8667630096397 16303.846902497482
1264 3299.39564463132 16872.527580277096
1265 3580.485037511455 15893.337624043854
1266 3007.946995687749 16043.032732789963
1267 3660.0546030376163 17425.446572038385
1268 2943.0205055611696 15399.29539743874
1269 3181.8411805442283 15005.666640000354
1270 1485.5488362735846 15557.94013012385
1271 3026.618991257307 16459.4124978201
1272 1918.1677241834611 16814.095744256185
1273 3394.238228676789 16502.699329937903
1274 1824.2500540461826 16896.19652592053
1275 2214.944981076444 15393.024275382932
1276 1086.3012870974476 15673.500174749135
1277 1443.1911233982269 16535.876362908242
1278 1841.6794131035174 15786.897832063327
1279 3827.3834615663736 16679.40996895027
1280 3451.8564005240796 16052.224330739326
1281 3341.026474354239 15427.98325503478
1282 2444.522682212241 15688.748107513973
1283 3124.7255011370144 16237.911395545103
1284 2881.702905322912 15212.060876519085
1285 2695.987802647196 17126.625776957837
1286 1397.021920688253 15175.849010841464
1287 3561.3200619044906 17436.021774013218
1288 3700.919782950971 15608.717378086387
1289 4505.79776950463 16349.225488315848
1290 3773.5081205511806 15567.064949757201
1291 3461.7526957594446 16075.382272054732
1292 1875.3881481090446 15576.910126287097
1293 3410.423962977737 15630.184006630581
1294 1826.7968981497527 17081.707744225743
1295 4473.494830998751 16341.923354442137
1296 651.662764763316 17306.675402961297
1297 2160.4878590755047 15385.853896945408
1298 2303.2507746354872 15502.777583333851
1299 3579.8101951874255 16275.892957489024
1300 2698.964954218822 15810.503094633666
1301 3758.942083275873 16736.368197210144
1302 4507.4121830367385 15995.554072301726
1303 1299.3809558963053 15799.981860515005
1304 1437.9795380351445 16628.301289142157
1305 2143.09522082058 15385.494070110857
1306 1899.113678060251 15396.187564292723
1307 2650.2551265093393 14754.290386755492
1308 3183.956054013152 16618.74394846362
1309 2914.512742196726 15399.575851449365
1310 1838.8009411234552 15910.859112323697
1312 1854.92802102033 16757.400639079922
1313 1877.2927655826018 14977.46154622126
740 927.2016338541353 15084.001041232425
768 3150.5866802925525 16629.504135220424
781 3756.508521673388 16559.325732434732
791 2016.099617755083 15406.95044503548
798 1616.3324234603103 15429.874375783142
823 2057.0905993869455 15411.261774814466
833 3147.846712699682 16631.164186042486
837 2822.8924764962057 15426.419865110072
839 3714.7067095161296 16492.498852941102
858 2216.675210012701 16656.406422204996
863 3722.3245025283445 15854.280651473458
890 2167.625770588406 16363.683057893379
897 2817.3894306919083 15400.505676275949
905 2849.236614518043 15387.75936980268
917 3034.2942290921546 17140.22329513896
928 1755.6329423784825 15395.134129846134
929 2863.9210713706548 15416.461015395136
940 2852.6360511836647 15380.341118293773
943 3734.0477152812987 16523.360783416076
945 1736.212508125227 15391.378226069764
947 2853.440246914997 15473.43284858382
948 2187.5187474628647 15422.594379162385
950 3067.3987623058906 15713.471934717689
952 4461.248394901349 15427.193510699206
953 864.1485953265803 17289.143150135824
955 1014.0023916677694 16757.752475504996
962 2306.4533707607225 15502.65677414759
964 2359.6482413561716 15831.30928925823
970 2855.8360512198387 15380.431116933749
973 2757.4078907033554 15399.04753198237
976 1739.2222688420857 15397.850071292214
977 2772.4032424874026 15399.412067248359
982 2779.900958920799 15399.594335866908
984 2645.053246996036 15634.761482630553
986 2336.3011436121483 16432.36783570663
989 2852.4366162893584 15387.83930320625
991 4440.119607905383 15379.257374179038
992 3634.92888148494 16364.431969450401
994 1862.4909827375975 16355.252398738652
997 2228.9263271704976 16364.978943158518
998 2831.414119491025 15449.357435349872
999 3146.6292225519037 16623.13114007749
