2008 3373.99293003675 15918.062912451174
2011 3419.509489817639 15406.117105661922
2036 3138.2815741953677 15861.10165479171
2095 3364.0982269384626 15407.856428482792
2121 3412.1521913895026 15621.004382659114
2129 2806.268801967284 15794.537538134698
2218 3359.834703208283 15891.96784048468
2257 3336.4513096979035 15851.647643555769
2309 3180.832330782302 15592.513316126984
2311 2802.3939708756657 15400.14113838371
2338 4253.145865095337 17813.768763517724
2351 2527.0706378895347 15409.405173071265
2374 2542.0664226083186 15409.632560133668
2377 1037.9055962485454 16671.11015140426
2397 2843.0046511043943 15103.461147243073
2407 2534.568380650904 15409.518864334052
2452 2526.9011808719165 15415.805172049444
2466 2817.38940594138 15400.505675674265
2491 2328.5349498161336 17514.125250807043
2507 1913.4370245803832 15834.52236542097
2508 3458.5231318624456 17633.073116360276
2513 2757.407786878784 15399.047529458407
2518 2764.905464172908 15399.229797125485
2536 3520.721118524387 17453.046439537928
2541 2734.9146299855192 15398.50072341817
2548 2772.4032206728334 15399.412066718049
2552 2809.8916719320105 15400.323406628446
2559 3147.846689542029 16631.164148749365
2564 2794.8963084839347 15399.958871078907
2568 2779.9009018509455 15399.594334479547
2569 3343.681429934765 16958.353378665008
2570 2895.0005439651236 15399.461569153927
2577 2832.1588125374356 16023.555157438215
2595 2835.184418054061 15121.246490424313
2599 389.8794519645133 17994.777047717093
2601 2865.000927234115 15399.285862397488
2615 1547.5693689934074 17491.876852599733
2616 2872.5008544035354 15399.32978922123
2618 1372.1680771350784 15670.072421660298
2619 2719.9191844324223 15398.136185872667
2623 2854.2755563446062 15318.70038634237
2624 2727.416872106237 15398.318453792075
2632 1383.0001508373336 15668.402039081675
2635 1444.1222290118892 15624.078974376762
2647 2549.410483290803 15416.146281492127
2649 2832.1263552884247 15434.37243493735
2652 2534.403517989455 15415.918863623949
2661 2699.4000486943446 15238.050689630481
2663 2250.21794975611 16899.894058255355
2668 3058.730844286535 16125.382161813723
2669 2541.90596826937 15416.032556913333
2681 4176.390021734671 15590.240989391521
2682 2787.3985915144312 15399.776602447324
2684 2742.4123550837944 15398.682992247363
2692 2832.4824727365108 15426.87994421173
2696 2749.9100294661703 15398.865259843657
2698 3688.2104617686446 17177.163042719683
2700 2836.624931305604 15270.151831838297
2710 2668.094365502616 15396.806637718224
2711 2675.5926597927205 15397.005574837314
2717 3136.951416156768 16613.61838227614
2719 2259.824119746055 17347.710927861765
2724 2887.50064823064 15399.417642514298
2725 1457.9804684806948 15602.281683991767
2726 3143.858822473248 16618.669754156956
2728 2797.968752636529 15416.26081961596
2729 3972.5534071971506 17196.43825443085
2730 2852.636051420183 15380.34110940136
2732 2690.589255321792 15397.403449259855
2735 2611.5050039377675 17006.168888309316
2737 2765.444588692665 15415.864354402582
2738 3745.0824929936666 15582.207826953501
2740 2664.8639940733024 15411.437802796681
2742 1422.4272284514514 15593.982710565951
2749 2852.4366146090156 15387.83936638237
2751 1812.5021658585817 17307.20013687157
2754 3293.2681045678582 16578.442483314844
2757 2432.836096701209 15586.070177749041
2758 2572.959793374466 15416.503151371466
2759 3642.956388686148 14913.098069594465
2767 2855.805295550462 15599.522780507386
2768 2849.236614538817 15387.75936902164
2771 2880.0007888694113 15399.373716087706
2772 3635.783730280329 16389.658431554413
2773 3090.7026000998044 15429.870649296028
2775 2683.09096830282 15397.204512333676
2781 2835.163812321525 15340.372450033812
2783 4125.070580126097 15618.728948419926
2785 3822.479615829326 17285.783749396545
2789 2849.4360501851384 15380.261155835542
2790 2527.9955884262 15412.620552520792
2792 3304.955283983779 15195.429106335847
2793 3929.8132459173967 15808.963331103418
2794 2776.6872129335334 16357.828442239768
2795 2855.636614408267 15387.929373929936
2797 1836.8555491336888 15383.064770601664
2798 3169.3868747575657 16626.729681075758
2800 2849.635485429989 15372.762957743596
2801 1468.912836071538 15590.1318635071
2802 2615.732552233299 17018.63088309021
2803 2391.755398120027 15407.335080524346
2805 3876.1293775505474 16038.225460593387
2807 2852.835485807267 15372.842943558997
2809 1824.6534125745527 16335.547090357786
2810 2416.167861354263 16368.424398231116
2812 3239.1022418083776 15345.902165414333
2815 3935.098300390972 16943.410397161475
2816 2955.574716171448 15398.955360783837
2817 2712.4215131455976 15397.953918351624
2818 4180.793340141762 16299.563851589162
2820 611.7540579193776 16063.510070962971
2821 2808.353986630915 15913.713538297023
2822 1779.6709076373863 16372.574545787771
2823 1851.395040807617 16865.496205236643
2825 3210.572974309947 15641.496272603446
2826 997.9157222258905 15629.650695388204
2827 2849.8349219678908 15365.264711036596
2828 2332.2772592549777 15837.553909515116
2830 3729.291349090497 15257.520161426588
2831 2336.740741594805 16401.62814262669
2832 2853.034921538254 15365.344727189728
2834 2650.018150475309 16359.121951625617
2835 3118.220236215099 16948.505209674604
2836 2330.3752904761254 16367.146435340375
2837 2695.927448595644 15411.816462157356
2838 3476.8687926333573 16100.913938620011
2840 2800.512561383371 16004.489025429752
2841 3199.10324020347 15425.450699914529
2843 4030.2819514840617 16904.952408095585
2844 3160.7831750768732 15575.50508461931
2845 4109.065847964591 15631.26482549556
2846 3500.530242583324 16470.970319121763
2847 1449.3200353265745 15606.827302197662
2848 4056.4768842839117 15621.643245657002
2849 3459.221549780021 16071.107069552809
2850 3141.278149286161 16665.198890524152
2853 3153.484614345009 16632.144315625526
2854 3454.7856907432792 15692.023247628453
2856 2896.844808754147 16351.872580698227
2857 1479.9568311413652 15726.182272821641
2859 3255.3529385443235 15388.797447518027
2860 2902.5004202941896 15399.505495679898
2861 3254.4465206533077 16587.402447089647
2862 2967.1568264029825 16364.02449755567
2863 2850.034356578123 15357.766536804496
2864 2315.552731320249 16588.57097493026
2865 3467.341763993926 16084.822422363615
2866 1597.7585674380177 15437.955099423889
2868 3506.389764524329 16029.948654936548
2869 3463.0884323749574 16077.638382356934
2870 2822.8924759738843 15426.419876099391
2871 2853.2343564915004 15357.846540061268
2872 2853.633256374025 15342.849038790799
2873 3047.0933326095073 15422.276773624808
2874 2596.567329223393 16988.901194068927
2875 3104.7717561565173 16581.101359480966
2876 1558.9761874415733 16461.24409220087
2877 2318.126869038705 16357.295767381856
2880 4229.387378225522 16630.89351729864
2881 3623.034358129072 15312.913887843224
2882 3009.398480811914 16303.283729074506
2883 3748.5594098886254 16552.58753468802
2884 1852.6844818859572 16065.49030682853
2885 1434.1277496981015 15646.101855014887
2886 3451.856414189045 16052.22435258035
2887 3229.9827731285413 15673.46696085497
2888 3430.7096217563358 15400.933893517142
2889 2336.8823970269414 16168.684966882887
2890 3066.5181040188954 16483.20049525182
2891 2505.055193911714 16691.266922993156
2892 3472.114938448334 16092.88449682929
2893 2139.106378885993 16354.024058032108
2894 2855.836048900165 15380.43120414688
2895 3729.2286147461537 16521.697221208324
2896 2334.2805104912736 16573.664302963887
2897 1807.232113298069 15385.725643442449
2898 2850.233791892564 15350.268336096158
2899 1049.3884937012933 15684.870750273636
2901 3659.787436375726 16041.934550429936
2902 2530.3511734928966 16918.36229282624
2903 3809.2243234626876 16281.36652737466
2906 4197.6922863882255 15866.75304226947
2907 2831.8482241501574 17271.512509970336
2908 2332.6370719103243 16332.151290842075
2909 1847.2225878088818 15638.048058235856
2910 2553.9049781437675 16967.6871750351
2911 3574.8040486388886 16260.891753663329
2913 4100.1782524940545 16949.999086774824
2914 3524.025272099303 16174.275590383313
2915 2535.947239347813 16915.236576198535
2916 3666.6593459628057 16421.86822842321
2917 1440.2690619653479 15644.205013250525
2920 3443.898549857688 16039.50511713807
2921 3354.4924263096314 15470.570150934349
2922 2902.1999957128214 16369.777247498849
2923 3621.9006370593456 15188.765081886428
2924 2767.007006191988 15412.68291246851
2925 1459.3849611120309 16531.919202815177
2926 2986.3194617482627 15421.275030877041
2927 2660.596057478663 15396.607700234761
2928 2822.7261454103527 16666.754849306173
2929 1250.0183133894877 15681.977264379759
2930 2967.323638160362 15399.043091682799
2931 1208.0450595238226 15418.002208235639
2932 3171.7963358072197 16688.41504399786
2933 2949.620327837311 15398.910898505355
2934 3517.01840921172 17196.580903154016
2935 1823.4746698396577 17356.182661399038
2936 4112.73609147967 16960.82609147967
2937 2935.791686811939 14476.194516497819
2938 3091.063586249558 15439.301328508483
2939 2817.4692616528723 15397.305676498507
2940 3392.885077656589 15602.729012509546
2941 1386.9125248543003 17663.98263144639
2942 1895.4285781574372 15402.53595199184
2943 3365.3587603833057 15559.647999804045
2944 1433.6164708397405 16593.914381170616
2945 3447.5848974491205 16070.611145458735
2946 3563.007462675087 16246.95718390285
2947 3296.8822462324174 15427.720832174095
2948 3171.5311234677356 15577.194191218188
2949 2812.6314329744396 15012.314780650573
2950 3642.717527038332 16596.636120502215
2951 2552.3546792186803 16964.88735680597
2952 2147.9064089154413 15411.91206276949
2953 3447.8774706576073 16045.864716693059
2954 4275.838035509836 16015.67672101877
2955 2228.264245341907 17298.983233630617
2956 3385.262529477197 17418.38545533075
2957 4175.788437599113 17065.297930058434
2959 3112.9420154663985 16216.680810597314
2960 3818.5990026552763 15799.311836761404
2961 3924.3947214603068 16812.40260482496
2962 1741.6215906165332 16296.260470716485
2963 2038.926707871704 15586.054124961654
2964 2162.278022719494 15385.890932667528
2965 3436.108329689525 16027.053831172356
2966 3963.7299456852747 16167.95213606924
2967 1529.1895245352266 16836.105951091
2968 3881.5543516178736 15261.186455021958
2969 2333.3693474296447 16356.90091621425
2970 2296.261225915173 16356.896159331489
2971 3870.486291411457 16023.365050579752
2972 3452.222241001672 17297.39660454559
2973 2765.297729650354 17268.12277019009
2974 3091.373488036038 15576.996374291211
2975 2696.7466766310886 14697.230491889397
2976 2853.433791677955 15350.34834416484
2977 3989.891973826428 15133.86684598191
2978 3739.158741115052 15778.381495746047
2979 2704.9495869462294 15576.766303840302
2980 3579.2940211878167 14804.454970284238
2981 2790.6020039493737 16357.686348247504
2982 3406.1547134531806 15428.313735407157
2983 3174.986343890792 15244.390115899305
2984 2713.81454152579 15810.716341518071
2985 2639.4379705637834 16368.355187295201
2986 1022.4797632056977 15680.873895914514
2987 3399.8688671722985 15406.529228508278
2988 2849.1220387076937 16822.255527506724
2989 2072.0690773497868 17486.658690677905
2990 1134.6959213479868 17070.839591857028
2991 3073.0692609683238 16479.519467085815
2992 2967.291265497385 15778.833964413028
2993 2487.3729980999688 16845.76580510081
2994 1963.2326019326133 16704.727330587884
2995 2524.2277350584063 16683.221821456445
2996 2997.0464348602554 16385.772474809826
2997 3353.0714804277936 15409.372387237747
2998 1836.7630092091713 17109.97204980195
2999 1726.1011844198965 15534.47823832599
3000 3422.6997850269986 15404.092817463632
3001 4502.695388677025 15415.86979783182
3002 2369.270913908019 16367.83823910019
3003 2408.1389342552193 16841.657911241768
3004 4194.691633532794 17148.506810071984
3005 3607.188391193857 16323.040603281654
3006 1975.7710332633956 16184.780427697298
3007 3880.833978386258 15194.495220227074
3008 3825.815662659828 15207.075614424617
3009 4640.7313345512175 16574.2278450318
3010 1545.0390289826162 16883.679403173308
3011 2659.488648642374 14762.156705030236
3012 2490.164290078481 15188.296707574546
3013 1027.275925221071 16764.632722099843
3014 1001.4980522212451 16154.080209340851
3015 2979.176807807624 16722.41054702319
