2008 3478.329688394837 16103.381447513335
2011 3642.314451868715 15231.857528077511
2218 3658.497924492817 16402.807983886287
2257 3746.456886452489 15835.919172149457
2309 3535.420042857358 16193.519484143735
2311 2802.3939708756657 15400.14113838371
2351 2196.1443504260055 15269.672461984143
2374 2196.7073696136663 15350.390836006121
2407 2197.8132887225584 15322.693805420124
2452 1898.7035336442661 15402.5845196639
2466 2817.38940594138 15400.505675674265
2513 2757.407786878784 15399.047529458407
2518 2764.905464172908 15399.229797125485
2541 2734.9146299855192 15398.50072341817
2548 2772.4032206728334 15399.412066718049
2552 2809.8916719320105 15400.323406628446
2559 3447.431497712855 17213.536374931184
2564 2794.8963084839347 15399.958871078907
2568 2779.9009018509455 15399.594334479547
2616 2508.3045726468863 15464.8903745707
2619 2719.9191844324223 15398.136185872667
2624 2727.416872106237 15398.318453792075
2635 976.6236371254336 16045.234595145786
2647 2341.935021949909 16160.047484435805
2649 2832.1263552884247 15434.37243493735
2652 2337.905119921976 16329.94237157637
2669 2341.106514494365 16195.528941476925
2682 2787.3985915144312 15399.776602447324
2684 2742.4123550837944 15398.682992247363
2692 2832.4824727365108 15426.87994421173
2696 2749.9100294661703 15398.865259843657
2698 4282.651650165476 16717.417230797048
2700 2659.649791185759 14727.928711598463
2710 2668.0944698347475 15396.806640486257
2711 2675.59279599137 15397.005578450799
2719 2302.3003442511376 17563.297189507444
2724 2406.5106847015404 15408.563939699108
2725 1454.5320947158943 15606.739493478812
2726 4339.696078177423 15984.038638938622
2728 2346.4873653572718 15971.612915611842
2730 2852.636051420183 15380.34110940136
2732 2690.5893578850996 15397.403451980961
2735 3055.4717728794317 17394.410048053473
2737 1899.3900934441106 15396.19174952221
2740 2292.3152917047696 15386.473082711675
2749 2852.4366146090156 15387.83936638237
2754 2601.82490203139 16964.957030285954
2768 2849.236614538817 15387.75936902164
2771 2830.676154052346 16201.302354726127
2772 2731.294207968407 16892.715348021626
2773 3056.670674395245 15264.817076843958
2775 2683.0910823505815 15397.204515359474
2789 2849.4360501851384 15380.261155835542
2790 1888.345569195022 15399.164683531477
2794 2976.3211589168454 15999.154220982426
2795 2855.636614408267 15387.929373929936
2797 2495.1802042265576 15388.385771930552
2798 3845.4126717924632 16701.5038985561
2800 2849.635485429989 15372.762957743596
2801 1459.2590758704455 15600.860688024813
2803 1491.3851599806464 15739.040559028994
2807 2852.835485807267 15372.842943558997
2809 2426.6791941316064 16734.903494256476
2810 2339.290025178563 15908.811692412462
2816 3326.025239367256 15228.54324736199
2817 2712.4215131455976 15397.953918351624
2821 2829.292409205788 15426.72987456548
2822 1281.42438716128 16367.765045146974
2823 1141.9670927543214 17094.826831742157
2825 3371.285202388441 16100.933606181676
2827 2849.8349219678908 15365.264711036596
2828 2193.909663001493 15422.717295119095
2830 4193.715395309868 15164.509919691112
2831 2572.5706920859866 16944.12681305709
2832 2853.034921538254 15365.344727189728
2837 2195.8721714119633 15382.098138348732
2838 3463.816689453402 16052.701725169945
2840 2828.9357893018437 15434.222398642869
2841 2059.8310972795452 15403.44732281294
2844 2878.9246044973634 15416.92585788489
2847 1448.8408026824688 15605.742372739478
2848 3576.3407979469434 15339.850798706739
2849 3091.362244850958 15466.56851553059
2850 2595.274197440215 16968.612212618616
2856 3654.546163505651 15894.486450589968
2857 1852.9560661474843 15381.898838835048
2860 2515.166689950607 15417.41872384126
2861 3976.45881350263 16617.57757612008
2862 3381.9067326032705 16939.217992933416
2863 2850.034356578123 15357.766536804496
2864 2585.6628833212626 16650.613904129495
2866 2476.991239488384 15388.979528710292
2868 4229.56002964114 15560.725761647374
2870 2822.8924759738843 15426.419876099391
2871 2853.2343564915004 15357.846540061268
2872 2853.6332262649644 15342.850170805856
2873 2863.819791961945 15419.651346612669
2874 3367.4780323795458 17331.43811876632
2875 2814.394265068802 15688.441437756152
2876 1846.854179561191 15657.08720754922
2877 3131.9639519852467 16599.514539669835
2883 3907.5523660416225 16228.247076662716
2885 1146.2511854385011 15539.049793999104
2886 3150.5586895576175 16636.15562804037
2889 2350.623927305063 15857.46826939121
2890 2482.0239113654047 16369.457240360585
2891 3292.848753575977 16353.66532351447
2892 3067.321306353187 15940.124381774112
2893 3026.688584792787 16427.719355392146
2894 2855.836048900165 15380.43120414688
2895 3474.4675181945786 16096.858094124305
2896 2564.5005648615784 16949.326619383904
2897 2819.0695962036975 15403.0822407381
2898 2850.233791892564 15350.268336096158
2899 1842.1995279928035 15386.756563047917
2902 2258.4399205596023 15695.705371601536
2903 4566.0132152891365 16105.611563994702
2906 4565.969848991611 15305.83204883739
2909 2218.2891618552117 15393.061101449313
2910 2822.662357406873 16362.904172993394
2911 4161.004007203693 17033.353156039786
2913 3477.9739173359535 16475.9565074263
2914 4135.822477830958 16949.796779072025
2915 2268.350612193701 15721.635581310611
2916 3470.2929963255865 16089.807166803741
2917 1830.9038180816092 15386.157732541935
2920 3399.3469677916733 16525.85879159674
2921 2821.0724200428226 16235.395099651503
2922 2338.6043418664917 16031.433379297394
2923 3613.231398077436 15318.18723902017
2925 671.8319044386584 17009.866778280204
2926 2863.921052313636 15416.461014804707
2927 2660.5961621623933 15396.607703012123
2928 2831.4091703860213 15449.461561456414
2929 2536.628097431336 15396.566644824281
2930 2743.865223654292 15412.400817231026
2931 1021.7933818159612 15679.638454539903
2932 3484.0124981655763 16112.97993086725
2933 2616.6939236735693 15413.96505207067
2934 3037.726594028419 16471.042407116605
2935 1423.5497440090578 16470.574976713127
2936 3555.922618739331 16437.00878744526
2937 2857.774452184921 15113.830994300284
2938 2871.3117211735384 15419.886242083
2939 2817.4692616528723 15397.305676498507
2940 2888.9099255515516 15417.235225115968
2941 2430.629218837065 17036.496142197746
2942 1464.3075746567986 15595.249977127878
2943 2987.1558510384116 15399.191181683382
2944 1510.8065080237868 15535.619297513296
2945 2844.671979216836 16371.202888565293
2946 3458.397901871894 16068.961071658385
2947 1948.5627466160076 15403.004998193435
2948 3556.614359179337 16003.107932428225
2950 4277.281404621867 16918.193748829108
2951 2810.9853245479444 16346.42143452292
2952 1886.55571607692 15402.685871232126
2954 3814.616762907519 15524.87558032036
2955 2555.4688731205074 16970.484839514338
2956 2823.6479404280426 17363.970828501944
2957 3643.4924084826052 16378.166565683272
2960 4132.666307299207 15253.642063796291
2961 3432.0661380037836 16500.840422209698
2963 1889.0125315064574 15392.36012626217
2964 2471.005286084059 15412.106355787464
2965 3784.5355738043736 16604.414017921452
2966 4531.692680330545 16118.366904227327
2967 2052.323189258123 17248.981204599502
2968 4288.0183728860775 16011.537325599507
2969 3114.064020496944 16218.484362725048
2970 2343.913759974249 15656.544442447319
2971 4270.29100421338 16029.719990221476
2972 3982.668268037197 16874.38910413817
2973 2577.358885538486 16989.39934615453
2974 2878.803563119888 15420.121134817291
2975 2853.832751825649 15335.348577095368
2976 2853.433791677955 15350.34834416484
2977 3194.6120896178536 15615.208632947231
2978 4215.415811236727 15464.70712378185
2979 2831.770234506637 15441.864995802
2980 3896.101476311605 15287.142684478067
2981 3599.7096602177785 15939.239207587543
2982 2871.422405982336 15416.693423257198
2983 2857.0984076312184 15188.06449283436
2984 2604.063779735014 16372.337347745502
2985 2339.318768704604 15965.539915406156
2986 1856.237159596868 15378.240795290374
2987 2955.6135419700104 15398.955650701688
2988 2786.748197019636 16822.084529548043
2989 2654.183899070341 17374.10547690636
2990 1836.3628633209469 16865.121444605476
2991 2703.447725882919 16631.931639473958
2992 2966.5264022435285 15612.33925597314
2993 2238.2511851566614 15664.859802005136
2994 1914.31899435199 17334.721308072356
2995 2034.4537820999535 16360.86782052469
2996 2837.1604022504384 16371.417136293201
2997 2847.032469314855 15414.016567507319
2998 2201.89447277383 16651.2605239098
2999 1457.888045303091 15592.207477572507
3000 3010.3079473529015 15399.364061733519
3001 3810.12496027728 15232.68266358414
3002 2949.152211831967 16326.93964847804
3003 2819.827547405146 16612.1522052314
3004 4096.095134397641 17182.442688752846
3005 3464.6585271103795 16080.290332499559
3006 2169.935436543986 16354.587477985307
3007 4284.805476053741 16000.681558906701
3008 4344.381166553266 15129.800522415106
3009 4919.00542663411 15845.284219179568
3010 1346.348886355884 16596.934959091643
3011 2850.6326633381555 15335.271903973518
3012 2044.0980190805456 15429.035153038558
3013 1830.2547097411739 16346.693854977531
3014 1056.9652617282077 15680.546082905494
3015 2672.5591249239906 16372.25476386727
3017 2850.4332281520387 15342.770099857233
3018 980.7133104801844 15606.809158741615
3019 2551.0690018667583 16965.680054372344
3020 3824.9889994331606 16675.55744538647
3021 1012.6855023062695 16786.14600786195
3023 2460.0227948801994 16797.407245466897
3024 2505.5762714459865 16993.72906421003
3025 4807.426282360215 16452.344071380125
3026 3137.7869589242055 15404.852723733062
3027 3484.2044688577853 16107.024802868105
3028 3086.279893097308 15926.773945601697
3029 1247.1376167151197 15395.016583368244
3030 4269.242353121514 16695.01023545193
3031 3441.071544692323 15398.752207797892
3032 3421.285596163775 15405.890250957274
3033 3652.390065745608 14922.229240718325
3034 4274.657611689793 16034.950986840822
3035 3108.100121730729 15402.188687545153
3036 2944.081183164525 15399.232308808057
3037 2727.1064909664883 17332.31130846062
3038 3250.9885726553857 15370.495840039177
3039 3352.918089724046 15467.786936587045
3040 3496.8730784657514 17160.752624315766
3041 2363.421757497333 15824.092598456278
3042 3271.7385283097187 15515.669826583415
3043 2029.849570182398 16021.944297872436
3044 2189.9168251858946 17184.542488940315
3045 3258.655518939372 15390.71302020161
3046 3499.2445472026993 17177.665481648015
3047 2696.840551862067 16908.27809336553
3048 4037.5659948491693 15107.361114039935
3049 2502.1227513180993 15379.879127196959
3050 2500.275987596427 15403.739476328792
3051 2821.7607759623143 16523.13930456291
3052 4534.5379550032985 15397.858978168704
3053 1768.4036272847804 15625.293656570102
3054 1839.447135136286 16851.974946540373
3055 4380.308662289986 15485.053656875685
3056 3002.017332325378 16516.27615387471
3057 2203.3817043674726 17173.162925237593
3058 1349.030501654463 15525.083341621334
3059 3778.181459814035 15676.97204484482
3060 3327.5438301997406 15485.649612735997
3061 3612.614853708411 14858.142372442733
3062 2297.501600336496 17417.98444148623
3063 1164.7267912266102 17230.303031283074
3064 2890.7039335596214 15420.494248741968
3065 3634.5365793897013 17103.581684000736
3066 4437.546148038427 16711.251257672036
3067 3969.5437071777574 17556.10861411235
3068 2338.6425454850714 15646.997520233257
3069 873.306800236111 16184.872728818058
3070 2352.6128178727063 15979.142861657714
3072 2389.0713575535665 15650.77297434167
3073 3733.714249127431 15059.255862165484
3074 2969.493815546512 17057.340550117035
3075 2856.5235137908326 15130.730532942585
3076 3057.613810019217 15425.65100802745
3077 1645.5636619492368 16960.688085084686
3078 1276.693327088754 15561.970587361628
3079 3895.3563100319707 15609.68833076414
3080 4491.3142901282445 15457.531070762587
3081 3994.93925916224 16221.834416140764
3082 2596.587842429624 16988.93301479138
3083 2275.340142280616 15598.57610801695
3084 3465.4059976773488 14631.324513872325
3085 4389.829125807678 15775.840380083619
