2011 3613.0589843947605 15179.509202892816
2309 3470.284228693785 16438.00945897753
2311 2802.3939708756657 15400.14113838371
2351 2524.1740248197398 15176.576844263282
2407 2440.8189814487873 15180.037337352971
2452 1249.800362533016 15692.016324949904
2466 2817.38940594138 15400.505675674265
2513 2757.407786878784 15399.047529458407
2518 2764.905464172908 15399.229797125485
2541 2734.9146299855192 15398.50072341817
2548 2772.4032206728334 15399.412066718049
2552 2809.8916719320105 15400.323406628446
2559 3429.5191588432363 17485.432454872243
2564 2794.8963084839347 15399.958871078907
2568 2779.9009018509455 15399.594334479547
2616 2339.094983057647 16269.140279763198
2619 2719.9191844324223 15398.136185872667
2624 2727.416872106237 15398.318453792075
2647 1889.023008215463 16355.882639080224
2649 2832.1263552884247 15434.37243493735
2652 1942.673039263588 16819.7401920478
2669 2112.461207667512 16715.53570611462
2682 2787.3985915144312 15399.776602447324
2684 2742.4123550837944 15398.682992247363
2692 2832.4824727365108 15426.87994421173
2696 2749.9100294661703 15398.865259843657
2700 2951.890745608193 14457.19070449836
2710 2668.0944698347475 15396.806640486257
2711 2675.59279599137 15397.005578450799
2724 2215.4105726158596 15407.162012033885
2725 1206.3130271262778 15043.947590905189
2728 2291.8493308782854 16613.689863034462
2730 2848.6901594554843 15449.645908876022
2732 2690.5893578850996 15397.403451980961
2737 1415.7247073414446 15643.627253473172
2740 2683.0687612276315 15268.692611491571
2749 2852.3086621212606 15489.634776877343
2754 2627.59910514653 17031.133427071658
2768 2821.6833706636617 15413.649094124143
2771 3138.031758318153 16609.28598963143
2772 2568.203346793907 16986.838582870198
2775 2683.0910823505815 15397.204515359474
2789 2840.143993763311 15417.015303522834
2790 1501.5167100127085 15718.575017554196
2795 2943.5944480115986 15399.261259597823
2797 2817.549174015902 15394.105676533993
2800 2848.446144143413 15405.755792809057
2801 1298.4232935791938 15277.712820155628
2807 2854.253156158826 15415.33742202533
2809 2476.385778275708 16963.10858774383
2817 2712.4215131455976 15397.953918351624
2821 2826.0924092057876 15426.569941406486
2827 2849.1573197934063 15389.932134596707
2828 2310.0983527485846 15180.744650477363
2831 2894.7993221483675 17441.08055690742
2832 2852.1966823108673 15393.556691126372
2837 2373.8748589259435 15181.734763903838
2838 3878.5835126468214 15763.025880181594
2840 2829.2924049648827 15426.729963666183
2841 1447.1089041541984 15625.492792591145
2844 2878.9237904338984 15416.92583266341
2849 2894.4535616094063 15417.44105908904
2850 2490.6326633024155 17030.382020775432
2856 4135.171411216429 15613.121871389569
2857 2195.0855391567266 15385.596666453353
2860 2344.238390245205 16033.671328314429
2861 4244.886831735686 16478.141070493537
2863 2849.5150947882707 15377.289303529133
2864 2998.6712111187135 16518.187647211187
2866 2443.2032093114576 15690.674353109163
2868 4375.476850877702 15420.155749742715
2870 2822.8924759738843 15426.419876099391
2871 2852.7210373571256 15377.145879838485
2872 2853.424335472102 15350.703870615223
2873 2863.819791961945 15419.651346612669
2874 4031.6152441089075 16954.83767588994
2875 2825.735790209793 15434.062947277384
2876 1975.017332372183 15384.059111009172
2877 3631.039206775381 16380.456928252812
2883 4588.209106618536 15845.486552455886
2886 3247.9049107468977 17022.695919959584
2890 2349.5110246189834 16367.591262694186
2893 3150.5866715162592 16629.50412108729
2894 2900.1175944317233 15399.494126842166
2895 3619.1386193376397 15914.732074081501
2896 2181.0056987732946 17209.819362561964
2897 3627.7408809393146 15312.200916761365
2898 2849.966132332116 15360.33157445177
2899 1860.7005245796374 15816.519224661279
2902 2279.0964846437582 15176.791270692303
2906 4393.6284723419185 14998.058749630572
2909 2982.498012840864 15406.345447555897
2910 3402.1291950197656 16084.907449185606
2913 3107.697644448762 16683.312255617562
2914 4203.768494652146 16848.09914270819
2915 1958.8181299825505 15405.599084154872
2916 3179.423211055319 15596.360120972746
2917 2393.9013424889154 15394.994940033243
2921 2623.7323520223817 16642.991158697714
2922 2193.7567379626607 15430.216503754133
2923 3185.8204169129526 15408.098188319143
2926 2863.921052313636 15416.461014804707
2927 2660.5961621623933 15396.607703012123
2928 2831.4141125895426 15449.357580552789
2929 3252.5401937342735 15379.365727821558
2930 2184.4153550573246 15413.951323246954
2931 1432.4289936242512 15627.523470294902
2932 3602.446473032106 15944.345032734604
2933 2182.5476030122963 15410.440186346657
2934 2806.3858476701985 16247.87054882313
2935 1066.2802728372417 16651.346005114
2936 3170.0984051747255 16647.390512483216
2937 2851.0315337830525 15320.275509474153
2938 2871.3117211735384 15419.886242083
2939 2817.4692616528723 15397.305676498507
2940 2886.4252253430277 15417.15824363291
2941 2664.999915870429 16907.42442436672
2942 954.0435802387242 15719.44730985062
2944 1837.1596536146087 15386.271922811147
2945 2707.910917995614 16371.759155498361
2946 3727.532352956811 15851.126642896024
2947 1467.828737737947 15680.693250677205
2951 2825.9569431799982 15564.173047778351
2952 1852.4703656232996 16232.907443238651
2954 3371.8708828679064 15428.139768887333
2955 2661.1563852753166 16913.190004362772
2956 2580.0490978307657 16987.659697719173
2957 3889.465583625015 16056.499015025467
2961 2934.2290046857606 16371.958108854975
2963 2426.69446811355 15395.356057419243
2965 4184.395068371794 17068.67
2967 2608.492490013347 16942.200519218008
2968 3766.3851096519265 16321.93802339277
2969 2962.2518389738143 15904.265215219439
2970 2422.706931239338 15614.773713499242
2971 4587.639006510234 15855.132316959958
2972 3650.2262805834807 16395.649344982674
2973 2280.9917375381374 16623.541716945743
2974 2878.803563119888 15420.121134817291
2975 2853.759350364362 15338.108263315236
2976 2853.108569786037 15362.575762499373
2979 2831.770234506637 15441.864995802
2980 3872.285925877741 15777.250373223802
2981 4087.7758467911335 15655.660409949109
2982 2871.422405982336 15416.693423257198
2983 2850.8301598866283 15327.846595352506
2984 2357.011434303652 16367.685009384786
2985 2193.9096056680373 15422.720106663546
2986 2192.531346262972 15374.723293959563
2987 2872.5007135220912 15399.329788396091
2988 2810.0564567567303 16030.414903481922
2989 2772.2297280317302 17075.784632771276
2990 2317.6422606287783 16587.722914123944
2991 2378.9633970822615 16789.38708219293
2992 3066.5474048328874 15425.798261504795
2993 2482.0816418084064 15389.03796513503
2994 2278.9249996751983 17379.888617407647
2995 1468.637090963113 16526.478074322058
2996 2669.054343168577 16372.303898550923
2997 2526.9011892067665 15415.805172175753
2998 2357.364793391913 16359.710779552477
2999 1829.7388440889488 15386.13646780549
3000 2880.000561975124 15399.373714758794
3001 3080.2190367730977 15415.847438270635
3002 3614.4704054961103 15967.127582124633
3003 2811.050477644795 15928.37506217027
3004 4038.0342955012243 17202.42661923903
3005 3163.981104181174 15575.082787344683
3006 2326.2866279158993 16357.128233225672
3007 3794.7775654911184 16305.98771548977
3009 4546.113799188573 15897.588817548558
3010 1047.954705535385 16881.789503633394
3011 2850.601514649861 15336.443006078915
3012 2031.7574729473113 15935.973612397363
3013 2314.155593375943 16357.22318988134
3014 1809.1942119202897 15382.56068706065
3015 2364.511775499039 16367.778755219348
3017 2850.294598358906 15347.982185871078
3018 1446.7314637556087 15595.091134051327
3019 2495.909567895722 16859.012945554554
3020 3369.338682684648 16534.84129690779
3021 1491.6083161722458 16500.957097956543
3023 2202.190919846226 16364.41376035528
3024 2632.811700332483 16921.498091337377
3025 4898.521564847479 15797.419452122667
3026 2895.000378770429 15399.461568186387
3027 3739.1723646439377 16537.562430377384
3029 959.8509700663634 15589.969630584928
3030 4276.061540510331 16462.007146428175
3031 3866.6085318895553 15234.518839637794
3032 3704.3909207429615 15286.75066707025
3033 3834.5997436285893 15203.036728065596
3034 3919.092595685823 16235.352542466326
3035 2887.500505437057 15399.417641677961
3036 2865.000864615552 15399.285862030732
3037 2585.4293639506345 16984.200064974215
3038 2967.903671631187 15399.047422876576
3039 2970.0818587541494 15417.586068018796
3040 3060.117693114633 16507.266680633173
3041 2356.7750501943374 16609.943652839993
3042 2832.318835993693 15756.88289545938
3043 1843.8865367375772 16003.387696977199
3044 2635.0663636498657 16927.561994056538
3045 2951.7574130557973 15398.926856429627
3046 3149.3067444338026 16663.421267477086
3047 2593.724193635233 16965.8122404817
3048 3421.1883009951684 15428.745794590193
3049 2306.316153385662 15413.781081394638
3050 2419.9542655508158 15724.21685259475
3051 2822.741057868418 15640.505161960244
3052 4062.5418172601426 15666.36614181985
3053 1925.8081683088405 15378.887446686464
3054 1979.4305133778125 16781.91786679155
3055 4048.4805579063413 15607.052396698073
3056 3452.6050256646827 16266.92632719483
3057 2624.9118102146986 16929.507420295122
3058 1156.0324329031585 15636.575365855077
3059 3945.003196910209 15426.108237630835
3060 3095.292742664435 15768.032448883496
3061 3820.6541130919572 15197.799893380326
3062 1918.4598873126756 17337.21942852856
3063 1808.279311372884 16876.317915209955
3064 2886.2953964524727 15420.356027281514
3065 3903.717130530982 16959.706515610927
3066 4950.899831306037 16343.28446647502
3067 3782.5016394176478 17647.191568253955
3068 2352.684551471937 15844.627053077238
3069 849.6808823487174 15779.34172473506
3070 2400.1508522875492 16673.234869602282
3072 2193.910375776917 15480.28181178405
3073 3552.396497302446 14761.116972021166
3074 2806.8688063297773 17289.522621678785
3075 2854.024579161816 15328.136414736091
3076 2893.7864231544004 15420.609562314714
3077 2304.207446675941 16595.19792397034
3078 1162.7086093549128 15615.626300165992
3079 3836.1944040776284 15240.294108847878
3080 4548.388877130092 15737.86532490929
3081 3972.890227203358 16209.284772412439
3082 2592.793837713986 16996.026108648464
3083 2380.849971687502 15791.916786418222
3084 3279.4709654971466 14347.485146642748
3085 4382.051831014765 15768.076307886655
3086 4361.949438919431 14940.260539597084
3087 1831.440641137548 16925.351917971213
3088 3296.7491424098703 15784.51760699976
3089 2854.2315321251344 15320.355571807146
3090 2872.2768491288257 15109.816966098175
3091 2640.0760804684082 15787.722077921995
3092 1515.7093393457258 16125.054735283924
3093 5031.059658131145 16280.935410987242
3094 3318.2485976530497 15827.08660619161
3095 4070.5390220237377 15996.890581642858
3096 3528.297940325066 17278.899861124686
3097 2831.0510600615867 15456.995981067132
3098 3855.901540120574 16722.610297258103
3099 1843.0562236719481 16167.594955865616
3100 3437.391697330317 17079.225687869508
3101 2636.7983086966524 15790.41531254183
3102 4353.539502492966 16155.716056587116
3103 2902.503027456697 15399.505510949963
3104 3835.3486399845597 16692.029334508505
3105 3203.709302581118 15552.66577810705
3106 3177.2434076052305 15586.602345585392
3107 2652.0065910750454 15396.379813246767
3108 1193.9713557235414 14997.69511270091
3109 3659.964976724259 15314.55511613115
3110 2347.184538657357 15668.467343636628
3111 3322.206275663998 17266.049017038968
3112 1342.3883589820928 17123.418971027117
3113 1829.2773003947368 17372.846800807834
3114 2859.7767435591873 15205.341416092648
3115 3245.349062901619 15408.550693297475
3116 3412.7377283143915 17031.43031810262
3117 3006.2562905775035 16421.056389566067
3118 4158.862219690843 15599.970855711796
3119 3252.487664040088 17295.223407593134
3120 4345.049015244521 15505.521241293747
3121 3007.4906054915577 17559.07763388512
3122 1846.9363812447668 17350.43030001063
3123 1040.4423003214392 16757.518386280917
3124 3994.1433852078076 16879.377124740375
3125 2642.2512877663276 15715.942067679898
3126 4285.065306518226 16721.45046135965
3127 2965.9234582872764 15871.878586753466
3128 3341.0761433550647 16757.0975603388
3129 1068.107106583712 16515.507939503266
3130 3214.1242861973433 15050.272325138916
