2011 3610.050997660399 15174.125730744263
2311 2802.3939708756657 15400.14113838371
2351 2590.518609672072 15181.292695786642
2407 2483.6208086745764 15180.105613460193
2452 1156.8149918543534 15686.594453376598
2466 2817.38940594138 15400.505675674265
2513 2757.407786878784 15399.047529458407
2518 2764.905464172908 15399.229797125485
2541 2734.9146299855192 15398.50072341817
2548 2772.4032206728334 15399.412066718049
2552 2809.8916719320105 15400.323406628446
2559 3446.694471402719 17486.053037968384
2564 2794.8963084839347 15399.958871078907
2568 2779.9009018509455 15399.594334479547
2616 2337.8916520265016 16331.173436984938
2619 2719.9191844324223 15398.136185872667
2624 2727.416872106237 15398.318453792075
2647 1863.3363053411003 16355.272478487437
2649 2832.1263552884247 15434.37243493735
2652 1882.6184631047283 16854.713852220837
2669 2042.8544702980878 16754.82459343432
2682 2787.3985915144312 15399.776602447324
2684 2742.4123550837944 15398.682992247363
2692 2832.4824727365108 15426.87994421173
2696 2749.9100294661703 15398.865259843657
2700 2980.745962543597 14431.003183294542
2710 2668.0944698347475 15396.806640486257
2711 2675.59279599137 15397.005578450799
2724 2215.4105726158596 15407.162012033885
2725 1169.1728601256013 14985.76138845437
2728 2244.447392819616 16640.62529864137
2730 2844.5248673877413 15509.284182363526
2732 2690.5893578850996 15397.403451980961
2737 1347.581920670329 15677.140316862138
2740 2650.4697486490572 15268.54087960345
2749 2847.7667091152416 15554.666047466522
2754 2661.0816005545976 17083.07016113542
2768 2784.1644978871373 15412.892060000102
2771 3146.487446631111 16622.90282753095
2772 2529.1828525268247 17008.737949912607
2775 2683.0910823505815 15397.204515359474
2789 2806.77766740115 15416.368199110104
2790 1532.7308094147297 15707.342457371553
2795 3004.7625671409082 15399.322653577814
2797 2817.549174015902 15394.105676533993
2800 2835.9517567870375 15416.595796783029
2801 1263.3710995653355 15291.348981695957
2807 2854.259979454262 15461.695992543899
2809 2493.572467507748 16993.64257151593
2817 2712.4215131455976 15397.953918351624
2821 2826.0924092057876 15426.569941406486
2827 2848.279606988998 15408.664915749036
2828 2346.037646174948 15181.30259852269
2831 2926.1855748924427 17488.5633264495
2832 2850.206843596601 15427.930163105737
2837 2401.510833413924 15182.38836354965
2838 3955.72379995001 15719.478147263719
2840 2829.2924049648827 15426.729963666183
2841 1389.0202107390212 15665.499732770008
2844 2878.9237904338984 15416.92583266341
2849 2893.9266903560665 15417.409691633009
2850 2426.3461674249065 17066.941813163
2856 4176.41468606232 15590.227297965163
2857 2235.6734285044486 15385.594534525037
2860 2342.48794342306 16118.327831406896
2861 4259.923567481669 16492.900535471483
2863 2848.9727617595418 15394.0385508502
2864 3035.624702502726 16497.07772674586
2866 2400.955588365636 15751.083350669947
2870 2822.8924759738843 15426.419876099391
2871 2852.4345147677077 15387.918314444423
2872 2853.0418936599076 15365.082595241474
2873 2863.819791961945 15419.651346612669
2875 2825.735790209793 15434.062947277384
2876 2041.2432213084987 15384.728764654446
2877 3648.5268137414423 16388.33409581775
2883 4578.700493459086 15822.87362033923
2886 3216.90735105326 17041.239851571856
2890 2349.5110246189834 16367.591262694186
2893 3150.5866715162592 16629.50412108729
2894 2947.5889523340857 15399.023668262656
2895 3656.590158109519 15893.317718159042
2896 2193.221230653161 17231.961591217532
2897 3698.3404072386224 15274.180540283873
2898 2849.532259272939 15376.643967714575
2902 2323.6726885470584 15176.38640340857
2906 4376.107984395754 14966.092722489013
2909 3057.2528230454764 15406.713672659183
2910 3440.929972383899 16064.74704527682
2913 3058.7135918331446 16709.734313090426
2915 1914.2490589852712 15399.613424578825
2916 3166.1084468326494 15575.89598276975
2917 2459.4960654734055 15395.717268095861
2921 2646.0359305778993 16642.425818603504
2922 2193.7572586078 15430.19097211749
2926 2863.921052313636 15416.461014804707
2927 2660.5961621623933 15396.607703012123
2928 2831.4141125895426 15449.357580552789
2929 3239.362149670995 15357.515269931007
2930 2142.0599949305465 15411.870199435185
2931 1436.6088261510351 15629.043655419882
2932 3605.5237963074355 15922.721339105567
2933 2140.664785036106 15408.660105033936
2934 2803.3141041226168 16188.63760960319
2936 3161.263975730851 16652.89325025115
2937 2850.9480290820734 15323.415048776837
2938 2871.3117211735384 15419.886242083
2939 2817.4692616528723 15397.305676498507
2940 2886.4252253430277 15417.15824363291
2941 2729.9515002544026 16871.640674792816
2942 884.9716920655417 15748.258855323089
2944 1837.1596536146087 15386.271922811147
2945 2629.3113737561152 16372.587174013179
2946 3791.9637997143127 15813.807711655323
2947 1488.9691476107187 15748.903938212741
2951 2829.1696784150595 15496.57908662324
2952 1850.6329480361183 16337.56680427808
2954 3283.776840921075 15427.41656437081
2955 2721.6929419338853 16879.843415711155
2956 2580.0490978307657 16987.659697719173
2961 2868.0890131575898 16370.546498045087
2963 2493.7103973153885 15396.09403578248
2965 4205.141879904557 17056.874699964552
2967 2662.0979790972274 16912.67131653267
2968 3706.408384593696 16355.631735451727
2969 2962.761792870958 15869.216902313288
2970 2420.28567469423 15651.153140013676
2971 4639.97334630755 15826.588418718498
2972 3650.124345721359 16395.486708359087
2973 2233.945109923249 16650.273766157163
2974 2878.803563119888 15420.121134817291
2975 2853.4595376710054 15349.380368037504
2976 2852.7600499779137 15375.679116233225
2979 2831.770234506637 15441.864995802
2980 3806.7336939780907 15814.084682989482
2981 4105.995872421296 15681.201996053876
2982 2871.422405982336 15416.693423257198
2983 2850.708710197014 15332.412758327437
2984 2357.011434303652 16367.685009384786
2985 2193.909662992727 15422.71729554895
2986 2197.0371489651543 15342.131724908977
2987 2872.5007135220912 15399.329788396091
2988 2810.337446211675 15952.322620752338
2989 2818.8798714006675 17046.9755618416
2990 2335.1148546537343 16587.301992787023
2991 2391.920906777625 16812.601728427886
2992 3027.9269621490284 15425.161676277856
2993 2482.1288389490805 15389.03850694528
2994 2299.4792954484005 17415.0235794657
2995 1452.635856593447 16535.929353225405
2996 2588.441818855309 16372.085833662051
2997 2526.9011892067665 15415.805172175753
2998 2398.231138455615 16360.393798521942
2999 1829.7388440889488 15386.13646780549
3000 2880.000561975124 15399.373714758794
3001 2996.6293723776002 15414.737486532596
3002 3602.7930195664335 15944.99155338824
3003 2813.3419740688605 15862.150295901076
3004 4032.094116634171 17204.471166369436
3005 3140.8685775897325 15584.149527785365
3006 2347.1175087029287 16356.459674551763
3007 3735.7448180700376 16339.151119989163
3009 4492.176241541548 15927.481461675088
3011 2850.4702918421976 15341.376610501653
3012 2032.5576184815666 15888.01758453892
3013 2319.8968368465517 16357.328114630043
3014 1836.414346674941 15383.056730393919
3015 2364.511775499039 16367.778755219348
3017 2849.926946855831 15361.804836932206
3018 1502.3228133101477 15535.312435821737
3019 2458.3046449082176 16794.74079907121
3020 3302.571374816809 16573.234691531263
3021 1551.0404584049713 16465.92216272571
3023 2130.005153616467 16362.887763267725
3024 2690.533158607726 16889.697197230173
3025 4876.463370650704 15745.875932745206
3026 2895.000378770429 15399.461568186387
3027 3728.3193755066477 16520.246534006033
3029 982.197844493981 15607.244243084393
3030 4308.215245566979 16445.773405029577
3031 3894.828753952268 15284.871783919478
3032 3635.023557830051 15328.100863065547
3033 3844.0398712272377 15210.469895008491
3034 3859.401643141569 16268.3169254788
3035 2887.500505437057 15399.417641677961
3036 2865.000864615552 15399.285862030732
3037 2585.4293639506345 16984.200064974215
3038 2944.4549906660427 15399.210074904622
3039 2898.8170261335417 15416.26208178667
3040 3015.715383950016 16436.080788935717
3041 2397.61348145632 16675.214338786438
3042 2826.231777580832 15838.550798196831
3043 1840.7977762632042 15972.050241230396
3044 2691.250954160827 16896.612063567238
3045 2920.154460448074 15399.608894805337
3046 3128.252975879029 16626.107394017457
3047 2593.724193635233 16965.8122404817
3048 3336.8635118195652 15427.962130904485
3049 2221.280307346461 15413.57400156267
3050 2385.5249078857996 15783.376105548014
3051 2826.4590365429794 15553.609314140049
3052 4017.951544122222 15692.831012209419
3053 1975.9018253029099 15384.152920865461
3054 2050.0977505882784 16741.647846848184
3055 4021.553787860421 15557.917029482092
3056 3503.9870385276267 16239.025925748008
3057 2670.4952733489567 16900.736812068175
3058 1156.8510295911576 15664.552495598751
3059 3904.588982443844 15354.671431769624
3060 3111.548758352162 15800.02910542921
3061 3829.383547540448 15203.683226229776
3062 1862.1691720213464 17368.701303446083
3063 1808.8528281399756 16876.0263203906
3064 2886.2953964524727 15420.356027281514
3065 3930.4825747546693 16945.77246029516
3066 5007.804924595688 16299.633876884383
3067 3760.868595858445 17607.249747579513
3068 2349.3624216580247 15892.278364732198
3069 853.6196672507294 15754.751658074072
3070 2428.298833515454 16718.22083817597
3072 2193.515879594036 15443.14697885577
3073 3574.4653265327174 14796.674850394116
3074 2789.28203495414 17296.811936910395
3075 2853.8121053992095 15336.124824019285
3076 2893.7864231544004 15420.609562314714
3077 2319.2208283461487 16587.094497416434
3078 1155.9923330715533 15636.152430572325
3079 3829.6862356967927 15228.79079914969
3080 4532.797622488644 15727.602522188681
3081 3948.378837537572 16219.179188679062
3082 2589.3963175219887 16990.57029150989
3083 2358.8626317024236 15832.811734656645
3084 3259.8751077321863 14317.714829136954
3085 4366.1709487221915 15738.357012228833
3086 4348.2964689223 14934.650618966256
3087 1830.735683990048 16893.508963468485
3088 3337.7112303154813 15853.78310222963
3089 2854.0621516930914 15326.723794401454
3090 2859.653655447564 15124.475280274259
3091 2639.4852208415223 15850.681338222355
3092 1476.5521875335276 16137.919224364246
3093 5063.790400648795 16200.784326952024
3094 3269.4083348166323 15744.793378250994
3095 4050.5785999958493 15959.882866126196
3096 3493.076293452358 17292.792390053593
3097 2831.057826647905 15456.853616278462
3098 3813.9266710860056 16657.758926029328
3099 1842.6633200362842 16091.219428845274
3100 3380.8348314218156 17015.566977966017
3101 2637.7713240867724 15755.570439974199
3102 4316.358588007159 16087.971253161855
3103 2902.500253249696 15399.505494701525
3104 3793.9731173136847 16625.655041393533
3105 3173.9367820819775 15568.93934213364
3106 3197.504619362655 15619.972640775939
3107 2653.09592320213 15396.408714299021
3108 1237.0897899976017 15064.48663569212
3109 3590.0194288357316 15352.548132554608
3110 2347.4330808478744 15710.405321180013
3111 3356.4301912475858 17251.351800749308
3112 1406.893056232338 17086.437777174568
3113 1818.8094513407502 17342.558454579004
3114 2855.3690972762593 15270.389811500463
3115 3215.3853670385574 15408.322925282226
3116 3444.9728018385986 17064.827088506114
3117 2970.3054354856768 16380.439462889917
3118 4210.263218243328 15571.437623570437
3119 3301.2648608241716 17274.96898936321
3120 4300.34713901026 15531.469868184162
3121 3049.486775702613 17555.359784846325
3122 1867.1771121902714 17356.318025212036
3123 1070.8070524146883 16741.1110576272
3124 4014.2489479161527 16894.257962510037
3125 2641.150619581307 15749.246998869314
3126 4273.526979190611 16702.16986478008
3127 2965.588773964216 15894.851235536933
3128 3324.758435709946 16765.807763327524
3129 1077.7862367466346 16509.972011541096
3130 3219.3819546815826 15058.34672335139
3131 1825.1242850833646 15869.82105716642
3132 1919.156999501083 15581.261095793288
3133 3591.2607692307693 15910.777179487179
3134 3106.4360250807526 15916.40754702641
