2011 3656.2307490755284 15250.196358109111
2311 2802.3939708756657 15400.14113838371
2466 2817.38940594138 15400.505675674265
2513 2757.407786878784 15399.047529458407
2518 2764.905464172908 15399.229797125485
2541 2734.9146299855192 15398.50072341817
2548 2772.4032206728334 15399.412066718049
2552 2809.8916719320105 15400.323406628446
2564 2794.8963084839347 15399.958871078907
2568 2779.9009018509455 15399.594334479547
2616 1302.0996231615813 16621.953520475246
2619 2719.9191844324223 15398.136185872667
2624 2727.416872106237 15398.318453792075
2647 1032.369174162291 16680.567059741432
2649 2959.704059913709 15398.986195190515
2669 915.67705475715 17331.320776353965
2682 2787.3985915144312 15399.776602447324
2684 2742.4123550837944 15398.682992247363
2692 3026.5727275707013 15399.48205688666
2696 2749.9100294661703 15398.865259843657
2700 3465.1424031110164 14625.140396243332
2710 2668.0944698347475 15396.806640486257
2711 2675.59279599137 15397.005578450799
2728 1189.1075567228722 17168.775564279742
2732 2690.5893578850996 15397.403451980961
2768 1808.203968695582 15393.534539613975
2771 3150.586685883464 16629.504144223894
2772 2365.186051517272 17563.497274841222
2775 2683.0910823505815 15397.204515359474
2789 2337.8691891388034 16333.226711312336
2795 3942.5185801866264 15369.962718695357
2797 2817.549174015902 15394.105676533993
2800 2345.273127943587 16149.668308193592
2801 1109.7607226373757 15145.700550550095
2807 3475.2339494764237 15722.970622422963
2817 2712.4215131455976 15397.953918351624
2821 2836.5677167162116 15132.695911102373
2827 2343.355473209131 16058.801159376193
2831 3421.6377802725215 17601.117446558103
2832 3022.5059555384473 16420.70392168028
2840 2838.3514151501067 15167.303435743075
2844 2878.9237904338984 15416.92583266341
2849 2893.9257582825057 15417.4096361417
2857 2645.5995281430432 15396.209827568397
2860 1685.7688276008341 16961.520412590864
2863 1815.9622401991567 15400.1769893361
2870 2555.635398187 15416.240614813147
2871 2351.8000673106117 15913.427860276654
2872 3272.228436333314 15743.271296101422
2873 2863.819791961945 15419.651346612669
2875 2828.2532909334263 15157.99206328309
2876 2638.1012014826993 15396.01088959049
2877 4008.4505134775964 16246.929423682846
2890 1787.1812007650647 16369.47670113455
2894 3841.727914238171 15204.71463969084
2897 4356.22294383004 15975.017848252162
2898 1837.005418312018 15394.412723349049
2913 2478.1539965708243 17030.112100875947
2916 2908.751242938715 15421.49795118003
2917 3678.9940383836692 15280.965919418246
2922 2423.509920752111 15388.3655778159
2926 2863.921052313636 15416.461014804707
2927 2660.5961621623933 15396.607703012123
2928 2856.335966706751 15399.8689782149
2930 1496.6642643190833 15892.255389115768
2931 1693.113080137115 16290.053233566572
2932 4222.841674719394 15477.347928385698
2933 1454.7875281155864 15914.33394679546
2936 2481.3200147112716 17024.632906790335
2937 2821.354681881707 16133.918801326188
2938 2871.3117211735384 15419.886242083
2939 2817.4692616528723 15397.305676498507
2940 2886.4252253430277 15417.15824363291
2941 4195.551423758586 16070.04018981949
2942 1334.5041373587064 15456.402117450703
2944 3183.400799753433 15406.479719666919
2945 1917.1296105170954 16356.55028183708
2946 4587.066959519194 15356.419560121532
2951 2833.2485597172044 15409.685460373505
2952 1743.4475351817257 16916.531036945504
2954 2901.2688216917963 15421.053756073296
2955 3503.462687768897 17044.713872036395
2956 2323.4205579045065 16516.811003269293
2963 3709.7001244909934 15264.435456980307
2967 3728.3112373359018 16319.002238554891
2968 4229.479393529926 17146.89892450166
2971 4952.5392373793275 16346.062050944993
2972 3723.8641546191225 15853.348198445614
2974 2878.803563119888 15420.121134817291
2975 2215.4106355159292 15407.16201216037
2979 2853.0894326026787 15432.552006177584
2982 2871.422405982336 15416.693423257198
2983 2526.9809174269776 15412.605172021282
2984 1856.6173668242534 16364.95434924006
2985 2221.861608235267 15185.595665217967
2987 2872.5007135220912 15399.329788396091
2988 2831.4219598596064 15449.192478846908
2990 2889.909759485054 17235.49426739073
2992 2901.4174449084603 15417.855656207039
2995 1128.2678559133658 16481.099313022034
2996 1881.4515497530363 16355.702787053038
2997 2313.5827756974627 16366.768568740434
2998 3274.467719244305 16152.187173025502
2999 3141.619844064476 15406.613555915763
3000 2880.000561975124 15399.373714758794
3001 1774.059066340531 15392.49342889617
3003 2832.0508396642786 15435.961236936793
3004 3924.5145524960567 17241.498921605726
3006 3241.924942006582 16169.509211129864
3009 3493.5735103135085 16467.474119187493
3011 2654.7209637526 15806.667140953261
3013 2519.662436369104 16861.406813529113
3014 2167.9982368319424 15386.009275066586
3015 2339.2762737292765 15881.671832099782
3017 2215.262185460289 15416.762011945302
3018 2160.491987090183 15385.853982347659
3019 2400.9413127542707 15647.71585612585
3020 2651.7142863060753 16372.546994488972
3021 2341.0949708593666 16195.951377042871
3023 1101.4250897186148 16735.41502854653
3024 2829.6621677016433 15486.217416808884
3026 2895.000378770429 15399.461568186387
3029 1881.2271118940196 15378.61234416294
3030 4065.1629524777854 15637.49266238657
3031 3990.1705330321324 16199.759528364604
3032 3261.832869074256 15928.513407917024
3033 3354.0554515408967 15541.9646418667
3034 3124.626564519663 16613.930923001364
3035 2887.500505437057 15399.417641677961
3036 2865.000864615552 15399.285862030732
3037 2820.399985580161 16501.99139526831
3038 2917.5001046677653 15399.5933483319
3039 1786.1431723812648 15399.267495435533
3040 2832.2589548176047 15397.32461941641
3041 2857.5513777594497 17384.93833152996
3042 2336.376592414562 16427.09194018174
3044 3790.5031463807977 16275.335587715885
3045 2910.000165519614 15399.549421438
3046 2597.340128518947 16372.240964583663
3047 3541.1835212542173 16421.775128003414
3048 2908.909142613039 15418.301676931947
3049 1355.8631602778246 15395.524954995979
3050 2572.57062582099 16944.126709454347
3051 2832.6969390787376 15422.11761051295
3052 3053.7299899390664 16279.645142554804
3053 2630.6028845871792 15395.811951871658
3054 2569.880603672229 16945.85669807599
3055 3380.795749022689 15409.58388180635
3056 3129.766891245373 15908.003650165041
3057 2827.940880317841 15522.432238151077
3058 1945.7698218922585 15380.957102321905
3059 3635.667571969371 15219.963939429217
3061 3457.150907193786 15695.60287956285
3062 1659.3674028149069 16710.095438366945
3063 2329.1489129738743 16216.196039764422
3064 2886.2953964524727 15420.356027281514
3065 3654.1073983793813 16401.841651333365
3066 4416.692666132146 15968.102925706402
3067 3086.4888729210643 16557.049692857752
3068 2788.5678867302404 16360.9076201069
3069 1863.1040656763266 15393.975874942978
3072 2361.280287026828 15387.542769832797
3073 3582.0960583070037 15356.849834945633
3074 1992.8763895522777 17300.738171239696
3075 2968.9820236068877 16368.26563773587
3076 2893.7864231544004 15420.609562314714
3077 3138.703402146289 16643.540576594012
3078 1909.5903273977387 15378.482003084922
3079 2916.401377871247 15418.747729660292
3080 3794.717066698167 16302.349477520274
3082 2817.531306949661 16629.96737170372
3083 1854.3271558963786 16871.189708474296
3084 2769.559732111738 14628.189151075878
3085 3918.262101025928 15378.849456643306
3086 2941.2360971440226 15420.224934852251
3087 2332.157648182647 16035.198872222732
3088 3147.838353560363 16631.150724470554
3089 2526.9011796247387 15415.805172030545
3091 2796.0689390350035 16360.831031866092
3092 1490.7028407794332 15557.117086439599
3093 4099.076772806793 16137.02244647801
3094 3140.5343315916275 15405.09926734968
3095 4319.415643675222 15509.703507318984
3097 2840.002210432003 15400.907219150102
3098 3614.017849155442 15971.749773055746
3099 2319.8986438347047 16357.328147653861
3100 2813.3143985436654 16370.895685934478
3101 2638.696450203589 15417.499334814094
3102 3677.4484952300104 15305.059773536317
3103 2902.500253249696 15399.505494701525
3104 3170.0985266266966 16647.39044449674
3105 3016.627180986641 16299.429218865635
3107 2653.0978069718367 15396.408764277283
3108 1493.6389465094492 15766.720129504118
3109 2110.04243185879 15404.155372373389
3110 2668.7101213983483 16362.131407786417
3111 3006.4464423323398 16421.358418079053
3112 2335.1863340201194 16228.544331332138
3113 1145.3310868321876 17102.316770262765
3114 2527.0705846516903 15409.405172264
3115 2949.6010734712027 15398.910754730221
3116 3642.8232454772897 16370.349457032444
3117 2830.67558174477 15464.895812489434
3118 3718.0476024904247 15282.9415239949
3119 3309.8762501968645 16553.368042906848
3120 3874.255227530082 15301.055950936421
3121 3496.3531049792805 17179.677827885585
3122 2671.8232733741074 16903.665699091303
3123 1816.1047643265465 16348.51388268349
3124 3180.4417754270153 16641.600492718877
3125 2781.0668820756046 16360.984207861184
3126 3959.6998713100843 16212.927137447385
3127 2497.7696693773764 16369.847786873028
3128 3479.0400479177956 16455.434973645213
3129 1426.9119519246292 16252.137886664901
3130 3812.652090472719 15205.427303458837
3131 1471.7497787753894 16284.71732543052
3132 2068.961365827026 16352.720337293431
3133 3381.350153312798 15428.187869570997
3134 2821.0664365742045 16289.937407839741
3136 2475.709242378012 15651.98568349005
3137 988.7514376947221 15610.257116077222
3138 3258.9973664078047 16843.856519838806
3139 1831.996050549109 16174.502233754638
3140 3659.0388297336453 16409.709728340782
3141 3378.3334003980644 15932.76759570361
3142 2662.6217667010987 16905.074619161802
3143 2604.1306187013515 16960.00593776695
3144 1562.3981852053541 16286.902383054861
3145 2321.2003807002966 15386.921107213768
3146 2694.4366623386927 16913.281234902337
3147 3881.827329023803 16758.844579703793
3148 3652.7498233360916 17093.284026224243
3149 3822.915768302164 15225.714490255225
3150 1043.8706066341506 17424.935506566366
3151 3411.5955983824174 15987.1968874914
3152 2795.221750925981 16357.63917267078
3153 3650.123660707267 16395.48561542212
3154 2733.583210556193 16371.399247218282
3155 2691.9780438338553 16371.98252368111
3156 2513.6352221691664 15281.636679576448
3157 1865.5311937396764 17353.793282981474
3158 3066.3592289890366 16523.76496179317
3159 2375.355644744826 16782.923440938866
3160 3104.75693797539 15401.888677057374
3161 4434.882189089639 15073.321386657488
3162 3689.2778805882863 17185.432175908827
3163 2797.112447701557 15079.107458452461
3164 2776.3294314881364 17285.206656578608
3165 2854.8276933875136 15295.45902782261
3167 968.3650197265049 17363.589198131685
3168 2206.001006168514 17171.665747864292
3169 3242.9076052139862 15100.287182797674
3170 983.054472972033 15941.695197135907
3171 4591.54723083642 17199.731086207623
3172 3828.7879705750934 15203.997376364818
3173 3751.4221545326486 15801.565649448581
3174 3243.4868819916273 16609.97683184624
3175 1054.7336668219614 15677.630967017103
3176 1843.4346091831817 16690.687591034
3177 2635.9567076422495 16169.707471289667
3178 3274.5810566186674 16868.811746054584
3179 3339.2520874114603 17345.85722757767
3181 931.6523410268799 15847.55304719481
3182 3787.078630920547 16262.70571842428
3183 2966.922875139609 15604.884221250011
3184 4356.793591537684 15720.815503677679
3185 2844.3008379503754 16736.16683791355
3186 4130.08947649025 16909.038537717024
3187 3039.4256055899145 15396.265128265977
3188 3586.930655116133 15126.133367764027
3189 4062.105341257853 16367.682416183095
3190 1054.3413874528208 16459.730787344866
3191 3524.574572469706 16430.756220833562
3192 1485.7736179047286 15108.126324555678
3193 974.6513137866224 15411.020813234505
3194 2822.9421091421473 16785.47956001638
3195 1687.4516834108097 15651.672417578855
3196 2012.3730287818703 16779.37773618917
3197 3566.926419379294 17429.528752260998
3198 4324.708082548649 14944.100217241024
3199 1831.9570933921068 16944.560208451014
3200 2973.7348461168976 15144.022649809116
3201 1580.626947523352 16748.720472762154
3203 3282.539871354661 16858.612229325245
3204 3546.364991493545 15844.044656843678
3205 2566.2580884536824 15264.948823898998
3206 975.2702349144275 15942.041047171571
3208 4569.302522353478 15884.737433845696
3209 2958.905288608781 17499.082799714466
3210 3057.7855812379244 15058.518589498164
3211 3141.4215485527357 15194.777516682825
3212 2685.6043064667147 15268.704413170091
3213 1512.3774590403684 16801.097297060533
3214 3718.207225802772 16118.158352820396
