2011 3670.863189547215 15276.378902479752
2311 2802.3939708756657 15400.14113838371
2466 2817.38940594138 15400.505675674265
2513 2757.407786878784 15399.047529458407
2518 2764.905464172908 15399.229797125485
2541 2734.9146299855192 15398.50072341817
2548 2772.4032206728334 15399.412066718049
2552 2809.8916719320105 15400.323406628446
2564 2794.8963084839347 15399.958871078907
2568 2779.9009018509455 15399.594334479547
2616 1015.9379727158448 16749.618300235903
2619 2719.9191844324223 15398.136185872667
2624 2727.416872106237 15398.318453792075
2647 1202.389365535407 16570.57387903832
2649 3219.9221712479603 15406.757335630498
2669 696.9179792907538 17263.462108221767
2682 2787.3985915144312 15399.776602447324
2684 2742.4123550837944 15398.682992247363
2696 2749.9100294661703 15398.865259843657
2710 2668.0944698347475 15396.806640486257
2711 2675.59279599137 15397.005578450799
2728 1100.0272343912332 17006.623653203696
2732 2690.5893578850996 15397.403451980961
2768 1500.4613456939378 15555.070041327614
2771 3150.586685883464 16629.504144223894
2775 2683.0910823505815 15397.204515359474
2789 2121.8685628594276 16362.715756867483
2795 4093.086112577534 15636.48386103216
2797 2817.549174015902 15394.105676533993
2800 2335.3898109393667 16496.09443992284
2817 2712.4215131455976 15397.953918351624
2821 2807.9642761112814 15001.332332002572
2827 2336.013171977216 16452.50477905664
2831 3509.7454449620363 17778.29958176312
2832 3143.887109792504 16624.78763490151
2844 2878.9237904338984 15416.92583266341
2849 2893.9257582825057 15417.4096361417
2857 2645.5995281430432 15396.209827568397
2860 1289.0135594337576 17176.269829337303
2863 1508.847192686585 15555.317137737042
2870 2394.2067290944333 15418.06520431064
2871 2341.680259783234 16291.698187930568
2872 3454.909541230816 16057.42809832391
2873 2863.819791961945 15419.651346612669
2875 2725.5145773476106 15095.182496949723
2876 2638.1012014826993 15396.01088959049
2890 1462.0055997139239 16530.378019152988
2894 3982.071124222722 15445.07850125566
2897 4709.770557547749 15781.275703225898
2898 1524.128173678894 15528.767622471927
2913 2079.3241387000794 17250.48344508619
2916 2908.751242938715 15421.49795118003
2917 3993.5684227022034 15107.213766322706
2926 2863.921052313636 15416.461014804707
2927 2660.5961621623933 15396.607703012123
2928 3159.272373550297 15406.780780996389
2930 1426.0749330616984 16139.849446217619
2931 1898.2335408030688 16345.584464727335
2932 4129.156758243612 15482.595466456749
2933 1419.4113205195245 16127.64974088218
2936 2162.5118300850836 17205.62986133211
2937 2834.173126604708 16591.505376892273
2938 2871.3117211735384 15419.886242083
2939 2817.4692616528723 15397.305676498507
2940 2886.4252253430277 15417.15824363291
2941 4164.4393215301625 16097.708473562903
2944 3617.3705849491516 15317.779457556895
2945 1687.4798603609195 16410.601496004638
2946 4510.130720586533 15206.639091382236
2951 3071.6295805200625 15400.522313697329
2954 2901.2688216917963 15421.053756073296
2955 3659.840094341447 16948.613262997853
2956 2332.8153355744566 16200.604793851182
2967 4046.5123719753433 16144.37070051913
2968 4368.665226695864 17322.086205600543
2971 4701.713019561663 16536.913616118298
2972 4021.065496385516 15679.568181450777
2974 2878.803563119888 15420.121134817291
2975 2215.410530688818 15407.162011949575
2979 2882.233637615917 15599.439206964533
2982 2871.422405982336 15416.693423257198
2983 2302.939785316706 15416.95775701122
2984 1844.2011792413298 16659.034982763482
2985 2381.8399086659456 15181.858419198912
2987 2872.5007135220912 15399.329788396091
2988 2895.82411893598 15399.469366314508
2990 3068.6809519150133 17122.86411820231
2992 2901.4174449084603 15417.855656207039
2995 1281.0159446479677 16374.086414352714
2996 1610.2700344293655 16443.365100237246
2997 1969.1216804525159 16357.785298739294
2998 3428.7810326908343 16021.373900428642
2999 3579.410269922894 15338.199623595168
3000 2880.000561975124 15399.373714758794
3001 1435.3775247582678 15628.380627756724
3003 2948.472044487268 15398.97114233533
3004 3895.5938887211623 17251.453110099676
3006 3474.074098143004 16047.219679535741
3009 3210.759920018849 16624.62897839394
3011 2793.5859414788733 15811.850946174627
3013 2568.5293455915544 16937.808325033206
3014 2391.73494889984 15388.000809839923
3015 2195.7541643332643 15529.207231338565
3017 2003.4753023097105 15409.674337895878
3018 2350.6903929614155 15387.378514426951
3020 2364.5381851576253 16367.779085310396
3023 810.0543727720845 16911.682101397782
3024 2843.182085200732 15400.879849299608
3026 2895.000378770429 15399.461568186387
3029 2234.1824416166673 15385.571408452683
3030 3872.482690231074 15297.922958009853
3031 4075.0736601183226 16369.839192061829
3034 2904.732105388941 16369.720144870733
3035 2887.500505437057 15399.417641677961
3036 2865.000864615552 15399.285862030732
3037 2902.691801265335 16349.883061103537
3038 2917.5001046677653 15399.5933483319
3039 1485.5981186197373 15581.155832436223
3040 2841.1210397091095 15107.598255923323
3041 3095.1841020858865 17445.701475629874
3042 2258.2960223756036 16636.437497267758
3044 3684.2999642400864 16140.93542473244
3045 2910.000165519614 15399.549421438
3046 2357.016878491162 16367.685077431011
3047 3573.2877805658204 16264.660789590896
3048 2908.909142613039 15418.301676931947
3049 1208.251081449459 15417.881071552922
3050 2572.570685028529 16944.12680202303
3051 2837.639517449409 15561.97386712753
3052 3046.489595322957 16484.55111738496
3053 2630.6028845871792 15395.811951871658
3054 2569.880603672229 16945.85669807599
3055 3256.2208645421774 15401.216436579825
3057 2833.3405702769937 15407.602655518343
3058 2309.4419228185793 15386.738726704618
3059 3617.345251173295 15187.180446106726
3063 2328.976128921969 15821.429753150394
3064 2886.2953964524727 15420.356027281514
3065 3654.1073983793813 16401.841651333365
3066 4079.9302073401773 16147.412136266792
3067 2842.7729018653395 16371.257054689064
3068 2800.465918593226 16360.752643794449
3069 1888.5909735915557 15577.75256443958
3072 2623.1008057073236 15395.61291434368
3073 3103.4655494345907 15422.961710966494
3074 1617.5701544128801 17499.20714096299
3075 3135.713503533814 16611.62484571872
3076 2893.7864231544004 15420.609562314714
3077 3535.7729396912437 16424.700836060714
3078 2269.881671803745 15386.125124241204
3079 2916.4009211995653 15418.747702472192
3080 3390.830746112914 16523.191709786646
3082 2800.018311608602 16232.945965240231
3083 1846.5596521033024 17252.111005159066
3084 2651.943472994503 14744.823011211964
3085 3807.3376625387036 15213.731266561881
3086 2923.892676219695 15419.193726609401
3087 2259.0201172827324 15707.936119780545
3088 3147.8467190610745 16631.164196286885
3089 2348.8123674103617 15417.493904199435
3091 2817.2598549119916 16360.450236949044
3092 1819.8091053526473 15385.955216311018
3093 3701.8840175407 16358.17343342848
3094 3241.2768552735247 15360.666242143045
3097 3137.1798514226425 15404.798243144793
3098 3747.539572781054 15835.263166293365
3099 2319.89896845128 16357.328153586428
3100 2443.296585615618 16368.763476791706
3101 2369.249666652157 15414.560765596718
3102 3295.753761013042 15427.694632166496
3103 2902.500253249696 15399.505494701525
3104 3036.943994071809 16475.81321157125
3105 3125.998889576617 16595.980415162157
3107 2653.0978069718367 15396.408764277283
3108 1435.6857500405333 16070.523863745084
3109 1893.3338927683815 15402.504887754949
3110 2774.3320438978913 16361.052972800715
3111 2837.0616172781906 16368.217103628402
3112 2300.9098370153542 15760.307218744709
3113 1146.600213515397 16974.72993267608
3114 2333.5317263906923 15414.093581103007
3115 2949.6010734712027 15398.910754730221
3116 4001.95122812485 16169.099153518018
3117 2866.9164521461753 15399.297382827363
3118 3349.989587335185 15428.028736579447
3119 3633.1063840120664 16370.146011387613
3120 3781.3509099927596 15248.388489766181
3121 3329.543865672855 16954.1679480751
3122 3013.5876017041496 16715.253227068213
3123 1816.1047643265465 16348.51388268349
3124 3136.3820315743274 16633.36837338237
3125 2784.5716707328315 16360.948422802401
3126 3658.8852167177038 16382.329290761534
3127 2349.5110457447463 16367.591262958234
3128 3615.2297753916164 16336.888569515417
3129 1627.9064115472872 16288.481442798577
3130 3727.8905019828962 15049.889428183822
3131 1795.3006276275175 16312.366797996398
3132 2312.3989209413085 16357.19108561426
3133 3017.8759077210193 15421.795179428556
3134 2625.9662037148887 16372.554073380086
3136 2353.4755975865564 15955.335244016118
3137 1133.3838405304136 15672.162556777652
3138 3093.0112807139326 16567.83461235321
3139 1841.8384487278406 15776.955832216998
3140 3658.0911158972635 16408.19765508862
3142 2819.565599487399 16606.190731191244
3143 2546.3902940950975 16925.529334048813
3144 1826.5720501723522 16336.355345496564
3145 2615.4045277600426 15395.408724523526
3146 2595.274223475228 16968.61219809152
3147 3685.6531485374358 16452.172756781216
3148 3807.3805440472897 17013.625938747853
3149 3441.125013536929 15426.19150448186
3150 1383.5534479156954 17661.112795066365
3151 3553.282088771455 16223.82905821201
3152 2816.6519569292495 16355.632708150199
3153 3650.123660707267 16395.48561542212
3154 2384.32119044044 16368.02635064034
3155 2372.6283719373832 16367.880203551777
3156 2511.7213752502894 15379.983103725419
3157 2226.3860608557543 17156.31887268041
3158 2822.200187529577 16371.091888340938
3159 2353.926176771659 16906.313655702423
3160 3372.6498808410774 15407.921664770154
3161 4353.37074604514 14932.160406672534
3162 3314.157570413505 17360.818335067852
3163 2575.421737768467 15088.67733304307
3164 2591.6081298243603 16994.122071274145
3165 2849.2366143382046 15387.759376564089
3167 1223.3654519860777 17191.656004671935
3168 2534.6931839978906 16979.532460836057
3169 3124.576971177157 14973.7589540689
3170 1000.2466265805949 16145.81302538454
3171 4351.6709504538185 17335.37834054738
3172 3716.15853690731 15283.972638328874
3173 3616.4292023542707 15923.305146611996
3174 3251.792105826508 16798.949740219196
3175 1398.880304293588 15638.381934215631
3176 1839.4743493008468 16859.456184851624
3177 2705.366492584561 16361.75713403528
3178 3122.5171738327767 16675.318583469245
3179 3080.217060139808 17458.569033911466
3181 847.6746535294931 15753.95900985288
3182 3871.6220395972305 16240.37828811271
3183 3168.749275159187 15573.702704337033
3184 4262.919926733148 15553.410113477803
3185 3155.7152566297027 16654.640696516522
3186 3934.6095886210537 16824.691495120936
3187 3194.6037121441113 15406.564878224524
3188 3605.696361773015 15159.591564893139
3189 3796.1920570131247 16517.818724083256
3190 1003.2129693722546 16187.092062448915
3191 3602.303542699992 16314.628467343795
3192 1334.7900052756204 15267.14910952388
3193 897.641149548502 15486.685033521684
3195 1848.0133834762623 15579.412064431299
3196 1841.4165782142195 17040.07177658994
3197 3865.816134587778 17255.921341577603
3198 3938.2920260176647 15155.236215695792
3199 1830.92118028169 16891.39071549296
3200 2859.473563149874 15228.579339060247
3201 1740.860214579918 16662.74048192774
3203 3299.703675348881 16901.35583874341
3204 3539.2801178414525 15826.433638391512
3205 2701.5788925188485 15312.367276758016
3206 1165.3588787716437 15846.169746024449
3208 4296.827104903953 16028.603676404558
3209 3032.2807473025377 17407.354740081977
3210 2912.9896617019413 15088.342896855305
3211 3053.4143899404976 15051.434190428357
3212 2517.8191840838676 15268.077678471034
3213 1597.4437965917905 16977.278855326393
3214 3869.1721219590504 16036.837372875501
3215 2207.7400363563625 15198.314951346632
3216 1827.4320296594935 16878.236793077147
3217 3011.1778895438006 14408.045156511453
3218 3512.6171161601874 17273.003919396277
3219 3512.4933620528536 15789.052658255358
3220 2848.7417119277643 15089.08579277121
3221 3992.2144095818985 16195.010225327367
3222 3126.2316674242206 17207.591759214894
3223 4082.77211379623 15162.04858405607
3224 2032.565877171163 15887.52260714868
3225 4421.172706892792 15841.440444905036
3226 4303.160391047543 17363.859648217065
3227 2856.5200107349056 15130.418865533911
3228 1860.058801619969 16165.757039478302
3229 3676.428629972439 15664.464076941511
3230 2399.7338182289827 16708.55607208377
3231 3415.150850561111 16922.98897875381
3232 1848.777312451605 15349.835074504244
3233 1776.206325959932 16805.106804786115
3234 1365.4556701090603 15430.393399979112
3235 3965.120395670462 16189.631439414392
3236 2391.0414566473987 15505.071179190752
3237 2816.072127403846 15569.91578926282
