2011 3653.667327554774 15245.609502086176
2311 2802.3939708756657 15400.14113838371
2466 2817.38940594138 15400.505675674265
2513 2757.407786878784 15399.047529458407
2518 2764.905464172908 15399.229797125485
2541 2734.9146299855192 15398.50072341817
2548 2772.4032206728334 15399.412066718049
2552 2809.8916719320105 15400.323406628446
2564 2794.8963084839347 15399.958871078907
2568 2779.9009018509455 15399.594334479547
2616 1365.474221831943 16586.121482322807
2619 2719.9191844324223 15398.136185872667
2624 2727.416872106237 15398.318453792075
2647 1022.4597505783709 16722.210879475795
2649 2901.2604060746307 15399.50071745141
2669 952.1709834341432 17360.7108271367
2682 2787.3985915144312 15399.776602447324
2684 2742.4123550837944 15398.682992247363
2692 2955.104653165016 15398.951850755413
2696 2749.9100294661703 15398.865259843657
2700 3443.5910573933634 14592.7125426631
2710 2668.0944698347475 15396.806640486257
2711 2675.59279599137 15397.005578450799
2724 2304.5915314554354 15096.605702793626
2728 1208.7923081907522 17195.105952925387
2732 2690.5893578850996 15397.403451980961
2737 1011.2637930904724 15645.997629062449
2768 1860.695997739083 15395.126751803351
2771 3150.586685883464 16629.504144223894
2772 2344.740086587405 17535.992808719242
2775 2683.0910823505815 15397.204515359474
2789 2339.0637105123237 16270.284688381851
2795 3905.580848848393 15304.056595222975
2797 2817.549174015902 15394.105676533993
2800 2346.1638410679466 16082.468178178433
2801 1127.9376461400493 15171.024225747658
2807 3457.7081622379765 15696.446256054402
2817 2712.4215131455976 15397.953918351624
2821 2837.9782059103486 15192.755544891445
2827 2349.2035095583874 15985.08098824832
2831 3403.907286281777 17568.40057359238
2832 2998.8920211824793 16383.16005287405
2840 2837.147237259824 15240.3362173173
2844 2878.9237904338984 15416.92583266341
2849 2893.9257582825057 15417.4096361417
2857 2645.5995281430432 15396.209827568397
2860 1754.9772431953309 16924.98834145273
2863 1860.9263626766606 15401.541510130268
2870 2616.3407706615244 15417.160553396196
2871 2353.4746991324228 15867.21567488203
2872 3231.073418764607 15675.263516201212
2873 2863.819791961945 15419.651346612669
2875 2827.6730080063803 15233.1689908341
2876 2638.1012014826993 15396.01088959049
2877 3994.031751944281 16220.148865713867
2890 1833.6419941495508 16356.3492807326
2894 3839.848973341863 15204.14969200256
2895 4294.478847923924 15534.876304528929
2897 4319.083954192548 15995.28926927466
2898 1887.8685020493263 15399.150293023427
2913 2532.9702870354026 17002.975634916245
2916 2908.751242938715 15421.49795118003
2917 3619.372511290988 15313.065817409217
2922 2344.2695106707006 15387.278922814416
2926 2863.921052313636 15416.461014804707
2927 2660.5961621623933 15396.607703012123
2928 2839.3632313055136 15400.931450809194
2930 1497.7296278804681 15861.939883933499
2931 1636.7610875186951 16288.694882593101
2932 4243.573202562317 15512.63721444428
2933 1492.388660138485 15896.188553100837
2936 2531.1580318377355 16996.65784877083
2937 2822.380180479423 16039.833856015062
2938 2871.3117211735384 15419.886242083
2939 2817.4692616528723 15397.305676498507
2940 2886.4252253430277 15417.15824363291
2941 4118.414424225259 16111.794435667687
2942 1294.289461254681 15471.200193610252
2944 3097.738968307652 15406.905810950635
2945 1990.0507558016875 16358.282446897389
2946 4549.785899452745 15377.336293928003
2951 2832.6830002075544 15422.431757822242
2952 1687.6491039252048 16945.80998030906
2954 2901.2688216917963 15421.053756073296
2955 3476.1058571749068 17062.704165414933
2956 2322.797319544982 16575.584067456806
2963 3650.448360193452 15296.332813502911
2967 3670.5020360242916 16354.922573109241
2968 4193.594294384873 17088.47824697888
2971 4999.472330773417 16310.060816094754
2972 3669.4068044995533 15885.989308258442
2974 2878.803563119888 15420.121134817291
2975 2215.4106355159292 15407.16201216037
2979 2851.5792516488164 15407.086419694193
2982 2871.422405982336 15416.693423257198
2983 2526.9809174269776 15412.605172021282
2984 1865.3722394918675 16355.320839960468
2985 2197.2954903296395 15218.867298078272
2987 2872.5007135220912 15399.329788396091
2988 2830.5632716079285 15467.25874826582
2990 2854.481639286771 17258.53819491526
2992 2901.4174449084603 15417.855656207039
2995 1095.5479208233385 16499.81330906676
2996 1935.1160619485222 16356.977531060977
2997 2334.7264588480944 16360.538295340428
2998 3208.4637657203575 16187.320099438894
2999 3056.011964233918 15406.707560472385
3000 2880.000561975124 15399.373714758794
3001 1831.0087711885365 15394.229879845025
3003 2831.2532367926583 15452.742307761779
3004 3929.984821494892 17239.61611251286
3006 3176.0731685372525 16204.561134355188
3009 3547.2340839534395 16438.113736626037
3011 2639.718606844977 15800.52182225486
3013 2468.888083019034 16787.9631741631
3014 2167.9982368319424 15386.009275066586
3015 2339.314966379562 15958.035646703445
3017 2215.262185460289 15416.762011945302
3018 2160.491987090183 15385.853982347659
3019 2361.199309507887 15647.232817496297
3020 2726.5927530732474 16371.497248731926
3021 2341.219228581644 16176.861416621945
3023 1164.4338385983035 16699.78984209702
3024 2827.8840384786577 15523.628155271113
3026 2895.000378770429 15399.461568186387
3029 1847.1201675342813 15382.532570128624
3030 4100.840935879583 15702.259858205853
3031 4023.0295082488524 16181.927554618638
3032 3281.9487012527866 15889.829959274664
3033 3376.3514340456823 15576.847896767154
3034 3144.2388424657843 16642.274500519634
3035 2887.500505437057 15399.417641677961
3036 2865.000864615552 15399.285862030732
3037 2825.4528726820727 16594.181914667657
3038 2917.5001046677653 15399.5933483319
3039 1836.966663489045 15400.817632933135
3040 2829.2491316660908 15427.639128380544
3041 2823.907383046029 17334.22818457321
3042 2340.136958018934 16387.95660793043
3044 3780.443555875273 16289.91036741386
3045 2910.000165519614 15399.549421438
3046 2679.8572707574626 16372.152448769835
3047 3475.1541576326886 16461.220506822443
3048 2908.909142613039 15418.301676931947
3049 1376.2742010108327 15467.165107906776
3050 2572.5486527851176 16944.092355467576
3051 2831.9429547111113 15438.23106958718
3052 3120.8134511381413 16243.874688698901
3053 2630.6028845871792 15395.811951871658
3054 2569.880603672229 16945.85669807599
3055 3421.781491879048 15407.432913282195
3056 3161.7537118481096 15891.361513820295
3057 2825.1292047617358 15582.075206126288
3058 1892.4719198699088 15378.210978869476
3059 3639.0340977795754 15225.987829399666
3061 3431.9243921991783 15657.423862733802
3062 1697.6748921851695 16689.53806616771
3063 2327.203312926797 16292.56779402404
3064 2886.2953964524727 15420.356027281514
3065 3654.1073983793813 16401.841651333365
3066 4479.338421796253 15934.586517878666
3067 3117.2154779321445 16607.856691122342
3068 2788.5678867302404 16360.9076201069
3069 1861.7038529709473 15392.36297482394
3072 2287.2182044662254 15386.394023929044
3073 3660.4056019574946 15310.674864642042
3074 2064.2306237425873 17265.900770533743
3075 2908.106577049008 16358.690975527637
3076 2893.7864231544004 15420.609562314714
3077 3069.8118515414862 16683.03915084682
3078 1866.2438231111314 15380.055916018271
3079 2919.342951134082 15418.922857206919
3080 3869.43457822534 16259.120239008987
3082 2821.2085278603445 16702.439536526737
3083 1904.4951727550333 16841.973630609915
3084 2794.970305149111 14603.800716383894
3085 3955.3201690920073 15443.562122538235
3086 2995.805002452719 15421.43138214239
3087 2331.2652293011133 16108.63899671372
3088 3147.063738429054 16629.90328296817
3089 2526.9011796247387 15415.805172030545
3091 2796.0689390350035 16360.831031866092
3092 1454.4669467435413 15595.865817806423
3093 4175.521436887226 16095.269717521827
3094 3077.2284034054364 15400.667876670454
3095 4280.046338434675 15532.354736081965
3097 2833.26126979092 15409.399007087144
3098 3584.577822190639 15988.158140634278
3099 2319.8923836111594 16357.328033244434
3100 2838.2895163560574 16371.384931320428
3101 2646.2691142686185 15423.33104257526
3102 3736.6149724813877 15272.806840735082
3103 2902.500253249696 15399.505494701525
3104 3170.244623979842 16647.3086620079
3105 3080.815032452187 16265.202771125494
3107 2653.0978069718367 15396.408764277283
3108 1473.1781729542654 15698.087127577353
3109 2190.159621828394 15405.116998170803
3110 2577.6922854702257 16361.928698304098
3111 3048.7182054452446 16488.587705062575
3112 2332.843776340441 16323.718593784868
3113 1162.9177484710083 17133.544094196615
3114 2527.0705846516903 15409.405172264
3115 2949.6010734712027 15398.910754730221
3116 3577.4774352976165 16409.423217028812
3117 2829.7847082595913 15483.63923930348
3118 3780.2871041550006 15248.969150097768
3119 3245.381747351081 16588.71909773595
3120 3918.2192171424554 15378.773669171254
3121 3471.880296829786 17194.734497135112
3122 2618.2370041086315 16933.18431431773
3123 1816.1047643265465 16348.51388268349
3124 3210.8322600285414 16624.588483847612
3125 2781.0668820756046 16360.984207861184
3126 3980.5981352911094 16206.185916407047
3127 2587.856679359042 16372.07563248534
3128 3410.9788549176023 16493.35871438295
3129 1429.8725438293482 16206.191959581283
3130 3789.2814312443716 15217.993098638244
3131 1438.7985666012428 16283.923044535488
3132 1991.9439259864678 16349.551195074971
3133 3407.4734759182684 15428.320427206545
3134 2821.075432916739 16207.931247466928
3136 2505.4353711565323 15576.925519765311
3137 970.4538796448446 15599.60552742542
3138 3305.39538540552 16916.254716658786
3139 1830.6641887106828 16250.029730166545
3140 3673.3783429023374 16432.588358449375
3141 3408.733605074715 15988.629154752813
3142 2613.9585350026277 16931.884999987215
3143 2647.7600007221354 16935.66276538445
3144 1504.5789733224328 16285.50866512055
3145 2255.952983827848 15385.909082203176
3146 2760.432669167757 16876.310937246904
3147 3924.5523682542735 16812.59226017007
3148 3623.9905804298523 17109.30650605524
3149 3893.8105281007356 15187.283665437097
3150 1009.2854456474238 17395.829837735888
3151 3373.9125707221647 15917.914801948165
3152 2768.449294773274 16357.912565578596
3153 3650.123660707267 16395.48561542212
3154 2792.0817620515772 16370.579136859764
3155 2758.5454545972343 16371.049293341022
3156 2514.0929251575567 15222.235935300647
3157 1841.6303548091987 17368.537942171984
3158 3102.0823216982235 16582.833743021263
3159 2391.927864705598 16768.806429958317
3160 3061.99941085977 15400.271940332044
3161 4446.060655272161 15093.286406297198
3162 3754.9902655035903 17144.68984945002
3163 2796.9609828587545 15073.360296809746
3164 2795.393206262806 17295.41494067414
3165 2856.6890443957464 15221.490882892878
3167 945.7558031383011 17345.15246755757
3168 2173.706580154894 17191.042997548808
3169 3267.3243344184084 15137.486837219389
3170 1026.5547958566967 15919.7554818917
3171 4609.08130383651 17196.664796327743
3172 3828.7879705750934 15203.997376364818
3173 3733.470942540722 15767.628633399654
3174 3320.4895331093626 16566.780077798427
3175 1028.1441567643874 15682.47393783774
3176 1845.15 16605.197136524024
3177 2637.03551949317 16099.765098540756
3178 3310.5794028759474 16918.43192028712
3179 3316.498712840921 17351.88192356439
3181 966.4816900896096 15829.820842863945
3182 3761.648255144157 16217.447156664306
3183 2966.243504432579 15631.596806959082
3184 4373.036346516355 15751.19958948635
3185 2838.708014273223 16647.109755903166
3186 4163.511427873767 16889.73466399574
3187 3034.7829390911074 15383.139731853718
3188 3583.465867154584 15120.20305032877
3189 4076.265171026931 16378.125670990888
3190 1054.5935464424679 16499.883901153393
3191 3467.852604011982 16461.62538387203
3192 1536.212036692891 15068.995126460492
3193 937.1873263632089 15439.950674822048
3194 2783.683417646173 16823.772660521485
3195 1645.8042124008093 15666.65771256204
3196 2063.295803585688 16750.636625460327
3197 3515.7942538350585 17455.53809871154
3198 4377.964803616884 14914.983088791862
3199 1833.381190323807 16997.59646494108
3200 2975.1092692711445 15128.187949121211
3201 1548.4272827727716 16766.000135403843
3203 3265.2651686931786 16829.34424778231
3204 3564.3884869194526 15873.306550982948
3205 2540.27661370764 15264.827893296884
3206 953.0568177964695 15953.24377022172
3208 4586.778374461972 15875.052170910623
3209 2948.7739454562065 17501.842494064236
3210 3064.012063854048 15068.609863169899
