2311 2802.3939708756657 15400.14113838371
2466 2824.109614659036 15400.63290973345
2513 2757.407786878784 15399.047529458407
2518 2764.905464172908 15399.229797125485
2541 2734.9146299855192 15398.50072341817
2548 2772.4032206728334 15399.412066718049
2552 2811.397523970501 15400.360013717182
2564 2794.8963084839347 15399.958871078907
2568 2779.9009018509455 15399.594334479547
2616 1115.73480068726 16619.38353017722
2619 2719.9191844324223 15398.136185872667
2624 2727.416872106237 15398.318453792075
2647 1385.3691071990888 16467.507440798836
2649 3490.413350432176 15381.00419631238
2669 571.7108322891953 17394.703108059148
2682 2787.3985915144312 15399.776602447324
2684 2742.4123550837944 15398.682992247363
2696 2749.9100294661703 15398.865259843657
2710 2668.0944698347475 15396.806640486257
2711 2675.59279599137 15397.005578450799
2732 2690.5893578850996 15397.403451980961
2768 1436.9356417299498 15614.505729610593
2771 3150.586685883464 16629.504144223894
2775 2683.0910823505815 15397.204515359474
2789 1832.2750251896548 16356.436381453432
2795 4327.0563990074415 15509.000587563689
2797 2824.5483382089405 15393.13208162687
2800 2474.393013342513 16808.44784285991
2817 2712.4215131455976 15397.953918351624
2821 2721.951586341873 14859.543602930902
2827 2288.4036969686326 16619.330217114748
2832 3143.8902009796975 16624.792612954534
2844 2878.9237904338984 15416.92583266341
2849 2893.9257582825057 15417.4096361417
2857 2645.5995281430432 15396.209827568397
2860 1290.4854314312095 17289.017509348872
2863 1500.111017225501 15806.506919771578
2871 2348.4533660137836 16608.72040808069
2872 3576.488125413149 16263.791881020947
2873 2863.819791961945 15419.651346612669
2875 2556.760545074832 15087.744069897828
2876 2638.1012014826993 15396.01088959049
2890 1479.329756246676 16705.938176303025
2894 4161.1179065680135 15774.60034666643
2898 1448.644935577067 15614.099253116246
2913 1837.1014584959637 17367.290455156497
2916 2908.751242938715 15421.49795118003
2917 4267.484626304688 14957.729865589276
2926 2863.921052313636 15416.461014804707
2927 2660.5961621623933 15396.607703012123
2928 3241.3928948224507 15360.857204865293
2930 1421.3849153113326 16006.9478315289
2931 2228.1929980210534 16355.65217068286
2933 1387.1747004853614 16017.736229249065
2936 1881.414032513469 17357.90298971989
2937 2619.417244190931 16646.405727084064
2938 2871.3117211735384 15419.886242083
2939 2819.539543569631 15397.34933523104
2940 2886.4252253430277 15417.15824363291
2944 3859.2006077548367 15221.300985066366
2945 1445.0929118886263 16540.43877310931
2946 4441.745642197933 15076.518411417355
2951 3266.316749574153 15410.310655103402
2954 2901.2688216917963 15421.053756073296
2955 3799.0106957538487 16865.44374789131
2956 2339.2953553356224 15919.331290384001
2967 4323.642132151134 15992.801297862516
2968 4576.805970870375 17204.39788313207
2972 4022.8458457796514 15560.274791502348
2974 2878.803563119888 15420.121134817291
2975 2198.3732185512094 15308.670724106601
2979 2969.010412286626 15661.507880813197
2982 2871.422405982336 15416.693423257198
2983 2050.3771356204297 15411.213702957302
2985 2507.446883081134 15270.041990135303
2987 2872.5007135220912 15399.329788396091
2988 3163.299045415093 15407.14212631232
2992 2901.4174449084603 15417.855656207039
2996 1426.727341673608 16506.9206414286
2997 1744.180288557873 16387.213711355063
2998 3270.8713188875668 15747.25426561862
2999 3845.5571036333395 15205.866121911095
3000 2880.000561975124 15399.373714758794
3001 1066.0333682570297 15686.820241494675
3003 3181.810292393063 15403.267472363465
3004 3770.192098024664 17317.564363980997
3006 3599.8199190730074 15939.444907602088
3009 3170.098181085834 16647.39063792387
3013 2568.619333468076 16943.884805545218
3014 2482.129029934607 15389.038509137743
3015 2193.9096630180456 15422.71729430737
3017 1888.356212340351 15399.165004576995
3018 2474.628321276462 15388.952403056253
3020 2302.409343843268 16366.53236394054
3023 939.086857745138 16817.595757271283
3024 3098.1058117863386 15401.374481159357
3026 2895.000378770429 15399.461568186387
3029 2451.939204212729 15388.691938205286
3030 3746.839079969346 15263.58106098543
3031 4162.654475707872 16517.625304375215
3034 2818.7171458286575 16371.014981139495
3035 2887.500505437057 15399.417641677961
3036 2865.000864615552 15399.285862030732
3037 3121.0 16231.168300100222
3038 2917.5001046677653 15399.5933483319
3039 1495.6799580944871 15832.269307914785
3040 2875.7166306264076 15208.686295251082
3041 3353.238051061297 17357.8286342866
3042 1921.0119945130366 16832.354818052234
3045 2910.000165519614 15399.549421438
3046 2264.4630357138126 16365.730184248981
3047 3592.276948835562 16290.98161456027
3048 2908.909142613039 15418.301676931947
3049 1040.237058013117 15511.754451156245
3050 2577.5575300503765 16952.230554257574
3051 2823.0771288583114 15970.761671625189
3052 2877.6119591929887 16370.331742242386
3053 2630.6028845871792 15395.811951871658
3054 2575.5318209822944 16955.045003446085
3055 3190.7345147667593 15276.764565207019
3057 3061.175045796397 15400.250507785951
3058 2467.127385502434 15388.866294367537
3059 3600.325041909601 15156.424510014414
3063 2195.3478156124293 15501.287010730008
3064 2886.2953964524727 15420.356027281514
3065 3650.1236542429697 16395.485605108363
3066 3788.952884479439 16309.259903570268
3067 2605.4570177201977 16372.351133908474
3068 3003.0149368966017 16394.264572684875
3069 1934.2012472395093 15605.917246949843
3072 2623.104528725195 15395.613013119004
3073 2916.2339328988896 15421.94216223897
3074 1403.7393332960944 17686.44919998228
3075 3139.9336533541855 16618.42098204426
3076 2893.7864231544004 15420.609562314714
3077 3883.426964384507 16233.999758260437
3078 2459.622907126508 15388.78014501072
3079 2916.4009211995653 15418.747702472192
3080 3176.643603677819 16643.726636225278
3082 2806.213183860017 15883.12841294167
3083 1992.7410854418463 17633.919779468033
3084 2788.290003233551 14960.456745921156
3085 3659.9830538396436 15293.016130477892
3086 2923.892676219695 15419.193726609401
3088 3147.8467190610745 16631.164196286885
3089 2079.6538507660284 15411.423339311596
3091 3019.624469612032 16422.123383175738
3092 1842.7961302943745 15386.825300093002
3093 3723.2189860682565 16506.08166710936
3094 3352.7048986943155 15272.294662685972
3097 3308.052561636451 15407.428884154093
3098 3702.633263900087 15716.657990643378
3099 2426.0763981652426 16357.60910242092
3100 2371.0700605825023 16367.860726411382
3101 2051.485527299118 15408.021426745087
3102 2949.442356717379 15423.86800544221
3103 2902.500253249696 15399.505494701525
3104 2834.027552893671 16371.353042139457
3105 3135.977146312289 16612.04941648991
3107 2653.0978069718367 15396.408764277283
3108 1451.3218497521837 16284.224915207113
3109 1888.0982751266386 15402.362188430514
3110 2814.094745694314 16359.088485770613
3111 2837.0616172781906 16368.217103628402
3112 2193.7056660854405 15432.720990040893
3114 2022.8490705028612 15407.206813463416
3115 2949.6010734712027 15398.910754730221
3116 4094.913100396596 16042.081457724698
3117 3144.8629147568745 15405.487705569603
3118 2998.980411052233 15424.684546925666
3119 3537.3930775901536 16203.141773987069
3120 3471.47001876779 15415.763802239639
3121 3161.522022499842 16677.829247795347
3122 3313.591722640682 16547.661925136246
3123 1820.8216616611178 16347.769392397175
3124 2954.1998878674517 16377.068901809684
3125 2984.7039408781 16376.760362254721
3126 3338.1446541257046 16551.749750326875
3127 2231.5341442205217 16365.03407204931
3128 3522.7157142969227 16178.35114524302
3129 1849.315144294463 16342.298184751393
3130 3631.112859945365 14894.015900814653
3131 2013.7961098438827 16350.473253374557
3132 2394.7157180465315 16360.335043602183
3133 2931.384455150855 15419.639752170162
3134 2385.240089535575 16368.037835846188
3136 2341.014191751571 16338.328909828566
3137 1480.8053331516537 15558.32018592576
3138 2908.1715814960003 16369.642579855717
3139 1849.2572396524474 15440.335603041192
3140 3654.1171539146108 16401.85721624686
3142 2806.3622921165106 16258.75480621828
3143 2351.984242406427 16631.905287494552
3144 2115.6278421042703 16353.59497336006
3145 2615.6062063499317 15395.414075254786
3146 2595.274223475228 16968.61219809152
3147 3658.209473280466 16408.38649377227
3148 3947.20663304184 16937.214048327387
3149 3064.3050095205294 15422.560475687524
3150 1551.562263073984 17549.327340009426
3151 3673.136525726252 16426.166412036426
3152 3027.468349476608 16285.339360550966
3153 3609.1164732094126 16326.360928985627
3154 2358.282952788107 16367.700901936656
3155 2349.5500052555453 16367.591749908328
3156 2586.156475343621 15394.632744939154
3157 2540.924803168446 16971.934564190786
3158 2508.9701295295586 16370.125595070438
3159 2247.399480247933 16934.268491149443
3160 3723.1433808048164 15260.829510826428
3161 4149.594690222046 15045.095046443512
3162 2983.4401914535456 17497.04063474145
3163 2382.0745251819344 15079.550518344799
3164 2581.041355223882 16975.592599795204
3165 2849.2366143382046 15387.759376564089
3167 1604.0546887364023 16982.442478537676
3168 2552.3547011988744 16964.887343253857
3169 2872.3981807386667 15109.752969453719
3170 1054.7453036097006 16444.70078940753
3171 4247.557886982067 17184.161138529147
3172 3417.9738913834112 15428.680547162056
3173 3546.7402087137325 16017.062907836545
3174 3499.400805149728 17144.66401591545
3175 1644.9637788633022 15394.294505009975
3176 1848.7730066915726 17130.034678814834
3177 2798.4908184083247 16360.604516283196
3178 2846.597501729233 16827.288246320986
3179 2879.8862976096575 17444.589418795444
3181 1124.2501990923363 15675.305811385751
3182 4124.380688844211 16099.06502057813
3183 3314.4085143267903 15814.282216999089
3184 4098.023375814329 15645.746419672738
3185 3324.6264224743604 16923.215449140826
3186 3728.4601421791676 16520.471126612098
3187 3468.9180304919105 15394.091974844287
3188 3622.3965244369824 15189.651976970456
3189 3677.028713895366 16438.412509292306
3190 904.7537874510581 15898.057362051597
3191 3508.7903608248967 16154.8306898889
3192 1429.2121732767932 15572.262453613448
3193 1001.2712875756723 15629.049882691468
3195 1849.5894643440545 15408.751605654998
3196 1893.7511723949515 17450.89259561537
3197 4124.603088797428 17104.06198077173
3198 3799.268476535846 15218.07045455638
3199 1927.372126502543 16812.4102633055
3200 2852.4379939903474 15387.787505566701
3201 1824.8787155701675 16610.284874119887
3203 3150.1739198268815 16665.015616452798
3204 3695.2629212663232 15870.669843250698
3205 2778.462353529354 15396.35759192606
3206 1299.464628692787 15783.155863687363
3208 4029.9918421084158 16174.510684265993
3209 3271.4012395463865 17287.381193358815
3210 2855.8311339124625 15248.995623866194
3211 2984.827728481526 15050.332013815432
3212 2475.918978666839 15415.332490264333
3213 1797.3248862288112 16881.887505855502
3214 3731.278197483687 16114.674504308858
3215 2338.3720749872223 15181.183592553103
3216 1831.1652380061976 16513.383551874096
3217 2872.765786996659 14533.230834734904
3218 3855.4998386049842 17075.060403333424
3219 3581.4161110497735 15894.847181025063
3220 2859.9195344934387 15203.876161428863
3221 3658.4448026793475 16382.576706467888
3222 3245.2557595726066 17191.780772026075
3223 3952.0427012590953 15154.910228758243
3224 2038.3416361613254 15611.1027136
3225 4311.4717988145485 15803.467831013315
3226 4061.8261111818365 17506.84445354583
3227 2856.6667949275406 15143.47827706077
3228 1876.9621917377265 16344.79534866068
3229 3789.5220785479805 15670.150175880704
3230 2324.744778716201 16415.371645671174
3231 3319.17167901557 16931.922733443404
3232 1869.0738733872247 15189.222006254386
3233 1744.0880435328238 16907.12020643302
3234 1287.726540467558 15374.143108297372
3235 3883.2552601728125 16046.678675306342
3236 2362.165139450206 15404.86997349875
3237 2832.446006119581 15427.64717926469
3238 1512.7849135458027 16801.94576114832
3239 4180.831064418777 15361.33023610893
3240 3480.3227283424753 17332.745725601446
3241 4131.950341030272 15745.293675476945
3242 2958.4953826214773 16276.592964528987
3243 1341.9974918702255 16441.705690500457
3244 2720.6149689569434 17216.619894265044
3245 2743.131551211159 15418.792849051271
3246 4344.830290110775 15129.550380705643
3247 3722.4559154842636 15041.148888048105
3248 2835.0209666280534 15346.130782461083
3249 1017.4072986972427 16806.51853500993
3250 2388.9390419652327 17528.02084259656
3251 2378.7247342894457 15175.031475832258
3252 4320.615895179328 17353.505774583427
3253 2582.938367529156 17413.613716829794
3254 1983.545641830543 16756.024085363784
3255 3149.6697955810864 15358.609484627048
3256 2943.012227755207 17646.98624491313
3257 4598.3363888477525 16599.303539181663
