2011 3651.024621741155 15240.880778784172
2311 2802.3939708756657 15400.14113838371
2466 2817.38940594138 15400.505675674265
2513 2757.407786878784 15399.047529458407
2518 2764.905464172908 15399.229797125485
2541 2734.9146299855192 15398.50072341817
2548 2772.4032206728334 15399.412066718049
2552 2809.8916719320105 15400.323406628446
2564 2794.8963084839347 15399.958871078907
2568 2779.9009018509455 15399.594334479547
2616 1415.3109963317652 16557.943738514743
2619 2719.9191844324223 15398.136185872667
2624 2727.416872106237 15398.318453792075
2647 1013.5351526123083 16759.716022509896
2649 2861.1632500870737 15399.498003215265
2669 978.1634282412805 17376.63405344716
2682 2787.3985915144312 15399.776602447324
2684 2742.4123550837944 15398.682992247363
2692 2900.0585509002713 15399.49378633737
2696 2749.9100294661703 15398.865259843657
2700 3422.3680124781763 14560.778676349002
2710 2668.0944698347475 15396.806640486257
2711 2675.59279599137 15397.005578450799
2724 2334.757380540475 15096.193613681027
2728 1230.8543596782417 17201.85769581791
2732 2690.5893578850996 15397.403451980961
2737 997.2946234036675 15622.305278378779
2768 1902.2580671733947 15396.235173763122
2771 3150.586685883464 16629.504144223894
2772 2325.828105819601 17502.958177667002
2775 2683.0910823505815 15397.204515359474
2789 2341.388975389824 16185.192376932746
2795 3876.380709380102 15251.955198132733
2797 2817.549174015902 15394.105676533993
2800 2348.5550216963475 16002.976289720822
2801 1121.1247876771283 15185.055698806294
2807 3433.4593854839277 15659.74699513887
2817 2712.4215131455976 15397.953918351624
2821 2836.6755019233146 15267.26502951188
2827 2351.5907698809997 15919.203512867205
2831 3387.4912345294265 17538.109151364617
2832 2951.285030697937 16359.50433306686
2838 3793.6614017330085 15217.4549486205
2840 2836.0673001027308 15301.983973240132
2841 974.4452823415043 15946.037307225934
2844 2878.9237904338984 15416.92583266341
2849 2893.9257582825057 15417.4096361417
2857 2645.5995281430432 15396.209827568397
2860 1807.4509226475968 16897.289799676222
2863 1893.063731855316 15402.500881261829
2870 2695.1368671185514 15418.207800264081
2871 2361.7001353243963 15834.292971061826
2872 3199.725458120148 15623.630370915449
2873 2863.819791961945 15419.651346612669
2875 2826.4217877598667 15304.926471971648
2876 2638.1012014826993 15396.01088959049
2877 3986.6405194498807 16207.350982701904
2890 1864.443589601742 16355.298780859686
2893 3453.2618493127866 16789.47715048885
2894 3839.8488500992717 15204.149655029782
2895 4343.183126594665 15506.60435575052
2897 4297.528578597278 16006.048958762454
2898 1940.2730539955655 15400.379190989117
2913 2568.5136323698275 16983.25961555971
2916 2908.751242938715 15421.49795118003
2917 3560.0148002727383 15345.001715342622
2922 2273.720613289094 15386.184668452677
2926 2863.921052313636 15416.461014804707
2927 2660.5961621623933 15396.607703012123
2928 2833.256131447642 15409.514812498763
2930 1493.063572615712 15798.907607785452
2931 1580.1191891412018 16287.329543512347
2932 4256.032650653825 15533.828078453744
2933 1497.9662971401726 15865.365856892358
2936 2567.0700243313804 16977.03521549675
2937 2823.293412471549 15944.934863691527
2938 2871.3117211735384 15419.886242083
2939 2817.4692616528723 15397.305676498507
2940 2886.4252253430277 15417.15824363291
2941 4039.3699837181475 16155.654544514931
2942 1254.9272888724604 15485.684568001596
2944 3012.479016132627 15406.493127123318
2945 2074.284076940996 16361.709827434064
2946 4485.912234772391 15413.172947686815
2951 2831.9266697616113 15438.573694846777
2952 1644.9998876665918 16968.22017490088
2954 2901.2688216917963 15421.053756073296
2955 3458.130934457282 17069.314284150878
2956 2348.1046326609085 16625.67748073876
2963 3591.6165006050032 15327.999292839959
2967 3611.606960078435 16387.33181489515
2968 4159.2078042273815 17030.248258095646
2971 5042.881230443806 16270.672254338786
2972 3628.9668277720116 15909.112418377214
2974 2878.803563119888 15420.121134817291
2975 2215.411339994029 15407.162013576994
2979 2838.6577001374117 15401.034566902994
2982 2871.422405982336 15416.693423257198
2983 2526.9809174269776 15412.605172021282
2984 1895.7853154455415 16356.04327057148
2985 2195.949341199153 15278.2815133888
2987 2872.5007135220912 15399.329788396091
2988 2829.792433170615 15483.476711956082
2990 2819.8907180175993 17278.366997059464
2992 2901.4174449084603 15417.855656207039
2995 1064.9184661421045 16517.331665756028
2996 2015.7763111452812 16359.630623734027
2997 2337.7879646384717 16340.651232305589
2998 3143.456431734016 16221.92254004034
2999 2971.4278090891426 15406.290918263285
3000 2880.000561975124 15399.373714758794
3001 1869.8657040027354 15395.402998203479
3003 2830.38516256993 15471.006052203127
3004 3936.1425331623072 17237.496692878998
3006 3108.0324375087225 16241.067419856216
3009 3601.5888271913036 16412.021496620167
3011 2640.7803866165737 15762.50360573922
3013 2421.5325567492587 16713.443389299166
3014 2167.9982368319424 15386.009275066586
3015 2338.5867776209375 16032.878721548213
3017 2215.262185460289 15416.762011945302
3018 2160.491987090183 15385.853982347659
3019 2343.929896627895 15659.267274401247
3020 2784.89078623642 16370.679949505602
3021 2336.4079898169825 16187.21812791086
3023 1228.7278974046383 16663.437940602435
3024 2824.8703635453867 15587.954599469072
3026 2895.000378770429 15399.461568186387
3029 1826.6742190942073 15382.879232178162
3030 4136.213070188262 15766.220277863951
3031 4084.729833058656 16148.443900156823
3032 3264.466505984443 15855.643860505488
3033 3398.0403497262228 15610.798964605845
3034 3165.0821573273242 16648.24036102469
3035 2887.500505437057 15399.417641677961
3036 2865.000864615552 15399.285862030732
3037 2830.133865013565 16687.604824427894
3038 2917.5001046677653 15399.5933483319
3039 1873.1383464605476 15401.91035093648
3040 2827.8076986785377 15457.923392510887
3041 2800.203291090902 17298.48635424068
3042 2346.867013923533 16367.91723814098
3043 1498.6021168665393 15723.026064849684
3044 3734.130187069444 16315.755037191759
3045 2910.000165519614 15399.549421438
3046 2745.857894122027 16371.227164407981
3047 3407.7780933757754 16498.809424093717
3048 2908.909142613039 15418.301676931947
3049 1396.9352291675857 15534.574975041733
3050 2571.5962263216315 16942.60327374408
3051 2831.2060345418417 15453.735413908009
3052 3191.1573054366936 16206.558162402473
3053 2630.6028845871792 15395.811951871658
3054 2569.87865397461 16945.853649883655
3055 3462.0239177263607 15398.138664411468
3056 3193.6713008052184 15873.889974786754
3057 2821.817923925862 15663.358964430003
3058 1856.8966047011472 15381.326876142015
3059 3642.3538704500174 15231.928061680977
3061 3421.245185438434 15635.235953281488
3062 1720.8957502712938 16677.430048184295
3063 2325.365077632253 16369.837132111776
3064 2886.2953964524727 15420.356027281514
3065 3654.1073983793813 16401.841651333365
3066 4542.445807741456 15899.621648988672
3067 3139.971300083113 16646.257546899797
3068 2788.5678867302404 16360.9076201069
3069 1857.2356366213644 15390.2127738242
3072 2230.661042517312 15385.516789507996
3073 3729.0514220976897 15273.290151640218
3074 2135.288683667593 17227.58730625574
3075 2860.5960411504225 16356.173573587661
3076 2893.7864231544004 15420.609562314714
3077 2996.216596112681 16725.206065919505
3078 1839.8901492136433 15382.98641609121
3079 2952.3517387165302 15420.715136966664
3080 3946.1489949325346 16216.754632378072
3082 2824.166714418306 16774.316539666655
3083 1979.501304410533 16798.29271356415
3084 2820.6712672114404 14580.018603357094
3085 3993.6651053623273 15507.36801929807
3086 3082.4391461855184 15422.859382761135
3087 2330.155851326942 16182.342517413183
3088 3134.4673667266316 16609.618064921273
3089 2526.901284906154 15415.805173625995
3091 2796.0689390350035 16360.831031866092
3092 1438.0479555887478 15625.266799402543
3093 4251.570481621886 16053.502612884331
3094 3012.310588507833 15399.379015744533
3095 4257.596345272873 15545.15192924425
3097 2832.5796862389393 15424.760196389907
3098 3528.800319994246 16017.975082219938
3099 2316.938543310455 16357.274049999714
3100 2864.916900409949 16370.625456105146
3101 2646.2691142686185 15423.33104257526
3102 3781.3964480711725 15248.363633580238
3103 2902.500253249696 15399.505494701525
3104 3175.3404028076266 16644.456143011874
3105 3144.4713773115595 16231.309058404157
3107 2653.0978069718367 15396.408764277283
3108 1448.7007646937277 15649.105178910604
3109 2269.7411704213946 15405.992603959023
3110 2495.226203575625 16361.319893475607
3111 3089.237603181796 16555.415920846073
3112 2324.859317438999 16406.597629768316
3113 1183.0884756183243 17160.67848033688
3114 2527.074540392599 15409.405232246476
3115 2949.6010734712027 15398.910754730221
3116 3510.472194938868 16445.659754547785
3117 2829.374223453229 15492.275585602174
3118 3840.102897814131 15216.622619045087
3119 3197.4524523455975 16618.64021122879
3120 3964.168794748027 15457.727206407335
3121 3415.990035627179 17225.774250661936
3122 2580.228291786929 16953.971820914066
3123 1816.1047643265465 16348.51388268349
3124 3274.8154741821113 16588.771910960917
3125 2781.0667240118837 16360.984209475067
3126 3988.3718828875835 16216.3942602825
3127 2671.0884318699545 16372.275381995018
3128 3343.8058189093967 16534.507689666516
3129 1431.563335907922 16177.016855385507
3130 3733.6954685662145 15251.517451094465
3131 1425.286668110222 16277.360941388488
3132 1931.0007232308014 16346.971488979645
3133 3409.948580451148 15434.018728663508
3134 2821.4125189802307 16128.612504210198
3136 2507.3007131109625 15504.088579799685
3137 943.6043879419592 15571.127466357211
3138 3356.2770691184546 16987.959842614822
3139 1829.4268609398414 16320.196369134892
3140 3704.233399815659 16481.81746586711
3141 3433.2685431005734 16028.546390317199
3142 2578.3883641672423 16951.321953376908
3143 2716.9824398862547 16897.039853684568
3144 1458.6944112535016 16284.402628995516
3145 2206.3067630698415 15387.3377314931
3146 2826.4635121717893 16838.467652040417
3147 3970.6120879603227 16864.931850348352
3148 3594.9129586761555 17125.091090421498
3149 3956.0357930274017 15152.690155482276
3150 983.1934519946661 17379.072284934566
3151 3343.9100975610713 15864.289656883173
3152 2716.1365853047632 16358.446768480106
3153 3650.123660707267 16395.48561542212
3154 2832.3370242667515 16371.315714471051
3155 2808.1911014072366 16370.782561120375
3156 2491.810743891719 15185.55125220306
3157 1835.6153905626686 17378.124640944676
3158 3128.399871303099 16626.35028826344
3159 2414.532911811585 16752.218513170134
3160 3036.3048762669364 15394.328171041894
3161 4462.249963525463 15121.928511641978
3162 3822.265798888615 17103.85111150024
3163 2780.974375701051 15085.510469114139
3164 2801.9245247512335 17292.287016717775
3165 2856.911219496307 15165.224767425168
3167 894.4365338381672 17303.599678028884
3168 2180.2304327880065 17215.87916124275
3169 3291.096308420342 15174.750023904786
3170 1068.9661773293067 15898.364982444384
3171 4629.497461969133 17231.397318324667
3172 3827.5348317967378 15204.672528672261
3173 3716.210957525399 15734.998391567924
3174 3400.5278343752393 16521.57938980829
3175 1019.7388182007754 15672.093599509424
3176 1847.0127393384214 16521.187488213134
3177 2638.1862190516126 16030.585175671904
3178 3334.474741649812 16950.001083319014
3179 3258.9722379312675 17375.85492663894
3181 1001.9368275717511 15811.770039178813
3182 3730.1680959805394 16161.421766388983
3183 2965.6744928578446 15670.78071501789
3184 4374.952821959904 15767.521866128429
3185 2832.729692345836 16564.16987318151
3186 4195.288593315506 16871.38078687263
3187 3027.677543853948 15353.929042302338
3188 3580.0561103656187 15114.366924031867
3189 4096.424202929585 16412.17052693614
3190 1054.5357365760121 16540.428086202246
3191 3418.3062472049432 16489.270315693924
3192 1585.117403839155 15032.214162524877
3193 900.8477619905814 15468.012251812508
3194 2748.066185874167 16843.39121860209
3195 1604.7446361309046 15681.431475466909
3196 2099.9957303338965 16729.92297302339
3197 3476.5337988342158 17473.35864819891
3198 4416.791597423699 14897.875255471656
3199 1834.3654280905057 17034.071158648156
3200 2959.5796452522454 15100.217993001545
3201 1524.666245247173 16778.75128407695
3203 3263.3955421856276 16812.796034920557
3204 3574.3932022855997 15889.549622319539
3205 2530.79 15264.78373791622
