2311 2802.3939708756657 15400.14113838371
2466 2817.38940594138 15400.505675674265
2513 2757.407786878784 15399.047529458407
2518 2764.905464172908 15399.229797125485
2541 2734.9146299855192 15398.50072341817
2548 2772.4032206728334 15399.412066718049
2552 2809.8916719320105 15400.323406628446
2564 2794.8963084839347 15399.958871078907
2568 2779.9009018509455 15399.594334479547
2616 1060.9095282137312 16650.74038315725
2619 2719.9191844324223 15398.136185872667
2624 2727.416872106237 15398.318453792075
2647 1333.5619538627348 16496.68869726557
2649 3433.3247151260416 15403.85436344661
2669 607.6194895794268 17357.246769987116
2682 2787.3985915144312 15399.776602447324
2684 2742.4123550837944 15398.682992247363
2696 2749.9100294661703 15398.865259843657
2710 2668.0944698347475 15396.806640486257
2711 2675.59279599137 15397.005578450799
2732 2690.5893578850996 15397.403451980961
2768 1441.9679644493522 15614.384998106127
2771 3150.586685883464 16629.504144223894
2775 2683.0910823505815 15397.204515359474
2789 1874.5779775653486 16355.539512579817
2795 4239.203240362228 15559.032965387003
2797 2817.549174015902 15394.105676533993
2800 2417.7964446430806 16719.532640489484
2817 2712.4215131455976 15397.953918351624
2821 2748.4993248883 14898.965045805104
2827 2328.1790892708227 16594.72511343752
2832 3143.8902009796975 16624.792612954534
2844 2878.9237904338984 15416.92583266341
2849 2893.9257582825057 15417.4096361417
2857 2645.5995281430432 15396.209827568397
2860 1251.1656718140846 17252.730452810058
2863 1482.9253895924412 15703.04974755496
2871 2334.894205687245 16530.750543772392
2872 3545.374931976071 16210.334184279849
2873 2863.819791961945 15419.651346612669
2875 2604.6315225634844 15090.199615558859
2876 2638.1012014826993 15396.01088959049
2890 1465.2923424576334 16661.714730272404
2894 4109.794196250358 15681.47218403417
2898 1449.7497681736327 15612.718606390725
2913 1852.43206142206 17374.16664939536
2916 2908.751242938715 15421.49795118003
2917 4189.332871002815 15000.215371246117
2926 2863.921052313636 15416.461014804707
2927 2660.5961621623933 15396.607703012123
2928 3255.8071587364957 15397.263900634913
2930 1419.0334389352292 16061.761244242
2931 2132.342406879133 16353.9004422916
2933 1417.515448587406 16001.855926956356
2936 1960.9306787998532 17314.321820931244
2937 2715.9586109774864 16628.137461449027
2938 2871.3117211735384 15419.886242083
2939 2817.4692616528723 15397.305676498507
2940 2886.4252253430277 15417.15824363291
2944 3829.2537548625005 15203.74812256875
2945 1473.9280235387755 16523.366504936846
2946 4450.833885213465 15101.73119916139
2951 3197.772534679271 15409.789172359126
2954 2901.2688216917963 15421.053756073296
2955 3758.8950290919042 16889.417205723563
2956 2338.9861006625647 16000.018872144963
2967 4244.461259035927 16036.398033269497
2968 4513.592484767596 17240.140472437808
2972 4054.064174007553 15617.240787632933
2974 2878.803563119888 15420.121134817291
2975 2195.7211425828164 15375.10984363204
2979 2969.638051179798 15618.395732714616
2982 2871.422405982336 15416.693423257198
2983 2112.435578427835 15411.658073360151
2985 2499.486593336136 15200.279595536818
2987 2872.5007135220912 15399.329788396091
2988 3117.372394042076 15403.020762340477
2992 2901.4174449084603 15417.855656207039
2995 1366.5168557458535 16302.911422452424
2996 1450.433246829937 16535.84023985055
2997 1818.5116647692432 16358.230481753966
2998 3321.118252564507 15831.950428075435
2999 3810.3602883007943 15213.919712163291
3000 2880.000561975124 15399.373714758794
3001 1177.0046610390173 15687.877771650645
3003 3154.226060757527 15406.32793518436
3004 3833.2903501575433 17279.212931054328
3006 3614.8330593885357 15970.133588473878
3009 3170.09875559273 16647.390316325957
3011 2678.306485774273 15810.206429551918
3013 2568.5293455915544 16937.808325033206
3014 2482.128918362036 15389.03850785692
3015 2193.909638239757 15422.718509396533
3017 1894.2881961094206 15399.316591797557
3018 2474.616190349534 15388.952263796535
3020 2346.6194355588655 16367.524971649294
3023 867.8161769158071 16863.404669581963
3024 2998.61225866431 15399.276728335306
3026 2895.000378770429 15399.461568186387
3029 2444.25438053729 15388.603718533814
3030 3802.9857440424953 15232.934358907876
3031 4137.356361955859 16475.02309286517
3034 2837.163775925182 16371.417040068114
3035 2887.500505437057 15399.417641677961
3036 2865.000864615552 15399.285862030732
3037 3087.315974415813 16252.45162400793
3038 2917.5001046677653 15399.5933483319
3039 1488.0127287186397 15736.73810460672
3040 2860.133675224143 15198.397292973188
3041 3329.150911422291 17346.730021735762
3042 2020.7374209049485 16774.656824551595
3045 2910.000165519614 15399.549421438
3046 2326.526166837396 16367.05673945011
3047 3564.8089464609957 16243.679314354556
3048 2908.909142613039 15418.301676931947
3049 1092.211818418169 15496.886137604244
3050 2572.570685028529 16944.12680202303
3051 2825.8065375413034 15853.623613285246
3052 2964.953835826149 16381.082699287224
3053 2630.6028845871792 15395.811951871658
3054 2569.880603672229 16945.85669807599
3055 3217.423286193318 15321.126139033091
3057 2961.420372402049 15398.999011143982
3058 2466.9664366961897 15388.864446719313
3059 3605.1902301007326 15165.348736027798
3063 2204.572765413156 15603.518610186266
3064 2886.2953964524727 15420.356027281514
3065 3650.387026120635 16395.90581377927
3066 3871.3309002693127 16261.728982344175
3067 2708.523384890447 16371.750569124308
3068 2960.2911747980256 16365.391771536664
3069 1934.4544910256625 15595.745822475612
3072 2623.104528725195 15395.613013119004
3073 2916.386264769833 15421.951205444297
3074 1438.3388133896924 17672.751314533598
3075 3139.9336533541855 16618.42098204426
3076 2893.7864231544004 15420.609562314714
3077 3783.8348412067326 16288.017897663243
3078 2457.769534533978 15388.758868800864
3079 2916.4009211995653 15418.747702472192
3080 3182.4163203701837 16640.495180430167
3082 2800.557233318727 15983.840328823539
3083 1936.215579398269 17529.792889491076
3084 2735.6388561267895 14879.63705202013
3085 3702.6707634926397 15270.030485906325
3086 2923.892676219695 15419.193726609401
3088 3147.8467190610745 16631.164196286885
3089 2156.6570081849277 15411.974721565726
3091 2990.6046490019867 16381.06887930518
3092 1837.1595685108757 15386.271921257716
3093 3681.0449924840345 16438.785742913307
3094 3317.8275377801 15295.020018593881
3097 3229.6418697791437 15406.831219588385
3098 3715.9881111484606 15741.410900133831
3099 2360.177692097479 16356.556839752682
3100 2386.2895246923 16368.050952606081
3101 2144.5260547214957 15408.687758427539
3102 3040.2824011799194 15422.164508253712
3103 2902.500253249696 15399.505494701525
3104 2857.476521304185 16370.837673103695
3105 3135.977146312289 16612.04941648991
3107 2653.0978069718367 15396.408764277283
3108 1425.336773284752 16278.954751172309
3109 1893.3337878802226 15402.504886199455
3110 2796.068534766394 16360.831035993808
3111 2837.0616172781906 16368.217103628402
3112 2194.345801110174 15486.515874925395
3114 2109.249863899603 15408.43511966643
3115 2949.6010734712027 15398.910754730221
3116 4119.716794439191 16088.068864784938
3117 3081.1515670257827 15400.76987442468
3118 3100.0559505183373 15422.870468770807
3119 3564.8865074800733 16250.193063245417
3120 3571.545195916343 15362.578067181652
3121 3194.367049294258 16731.181695789448
3122 3228.0235923072364 16594.589425307702
3123 1816.1047643265465 16348.51388268349
3124 3022.9656218188356 16453.60931621676
3125 2913.0695022586424 16355.740076833332
3126 3429.397298577969 16502.28704354074
3127 2304.015424190436 16366.56631625635
3128 3549.5139398250863 16223.72528789229
3129 1811.68103830344 16325.721253375892
3130 3658.809752586323 14938.640842554456
3131 1915.3026775451594 16346.30699577435
3132 2339.1851190408192 16358.791290380563
3133 2931.384972351892 15419.639782961898
3134 2399.610161762156 16368.217445597063
3136 2346.6703805643688 16226.28338781866
3137 1398.6361213401 15638.523067482327
3138 2991.857365634033 16404.19551806575
3139 1848.412112277586 15528.516431514978
3140 3655.3068006121084 16403.755292313443
3142 2808.317908810616 16358.038854897975
3143 2411.6181075756654 16721.592169840882
3144 2019.2203645086424 16350.698801796201
3145 2615.6062063499317 15395.414075254786
3146 2595.274223475228 16968.61219809152
3147 3660.6076287398228 16412.212740246057
3148 3906.2776621841485 16958.273390412058
3149 3171.686264794526 15424.787323894489
3150 1492.7675016677538 17628.124176268066
3151 3642.526843721478 16376.884789432495
3152 2946.7294289772367 16328.136084455686
3153 3636.951360097126 16373.900414896018
3154 2376.4334039572836 16367.92776217517
3155 2362.400646850302 16367.752368484147
3156 2533.5999953166292 15390.035982067278
3157 2489.262810479239 17003.460364604944
3158 2616.46956676165 16372.46010365911
3159 2269.2207905509053 16938.69195441564
3160 3625.7845067818052 15313.25331806788
3161 4231.425824648396 14999.610839655577
3162 3073.7515858111365 17461.325152048703
3163 2423.520596399677 15081.198543173254
3164 2585.429372673315 16984.2000789813
3165 2849.2366143382046 15387.759376564089
3167 1493.2405953609507 17040.115298839213
3168 2552.3547011988744 16964.887343253857
3169 2933.7776598904 15077.378218064867
3170 1042.8603219749598 16382.08884705244
3171 4293.82164945489 17263.313000691636
3172 3506.981416884448 15397.760773901919
3173 3603.27310189188 15986.474881650618
3174 3426.7773134209006 17044.807842330316
3175 1573.2700097956454 15464.141449186345
3176 1844.1967423609346 17020.559886139206
3177 2788.5188799278712 16360.908120482663
3178 2938.704308816578 16776.786519985508
3179 2918.825203795215 17503.06395540677
3181 1016.7974212011277 15688.433871971736
3182 4083.518212056954 16123.83493554387
3183 3257.9963450305395 15719.612042908771
3184 4139.741123410709 15622.309539869308
3185 3263.729178027836 16826.57874850513
3186 3784.1028828816243 16609.774518497674
3187 3391.8640839012546 15408.068240308237
3188 3617.6266335899286 15181.12102229328
3189 3715.966956463976 16500.53830382423
3190 942.559969947742 15977.803828637732
3191 3539.589397674116 16206.851442727755
3192 1400.2916984454405 15485.530073890151
3193 978.3649933853671 15606.120918532677
3195 1849.5555868294282 15411.97227937504
3196 1850.9843863830044 17340.707869224927
3197 4049.6882373409535 17147.231028843562
3198 3821.7711816392243 15210.089280595861
3199 1865.0590874710613 16852.61337900559
3200 2852.7429988266 15376.320191035935
3201 1813.8602657932092 16623.618090606713
3203 3174.8214397240763 16699.432410741418
3204 3631.897313503155 15907.436800591395
3205 2719.0927973796543 15394.914581880756
3206 1290.3655772620536 15803.32440942761
3208 4106.6520343526545 16132.911807540304
3209 3198.1362496270604 17317.75935991073
3210 2857.0045143195753 15173.525221775963
3211 3024.155753796509 15029.474140309165
3212 2501.9489480904667 15382.409871712012
3213 1729.684974288949 16916.486218222213
3214 3788.73302502635 16083.341615639865
3215 2301.718064212006 15180.614548709562
3216 1830.3576210449744 16622.933105740372
3217 2911.610920366928 14498.308877038447
3218 3758.345441844975 17134.191499027344
3219 3545.6005120188456 15836.695994555485
3220 2856.6384154296297 15140.953348895864
3221 3754.315478592201 16328.718498205115
3222 3202.897869283746 17214.616329078708
3223 4013.290027191869 15120.858030757943
3224 2036.508672471111 15688.025124355705
3225 4360.272798144578 15778.593649325874
3226 4138.099169869321 17461.76704825494
3227 2854.2098508099775 15124.218001864876
3228 1857.1314790275749 16331.201237027746
3229 3742.1469613222057 15698.648342467197
3230 2323.2669622753338 16528.5768974582
3231 3347.858429628334 16960.900469728727
3232 1855.0925705072327 15200.202125541058
3233 1730.1864466775896 16884.2060727572
3234 1332.4628935478147 15353.4053525429
3235 3917.484157362699 16100.804583755847
3236 2392.9715374499033 15424.045262782702
3237 2830.385541292694 15470.998084110535
3238 1483.807397667782 16719.83080625065
3239 4176.142567526205 15312.928815610172
3240 3524.386514962533 17318.991240514963
3241 4167.919517881826 15810.327462441195
3242 2944.978697189914 16253.712461431169
3243 1386.0585434624431 16416.273666432106
3244 2753.9109970270465 17268.191364680973
3245 2793.7065949626876 15419.409352077979
3246 4314.371911477977 15146.51433365644
3247 3746.677977081895 15080.105651661524
3248 2827.8122476994045 15378.624867253879
3249 1025.4365100427078 16834.723860171423
3250 2389.773529096306 17549.56294053312
3251 2372.5772449896676 15159.422266138869
