2311 2867.7065078660225 15599.485145665405
2466 2823.877100773132 15922.0133248084
2513 2851.445822960334 15409.235018434929
2518 2846.47231612201 15435.506658026854
2541 2807.3652764484937 15400.2619902467
2548 2853.622253568179 15470.82689385544
2552 3214.179137138523 15406.713680151996
2564 2841.724152329296 15676.246118314328
2568 2850.0607014702 15521.820873294286
2619 2776.978961358236 15399.523302444417
2624 2792.417197231531 15399.898604171345
2682 2847.1831339289006 15563.021623977722
2684 2822.6822724395943 15400.607228386698
2696 2840.5708332516274 15400.904006591798
2710 2705.4685026566513 15397.784141102273
2711 2718.694036684402 15398.106402672736
2732 2749.800751081962 15398.862603298787
2771 3179.3508683415835 16673.926711239925
2775 2734.9415333835777 15398.501377436662
2789 1307.5268360169637 16618.884970895833
2795 4689.097353809142 15513.640359993948
2797 2813.2525740287706 15013.776409203538
2800 2351.0760197393115 17098.706332241138
2817 2763.75816632337 15399.201906447575
2821 2785.704726913291 14608.251565191844
2827 1854.6249661260433 16871.01627433431
2832 3147.8234308399024 16631.126692896578
2844 2878.9237904338984 15416.92583266341
2849 2893.9257582825057 15417.4096361417
2857 2667.1846383421657 15396.782501762304
2863 1619.0041795694594 15999.860643848175
2871 2564.500582049379 16949.326646256195
2872 3637.6413995487983 16369.800650235964
2873 2863.819791961945 15419.651346612669
2876 2807.71664658904 15397.068633771261
2890 1796.3206168473519 16551.300466582758
2894 4548.022659875798 15869.602466040315
2898 850.1994399599456 15755.981118475936
2916 2908.751242938715 15421.49795118003
2926 2863.921052313636 15416.461014804707
2927 2692.8075557191405 15397.461068663179
2928 3264.649779077603 15133.41206808972
2930 1382.1039216571028 16016.82226727641
2931 2429.525284633264 16720.180946469216
2936 1599.2585607441574 17009.226034992542
2937 2448.5951529737026 16913.73558224339
2938 2871.3117211735384 15419.886242083
2939 2648.1064426050298 15527.319331144363
2940 2886.4252253430277 15417.15824363291
2945 1072.0191384974776 16740.456117496098
2954 2901.2688216917963 15421.053756073296
2956 2261.2031395649524 15582.966184281435
2967 4535.01475536029 15724.858417840584
2974 2878.803563119888 15420.121134817291
2982 2871.422405982336 15416.693423257198
2987 2872.5007135220912 15399.329788396091
2988 3139.900775440697 15363.971390228795
2992 2901.4174449084603 15417.855656207039
2996 1142.6922951252545 16607.869018594116
2997 1227.3703748929559 16664.20548468874
2998 3410.6861939830583 15433.548128754937
2999 4221.770234607955 15891.111480742504
3000 2880.000561975124 15399.373714758794
3001 1012.392383343641 15655.519546465073
3003 3347.777244038623 15274.346594617946
3004 3418.575537419398 17473.600733714407
3009 3074.5372662919794 16537.287494689615
3013 2846.9782068541817 17029.642529540346
3014 2613.955522641123 15395.370280993204
3015 2254.4745786877324 15180.235708188375
3017 1304.5394695478412 15695.469213203167
3018 2602.0303728752115 15395.053895046298
3020 1777.7046135025726 16373.385602516002
3024 3276.4613623454716 15322.36795865458
3026 2895.000378770429 15399.461568186387
3029 2584.6301889890537 15394.592251061675
3035 2887.500505437057 15399.417641677961
3036 2865.000864615552 15399.285862030732
3037 3064.7749067077425 15937.834175212653
3038 2917.5001046677653 15399.5933483319
3039 1424.507349537456 16083.480087107415
3042 1926.9863977597115 17512.644760154017
3045 2910.000165519614 15399.549421438
3046 1730.461181272678 16392.872566798906
3048 2908.909142613039 15418.301676931947
3050 2930.8295339713004 17495.247773993164
3052 2387.2514727257467 16368.06297587527
3053 2658.4616542047957 15396.551072417573
3054 2948.5425632457313 17501.89494434099
3057 3479.391284256107 15389.306489066892
3058 2592.980299206893 15394.81378769475
3059 3564.7218957073474 15094.657793287935
3063 2439.261351522705 15388.546399927958
3064 2886.2953964524727 15420.356027281514
3065 3465.706359614643 16082.060161731157
3066 3180.0440925700973 16641.823107934742
3067 2372.0124092357687 16367.872504710347
3068 3129.358504339949 16601.390744393288
3069 1932.3216930817023 15681.408706984284
3072 2649.348353055852 15396.309287578802
3073 2916.2336227485985 15421.94214382685
3074 951.2611808323106 17359.9781259549
3075 3143.656191465608 16624.415763641853
3076 2893.7864231544004 15420.609562314714
3077 4188.717379013954 15878.695767967114
3078 2500.172403380958 15532.485135135747
3079 2916.4009211995653 15418.747702472192
3080 3089.59852639516 16562.191561235493
3082 2829.2924083459584 15426.729892630352
3084 2849.838776111729 15365.119806187937
3085 3387.498817830246 15325.113857152059
3086 2923.892676219695 15419.193726609401
3088 3173.1215772681944 16675.99619446488
3089 1864.1463641258542 15661.26022128807
3091 3134.500483876924 16609.671396835463
3092 1858.6539444892137 15935.06070224479
3093 3758.206307831531 16893.559018062293
3097 3892.2291153178357 15280.23328536262
3099 2952.416824239653 16325.32749420264
3100 2342.9694521479028 16366.618473926083
3101 1519.3693464801247 15534.056403305734
3102 2923.7160073425266 15422.386336757674
3103 2902.500253249696 15399.505494701525
3104 2379.5175942510573 16367.966311087213
3105 3139.3260013927206 16617.442418309707
3107 2678.972964271268 15397.095257638308
3108 1942.9845449728377 16347.478760284652
3109 1350.8601665604644 15682.769421244067
3110 3171.857868614098 16625.37526735908
3111 2814.094668555946 15840.397254545276
3114 1496.107066028271 15559.90922331068
3115 2949.6010734712027 15398.910754730221
3118 2931.1984184524463 15422.830531262625
3119 3473.160373353399 16047.708017394289
3120 2946.353186542084 15420.369687045815
3121 2810.941258667083 16345.110749979036
3122 3952.291548284432 16200.431354995708
3123 2337.147398007323 16373.191949097707
3124 2421.43111497501 16368.49018298548
3125 3124.379759538605 16593.37296544225
3126 3073.267560132732 16701.883884913575
3127 1696.7519212704713 16406.776957624483
3128 3497.5095877861036 16034.694642504352
3129 2405.9951554522 16357.322824318462
3131 2361.5028166603806 16617.49988236932
3132 2990.7559697710526 16381.179369114185
3133 2931.384455150855 15419.639752170162
3134 2355.23774378559 16367.662840246938
3136 2572.570203509685 16944.12604918705
3137 2161.2469084201803 15385.86960050452
3138 2395.066589789344 16368.160656054377
3139 1864.0432944582976 15391.412073938076
3140 3608.045528667071 16324.516668906035
3142 2828.245624998047 15516.020598669787
3143 2024.3011499411887 16360.653195288794
3144 2747.3591037954247 16361.328375497289
3145 2638.859691812734 15396.03101308462
3146 2662.4350261247973 17091.07721072235
3147 3661.926802018215 16363.378429782226
3149 2938.8537276294537 15420.083578629245
3150 2363.2777405587904 17074.43763112041
3151 4095.6158678984043 16942.59665202214
3152 3603.8374735862844 15946.940097173034
3153 3459.259915062351 16071.171869984051
3154 2337.23571564882 16144.056110053772
3155 2157.010235414223 16697.66617719721
3156 2626.611817564369 15395.706064939923
3157 2720.404330991868 16858.627824021052
3158 2364.511809897488 16367.77875564929
3160 4133.783916140918 15250.77687824027
3161 3532.622908783979 15383.78796898098
3162 2869.3810292232247 17249.386614026673
3163 2513.417154532338 15383.79049367059
3164 2824.626876853739 16572.682423250168
3165 2849.2366143382046 15387.759376564089
3167 2276.5628594979044 16607.643630746217
3168 2680.0337346691917 16895.481719638872
3169 2852.8354854530653 15372.842956875984
3170 1049.2138784747237 16884.555390029735
3171 3903.5504239988463 16786.504067273643
3172 2938.7069437422806 15423.276666425938
3173 3029.051001211003 16437.934301032437
3175 2173.1619583953084 15385.960861456166
3176 1723.4051063769516 17447.391618711117
3177 3149.675010103531 16628.036003387475
3178 2425.419169916171 17060.103880932336
3179 2580.0490607887155 16987.65963823198
3181 1797.9441047277132 15382.355671886342
3183 3619.921840797167 16338.588534091237
3184 3798.9075012161525 15238.805522913159
3185 3704.9413152572743 17511.9759350252
3186 3646.9430175860925 16392.94883486321
3187 3909.517569610504 15311.08083056551
3188 3656.9763862052414 15251.530563245355
3189 3636.352215883249 16372.918502738112
3190 1274.8902818762058 15682.034897955362
3191 3184.692950014455 15605.04003827997
3192 1834.1326881478674 15383.01515082382
3193 1562.6571805061699 15480.17161612023
3195 1878.1942766405589 15389.21079375185
3197 4361.978441932404 17325.867091868826
3199 2330.7712442505417 16444.081981434643
3200 2852.436614363703 15387.839375605414
3201 2118.338255339662 16353.644507825731
3203 2750.237079132061 16371.16577117863
3204 3960.52385894318 16162.881898567348
3205 3159.305627402416 15406.783765129217
3206 869.6616504572188 15754.425743380722
3208 3463.8755183929907 16483.598422652492
3209 3381.5503439947597 17011.56138753707
3210 2852.6360488591245 15380.341205689876
3211 2855.637295455127 15387.903768504639
3213 2296.610233886613 16595.933130154397
3214 3378.199772014618 16310.964541695546
3215 2505.2827666475596 15381.24947422427
3216 1847.6960989642848 15694.64303739892
3217 2683.4826893667027 14803.06975277408
3218 3874.738325713984 16749.818324506006
3219 3255.3712735171543 16172.51464415957
3220 2849.4360488320526 15380.261206707712
3221 3209.2376293016105 16735.193309636892
3222 3363.764674484109 16986.752843228478
3223 3204.3156564000815 15552.334345649579
3224 1861.9568897504198 15743.274794694624
3225 4140.684252503182 16110.756832872477
3226 3673.0816134062547 17448.54260013204
3227 2849.6354844944217 15372.762992918255
3228 2447.1412856679585 16360.964907164544
3229 3692.676248109342 15299.693237519155
3230 2212.3084732673587 15619.259307045599
3231 2994.7665818878377 16408.81665220741
3232 1918.6241276827777 15381.860027559644
3233 2311.070807486614 16587.486110987822
3234 935.0547736406124 15555.671755843514
3235 3533.5051765605704 16226.638383974954
3236 2215.4599917764626 15403.962012055887
3237 2832.4824738695092 15426.879920374142
3238 1817.6220580425952 17314.967267940283
3239 4051.4056449129534 15106.765818570677
3240 3253.0928121331167 17298.430173044508
3242 3436.429251757364 16067.08556403535
3243 1039.111047801035 16666.044306077813
3244 2323.2939049125534 16526.513009179598
3245 2755.1027082396326 15578.49748080695
3246 4576.482323191157 15318.047108730101
3247 3539.4768718080704 14740.300531458795
3248 2854.054141882447 15327.024940504974
3249 1431.4845002057048 16536.613808191716
3250 2173.056157736879 17191.828413298863
3251 2508.4600251884226 15381.860334450186
3252 3815.0982394627426 17648.420160213576
3253 2691.465550476942 17153.784966344152
3254 1911.6109468714112 16834.132048518888
3255 3237.0137322551486 15347.458485732346
3256 2713.860283360315 17188.465841326688
3257 5038.927853301714 16270.700176288203
3258 1058.8017225600672 16913.15090683272
3259 1437.5078056959628 15596.904367836174
3260 2829.7190779818566 14571.892457953634
3261 1336.3450716937457 16755.155121034368
3263 833.0599211154122 16645.259417344078
3264 3723.1499763156826 16910.778748151955
3265 2842.003331682495 15605.528269005512
3266 2593.7243412210514 16965.812158135657
3267 4299.0506075323165 15532.222481148247
3268 4016.932334337491 15895.51336613645
3269 3096.7478557654117 16887.758078821207
3270 880.6164499217557 17106.926645384607
3271 1443.6402719697041 16145.363400825087
3272 3692.0284992716806 16099.837040506589
3273 3550.7901262624696 14758.528744731657
3274 3190.298894350451 14304.303095868592
3275 2122.772440399254 17210.66845051899
3276 2892.993291061944 16160.818531975923
3277 3389.738039508887 15409.652098064687
3278 939.2218026552001 15968.5513420752
3279 1834.0957920527155 17301.872336777637
3280 1841.1689008815285 17238.835020258757
3281 3406.1953794365913 17453.265163825625
3282 2962.9231411728224 15858.211949824796
3283 3220.2921758632156 14295.042445700916
3284 1846.7380644035802 16026.0623955486
3285 3245.494529621428 16585.01316631418
3286 2767.028135088897 17078.996907144203
3288 2505.6211877940405 16690.91836099674
3289 4453.750322630161 15435.331265174162
3290 1063.5011891570646 17023.50886773044
3291 600.3945337136665 17360.159434529673
3292 1105.682959678751 15726.418887038384
3293 2855.157602648648 15280.18287852632
3294 3125.674140074043 15910.108618555936
3295 2827.9438255188184 15373.348596695387
3296 4824.001388004119 17568.69636892346
3297 939.2320994428368 15080.828384536815
3298 4460.831300429191 15439.483373576475
3299 2487.2994513751028 15182.551610733679
3300 2841.617468563865 16353.545582395765
