2311 3245.8472590234187 15699.599579926951
2466 2813.118854971249 16351.802210118569
2513 3065.3336242006358 15596.877112158834
2518 2830.847574490515 16143.85542913947
2541 2910.362004465063 15599.350257484977
2548 3096.763583384416 15593.349169181647
2552 3820.414050953057 15204.883191726112
2564 2961.3092316912184 15969.049100925766
2619 2836.889638340975 15633.891469578162
2624 2857.9896917175092 15599.515872857779
2682 3185.644739397204 15600.439371980872
2684 2970.035007520391 15598.941696141466
2696 3017.994612709589 15599.425419760457
2710 2809.8916382053935 15400.323405808556
2711 2817.389348357166 15400.5056742744
2732 2850.2820009477664 15426.854066978385
2775 2857.606025967982 15399.77137461535
2789 812.811272174855 16929.745156948942
2797 2646.6810481231037 14742.706974638244
2817 3049.341322523078 15399.942844554222
2821 3033.5527256777896 14385.86774577894
2827 1849.0730884699205 17140.856377946515
2832 3413.4743107248432 17032.132165697596
2844 2878.076421664451 15416.899579313269
2849 2893.9257582825057 15417.4096361417
2857 2787.2381350830565 15399.77270177005
2871 2566.864607450401 16953.865899952834
2872 3178.185941137197 16646.534932486957
2873 2857.7191043465955 15419.794284692682
2898 927.1399708267983 15591.786830362209
2916 2908.751242938715 15421.49795118003
2926 2856.933466258232 15416.632443170012
2927 2802.3937618069945 15400.141133301275
2936 1405.3815851526438 16644.71266026972
2938 2869.098514079662 15419.816851101508
2939 2716.728809240419 15951.591300432523
2940 2885.973181288733 15417.144238312836
2954 2901.2688216917963 15421.053756073296
2974 2877.9604256295966 15420.09469981347
2982 2868.2852146010664 15416.59622616101
2987 2872.5007135220912 15399.329788396091
2992 2901.4174449084603 15417.855656207039
2997 1105.3529171028772 16878.224286787896
2999 4558.5523725771 16104.754855934774
3000 2880.000561975124 15399.373714758794
3001 1190.2084674918679 15515.145684814026
3004 3272.2337683486885 17216.37431155425
3009 2837.1603327214398 16371.41713827633
3014 2734.9180017681765 15398.500805385815
3017 890.4421555253772 15860.295897166669
3018 2718.3528061225516 15398.09810739728
3026 2895.000378770429 15399.461568186387
3029 2686.1582754944598 15397.28589100894
3035 2887.500505437057 15399.417641677961
3036 2865.000864615552 15399.285862030732
3038 2917.5001046677653 15399.5933483319
3045 2910.000165519614 15399.549421438
3048 2908.909142613039 15418.301676931947
3052 2377.0070914408907 16367.93493262389
3053 2779.2646525616296 15399.578867332977
3054 3361.2899692906426 17370.97515510212
3057 3944.6409061651248 15373.749575925553
3058 2703.227410795462 15397.726954620297
3063 2588.0398088108795 15388.27820136042
3064 2886.0667919893867 15420.348859814849
3065 3240.091242721494 15696.28483927812
3066 2661.4504765411634 16928.024114607728
3067 2350.9500322267477 16367.609248671839
3068 3143.890199231132 16624.792610138644
3069 1917.9370608429965 15744.74305141617
3072 2771.061482658758 15399.379449222248
3073 2916.2336227485985 15421.94214382685
3074 875.0203574770627 17098.660917408084
3075 2838.691259673359 16831.623201415772
3076 2893.7864231544004 15420.609562314714
3078 2348.467105689784 16150.162659013718
3079 2916.4009211995653 15418.747702472192
3080 2844.6106186014417 16371.20463871343
3082 2822.892475188169 15426.419892630352
3084 2849.83491895522 15365.264824304457
3086 2923.892676219695 15419.193726609401
3088 3464.4778715539237 17090.636543543682
3089 1839.5594718886498 15894.246094029295
3091 3147.8467232258454 16631.164202993838
3097 4187.644908278121 15587.65006122638
3100 2301.551084701246 15761.550191917053
3101 1328.5540313389897 15300.926301123585
3102 2923.7160073425266 15422.386336757674
3103 2902.500253249696 15399.505494701525
3104 2365.154646851548 16367.786790388667
3105 3323.182646977051 16920.974156314776
3107 2794.884998543796 15399.958596135571
3108 2335.6371153585987 16358.521046362792
3109 869.0227546024995 15813.735943821119
3110 3664.911032280008 16413.041210072137
3111 2831.770238958723 15441.864902132858
3114 1320.1736737874255 15262.818528326738
3115 2949.6010734712027 15398.910754730221
3118 2931.1984184524463 15422.830531262625
3119 3758.2855902237193 15832.517537701444
3120 2946.353186542084 15420.369687045815
3121 2824.081658024566 15607.316249986416
3122 4553.553424954214 15866.562787320316
3123 2571.660988190765 16948.725902464965
3124 2394.5130955663076 16368.153737998715
3125 3139.933692194772 16618.421044593208
3126 2595.2743826482506 16968.612109275666
3127 1416.7534942818997 16245.537577157209
3128 3828.558794376608 15793.891345125507
3129 2796.018996602601 16357.631031418721
3131 2569.479553948949 16939.29393883412
3132 3135.9771537076886 16612.04942839947
3133 2931.384455150855 15419.639752170162
3134 2311.4526090205113 16366.723537312288
3136 2575.893478340826 16949.514004265162
3137 2526.6097816307206 15393.052912614588
3138 2386.4988777128697 16368.053569283526
3139 2482.447323251059 15399.170632732046
3140 3348.4011370979265 15878.192605250722
3142 2832.126356465234 15434.372410178015
3143 1918.4040332583252 16184.509637305893
3144 3007.344942534061 16395.27468201562
3145 2759.9954531930043 15399.110435326953
3147 4191.037897841886 16068.83124094228
3149 2938.8537276294537 15420.083578629245
3150 2552.354679488199 16964.887356639796
3151 3574.5786260777727 17255.894510418668
3152 4065.578108637763 15656.132046976934
3153 3220.313461361312 15663.71146305629
3154 2187.518133944802 15422.623373571589
3155 2310.318531248381 17002.696189791703
3156 2746.7259199118857 15398.787854508988
3157 2809.9652418044807 16072.55497878673
3158 2330.548855209487 16367.15047990863
3161 2885.538044740805 15415.989388418784
3163 2673.110127794905 15396.939710822835
3164 3092.014802293157 16249.86950293883
3165 2849.2366143382046 15387.759376564089
3167 2426.353053357754 16357.611144919887
3168 2840.9065594887375 16356.770125763835
3169 2852.8354854530653 15372.842956875984
3170 1282.809197651205 16972.37107626906
3171 3644.7387408320174 16386.66282442067
3172 2938.7069437422806 15423.276666425938
3173 2837.062874421809 16368.217067796355
3175 2562.0410958116713 15393.99294021234
3177 3440.8538974335415 17050.23799352926
3178 1899.8213765319915 17447.1892608339
3179 2574.339937590644 16984.907342249924
3181 2041.3074416918253 15384.72872016509
3183 3875.7336627452423 16470.69386494369
3184 3132.143552649537 15418.512447129999
3186 3183.8167159013133 16639.71126594143
3188 3842.2285294905596 15211.690689713212
3189 3563.844766104952 15999.242421276056
3190 1931.0289832340914 15385.708384988387
3191 3091.0998676372096 15442.613777498364
3192 2080.2352997311696 15384.701752476805
3193 2209.2504102998314 15396.162046331976
3195 2167.998241663632 15386.009275166547
3197 4516.3406247936055 17041.97405788522
3199 2770.9694342853877 16357.886830611831
3200 2852.436614363703 15387.839375605414
3201 2357.799932921069 16356.517087948525
3203 2402.013530677384 16368.247485007118
3206 1327.8130226248447 15673.124310527974
3208 3170.098127958661 16647.39066766344
3209 3081.4132875238365 16542.478557603954
3210 2852.6360488591245 15380.341205689876
3211 2855.636616326741 15387.929301800772
3213 2458.5510656965894 16361.049139724328
3214 3032.0274646105186 16461.990165737672
3215 2352.853009589068 15844.304884018213
3216 1849.5894700039273 15408.751067581174
3217 2857.2689315587063 15326.55889073356
3218 3476.1855720881977 16476.925864502507
3219 3131.955525764121 16605.572992036206
3220 2849.4360488320526 15380.261206707712
3221 3184.096291957394 17060.886991964097
3222 3306.7133038536517 16555.101733138832
3223 2836.6129459078475 15813.759457829421
3224 1848.6578618243393 16449.834300511095
3225 3623.6197754018553 16351.336882639844
3226 3235.374101175515 16797.792285471114
3227 2849.6354844944217 15372.762992918255
3228 2801.081098635754 16360.352852468763
3229 3065.64498222562 15422.582562612719
3230 2193.9096625974607 15422.7173149322
3231 2540.5905330396026 16370.909884928282
3232 2567.840207482002 15393.960185246668
3233 2630.745427342507 16359.12013959722
3234 1156.9659362952143 15679.37193118472
3235 3066.536936564622 16483.18991343676
3236 2294.7445594326655 15386.51076206466
3237 2832.4824738695092 15426.879920374142
3238 2238.803247306673 17145.538666989087
3239 3482.6403082997367 15410.520070858072
3240 3077.993270637671 17126.91074663849
3242 3641.102491057839 16374.5511223508
3243 1366.5792364981482 16573.949134430077
3244 1911.0848777642632 16356.406695572321
3245 2831.414113963254 15449.357551650759
3246 4684.780006138481 15617.958839274861
3247 3677.9374480012816 14963.391855260126
3248 2853.0349212062433 15365.344739672377
3249 1833.8813696784543 16346.381857391736
3250 2553.906883026731 16967.68600055431
3251 2350.5179199686395 15860.393444951378
3252 3483.8326625324107 17147.086058636807
3253 2583.2163477106164 16979.965193838183
3254 1621.5517754999767 16995.417763013902
3255 3187.0088247469034 15408.107221960883
3256 2588.8384313457855 16989.674424880846
3257 4870.815492093358 15732.678499842716
3258 1150.898263146745 16696.800085925493
3259 1500.9141425779492 15861.640479881933
3260 2658.005768685105 14765.668633580086
3261 1467.4998073792265 16515.168937078342
3263 1054.5505562272915 16461.328843175987
3264 3816.4776588757313 16661.863288522505
3265 2821.093472989455 16163.854652413866
3266 2833.6839455621716 16764.959616425185
3267 4424.405000572053 15840.69924561927
3268 3786.310934827701 15471.840751527176
3269 3159.2756032742764 16674.180233725267
3270 880.119927770548 16855.47579732062
3271 1750.3824560679843 16044.58790273135
3272 3511.765409638563 15787.8707972466
3273 3687.8656040123387 14979.386627968704
3274 3389.754901366965 14509.605063746258
3275 2545.9459245912044 16968.838740245275
3276 2819.177483946657 16351.652209487049
3277 3059.903362945356 15400.217445490454
3278 1047.6843051938035 16360.746951687146
3279 1830.8486327037729 16903.33348381382
3280 1830.6469188193691 16895.831185486666
3281 3033.725170208344 17477.43342922894
3282 2909.2681368405492 15602.553748212014
3283 3425.8363061891914 14565.997344459454
3284 2029.62583624781 16351.12612199771
3285 3183.7451448819447 16417.33181853334
3286 3000.8460674830926 17109.99041371813
3288 2400.685942424173 16697.979526831463
3289 4127.102203698956 15629.410039277747
3290 1019.7451839294408 16769.082120782383
3291 959.6188731574886 17356.457135540062
3292 848.867555257455 15777.572990897617
3293 2855.836051860301 15380.431092854196
3294 2963.1479211635033 15842.94815045049
3295 2857.0949010752374 15181.56694491779
3296 4574.2693834197535 17138.713332486728
3297 964.2244803721027 15304.032864410128
3298 4324.152866553162 15652.95829315655
3299 2511.7213751109034 15379.98311557323
3300 3049.302876085899 16485.811586307118
3301 1378.7995338576038 15513.00278399762
3302 3381.8973429795437 17366.182004223923
3303 1839.4355454348515 16852.43842474276
3304 4015.2810153698624 16266.373697189862
3305 1142.1242301617806 16308.417687545818
3306 3832.568384636769 15202.971720577287
3307 3133.830705288911 15852.130008043092
3308 4305.259269330028 16755.19224798953
3309 1449.174969284911 15592.141223620922
3310 3180.7251540838047 15254.039687418877
3311 2855.768266885385 15251.9066245703
3312 1202.7345705979424 16570.379436440824
3313 3429.36751432136 17058.86188572744
3314 3848.581848881113 17266.17972542932
3315 2355.8772258498034 15751.274230738465
3316 1847.6847195404964 15612.982714048127
3317 3089.5115168194534 15427.504298058388
3318 855.8770022594798 16195.002142989459
3319 2347.6394011682064 15745.21895560886
3320 4522.082691499451 15719.750827732048
3321 2957.30164252864 15986.503012105506
3322 2744.8994706270955 14647.259030176265
3323 1008.4536002114341 15381.66366007782
3324 3574.2743565742917 17429.3469173288
3325 2727.6196819616293 15807.713883456483
3326 585.89775871423 16006.869815325765
3327 4373.072912671417 15888.380581134676
3328 4025.765490637087 16962.856705516402
3329 3353.191335043767 15147.054752306047
3330 3613.4212454991516 16333.774123013709
3331 2541.718510792321 17380.450025591817
3332 3524.5053940406574 17207.78618865843
3333 3075.358607694979 17122.970174371698
3335 3620.6686149245393 15910.168096755993
3336 2509.03591993654 15436.333091277958
3337 2213.4754159715294 15583.582316733364
3338 1403.904493951334 15171.000214625277
3339 4880.845365853658 15715.802926829268
3340 2371.1459191047384 14759.688787651428
