2311 3386.3697995706457 15940.87475923961
2466 2813.118795723043 16351.802127359171
2513 3153.6118362100888 15575.095239407252
2518 2842.241855106243 16353.52666785558
2541 3111.421012764075 15590.264690422619
2548 3160.580214685199 15572.871729449402
2552 4044.3944488272004 15083.091923238584
2619 2829.411796185251 15978.619707681677
2624 3070.5758330503536 15596.44884545795
2682 3320.2520198495854 15824.191220084043
2684 3046.8741980959608 15667.866775570363
2696 3066.321791396161 15711.080273791475
2710 2809.8916382053935 15400.323405808556
2711 2817.389348357166 15400.5056742744
2732 2836.0119140989004 15657.509326545327
2775 3077.089133757224 15400.664255819343
2789 867.6520431728807 17080.738885948907
2797 2738.690382957655 14653.134537597509
2817 3217.136414683602 15406.7361597967
2821 3156.695704835593 14314.691501942734
2827 1859.4293132743321 17360.02586902654
2832 3502.8337505900686 17179.152221202206
2844 2744.974826125415 15412.41434313691
2849 2841.4856324922102 15417.089427209514
2857 2787.398566514897 15399.776601839587
2871 2503.9111505841797 17011.83321101553
2873 2686.944993284427 15418.107942416445
2898 843.535660404505 15711.625139654163
2916 2880.1219521429985 15420.162470446729
2926 2662.519746596378 15417.810201922433
2927 2802.3939077964765 15400.141136850261
2936 1289.4021771501186 16710.31494012889
2938 2726.1425808581653 15418.585755772328
2940 2832.2073983015725 15397.475028095412
2954 2865.6511956758995 15419.708766861126
2974 2757.0269793529355 15415.76174486929
2982 2715.797566982336 15415.259163840577
2987 2872.5007135220912 15399.329788396091
2992 2859.725094124922 15416.538040295292
2997 1202.9654999414115 16862.82243038555
2999 4486.045623241245 15963.01203840776
3000 2880.000561975124 15399.373714758794
3001 1339.9704677294328 15454.390633560344
3004 3195.91816876091 17085.41959228577
3009 2837.1603327214398 16371.41713827633
3014 2749.9052834810154 15398.865144469306
3017 991.9840014096335 16100.450626240601
3018 2742.3971398769813 15398.682622367445
3026 2895.000378770429 15399.461568186387
3029 2727.2510539497334 15398.314422771886
3035 2887.500505437057 15399.417641677961
3036 2865.000864615552 15399.285862030732
3038 2917.5001046677653 15399.5933483319
3045 2910.000165519614 15399.549421438
3048 2875.6058287385094 15416.823034904884
3052 2270.6648389156717 16365.861289508617
3053 2779.90089842671 15399.594334396304
3054 3493.535416452998 17325.837623954594
3058 2734.8544394189253 15398.499260192464
3063 2698.094016010936 15338.00450489271
3064 2854.591110510573 15456.954888156675
3065 3152.101709874989 15579.250290274826
3066 2593.7241237999447 16965.812279446553
3067 2130.7803089286726 16362.904149943528
3068 3143.890199231132 16624.792610138644
3069 1918.1726630860146 15775.3394550755
3072 2772.4031559182777 15399.412065143873
3073 2891.81348372514 15420.529036618445
3074 820.2254062818191 16960.498365903783
3075 2909.6099943323534 16957.88076317166
3076 2848.745663036874 15420.100884467942
3078 2468.3638370053823 16169.54676983928
3079 2890.3156673406966 15417.278778091637
3080 2844.6106186014417 16371.20463871343
3082 2822.892475188169 15426.419892630352
3084 2849.83491895522 15365.264824304457
3086 2905.3339944105282 15418.088829289689
3088 3470.014973508556 17199.641010706357
3089 1832.512725090142 15716.865945543512
3091 3147.8467232258454 16631.164202993838
3097 4498.434682645608 15409.817147628932
3100 2193.158346021979 15463.276118962585
3101 1244.8825976715086 15297.26218477952
3102 2906.7922611481954 15421.381655919871
3103 2902.500253249696 15399.505494701525
3104 2172.5220968328854 16363.786565551176
3105 3498.2860946993906 17142.93950477457
3107 2794.8962300236403 15399.958869171545
3108 2577.0974110797974 16361.924306651277
3109 972.3246630226898 16034.82655258125
3110 3815.172392764124 16653.700743946232
3111 2831.770238958723 15441.864902132858
3114 1190.642728884464 15020.217896171078
3115 2949.6010734712027 15398.910754730221
3118 2921.2380244467104 15422.239230915786
3119 4035.172353781357 15674.703142023927
3120 2943.883859066769 15419.796929533384
3121 2831.0579876627357 15456.850228626074
3122 4548.289056245595 15759.433257527413
3123 2742.428896894472 17209.152798005518
3124 2349.6405487888164 16367.592881600724
3125 3139.933692194772 16618.421044593208
3126 2595.274187309037 16968.612218271643
3127 1437.1034561019133 15920.192919614847
3128 4064.534695212365 15656.769338502434
3129 2796.018996602601 16357.631031418721
3131 2653.6621122803517 17071.5613418347
3132 3135.9771537076886 16612.04942839947
3133 2919.4426192671935 15418.92879098251
3134 2058.0996444877696 16361.36769077642
3136 2685.916466781434 17121.593031877648
3137 2690.514661247898 15397.401470205741
3138 2296.868574560857 16366.415232846288
3139 2783.484985187436 15405.444902657473
3140 3199.2719250932555 15629.053428523655
3142 2832.126356465234 15434.372410178015
3143 1901.5669103460846 16142.787558845419
3144 3130.8474589833395 16597.716566085637
3145 2764.9053273074164 15399.229793798302
3147 4428.1866328852275 15935.588249117502
3149 2931.1042793990923 15419.623071813208
3150 2552.354679488199 16964.887356639796
3151 3483.028350106292 17332.00944926927
3152 4268.306799501765 15539.10116267191
3153 3122.1913509090227 15591.235788555958
3154 2173.9653539696524 15412.373751318943
3155 2337.3436769473415 17055.549036108972
3156 2757.4063919075743 15399.047495546818
3157 2820.2639912141435 15700.780068302893
3158 2093.237724955036 16362.110504924636
3161 2606.916323565392 15410.267692358932
3163 2719.4549349544327 15398.1249000216
3164 3383.6379019232463 16094.515296320293
3165 2849.2366143382046 15387.759376564089
3167 2737.4630339843156 16358.228988692377
3168 3023.5739716152084 16287.479416622278
3169 2852.8354854530653 15372.842956875984
3170 1418.2557713040858 16995.72944059685
3171 3558.9931628758795 16240.044208884554
3172 2934.07597522491 15423.00135787015
3173 2837.0616193024193 16368.217103570707
3175 2711.625812638317 15397.934574964404
3177 3610.622146615539 17305.224090879557
3179 2468.015863244365 16815.72719587609
3181 2152.983849509304 15385.698650572254
3183 3805.2714753284663 16512.85480842402
3184 2800.7284893826777 15411.046607951412
3186 3176.643045646288 16643.726948600597
3188 3672.1550926790487 15307.93463369088
3189 3574.962067425436 15890.473198524269
3190 2261.435648532047 15393.53622988514
3191 2980.23488707262 15421.174738128393
3192 2160.4919326870026 15385.85398122214
3193 2595.2503098542134 15401.00892970732
3195 2167.998241663632 15386.009275166547
3199 2788.519013157156 16357.707619172606
3200 2852.436614363703 15387.839375605414
3201 2603.6669233787948 16358.920223535995
3203 2358.4208517510956 16367.702625518694
3206 1575.1956857430043 15462.082266092628
3208 3170.098127958661 16647.39066766344
3209 2883.0954440054547 16367.008051212906
3210 2852.6360488591245 15380.341205689876
3211 2855.636616326741 15387.929301800772
3213 2761.211213254537 16357.986478862536
3214 2859.9859637252007 16370.766097941858
3215 2343.1159749519825 16070.940889951195
3216 1910.3020960569163 15384.900145847258
3217 2856.0354874241184 15372.932882770003
3218 3201.7524874842543 16629.671165913984
3219 3132.0206204848478 16605.677820683282
3220 2849.4360488320526 15380.261206707712
3221 3086.4986352684073 17113.416190033917
3222 3580.5049008142855 16400.51255656555
3223 2830.7129235639363 16160.375527600445
3224 1841.9032840827892 16753.504851872684
3225 3551.27602941332 16226.754630749394
3226 3136.4332589641563 16633.453076937178
3227 2849.6354844944217 15372.762992918255
3228 2978.4107587067174 16369.470169235008
3229 2953.0372888568895 15420.726436968978
3230 2196.064748896152 15404.103380029244
3231 2368.6044062624123 16367.829908503774
3232 2857.796125462754 15403.99489988315
3233 2781.0183635391572 16357.784213729261
3234 1476.2061950696097 15572.619025753518
3235 3066.5181024783556 16483.20049611743
3236 2481.867995151456 15389.03551252991
3237 2832.4824738695092 15426.879920374142
3238 2474.692120604271 17015.348375679376
3239 3134.6396698430403 15421.896698721393
3240 3159.6290794568827 17071.933557933677
3242 3754.883407564129 16556.71134371614
3243 1489.3549760651467 16502.28543009702
3244 1754.827236625974 16382.822059713088
3245 2831.4141195949655 15449.357433163032
3246 4570.796461580278 15725.76041274735
3247 3738.110005637372 15060.266546305309
3248 2853.0349212062433 15365.344739672377
3249 2067.745369509012 16352.671054623273
3250 2553.906883026731 16967.68600055431
3251 2342.4565516473804 16120.696438981267
3252 3290.441364754876 16892.894822963608
3253 2619.007769432915 16932.75972933823
3254 1366.5036633254501 17132.382658213442
3255 3050.5211408615282 15399.97351847776
3256 2595.781334224291 16945.55427938627
3257 4827.191555547902 15744.903808285775
3258 1411.7219184501887 16548.236057635735
3259 1436.3561046833943 16056.660557311467
3260 2781.2750444712774 14949.615972190348
3261 1717.652708711909 16387.10658487443
3263 1012.9952732285064 16243.644478140415
3264 3655.3762959405053 16403.86617180384
3265 2821.0604308898987 16344.682223127784
3266 2816.0574819542435 16433.94303622161
3267 4520.362323870261 15884.804437838424
3268 3694.850303009116 15302.225725396349
3269 3059.2342760554006 16505.805966637316
3270 1139.6574763430406 16703.202789571227
3271 1856.6792322628896 16031.2407187924
3272 3396.3298453323055 15608.121377791227
3273 3747.6980169663007 15075.68914632326
3274 3469.112054973092 14631.113447348092
3275 2545.9459245912044 16968.838740245275
3276 2819.17739131438 16351.652359183934
3277 2957.103746834621 15398.966778276841
3278 1172.6326712028936 16291.512927505804
3279 1837.5748413531253 16917.78885197967
3280 1907.0145991363563 16828.041563373085
3281 2895.2730324737654 17468.254411364836
3282 2842.1385425146973 15665.097247860243
3283 3518.965222164312 14707.372432365704
3284 2317.3731532693632 16357.281992763501
3285 3073.0656374818723 16479.521503085834
3286 3076.0871000128827 17121.592233220716
3288 2331.0302712669722 16424.24070970659
3289 4030.0902659882595 15573.494492084192
3290 1231.939957172329 16650.63908680193
3291 1090.5280789764756 17466.41237824798
3292 1035.768574140291 15684.232402063275
3293 2855.836051860301 15380.431092854196
3294 2965.3889694156933 15689.915976977336
3295 2856.4346664447585 15357.92488670014
3296 4452.187889032421 16941.982604326233
3297 993.8970403928 15408.555688522714
3298 4383.07706799949 15763.185298611994
3299 2522.498319333949 15386.32666304868
3300 3049.302235484438 16485.811299470643
3301 1259.1141724361833 15573.197243441451
3302 3548.47865679589 17305.54068789849
3303 1911.6908620088734 16817.889197064847
3304 3920.7126305960937 16234.457876708795
3305 1293.9726024907661 16224.278340889954
3306 3932.9379365300174 15352.86946099989
3307 3051.118104242404 15685.100409165238
3308 4239.755100969818 16647.520205058812
3309 1578.9183508808312 15453.415862885106
3310 3131.427307692101 15178.176634496382
3311 2856.234930036275 15365.434407688308
3312 1309.8776685147916 16510.029272079293
3313 3268.4114456535503 16853.584311708033
3314 3749.6442588544764 17330.053443299137
3315 2350.422113070493 15863.03714874028
3316 1873.0274794428653 15391.500060548635
3317 2961.6366916682123 15420.868181920867
3318 937.5124214998298 16160.200373019385
3319 2380.514327396834 15799.196447767825
3320 4432.497772143582 15746.009891229576
3321 2857.828142888518 15991.555039548684
3322 2871.2270458232715 14530.311026332127
3323 934.6578436224819 15445.952145717223
3324 3420.531539355296 17476.813650231732
3325 2809.053957877919 15803.345532695943
3326 670.8582818013164 16167.282010651528
3327 4350.9145927706 15779.77461362017
3328 3770.1643730164515 17135.191190600028
3329 3274.951850110164 15143.015487339275
3330 3555.2277215542645 16227.179607870756
3331 2470.4396382069463 17255.23915852155
3332 3419.0461063396033 17047.043927621322
3333 2961.0141015002946 17187.163450940756
3335 3760.6414287429006 15833.002159288346
3336 2487.748849238973 15627.369307058685
3337 2243.238608224764 15586.394968944238
3338 1326.055324459499 15237.92181857714
3339 4751.39841146564 15782.240183744678
3340 2366.701139398775 14902.084701568881
3341 3559.324299162964 14772.279228676372
3342 1303.1865098548228 15796.474074134387
3343 2011.6641113660132 15384.74925589791
3344 1669.7464177192637 17091.019200141825
3345 2860.080691281662 15200.797024034731
3347 2304.1571915673385 15443.140884588598
3348 1194.9636678541995 15834.813701189638
3349 3271.4206766540083 16840.427031812484
3350 2593.3361460338665 16174.851081844741
3351 4309.985853136934 16756.846934339985
3352 4529.546060726681 15240.98868859158
3353 3135.6524421562985 16984.772422020185
3354 2965.901557084185 15873.381879892384
3355 2517.1860435745753 15268.131389619637
3356 1911.9390552099533 17351.784650077763
3357 2963.5199989696325 17562.970276389693
