2466 2813.118795723043 16351.802127359171
2513 3798.506648576058 16074.367204512251
2541 3693.372831097009 16458.45694837179
2619 3309.884783521645 16900.330776495728
2624 3671.8199017758293 16424.065510081637
2682 4142.605507210054 16528.76470180759
2710 2809.8916382053935 15400.323405808556
2711 2817.389348357166 15400.5056742744
2732 3290.420155395584 16780.49675102217
2775 4158.826501952991 15470.904081745297
2797 3422.399164896536 14560.825550733298
2817 4516.110049131173 15722.768256428522
2844 1437.3531036648237 15614.743727089337
2857 2787.398566514897 15399.776601839587
2916 1593.7334290116942 15460.975765764093
2926 2012.467465823521 16359.125884617146
2927 2802.3939077964765 15400.141136850261
2938 1866.2544294344425 15582.411183901224
2987 2920.4483832079354 16359.32284817739
3000 2324.493305559354 15417.175772169827
3009 1801.5877020935343 16364.221416335364
3014 2749.9101160497944 15398.865261948495
3018 2742.4124366431943 15398.682994230061
3026 2503.000847571133 15546.955579466192
3029 2727.4169909403586 15398.318456680918
3035 2505.300404333638 15581.591959177651
3036 2996.83802103305 16381.660372070224
3038 2564.621884931047 15416.376797420136
3045 2419.7839702076903 15415.034710179982
3048 2333.27266169238 16581.34706719359
3052 1036.9276093228468 16661.034610358976
3053 2779.90089842671 15399.594334396304
3058 2734.914742459461 15398.500726152399
3064 3591.2941966520416 16289.289229428698
3066 1933.8096842293514 16645.680387441385
3067 1443.8900564380644 15660.159499593901
3072 2772.4031559182777 15399.412065143873
3073 2334.4166141733012 16564.147004027964
3076 1865.149974172944 15620.092774405452
3079 2341.983667013629 16482.627784102795
3080 2024.6405293166872 16194.828761147928
3082 2822.892475188169 15426.419892630352
3084 2849.83491895522 15365.264824304457
3086 2612.9651104012887 15388.93949411568
3102 2419.6932842728606 15608.14538689312
3103 3032.925038238999 15599.15610725704
3104 1366.9044964706036 16028.586602590849
3107 2794.8962300236403 15399.958869171545
3108 3213.400681135031 16742.016886550064
3111 2831.770238958723 15441.864902132858
3115 2835.5918021516122 15323.119513265163
3121 2831.0579984570927 15456.850001519482
3124 1897.9165488886304 16047.36217049361
3125 3333.8911440255124 16937.597847226014
3126 1175.1368587030934 17532.33700228745
3129 3584.166940242008 15988.377805830303
3132 3342.9448712061844 16951.652701195253
3137 2690.589327177561 15397.40345116626
3138 1474.8290653791253 15893.821929994316
3140 2871.4225600142463 15416.693428029446
3142 2832.126356465234 15434.372410178015
3144 4427.413511237498 16170.27518562614
3145 2764.9054811937267 15399.22979753926
3153 2863.8198187312473 15419.65134745197
3156 2757.4078143870724 15399.04753012713
3157 2830.701879548549 15464.342522972225
3158 1201.3449511070664 16279.262278955754
3161 1421.4467432516878 15601.254971553892
3163 2719.9193267399805 15398.136189332146
3165 2849.2366143382046 15387.759376564089
3167 2826.4156946086378 15554.521201616582
3168 4199.927955695812 15436.827583975808
3169 2852.8354854530653 15372.842956875984
3171 3037.5641667275304 15425.320527436395
3172 2341.5783330073705 16178.262896543878
3175 2712.4216014533163 15397.953920498374
3179 1420.4978700765646 16361.05013042366
3184 2006.3637111029013 15180.713351213932
3186 2606.8246689923944 16958.50278260856
3188 1316.3665721117368 15693.176101507659
3190 3678.8569632593503 14970.940697268356
3192 2660.595989451428 15396.60769842993
3195 2668.094294611513 15396.806635837413
3199 3525.6830655443473 16019.638869835968
3200 2852.436614363703 15387.839375605414
3203 2194.9818749899987 15595.83414281828
3206 2644.039859604978 15396.168448028771
3208 2394.59147183905 16368.15471761403
3209 2837.0616014049933 16368.217104080832
3210 2852.6360488591245 15380.341205689876
3211 2855.636616326741 15387.929301800772
3213 2828.3106354978577 15514.652817985301
3214 2349.511021300136 16367.591262652704
3217 2856.0354874241184 15372.932882770003
3218 2613.3749144448166 16954.848049334545
3219 3010.9752869875992 16766.972028768567
3220 2849.4360488320526 15380.261206707712
3226 2852.1525381898737 16367.786970923846
3227 2849.6354844944217 15372.762992918255
3228 3425.0578508458466 16708.9675244307
3231 1725.3167981122492 16394.994521241526
3233 2829.2996180187206 15493.845237774907
3234 3824.52610026551 15206.293539904913
3235 2357.0113878841394 16367.685008804594
3236 2675.5926697821114 15397.005575102343
3237 2832.4824738695092 15426.879920374142
3238 4042.7247156524218 16153.7931538035
3239 1495.3640712127392 15787.783416802089
3243 1929.5879361874338 15403.04253612872
3245 2831.4141195949655 15449.357433163032
3247 2972.0520012525008 15602.09212922373
3248 2853.0349212062433 15365.344739672377
3249 2859.807189115627 16356.197474237058
3250 3548.798558818329 15847.995654569471
3251 1422.2064931550344 16455.388965918097
3252 2387.020069263603 16368.06008359209
3253 3694.659897058787 15871.035050268276
3255 2848.2709121594585 15408.805275140172
3256 2829.9896426605637 15479.32754633
3257 3247.240068719528 16604.20809266414
3259 2331.7627979006834 16358.225947707399
3260 2850.0343543272716 15357.76662143013
3261 2593.8575239906236 16461.217238094356
3264 2619.9252054884787 16951.193290622734
3265 2821.0604307743747 16344.6832761863
3266 4058.0014919285154 15657.008095015877
3268 2863.9211349681095 15416.461017365526
3269 2844.607061320648 16368.00203774395
3270 1849.104205730123 15454.884259793072
3272 3426.6080633505094 15405.087103139093
3273 2941.76471947365 15602.450985256453
3274 3677.363633792226 15305.10586199526
3275 2829.2924094624223 15426.729869173638
3276 2819.17739131438 16351.652359183934
3277 2792.648401177652 15412.995477647797
3278 2317.078977649911 16357.276616523475
3280 3157.4394698845285 16214.479576033655
3281 2254.6175335353714 17338.18551982275
3282 3001.302992549496 16737.06177022415
3283 3527.4651193989853 15386.59860048332
3284 3210.8897727089475 16725.620135690064
3285 2364.511716702873 16367.778754484461
3288 2516.814817731842 15387.193234667973
3289 2526.7060607572494 15408.819891808098
3290 1849.4192672739039 15424.931931664989
3291 2551.9628274618335 16976.402622083562
3292 2180.290921967097 15385.842434957487
3293 2855.836051860301 15380.431092854196
3294 3580.4184801509573 15337.657272451763
3295 2856.4343578684916 15357.936488290316
3296 4405.200689412604 16397.06607209349
3297 2124.2564299830337 15385.104324611959
3299 2683.090977531181 15397.204512578512
3300 2372.012177893096 16367.872501818823
3301 1445.4379470053423 16560.581799717318
3303 2800.4883695718195 16015.671199944783
3304 2786.793285757625 16370.653277741523
3306 3360.512728364783 16539.62532912134
3307 2871.311654941486 15419.886240006417
3308 4082.5485148211387 15669.116964574341
3309 3645.6126505249886 15302.576457246294
3310 2850.2337888366874 15350.268450988444
3311 2856.234922968581 15365.434673413498
3313 2379.514513847303 16367.966272585629
3315 3179.2289217348975 16673.726836265632
3316 4059.6685791579653 15074.658811474128
3318 1524.864977001028 16118.67825436859
3320 3327.176948822177 16557.894173012348
3322 3635.951517885218 14895.743019843234
3323 2142.844928290695 15385.488891944819
3324 2582.7391780618864 16985.92981419559
3325 2830.345760378068 15471.835049935979
3326 1630.0885128274185 15408.81104140352
3327 3595.7033134903236 15349.45662431848
3328 2580.0490850940555 16987.65967726482
3329 2853.43798805304 15350.190572394466
3330 2626.4756898405367 16947.5384240538
3331 2561.539006389094 16971.360117397
3332 4234.540068501706 16041.74604844908
3333 2327.7349559374097 16270.877120852954
3335 2850.942486658781 16371.024039040316
3336 3203.8685772404933 16189.766050175165
3337 2543.636415813321 15393.50464595834
3338 2161.7919858925416 15385.880877315927
3339 3698.8619158050474 15309.65380141406
3340 2354.964334869183 15914.254899375908
3341 4034.811028219018 15560.107541731084
3342 1500.716534673824 15541.719737113232
3343 2151.3512661017216 15411.936729720615
3344 2331.0583969861004 16125.659917357189
3345 2853.238552340372 15357.688788075026
3347 2622.7526567213467 15395.603677608817
3348 1018.4401636475284 16769.093173790476
3349 2245.3810116132845 17169.856872314194
3350 2489.3171982179197 15389.62064313746
3351 3463.043160097492 16077.561915746372
3352 4094.352662936588 15648.976428772121
3353 2589.705131134449 16967.222720609272
3354 2821.061254436773 16337.175181595081
3355 1544.0516155962032 15516.191436085137
3357 2802.266761604907 17325.209592015093
3358 3832.0018575856398 17089.817473591127
3360 3903.8420791434864 16786.875424663423
3361 4032.184133281302 16909.8317458923
3362 1793.9711901546093 15382.283271885188
3364 2235.246727574681 15385.587916145856
3365 2706.857819437178 16902.68892248829
3366 2426.0945264443267 16740.434911852248
3367 3099.8521855425743 15595.84473384804
3368 1701.241879291544 17162.249134857604
3369 2464.0443987206277 15388.83090252349
3370 2585.429496184307 16984.20027731813
3371 3653.0809068514463 16400.203888621276
3372 2827.139919211138 16762.034438335566
3373 3367.298326825663 15562.682336751008
3374 2653.097698340017 15396.408761395174
3375 3658.09113573242 16408.197686735526
3376 2599.3399051829183 16962.67893379882
3377 1023.463521383153 16298.02578015042
3378 3647.10714285788 16389.94143165825
3379 2376.45513568755 16647.44116804216
3380 2347.3890156144857 15946.732700852963
3381 2806.5209277198146 16185.454438869934
3382 3672.8916670075246 16431.811869202553
3383 2571.8303891948403 15394.25265978965
3384 1417.7924036053128 16090.690040814887
3385 3928.9492498407653 15735.560607052004
3386 3482.2084035559874 17285.676409422776
3387 1423.2742810422078 16541.54096245147
3388 3060.8798115715003 16126.940074092434
3390 1817.1730390798245 15382.706088398869
3391 4100.244424389142 15670.765313493483
3392 3421.165208625996 16084.617742236791
3393 3024.7295767802993 15399.471354657187
3394 2345.1908623214904 16007.388731908339
3395 1818.177539647943 15397.041568716648
3396 2850.4332249861154 15342.770218886959
3397 4461.166135934004 16694.112682760515
3398 2787.8170725457344 16360.915286169637
3399 4295.741236669051 16733.054086313747
3400 3879.6850497591713 15310.653263582979
3401 2349.3753961804873 16081.636399101842
3402 3032.7688373561705 16463.167728932556
3403 1837.2385998366208 15383.071751086853
3404 1808.8782731236643 16876.013383322585
3405 3404.1115650669717 17040.670323245187
3406 3218.2947117448543 15660.386330659654
3407 3623.622267055267 15970.978190512644
3408 2937.0673965366977 16774.038134221373
3409 3347.7881688662683 15870.86265909537
3410 4031.224688170652 15684.953239498378
3411 3694.7980110390827 15302.128899319585
3412 4224.150901853812 16068.561795564208
3413 3662.0748256774423 16414.553646498407
3414 1574.2832955373385 15482.592371193505
3415 3459.221519093025 16071.107017721297
3416 3664.8111160340904 17089.663331556163
3417 1715.7568022074602 16387.859242669183
3418 2855.636614404308 15387.929374078783
3419 3745.2087037042565 16547.217925926812
3420 3307.511673505267 14384.266091776977
3421 1803.7387261347876 17388.833104822897
3422 1408.3838998777535 16550.137378606985
3423 1341.8771582929614 16588.01933155626
3424 2621.078986010124 17041.447059259666
3425 2179.803692401412 17209.18860099516
3426 3150.032742704021 15580.15265315231
3427 3997.851595380846 16886.121497586653
3428 3238.30878075157 14289.571508235524
3429 3141.823193480025 16642.976379329448
3430 2205.1608315358676 15385.429295476126
3431 4287.5188133338 17110.477014983244
3432 920.364208535488 15240.794676138134
3433 4182.924835747992 17071.97
3434 2362.3029765924202 16897.658430565752
3436 3791.6203791603384 15242.7830746045
3437 3584.9045488794973 14813.494800135983
3439 863.6012451466183 15801.945844453167
3440 1262.1912878794715 16245.547258215583
3441 3032.0018086830505 17429.369040469068
3442 3315.7445757343357 17360.185591183006
3443 3522.625149666484 17605.97786179678
3444 1146.692520930366 14963.940935654837
3445 2855.83604921818 15380.431192190425
3446 3330.2391001442843 15234.693775755286
3447 4156.894798009316 16893.556301634373
3448 2347.381007743717 15701.618721737002
3449 3193.564391162107 15619.652408295762
3450 2421.788218796015 17041.476592719366
3451 3450.686923037368 16050.355128290206
3452 3016.174852830938 16056.00181438618
3453 2854.3708410978747 15315.117950571364
3454 3676.324750305118 16938.761894754254
3455 4272.780579623229 16030.837320244354
3456 3129.244863293171 15174.551496494374
3457 1122.7873211988665 16992.204724005238
3458 3650.4484519102202 15822.432664608035
3459 4298.923951036142 16454.05164297426
3460 1313.8096088859525 16511.483178387993
3461 3611.6730459202404 15973.67252584457
3462 2189.7916478336388 15559.775184042734
3463 3399.948769658343 15409.729990614338
3464 4452.5292982699575 15394.256072804565
3465 2842.07097719028 15666.91504440962
3466 3509.521000919603 14698.266180195866
3467 3561.2220634022297 17143.379958174526
3468 3013.6427752496206 16513.323342331587
3469 2955.6862385030345 15099.785537718253
3470 2770.1790254673024 16370.886198499642
3471 4156.48328936624 15236.101517074074
3472 3810.9348808748405 15550.75140240562
3473 2533.3463336348627 15264.79563635419
3474 1035.455647348153 15681.031431366502
3475 3207.990956744868 15326.556524926686
