1005 2822.5363549353096 15433.912442366676
1007 2526.90117702697 15415.805171991178
1008 3838.8327825071033 15203.884460764664
1010 2802.3940416574223 15400.141140104406
1017 2261.312478970126 16924.700838248074
1019 1950.7313389597912 15381.483323829068
1021 2787.3986208841816 15399.7766031613
1025 3124.8981151396533 15587.38873555431
1027 2319.0286051518824 15797.728626247337
1030 2749.910212022368 15398.865264281576
1034 2831.0580013090776 15456.849941515484
1035 2809.8917362039156 15400.323408190889
1036 2742.4125201052616 15398.682996259015
1037 3503.686930484725 15375.329422186354
1038 1802.409705455616 15947.770005116192
1042 3452.6090627490225 17068.774999373873
1046 2794.8962851767083 15399.95887051231
1049 2833.4661670238415 16365.562555184752
1052 2712.421674919488 15397.953922284329
1053 3234.1944363377575 15686.574376977898
1054 2529.5167320158985 15409.442264171743
1056 2826.276955286926 15970.820952968848
1063 1450.268613645446 16583.405410275565
1064 4265.790811090373 15823.153863301268
1067 2833.213101268311 16831.023226245663
1070 2659.775521827089 15411.3757749998
1075 2832.1263593166655 15434.372350185655
1077 2491.086611711566 16989.226183954856
1079 1457.6247441818282 16532.954377055827
1082 4190.771351224888 15582.257762909516
1083 2817.549110243624 15394.10567498411
1086 1975.275434290466 15407.385193436028
1087 1911.0122930546756 15388.115966357755
1090 2357.011360232326 16367.685008458979
1091 2829.131420042546 16007.679184854
1096 2832.4824765571966 15426.879863826865
1097 2585.2397655950294 16372.017332536996
1098 3410.4782497971396 15237.399335765098
1099 3308.7800288208796 14392.011909972556
1101 1894.2638835950333 16844.234364359454
1104 2526.980963773104 15412.605172723803
1107 1641.1918908189857 15417.70352080446
1108 2622.270499968508 17022.867903648486
1109 2391.3966743959386 16368.114786236942
1111 2312.399220158617 16357.19109108264
1113 2734.914770308903 15398.500726829414
1115 2586.033835659547 15416.701277425951
1117 3073.5672420384894 15406.794033757047
1118 3120.609374658436 15406.753489665103
1119 1429.3253428958506 16069.435731498508
1121 4235.217200265875 14975.261341970572
1125 2352.1209840441516 15904.572024985924
1126 3095.01802683904 15595.388147740301
1127 2735.6366738235206 15418.701487497203
1128 4409.464158726201 15457.732932033266
1129 3139.9336899522473 16618.42104098184
1132 1492.2442879773898 15788.903337868955
1134 2831.7702373358625 15441.864936276845
1135 2297.3997649319394 16356.916966830917
1136 2488.5450726197623 16369.618986577123
1138 2128.2714324215576 15385.187388814007
1140 2865.000934477041 15399.285862439909
1141 4007.2427033163776 15688.01098641182
1143 3413.897675351527 15997.499289372929
1145 2275.6578839744034 15543.421589227246
1146 2937.0614867180902 15417.047459102247
1147 2169.837014107402 15392.527547156833
1149 2841.2099135697654 15510.853259779598
1151 2719.9194236388194 15398.136191687747
1152 4022.708445171269 17166.733488954473
1153 2364.5116901666897 16367.778754152789
1154 2831.9711187101625 16040.77523312974
1156 3037.0678004155207 16709.172086581864
1157 2871.422423944707 15416.693423813713
1159 2727.417092312833 15398.318459145272
1162 2194.802289214703 15395.810738902888
1163 3149.442132332994 15580.410242968788
1164 2824.5634889956737 16425.55992468279
1165 2289.8998862389494 16356.77990194398
1169 2831.1342494281685 15415.799989767658
1170 3289.636628841061 16144.11298722024
1171 3143.890205420916 16624.79262010668
1172 2146.725453193198 15408.703509938463
1173 3321.0984225705215 16127.366340619299
1174 2878.9238309400926 15416.925833918382
1175 4502.32275069434 15733.319830768502
1176 2806.692966126222 16105.961070893149
1178 2764.90555467394 15399.229799325556
1179 2700.547464383946 16909.871510747733
1180 1406.270668326256 15633.596189510852
1183 1481.0029385127232 15905.939220703423
1184 1849.1581462927466 16866.457862678526
1185 2830.7018835375734 15464.342439045626
1186 2349.510993947036 16367.591262310822
1187 2829.4846431602678 15489.952423298957
1188 3252.1226197058513 16164.081138399857
1189 2576.0316233833496 15397.3546211261
1190 3860.316752107878 16011.209497965096
1191 3216.3572835812583 17041.56892307567
1192 3170.098145291022 16647.390657961118
1194 1862.15791146727 14969.506187506848
1195 1737.898065721802 16389.805001747092
1196 1486.2441238918589 16516.123471642473
1197 2863.81979497193 15419.651346707042
1198 2482.1235509305034 15389.038446240276
1201 2330.5268131617972 16462.80521624386
1202 2690.589354130562 15397.40345188135
1204 3921.5071912509825 17242.53402373671
1207 3128.064088655885 16599.306215211796
1208 1514.8625999393425 16499.29309766827
1209 1919.6629816999082 15791.382058495732
1210 2975.6758262700573 15998.137415341478
1211 3609.7005864938574 17407.486165777857
1213 2853.8057658726657 15422.075508769944
1214 3734.969183289976 15252.644782011092
1216 1593.654208596379 15461.063810222095
1217 2474.1681378149547 17039.745412345696
1218 2938.9486077278775 16331.978465319566
1219 3147.846708366336 16631.16417906406
1220 3512.5366364055676 15394.733571001021
1221 2337.662085868656 15842.125051058301
1222 2830.3457653936375 15471.834944411501
1223 1646.9805392843389 16967.179433896326
1224 2683.189461033256 16893.74311283763
1225 843.3381516656351 16641.547366439543
1226 2346.069309183092 16359.902854959711
1227 3357.1207789915497 15465.42836658719
1228 3225.8309128002643 16616.192526449922
1229 2630.4003196591616 16359.117591724973
1230 2325.1854015400904 16381.618591948063
1231 3460.119066504449 16072.623009675182
1232 3792.5400013796357 17113.721319036074
1233 2429.9195525241694 15388.439158633504
1234 3949.7351457810087 15382.839206037608
1235 1451.9607151614468 15598.812826813666
1236 3893.497186178589 16249.48763072333
1237 2808.7490631471865 16356.401479748305
1240 3700.0473497953067 15292.766655919911
1241 1555.9158899454908 15487.381731731803
1242 2319.8989442184884 16357.328153143559
1243 3603.30678020355 15924.336044476027
1244 2847.8818170640866 15414.700630967744
1245 3055.4651762150297 16475.994715684134
1246 1902.4090074304736 16835.78596611693
1247 2580.0490652061126 16987.65964532604
1248 2843.4355487066596 16368.035429071891
1249 3600.6895904959556 16412.51353415928
1250 3135.9771850339953 16612.04947884741
1251 1703.8958844410495 16403.830216700455
1252 2530.8794192198784 16370.669017411372
1253 3737.930641379761 17155.368800388256
1255 3637.92914336912 16370.37158084778
1256 3251.7261734007925 16831.454406142217
1257 3552.3058145860005 16228.528010797978
1258 2109.8766332680075 15395.043536611243
1259 3053.8707163068507 16480.033665210303
1261 3084.27821957417 16522.722578527348
1263 2304.899493594316 16357.05402897595
1265 3372.128263096591 16110.615047801442
1266 3093.8788861453127 16544.254307941465
1267 3078.212282179772 16543.364200064847
1268 2880.000749564259 15399.373715857497
1269 2850.254366778416 15349.494778894912
1270 2092.9525147533855 15384.692942490647
1271 2455.556706324239 16368.916714520194
1272 2455.347027579861 16361.025485952603
1273 3453.5470326469617 16061.426552189048
1274 1532.6664326445498 16865.71351618259
1275 3293.138990861003 15407.315115987163
1276 1920.261872931434 15378.690486921509
1278 2355.8785008012464 15394.576233095826
1279 3521.028406835085 16175.501218316242
1280 3025.7008217393745 16432.31511736186
1281 2871.311651288176 15419.886239891874
1282 2193.909661763732 15422.717355816974
1283 3132.0206277517177 16605.677832385863
1284 3193.5250887310112 15406.556679105326
1285 2999.478641631165 16730.709057367258
1286 1437.5077830940998 15596.904300698054
1287 3526.958494762533 17211.457585701126
1288 3611.8621704979932 15942.299018289503
1289 4567.676159401906 16112.183654592014
1290 3346.193107628692 15428.009472093803
1291 3311.2962067990647 15490.900130232729
1292 1893.3486274864254 15396.100275158087
1293 3158.3867320160653 15424.431423214635
1294 2320.973902014388 16586.396611117038
1295 4518.520093973012 16022.638999420764
1296 1200.924094541633 17205.770387556837
1297 2474.3932811875757 15388.949704860393
1298 2042.3683913057475 15572.187843077294
1299 3066.6275671164826 16483.13898905551
1300 2829.989286520826 15479.335039289675
1301 3340.423757338398 16958.55873719337
1302 4109.8782306578005 16131.16114479786
1303 969.2071935765763 15707.41731389425
1304 1440.3917152397955 15652.922232598308
1305 2466.3672775747336 15388.857568536665
1306 2450.9896296733014 15388.681037349592
1308 3797.233170744203 16624.841170700227
1309 2872.5008309383793 15399.329789083795
1310 1849.5894697480476 15408.751091907188
1311 2322.647754628828 16921.03105214232
1312 2312.812384026043 16593.87488240015
1313 1875.7402777363689 15367.881262806044
1314 2296.7597203215405 17112.395949536778
1315 3552.889686909897 16435.018930740447
1316 1430.447181935962 16552.539471083022
1317 2943.520718287078 15989.960505832001
1318 3645.361303725642 15230.747125719729
1319 1464.0057103616482 16284.530656559027
1321 2841.16884407611 16675.97053584698
1322 2558.5016479891497 16922.13040993851
1323 3165.157275828522 15407.308880117534
1324 3152.4178180019403 16662.4605260542
1325 2083.4350836607327 17242.987329853935
1326 3328.204516994071 16952.065164138236
1327 4388.056984768699 15480.555896469095
1328 3745.189081667497 16543.06706374194
1329 1937.8581689305363 16347.261762441984
1330 2843.758709815706 15474.359826640422
1331 4258.66676001816 15531.993993817912
1332 2974.48588282258 16383.005020441266
1333 2496.9043934409056 15584.32585964239
1334 3976.941486828872 17555.552370467674
1335 4327.242223268814 15806.24330078023
1336 3174.550899892408 16422.497970868397
1337 4481.547311252921 15442.471942245613
1338 1538.3972947614202 15602.755212511567
1339 2857.5933741803715 15216.079791608443
1340 4547.059776286796 15756.868894454532
1341 1039.8601128299251 15913.044845136186
1342 3476.0998584267777 16682.98139933502
1343 3566.837648345355 15098.172244322619
1344 4091.4008130714888 16397.412717068924
1345 2777.258559145897 17286.645519918013
1346 4444.2100999866925 15379.922515203949
1347 3842.5231355101982 17273.601197983924
1348 1581.365662844666 17515.033946772965
1349 1085.3533163457419 16733.25111092757
1350 3124.237614282905 17210.60355467585
1352 2039.9162797880767 15510.248832403222
1353 3706.3164274450337 16485.140927276
1354 3670.304302360353 17443.618611271526
1355 4057.0136699229306 15523.350744478554
1356 4247.717326529728 17184.43392086299
1357 848.510497897403 15181.7988021685
1358 3342.191236209013 15409.289387300365
1359 2855.6432699712486 15387.67914368761
1360 3941.5296585221836 16437.17433056747
1361 2206.835465993375 16364.511945416738
1362 2501.679750531734 15207.748058871923
1363 3854.4207758809894 16372.707915025823
1364 1837.8791725975007 15934.21487300894
1365 3495.485299856539 17468.779009313283
1366 2542.434261197278 16170.713299460858
1367 1292.9328043176756 15802.997360949652
1368 4449.106591717751 15394.741492449128
1369 4044.0964268079565 16913.269724326863
1370 1301.955194424689 15764.899628461664
1371 2340.1216166052895 16389.029330888665
1372 3962.580026082149 16172.114355970218
1373 3064.229279881233 16132.323256811846
1374 3887.517223629295 16026.224665246973
1375 3278.1867117153697 15985.435072600656
768 3428.5376596722326 17037.64425172101
781 4211.838042293734 16493.927417720457
791 1614.7395396734205 15431.185344768372
798 1247.2050038492673 15578.436232955783
823 2028.1821234596964 16168.246499558421
833 3064.925008849347 16853.798656348637
837 2822.8924764962057 15426.419865110072
839 4180.592679536332 17067.865858570036
858 1713.8344635523697 16939.465148926363
890 1544.8991338538697 16481.629292421105
897 2817.3894306919083 15400.505676275949
905 3162.859093642407 15571.672237972492
928 976.5418972872687 15710.38807626983
929 2863.9210713706548 15416.461015395136
940 2175.5740046759497 15409.408000410882
943 4260.918915337891 17200.68825255427
945 856.5693028322414 15786.653553752412
947 3347.4435741903653 15519.738414828362
948 1637.970395481514 15416.206544260254
964 1930.0894649116888 16356.858129538614
970 3242.713821075777 15363.031012636515
973 2757.4078907033554 15399.04753198237
976 1246.6897286566098 15812.10941384301
977 2772.4032424874026 15399.412067248359
982 2779.900958920799 15399.594335866908
986 1847.9258728373763 17087.952902268004
989 3150.9825310311376 15576.242845422576
992 3601.6922455322137 16313.575760206566
997 1595.5801400057303 16451.96368062146
998 2831.414119491025 15449.357435349872
999 3520.7021536342036 16440.127377078556
