2466 2813.118795723043 16351.802127359171
2541 4179.400289193998 17065.152779403517
2619 3083.9610255134 17118.429123872964
2624 4187.455406208873 16947.40802620906
2682 4457.191721943666 16353.344598346117
2710 2809.8916382053935 15400.323405808556
2711 2817.389348357166 15400.5056742744
2844 1175.5432620798763 15330.40421980985
2857 2787.398566514897 15399.776601839587
2916 1107.7180943282713 15757.915026467377
2926 1440.3974426664688 16534.430015248938
2927 2802.3939077964765 15400.141136850261
2938 1849.1966409971767 15723.399215719552
2987 3319.5439007065943 16915.32542773683
3009 1480.960025360886 16708.978462143576
3014 2749.9101160497944 15398.865261948495
3018 2742.4124366431943 15398.682994230061
3026 2338.4379219878942 16293.185215774363
3029 2727.4169909403586 15398.318456680918
3035 2341.7012322988726 16290.930891692724
3036 3341.0478167980837 16965.941574109565
3038 2343.1020157967 16071.994151839614
3045 1992.6513676798536 15409.263844330344
3048 1851.3951071149258 16865.49616661965
3052 744.3629684746588 16544.435557230634
3053 2779.90089842671 15399.594334396304
3058 2734.914742459461 15398.500726152399
3064 4045.591839789799 16914.170071417488
3072 2772.4031559182777 15399.412065143873
3073 1854.6250621256565 16871.016218427532
3076 1900.9416461065205 15855.887271356516
3079 2701.6061417878645 17119.398644615078
3082 2822.892475188169 15426.419892630352
3084 2849.2342740634026 15387.847364241828
3104 1090.5053003913492 16255.328929483783
3107 2794.8962300236403 15399.958869171545
3108 3616.7305006313886 17336.739744486902
3111 2831.770238958723 15441.864902132858
3115 2735.1827418991343 14878.96745843746
3121 2831.0579984570927 15456.850001519482
3125 3354.6776212478576 17255.587067566783
3126 826.6000736340511 17250.046027882974
3129 4051.9559318775264 15660.700654409298
3137 2690.589327177561 15397.40345116626
3138 1280.7708872838825 15563.670188620292
3140 2871.4225600142463 15416.693428029446
3142 2832.126356465234 15434.372410178015
3145 2764.9054811937267 15399.22979753926
3153 2863.8198187312473 15419.65134745197
3156 2757.4078143870724 15399.04753012713
3157 2830.701879548549 15464.342522972225
3161 1156.0812400311904 15637.090137505436
3163 2719.9193267399805 15398.136189332146
3165 2758.6503336576707 15418.982020936048
3167 2828.9212854091556 15501.805121750273
3169 2848.270104314499 15408.818316065948
3171 2878.803503815922 15420.121132957926
3172 1872.6212765657194 16355.493033206902
3175 2712.4216014533163 15397.953920498374
3186 2593.7241327248016 16965.812274466898
3188 969.1456837571573 16027.259162685818
3192 2660.5960919383465 15396.607701149009
3195 2668.0943949359494 15396.806638499118
3200 2846.7343529280474 15569.447229584626
3203 2187.359506567179 15430.119985936277
3206 2645.5995373476517 15396.209827812603
3208 2372.0803824221125 16367.873354298774
3209 2812.457719793404 15799.137794438795
3210 2838.2518833441395 15416.886068345348
3211 2996.7246372552713 15399.262633193364
3213 2829.2774050488238 15494.312584915113
3214 2103.316465321967 16362.3235680983
3217 2926.5973823751483 15399.646836115196
3218 2600.274374555901 16962.157543213412
3220 2791.803225401718 15412.985175068
3226 2812.166193330339 15896.13062586129
3227 2848.9027893280654 15395.595437450544
3231 1078.1759455250126 16748.56010937126
3233 2829.63352238561 15486.820096531173
3235 2137.1374127937993 16363.03853823765
3236 2675.5926697821114 15397.005575102343
3237 2832.4824738695092 15426.879920374142
3238 4443.516677963444 16162.25932093243
3245 2831.4141195949655 15449.357433163032
3247 2827.6097671820366 16147.284081908405
3248 2851.8386883633125 15401.472335077868
3249 3312.700097494572 16555.47045988443
3251 1118.8997977382119 16569.894219713828
3252 2364.5132324457068 16367.778773429543
3253 4004.435873901951 15549.811106858933
3255 2509.2033116017387 15429.796865231105
3256 2829.9896426605637 15479.32754633
3257 2679.119642925887 16918.165538959016
3259 2809.2780393089947 16359.556462435492
3260 2849.5221916319088 15377.02248238895
3264 2606.8246165863975 16958.502811848677
3265 2821.0604307743747 16344.6832761863
3266 4179.985014920931 15395.989838246334
3268 2863.9211349681095 15416.461017365526
3269 2813.41961137515 15859.906560144467
3270 2507.866174332057 15396.249918977379
3273 2831.8240257192515 16054.270362266314
3274 2962.9464043991893 15602.33865630011
3275 2826.092409462422 15426.56993601428
3276 2819.17739131438 16351.652359183934
3277 2472.155590311187 15418.51263974138
3278 2339.2560255475746 16449.554353000953
3280 3240.8535285319813 15697.540120042493
3281 2550.124107253372 17388.735042091143
3282 2608.3756723325755 16961.301811288216
3283 2538.2394357208627 15408.946789186377
3285 2333.660743370229 16290.389673528836
3289 1725.7042221566346 15391.14034164331
3290 2577.8862989111435 15397.398329834676
3291 2937.274484021364 17501.416292447662
3292 2490.553473724227 15389.734664396976
3293 2964.06677653717 15399.018772226233
3295 2863.0614592760103 15395.96333456336
3297 2445.6199349682233 15388.619394724752
3299 2683.090977531181 15397.204512578512
3300 2349.511079812237 16367.59126338404
3301 1789.1303827802406 16893.232593549215
3303 2829.2924082733234 15426.729894156399
3304 2388.9145262853294 16368.083762175493
3306 2740.242164526824 16884.062005723645
3307 2871.311654941486 15419.886240006417
3308 3800.079859472526 15217.634135069316
3309 4088.4121748864445 15638.075244996124
3310 2849.7948518611965 15366.77123310487
3311 2891.585442593497 15399.444416545259
3313 2357.0114437418283 16367.685009502753
3320 2868.3723792280107 16370.54010774237
3322 3837.600826560151 15214.318766664906
3323 2456.2608422754106 15388.741549426857
3324 2395.099986314036 16701.117537901704
3325 2830.345760378068 15471.835049935979
3326 2248.390025637897 15393.39257169006
3327 2878.928408855957 15416.925975752294
3328 2414.5361781211864 16732.31780148061
3329 2852.5680665245072 15382.897148156788
3330 2613.374849582199 16954.848085524878
3331 2958.208264747759 17499.28945018881
3332 4547.804886486651 15751.006214201674
3333 2189.485565998184 15538.658598214726
3336 3730.606011030614 15849.265156268859
3337 2623.1044797756504 15395.613011820324
3338 2468.6329965388118 15388.883578369954
3339 3145.429437581382 15416.225415851162
3340 2456.1861292539757 16762.16407676798
3341 3839.788341377992 15570.27192167859
3342 2066.6207884680016 15384.711184074495
3343 1511.544253819621 15552.31966183752
3345 2855.772341362186 15382.82642641601
3347 2638.101222064064 15396.010890136535
3350 2615.606175275624 15395.414074430355
3351 3307.747024354987 15809.30225597618
3352 4388.174340985157 16190.679736299398
3353 2332.6633546636285 16331.079061783816
3354 2821.061254436773 16337.175181595081
3355 1244.7005678121077 15811.614932868022
3357 2525.449149302356 16893.0308826679
3358 3912.5129094459817 16797.846214026937
3360 3490.105026205547 16123.270444070073
3361 3590.611697630327 16294.494088516303
3362 2099.515406187231 15384.714321493564
3364 2534.76183743351 15393.269194669323
3365 2595.2742682877347 16968.612173086898
3366 2462.0433884092236 16944.154536837355
3368 1422.9857081602338 16464.12348095658
3369 2608.1078975199225 15395.215137749938
3370 2678.0680869870625 16896.564667915984
3371 3111.876066980111 16681.058409429384
3372 2810.186667838652 15970.259143243355
3373 3128.4051030192136 15418.252775825986
3374 2653.097812776717 15396.408764431293
3375 3369.5266397693044 15916.537531523001
3376 3001.4931311716064 16725.873839936503
3377 844.1572158548069 15762.381722743796
3379 2765.2554016342447 17244.517805348827
3381 2828.565136595844 15509.29827238084
3382 3430.2867852210293 16023.780578923259
3383 2630.602812625944 15395.811949962455
3384 1069.7467080797426 16187.861487235245
3385 3843.9908264738124 15247.563054347329
3387 2031.1834654231307 16351.189250581026
3388 3122.6565923652383 16226.23417676242
3390 2129.6026119743456 15385.214928863865
3391 3960.7989570159234 16208.66417744896
3392 3009.4206919743738 16515.735234653537
3394 2172.398607507181 16685.24469212543
3395 1548.7875315682559 15495.004417778195
3396 2850.076354889074 15356.187519739216
3397 3933.1133470413247 16822.891457162517
3398 3161.686783064441 16656.688407953145
3399 4439.299093763654 16919.908390201075
3400 3243.3603420897543 15426.47821572582
3401 2544.305182257006 16899.934788050203
3402 2837.0617015978314 16368.217101225062
3403 2167.1174006113156 15385.991051925026
3404 2310.4732845456147 16587.83514885276
3405 2941.9922025585665 16369.552673316655
3406 3081.8663777721804 15426.05076590887
3407 2986.0882166655256 16334.553520093094
3408 2601.82500314467 16964.956973866454
3409 3447.8774810262307 16045.864733265465
3410 3531.2166732522037 16025.462165021192
3411 3028.5253907434007 15415.161020246695
3412 4041.744237232761 16315.524925990465
3413 3403.2204436080056 15978.63216788738
3414 1425.6260554289534 16222.334879921838
3415 3288.661411562174 15777.179003147638
3416 3296.576992993019 16890.577032706886
3417 2028.665387092012 16063.943812129612
3418 2517.946936754972 15416.517168081398
3419 3735.4995029046927 16177.438574050542
3420 3575.7739637548884 14798.783361121838
3421 2505.232853241778 16997.696617444606
3422 1980.2964727034432 16349.058162138226
3423 1894.8148603722857 16345.439753088522
3424 2448.1424804105045 16778.96984348574
3425 2471.5386572544976 17250.691529621145
3426 2823.122134135157 15965.387512095986
3427 3505.335192825102 16461.04125396802
3428 3464.480465955583 14624.144393421193
3429 2564.935264705541 16371.513714228926
3430 2511.8759466038823 15391.701228646887
3431 4343.405734280351 17085.334707795988
3432 897.8436816563225 15490.301701430422
3433 3744.2084772712897 16545.617563634063
3436 2909.564057689679 15418.340667519764
3437 3822.4531975105297 15198.753025982502
3439 1057.7930552516466 16499.351485234718
3440 1158.5781328711123 16299.300562332892
3441 3490.597507417172 17157.152106896036
3442 2751.827613788245 17247.26271320049
3443 3555.447447309872 17254.517668417335
3444 838.964689677097 15170.476544402485
3445 3215.0818334380715 15403.520350525589
3446 3009.485866515239 15037.254410251864
3447 3656.5218639826426 16405.69392056992
3448 2347.0792034539054 16211.329904436005
3449 2828.8329939877794 15764.540864733479
3450 2552.354710230825 16964.887337685115
3451 3451.85641373869 16052.224351860537
3452 3118.6928951920736 16219.864725546311
3453 2856.2333873410003 15365.49240864382
3454 3937.2514834793474 16822.858587106963
3455 3586.842191920037 16416.439760111818
3456 2856.836092450241 15158.540702923665
3457 1397.7970476064872 17091.652610707883
3458 3594.676885454317 15916.304066710643
3459 4437.035466786478 16308.490770505585
3460 1016.2842761594236 16761.972586397093
3461 3004.115101417811 16306.10094922746
3462 2187.518748732995 15422.594319136973
3463 2944.3187145195852 15399.21818054902
3464 4053.8712285088363 15671.5122418851
3465 2852.972127450611 16356.404563025917
3466 3680.094048275058 14966.866445728536
3467 3866.5126806110015 16980.52978277279
3468 2783.431755414108 16370.700404136702
3469 2853.1297623326504 15361.778983009874
3470 2380.025946064963 16367.9726649135
3471 4200.621322999146 15430.968681721435
3472 3474.8180664060383 15727.56451696802
3473 2521.4906462156378 15267.935122894141
3474 1605.0934505433795 15434.793696030703
3475 3211.696996354032 15311.604264600644
3476 4561.99237871737 15292.176148518449
3477 3719.3130322097104 15278.605686205605
3478 3848.4920919704177 15262.030502887557
3479 1257.340168976069 15385.301976063276
3480 3005.368608780081 17159.691927005904
3481 1032.3792323802 15681.63838674019
3482 2930.8055729443467 15602.48564103243
3483 3723.5755495751273 15260.596881542378
3484 1741.4709130164654 16579.27576627594
3485 3576.626189847454 15339.697276535218
3486 3719.3544898760865 15028.909145921694
3487 3181.6766995635403 15408.066689992611
3488 2431.9475140963345 16765.65095347969
3489 3028.8503871903063 14389.636456561046
3490 1432.2064653473249 15611.482986685563
3491 4099.21450125609 16140.583331733365
3492 3242.894128498686 15406.931956182425
3493 3589.940196495826 15352.591148837235
3494 4665.171749266632 15171.899615321812
3495 3614.4564872128008 15924.443461483757
3496 2024.40749988435 16200.06064775782
3497 3002.4170589721416 15399.305139329243
3498 1095.1335812171815 15684.810710362788
3499 2824.5852648279056 15896.912146984925
3500 1226.6053926565667 16742.159478804508
3501 1593.4615560306747 16969.050429972838
3502 3180.6120513313786 17325.987515728815
3503 1117.9015457887506 16321.839503045969
3504 3063.0077140135018 16906.779754970452
3505 2238.2789197979164 15586.458214341368
3506 916.9828528781085 16586.284157055292
3507 1640.567173432672 15668.54206644651
3508 3026.48 15396.28
3509 1590.97436934456 17514.148540116857
3510 2924.5399366455217 16762.364710784255
3511 2499.9451232670394 15541.33829069537
3512 1601.698511606369 16982.191325268246
3513 1238.2776290472532 15815.158658611908
3514 2883.555498679029 15602.635058506165
3515 3716.3110667332726 16501.08733024341
3516 3026.270323794259 16502.421475959873
3517 3343.7236725092253 16329.683405672436
3518 1014.6906168088242 16584.47873352813
3519 3865.466188864144 16676.962112905247
3520 1548.2948923243657 17496.53982886471
3521 3517.8419389189594 14705.571012566099
3522 4587.005102497638 16581.82381198771
3524 3650.2251871275625 16362.577306271429
