2710 2809.8916382053935 15400.323405808556
2711 2817.389348357166 15400.5056742744
2857 2787.398566514897 15399.776601839587
2927 2802.3939077964765 15400.141136850261
3014 2749.9101160497944 15398.865261948495
3018 2742.4124366431943 15398.682994230061
3029 2727.4169909403586 15398.318456680918
3035 2606.712360845425 17404.093506728263
3038 1441.7566087010373 16641.347094663033
3045 851.6138510970248 15775.876985188483
3053 2779.90089842671 15399.594334396304
3058 2734.914742459461 15398.500726152399
3072 2772.4031559182777 15399.412065143873
3076 1927.1141671924513 15691.841119299403
3082 2814.064705680646 15015.687464354167
3084 2340.7673541894565 16207.940402457427
3107 2794.8962300236403 15399.958869171545
3121 3012.2748794890567 15334.875741818358
3137 2690.589327177561 15397.40345116626
3140 2871.4225600142463 15416.693428029446
3142 3241.7672547989073 15403.72317131769
3145 2764.9054811937267 15399.22979753926
3153 2863.8198187312473 15419.65134745197
3156 2757.4078143870724 15399.04753012713
3157 3119.050256844906 15403.171330324392
3163 2719.9193267399805 15398.136189332146
3165 2336.4665978582775 16420.798144885834
3167 2928.4952299665433 15399.657781026335
3169 2346.625903195835 16355.656575405492
3171 2878.803503815922 15420.121132957926
3175 2712.4216014533163 15397.953920498374
3192 2660.5960919383465 15396.607701149009
3195 2668.0943949359494 15396.806638499118
3206 2645.5995373476517 15396.209827812603
3208 2364.511691810686 16367.778754173338
3209 2856.9036793748974 15164.553921697983
3210 1894.4923787589528 15396.117592796076
3213 2973.868085079682 15399.091960014035
3218 1851.3950953122155 16865.49617349348
3220 1893.577116295612 15399.306017515264
3226 2833.692229281867 15405.012562771304
3227 1915.9928643746346 15399.63935625357
3233 3008.2323457161956 15399.34856291604
3235 1166.4769450643862 16846.236447129075
3236 2675.5926697821114 15397.005575102343
3237 3468.103505719839 15394.370154066199
3245 3192.885173711277 15406.551814813063
3249 4317.680785395024 16775.939559422455
3252 2357.0113653516246 16367.685008522963
3255 1875.7665601698175 16851.302373313814
3256 2846.143681879721 15577.904404003206
3257 2591.974652210241 16966.556831518395
3259 3468.0920406787727 17096.22783850188
3260 1918.357323677248 15402.87598586334
3264 2162.021800460263 17205.894078122514
3265 2402.0134778405945 16368.247484346717
3268 2863.9211349681095 15416.461017365526
3269 2843.7808276454903 15400.833836157077
3275 2923.0732062345946 15196.841970899279
3276 2639.599271082245 15701.950553289187
3277 1901.868259864887 15402.631452633177
3285 2208.2403311851294 15197.646868986836
3289 932.3979422220003 15084.720669480328
3292 2585.6129525181846 15394.618324744259
3293 4106.3775330494445 15497.928191836003
3295 4131.7467984406985 15727.930096351096
3297 2817.549129270757 15394.105675446533
3299 2683.090977531181 15397.204512578512
3300 2247.3356863820063 15684.79147769773
3304 2379.5123613087276 16367.966245681317
3307 2871.311654941486 15419.886240006417
3310 1939.0121346780045 15403.449541837726
3311 3620.036734315837 14876.170163845967
3313 2349.511005231511 16367.591262451864
3320 2432.014970948742 16368.6224692889
3322 1601.9079452884496 15447.113250759903
3323 2570.616290199352 15394.220448549719
3324 1834.8756282083737 16192.628740794698
3325 3083.096676695764 15400.820445045043
3327 2878.923987691597 15416.925838774889
3328 1720.8192202599598 16396.8496815216
3329 2337.6868583040537 16349.893100207244
3330 2208.1785681019774 17179.97613460896
3333 1541.100656011758 15509.905046565113
3337 2623.104607721391 15395.61301521485
3338 2578.1146501378016 15394.419387410524
3339 1473.096067164496 15585.48277844817
3342 2533.124712641113 15393.225760139125
3347 2638.101222064064 15396.010890136535
3350 2615.606282906195 15395.4140772859
3351 2893.9259411514436 15417.409647028862
3353 1977.905602133436 15404.447036520507
3357 2023.52899841175 15407.232639564527
3358 3605.5573384817108 15950.148694190208
3360 3683.8787401618088 14971.985229586831
3361 4506.390646496446 15401.683427645059
3362 2540.62303044059 15393.424697881941
3364 2600.609657757326 15395.016202077515
3368 1306.6750450838238 15272.40108130936
3369 2608.107999768887 15395.215140462704
3370 2831.559120724924 15446.306699122173
3372 2832.8390443269786 15418.914913480716
3373 2111.720776961938 15384.844981303628
3374 2653.097812776717 15396.408764431293
3375 2901.2688122148893 15421.053755510697
3376 3798.6453003543693 16516.477482539518
3377 2145.479421091274 15385.543395533703
3381 2871.0542478459433 15399.322045185838
3382 2901.4177282671003 15417.85567307689
3383 2630.602945006613 15395.811953474644
3387 2808.425900367768 16356.432916127591
3388 3353.6705929262944 16966.64576208694
3390 2548.121307517986 15393.623634544361
3392 1922.5096909316019 16824.079444299034
3396 2341.914341431595 16161.60789416919
3397 3613.671070388302 15965.285752957363
3400 1486.709601601765 15579.920545845738
3401 2987.978765720841 17166.11278813162
3403 2555.6196644300317 15393.822573324875
3404 2954.4756153006047 16324.31080725896
3405 2832.225039793998 15432.296174010671
3406 2886.295378807369 15420.356026728285
3407 2460.900048599277 17047.2909875164
3409 4278.196493511395 16921.523655937413
3410 2373.7010747050253 16672.827861125472
3413 2938.7987602519115 15406.416045608485
3415 3047.239010431948 15399.888186851222
3416 3590.2365726849243 15985.132866487464
3418 1857.8806231154183 16861.71903961022
3420 2927.7903319731045 15422.628209676135
3421 2904.5226915428434 16949.635314806084
3423 2793.3502526908587 16357.65828389246
3424 2000.9148169949071 15406.373671829584
3427 2447.017830201124 16368.809988166347
3428 3835.704502441348 15203.1767679151
3429 2387.012740165165 16368.059991986598
3430 2593.1112994121086 15394.81726325898
3431 4479.27842110711 17016.366876161886
3433 3132.3227889061154 15587.876702665239
3436 2886.425357045056 15417.158247713329
3437 2828.938884624998 15856.110141252277
3440 2243.056058312933 16355.923802233425
3442 2331.567576322384 16083.757852509978
3443 3457.3110992520656 16060.782643587494
3444 1399.3717197037179 15638.097905125373
3446 3041.3322950736165 16458.533449976785
3447 2832.692367582489 15969.055037968203
3449 2417.014190023067 16368.434976388204
3450 1757.6081098636398 16381.675005511057
3451 3437.060494458841 17055.640804089937
3452 3819.18352908833 15798.993715586786
3455 2600.2744481083255 16962.15750217457
3456 2215.2621849095503 15416.762011944198
3457 2418.11192611469 16707.976310839284
3458 3422.022299433541 16714.101174812953
3459 3324.516266831841 15427.89947725105
3460 2080.470714017119 16352.95245526297
3461 3542.7902149386264 17215.52576467635
3462 1893.3895922076329 15402.505713779032
3463 2865.000945077712 15399.285862501996
3464 3128.4601809278265 16593.872150693314
3465 3939.834271397607 16825.965490779323
3466 3020.8437572371254 15415.059019089938
3467 3289.4824512305445 17249.468883498586
3468 2394.513066257831 16368.153737632392
3469 3088.161173129319 16535.046493342223
3470 2372.0120345238292 16367.87250002687
3471 4094.8485933039465 16403.235376704157
3473 2122.7939585374884 16717.05552022363
3474 3085.702023277817 15406.853806914962
3476 3790.5300362088506 16308.373891601583
3477 2893.7864063681805 15420.609561318199
3478 3289.184215256995 15998.633146222148
3479 1242.9226942531357 15681.498874227385
3480 2333.0148429301025 16918.637758439592
3481 1543.4435783619547 16865.68853934467
3482 2424.514554321982 16368.528722511532
3483 4070.057024827418 16357.997228012653
3484 1852.3608230088787 15404.604633786314
3485 3958.1201890802827 15782.143199633365
3486 3820.3980405088328 15197.599865724758
3487 2880.0006621238895 15399.373715345362
3488 1244.764691372091 17193.97923616476
3489 3761.817812141171 15098.523819274214
3490 2167.998267863855 15386.00927570859
3492 4498.65456286382 15731.586913553176
3493 1420.8439914691526 15647.874090092322
3494 3032.348119140002 15422.033726564483
3495 2533.3432959350876 16677.609007910276
3497 2872.5008020871514 15399.329788914814
3498 2137.8889673050876 15385.386360763092
3499 2830.2579438256553 15473.682655853758
3500 2070.085378315011 16166.904342101436
3502 3783.12475408812 16295.745235960012
3503 2177.402022875417 16354.723934433898
3504 3484.534145665734 16113.861013474072
3505 2563.1179399449115 15394.02150994584
3506 1439.8270597709104 16547.33961774898
3507 2160.4919951867073 15385.853982515164
3508 2887.50051458192 15399.417641731523
3509 2971.3227338762804 16742.118985397345
3510 1983.829484799021 16795.77213445501
3511 2472.1729788358552 15388.924216397378
3512 2757.9063894545957 16358.020226807937
3513 1771.1441461293064 15385.066915337364
3514 3653.5507181514495 16360.721529994196
3515 2392.016574903604 17086.465085635653
3516 2439.515470856162 16368.716217107185
3517 3608.5024668843444 15975.367576862884
3518 1417.5926440650678 16544.892117664815
3519 3730.6186395635627 16523.91499968275
3521 3807.013252519067 15230.736011874551
3522 3500.910268043827 15401.069121900093
3523 2976.789072280766 16755.904824453537
3524 3006.19154399159 16046.244962963388
3525 2152.985680247302 15385.698688447397
3527 2454.5430579051153 16368.904045054294
3528 3603.5750626821637 16410.934683294963
3530 2949.6010778176824 15398.910754762677
3531 2778.516828478722 16370.769308107621
3532 3852.9376537956 15210.822885885644
3535 3665.67993472676 16420.305582109482
3536 2329.72798926251 16196.727348338904
3537 2806.917198448477 16359.78583461304
3538 2822.593814522687 16664.30941026722
3539 3643.340940074755 15900.893467513932
3540 1838.6576881785702 17377.320508383727
3541 3227.1500223308267 16615.454114301174
3543 1862.6460606136727 15703.03912787582
3544 3650.5637085427174 16396.187709805585
3545 3411.488606174054 15432.95176273135
3546 4056.9901319554656 15657.625822197002
3547 1418.4568840967258 16217.503822747105
3548 2447.7896745864355 15418.383401505762
3549 2606.824752530213 16958.50273599833
3550 2564.500565740084 16949.326620757405
3551 3091.6465804040763 17554.835908527588
3552 3005.7158733854476 16392.54227951729
3553 3774.9298763312904 15232.975390461397
3554 4341.410323877352 16816.01410743293
3556 3318.97047306226 14407.48385180208
3557 3550.1263951312394 16224.77486006217
3558 4015.788929489762 16899.341574850383
3559 3525.7184072034443 16449.887343003804
3560 2409.5138632726375 16368.341230734188
3561 4083.8470062425126 16949.729182121664
3562 2908.918472159298 15418.3022323696
3563 2215.459969975525 15403.962012012022
3564 2691.117180230287 14814.277484914983
3565 2387.2710781038 17071.943867126993
3567 2957.101011385096 15398.966757850845
3568 2849.2366163976067 15387.759299136436
3569 4052.788112917255 16158.497774193444
3570 1369.8545732587002 17115.047327781052
3571 3105.160024505824 16461.487994879928
3572 2781.8263545125824 16357.775962749207
3573 2638.132673396349 16228.813651621682
3574 1344.7008277703133 15212.709398325911
3575 2677.7267293024906 14715.226887428238
3576 2655.1076555696263 14736.628723647142
3577 3774.704510102892 16525.921625326213
3578 2319.898920592247 16357.328152711776
3579 3043.63606248542 15018.957566568963
3580 2867.2973529411115 15211.644545838546
3581 2752.9366406215977 14644.064371089156
3582 2733.0203313336524 16358.274356341475
3583 3081.4293379025985 15400.777096148873
3584 3324.8891500770615 15487.103574053188
3585 2101.7487390242654 17222.101870854836
3586 1487.2415838312295 15729.671935518732
3587 2324.13971241128 16168.296108884831
3588 1114.9644139042853 17271.76093507219
3589 3670.3865073582792 15305.254209974855
3590 1781.9292471314136 17283.804081615996
3591 2417.2186157904966 17044.050813007427
3592 2801.9729784831807 15913.014923650184
3593 1854.8063556591087 15786.992233459829
3594 3420.2718423682436 17057.71342741409
3595 3655.4135344747724 16034.079356194141
3596 4273.309540973283 16701.806524546246
3597 1261.5620121934514 15572.120408671039
3598 2840.2235924257297 15716.61760529164
3599 2692.123945571436 16910.90974100011
3600 1715.2930214092846 16938.695274526563
3601 4172.682859180184 15603.802991787776
3602 2830.920543956576 15459.741959147097
3603 4311.515713637445 17293.585465670993
3604 3291.6351952972773 15407.303644283485
3605 4144.83273499847 16493.92353515423
3606 887.2624403956312 16604.585716004927
3608 2193.003866141971 15560.35718387471
3609 1019.1512165626336 15696.076719309583
3610 1154.0198391158492 16695.022049726886
3611 2938.4073313128015 16160.982488001982
3612 3035.102128837828 15390.322865213679
3613 4316.1712068818415 16767.192126801023
3614 3922.559390471492 15739.093580829815
3615 1091.01401181494 15691.287308190374
3616 4185.724934666276 16089.665826494755
3617 4096.995967417961 15646.323613996066
3618 3387.6210707249206 16092.445691087258
3619 2873.242312459745 15109.307730181783
3620 3388.0045643136864 17515.79919358777
3621 3332.4765701653664 15851.201813839603
3622 4519.781705131433 15724.496544242531
3623 4119.434662864263 15633.717636002988
3625 3971.3393784355258 16202.81840549945
3627 4536.558672719382 15735.187790878479
3628 2975.520252369837 15417.658366268743
3629 4546.3546538094415 15270.798009592894
3630 3564.245713491672 15340.91428680552
3631 2910.0655080091733 15987.382522330437
3632 965.0344953356944 15533.681744739299
3633 2969.1249635862937 15653.330305385382
3634 3678.8423096061383 15863.866519109344
3635 1262.578055981196 15810.085749419564
3636 2838.292099227234 15172.019351775354
3637 3008.270886040377 15970.498584720697
3638 3142.7661711809264 15362.398665303474
3639 1386.04831886107 15440.956069579659
3640 2815.7086957403408 16844.624810419115
3641 3069.5947616523617 15281.256567890034
3642 4059.536578704179 17508.158217476124
