2710 2809.8916382053935 15400.323405808556
2711 2817.389348357166 15400.5056742744
2857 2787.398566514897 15399.776601839587
2927 2802.3939077964765 15400.141136850261
3014 2749.9101160497944 15398.865261948495
3018 2742.4124366431943 15398.682994230061
3029 2727.4169909403586 15398.318456680918
3035 2659.8305135748865 17374.6346209489
3038 1474.5859565643127 16742.37075843661
3045 884.8578599231462 15755.208495691662
3053 2779.90089842671 15399.594334396304
3058 2734.914742459461 15398.500726152399
3072 2772.4031559182777 15399.412065143873
3073 404.1644417217463 17973.935173699687
3076 1919.1791380468817 15697.508065920369
3082 2837.7525723650815 15071.428204824257
3084 2342.880165543095 16088.733446756176
3107 2794.8962300236403 15399.958869171545
3111 3160.036174966709 15403.634196348205
3121 3031.507349192942 15381.553632230101
3137 2690.589327177561 15397.40345116626
3140 2871.4225600142463 15416.693428029446
3142 3173.3573211021467 15407.040933909493
3145 2764.9054811937267 15399.22979753926
3153 2863.8198187312473 15419.65134745197
3156 2757.4078143870724 15399.04753012713
3157 3034.5752905319123 15399.616178053608
3163 2719.9193267399805 15398.136189332146
3165 2338.554994394255 16288.900989164073
3167 2854.2755441331856 15400.027320952056
3169 2345.241694623416 16278.540323581963
3171 2878.803503815922 15420.121132957926
3175 2712.4216014533163 15397.953920498374
3192 2660.5960919383465 15396.607701149009
3195 2668.0943949359494 15396.806638499118
3206 2645.5995373476517 15396.209827812603
3208 2364.511691810686 16367.778754173338
3209 2854.6194707230056 15112.873203482472
3210 1950.560970082861 15401.491251042284
3213 2882.685628986479 15399.391371298594
3218 1851.3950953122155 16865.49617349348
3220 1917.0302723908542 15399.654783277376
3226 2832.3589261389166 15429.479288168704
3227 1980.4361312034407 15404.720571050557
3233 2910.563537132475 15399.554368726254
3235 1107.1138407288965 16877.30274832783
3236 2675.5926697821114 15397.005575102343
3237 3337.544470252015 15407.653863163676
3245 3152.3045053500887 15406.155498723409
3248 2253.962620882784 15586.258217523378
3249 4337.0537135384975 16818.183857602424
3252 2357.0113653516246 16367.685008522963
3255 1961.643932112328 16801.28788856992
3256 2852.8014388067722 15482.579245053681
3257 2593.72419185924 16965.81224147262
3259 3388.3080231268923 17008.026502407516
3260 1978.5613442650556 15407.741812855154
3264 2285.7736176925246 17135.845646117465
3265 2402.0134778405945 16368.247484346717
3268 2863.9211349681095 15416.461017365526
3269 2832.9470590648048 15416.480531326968
3270 3263.4747055599087 15131.621806650015
3275 2869.618471753348 15208.509440906386
3276 2637.071233234408 15780.641550651497
3277 1946.475985049692 15404.259592631744
3282 2376.82534309527 17506.855220466572
3285 2196.169383918048 15268.567311098153
3289 980.6181818112956 15057.25586724516
3290 3292.069705125069 15170.291810010875
3292 2585.6129525181846 15394.618324744259
3293 4094.940054972164 15500.22259463623
3295 4067.8667373458065 15612.618416508583
3297 2817.549129270757 15394.105675446533
3299 2683.090977531181 15397.204512578512
3300 2309.810764264647 15784.5320694417
3304 2379.5123613087276 16367.966245681317
3306 2390.232049973858 17523.83835540129
3307 2871.311654941486 15419.886240006417
3310 1996.5366535838334 15409.411192306692
3311 3657.2280233623733 14936.092377086437
3313 2349.511005231511 16367.591262451864
3320 2432.0173494911005 16368.622499018007
3322 1733.4696466038404 15394.517690361645
3323 2570.616290199352 15394.220448549719
3324 1833.0442073757833 16296.56326470137
3325 3013.33597241993 15399.386672434437
3327 2878.923987691597 15416.925838774889
3328 1813.7460487362027 16359.917468096413
3329 2339.6488721539113 16248.870888545176
3330 2321.644214418694 17115.44502823836
3333 1619.9581963353269 15426.890306370326
3337 2623.104607721391 15395.61301521485
3338 2578.1146501378016 15394.419387410524
3339 1564.6315504746528 15483.753699092378
3342 2533.124712641113 15393.225760139125
3347 2638.101222064064 15396.010890136535
3350 2615.606282906195 15395.4140772859
3351 2893.9259411514436 15417.409647028862
3353 2020.4663028549544 15407.116307400353
3357 2109.7830173127727 15408.438937970353
3358 3611.6516289476876 15973.683975759783
3360 3759.28371943739 15092.979056809258
3361 4391.026143182729 15468.502226365075
3362 2540.62303044059 15393.424697881941
3364 2600.609657757326 15395.016202077515
3368 1324.2886448185454 15286.866053425849
3369 2608.107999768887 15395.215140462704
3370 2830.25773936817 15473.686957512724
3372 2831.6212687403677 15444.999143337332
3373 2009.745260666076 15384.750585202171
3374 2653.097812776717 15396.408764431293
3375 2901.2688122148893 15421.053755510697
3376 3864.2752088395955 16480.596182754758
3377 2133.8705260588463 15385.303225417421
3381 2834.4049386487764 15403.323483417122
3382 2901.6693528380015 15417.870653629756
3383 2630.602945006613 15395.811953474644
3387 2796.01891875562 16357.631032213672
3388 3284.332816600412 16855.50640393498
3390 2548.121307517986 15393.623634544361
3392 2031.6374684539992 16761.155927701268
3396 2344.469050589267 16027.30646693863
3397 3596.2698772197577 15981.907348725634
3400 1578.4709259572774 15477.9382975034
3401 2937.150018124763 17203.525507519862
3403 2555.6196644300317 15393.822573324875
3404 2886.621486866853 16352.18227576616
3405 2830.959999865887 15458.911831232348
3406 2886.295378807369 15420.356026728285
3407 2561.143410175889 16990.98343944445
3409 4292.886164765998 16899.494192798447
3410 2419.9999067293866 16735.048188165347
3413 2938.7980134493105 15406.418341629247
3415 2966.74929420164 15399.03880297343
3416 3521.0296899105483 16022.124384550409
3418 1869.5707347328894 16854.910786214463
3420 3032.8405859777863 15425.24266810816
3421 2874.3490973303583 16900.730261700945
3423 2788.5137631223624 16357.707672784507
3424 2075.3020099456107 15408.191994103116
3427 2447.2336217897764 16368.812685318657
3428 3827.8320442130353 15200.881086548314
3429 2387.012740165165 16368.059991986598
3430 2593.1112994121086 15394.81726325898
3431 4472.169070780236 17020.097592381037
3432 1539.7116712293607 15807.87730810556
3433 3170.001730219815 15580.841766990143
3436 2886.425357045056 15417.158247713329
3437 2833.390359725925 15728.050270095226
3440 2117.397179036087 16353.627309078602
3442 2329.096512199931 16217.957767050413
3443 3478.425052778344 16103.542521609526
3444 1278.4755870206034 15678.54620063051
3446 2993.5447456323964 16383.21564816684
3447 2836.5932117731923 15814.2903905555
3449 2417.0142997632215 16368.43497775983
3450 1836.5441529700822 16356.164360567873
3451 3360.8194607861265 16975.191613883948
3452 3702.9957981126486 15865.986613531153
3455 2600.2744481083255 16962.15750217457
3456 2215.2621849095503 15416.762011944198
3457 2361.0572967785984 16622.8331504627
3458 3491.647508528359 16678.654109168405
3459 3440.9419584966236 15426.234124166816
3460 1951.9354450504666 16347.857648994875
3461 3465.8899591694376 17092.821111584748
3462 1918.0025645701996 15402.87072477688
3463 2865.000945077712 15399.285862501996
3464 3069.6083711239175 16499.098606005613
3465 3865.6783444831217 16731.29301116441
3466 3127.2204298365914 15421.382360424983
3467 3312.2531158181237 17291.963512011596
3468 2394.513066257831 16368.153737632392
3469 3027.6221308064673 16435.537687563658
3470 2372.0120345238292 16367.87250002687
3471 4065.1451778118853 16352.230752179617
3473 2235.9334241519996 16649.143999444746
3474 2976.717026798473 15406.316971740405
3476 3915.866560701117 16237.134123230491
3477 2893.7864063681805 15420.609561318199
3478 3260.7787691284434 15939.961098077727
3479 1123.3646024753205 15675.300283604527
3480 2394.7366831376426 16882.26196789422
3481 1493.0792357451312 16748.125015181573
3482 2424.5147097792997 16368.528724454574
3483 4045.7175733557874 16316.147064538845
3484 1849.5894699664505 15408.751071144037
3485 3934.446141760129 15802.8274358212
3486 3818.679327474757 15195.261954734888
3487 2880.0006621238895 15399.373715345362
3488 1353.3249538241562 17132.493452325212
3489 3722.3482656502692 15034.913321004602
3490 2167.998267863855 15386.00927570859
3492 4405.077980710217 15754.16436327916
3493 1528.1183657188628 15529.118546021433
3494 3162.5367731028346 15424.54247993135
3495 2628.7159473781285 16646.06723011222
3497 2872.5008020871514 15399.329788914814
3498 2093.661193370038 15384.692451545987
3499 2828.667960875157 15507.134913176553
3500 2026.3552416503142 16183.184754552809
3502 3666.633324080356 16360.752006534796
3503 2036.9046072534366 16351.421120646395
3504 3546.530948652828 16218.639998179584
3505 2563.1179399449115 15394.02150994584
3506 1399.3814575102172 16555.265130923053
3507 2160.4919951867073 15385.853982515164
3508 2887.50051458192 15399.417641731523
3509 2841.438029959155 16810.179783698368
3510 2115.3485644281814 16721.257744028986
3511 2370.648539722102 15387.688076871662
3512 2656.6208514429677 16359.0545266719
3513 1628.8205440256518 15409.852461762866
3514 3626.894962112309 16350.596858297775
3515 2506.0908284027514 17021.620393253186
3516 2439.577830957653 16368.71699653836
3517 3575.3302515067235 15993.102065364505
3518 1366.6408867888301 16573.9140186906
3519 3765.9557493723346 16580.577038825617
3520 1035.820495927646 16666.06306561659
3521 3843.67970158671 15210.712639478546
3522 3622.49932384425 15334.90280584348
3523 3085.5356476508855 16695.266463606476
3524 3040.7949567351648 16100.834808547459
3525 2152.985680247302 15385.698688447397
3527 2459.6459951969796 16368.967826034743
3528 3643.9501020315083 16392.872109213047
3530 2949.6010778176824 15398.910754762677
3531 2818.1852201122133 16360.004342895652
3532 3814.3730623512415 15211.76150605905
3535 3712.881880571246 16495.61607882423
3536 2329.3885388484982 16334.05124167044
3537 2795.999248467391 16360.831743429984
3538 2826.0175820116783 16786.815315462536
3539 3598.3997132057193 15931.625336189036
3540 1880.3865846166857 17358.479423889312
3541 3350.601334196261 16544.997714618134
3543 1866.8103069734752 15558.164187708988
3544 3684.8770372047784 16450.934474568
3545 3364.1770077343945 15461.468376122592
3546 3968.972569279668 15711.385949481066
3547 1417.4513492748817 16363.196796639353
3548 2513.639365434539 15416.583956768973
3549 2606.824752530213 16958.50273599833
3550 2564.500565740084 16949.326620757405
3551 3149.717082286178 17546.98595259206
3552 2912.911688350512 16355.731956490212
3553 3672.5302169012025 15288.076831117098
3554 4325.700353374145 16783.118868621274
3556 3351.3366428168843 14456.473586598982
3557 3607.9312749073288 16324.31991394842
3558 4094.765783558392 16945.90952309824
3559 3607.149821346068 16408.97867386496
3560 2409.5138632726375 16368.341230734188
3561 3982.6076226877663 16975.369960457258
3562 2928.701347848885 15419.480012480839
3563 2215.459969975525 15403.962012012022
3564 2653.1695450923344 14758.568867587852
3565 2268.6731710997738 17139.515142023276
3567 2957.107339728693 15398.966805105501
3568 2849.2366163976067 15387.759299136436
3569 4153.541158762883 16107.34156641334
3570 1275.4646865513046 17169.160781869577
3571 3177.1561874580584 16421.034086399788
3572 2780.986040023964 16357.784543808046
3573 2636.7642246927794 16116.075310209832
3574 1426.8744246947763 15153.821571403629
3575 2724.9538084667493 14670.54131695317
3576 2690.9985712256666 14702.66926501993
3577 3748.0892599664694 16551.83109605886
3578 2319.898920592247 16357.328152711776
3579 3118.0852435634342 14977.384163636145
3580 2914.6743990266923 15213.01377607116
3581 2794.2306289993717 14604.510532855802
3582 2618.77670304851 16359.031776509586
3583 3151.2940539182478 15406.064822873941
3584 3412.33320228883 15436.29459302238
3585 2017.0316224569137 17268.17398661023
3586 1448.4435599523208 15648.437311136699
3587 2269.57752623421 16167.997204956973
3588 1028.3610067016086 17339.23835415973
3589 3769.8975083305513 15250.995009863287
3590 1823.0487365514005 17354.938774706032
3591 2277.0890733635815 17123.64471365782
3592 2793.0767919102873 15950.721488358331
3593 1856.6016832193739 15634.870567499698
3594 3434.551556829334 17087.538271894475
3595 3716.317868256602 16143.298567487458
3596 4309.308021775335 16761.952847152083
3597 1312.871018925049 15547.762322291908
3598 2843.2640881836887 15634.815249647412
3599 2777.6650602175787 16866.432735751474
3600 1803.4411676040038 16892.16780849327
3601 4246.540478645195 15562.31004814383
3602 2829.537909458133 15488.83173335554
3603 4339.443014637681 17338.421089605818
3604 3196.78834862689 15406.581484664464
3605 4177.970748841088 16548.432208984617
3606 841.1777906281612 16639.16774846122
3608 2203.4444121879233 15586.902420121658
3609 1141.4481325861977 15685.61768792625
3610 1049.9506822944113 16752.380615107402
3611 2998.332250695164 16134.488247927105
3612 3032.795950609448 15362.299142761332
3613 4281.916295883022 16709.954810512387
3614 3817.47465310276 15796.282192323562
3615 1231.7490813103386 15697.669815115589
3616 4305.965066020604 16023.567148091543
3617 4116.292512285684 15635.482884840172
3618 3359.016092129986 16095.200954632222
3619 2924.6689550342576 15082.18262597558
3620 3386.377950860547 17542.786269883916
3621 3348.9740016089363 15878.867272091116
3622 4545.108712551211 15752.798840468411
3623 4195.904352813646 15590.757240602716
3625 4061.4668033834178 16157.431115382926
3627 4568.078207170829 15800.71479597038
3628 3058.4427016091813 15418.760741047912
3629 4576.833011351768 15325.23437712985
3630 3524.4685635165692 15362.324695133198
3631 2854.937961345713 15988.408966205643
3632 1007.5941225091249 15513.568205426267
3633 2969.68364046524 15615.291697018873
3634 3667.5617623638004 15831.679065486438
3635 1290.4607836865255 15806.5343822471
