2710 2809.8916382053935 15400.323405808556
2711 2817.389348357166 15400.5056742744
2857 2787.398566514897 15399.776601839587
2927 2802.3939077964765 15400.141136850261
3014 2749.9101160497944 15398.865261948495
3018 2742.4124366431943 15398.682994230061
3029 2727.4169909403586 15398.318456680918
3035 2638.5261512696206 17386.449843118793
3038 1457.3431046321307 16691.23384529636
3045 860.7174297186418 15764.929329640083
3053 2779.90089842671 15399.594334396304
3058 2734.914742459461 15398.500726152399
3072 2772.4031559182777 15399.412065143873
3076 1922.5420509962264 15694.791056919541
3082 2828.4232591851446 15049.475074487334
3084 2342.2476224851903 16136.460797172133
3107 2794.8962300236403 15399.958869171545
3121 3028.174686796257 15360.879132236641
3137 2690.589327177561 15397.40345116626
3140 2871.4225600142463 15416.693428029446
3142 3197.049794562312 15403.383299198627
3145 2764.9054811937267 15399.22979753926
3153 2863.8198187312473 15419.65134745197
3156 2757.4078143870724 15399.04753012713
3157 3061.3974658166717 15400.25629045136
3163 2719.9193267399805 15398.136189332146
3165 2337.7735947915 16341.964742762158
3167 2876.907943106358 15399.356934760237
3169 2344.3825316971133 16323.003952152978
3171 2878.803503815922 15420.121132957926
3175 2712.4216014533163 15397.953920498374
3192 2660.5960919383465 15396.607701149009
3195 2668.0943949359494 15396.806638499118
3206 2645.5995373476517 15396.209827812603
3208 2364.511691810686 16367.778754173338
3209 2856.496143354735 15128.295381157877
3210 1922.1623796079195 15396.536546697436
3213 2915.4913877261356 15399.58278770315
3218 1851.3950953122155 16865.49617349348
3220 1897.760558476189 15399.368228391892
3226 2832.7821938182924 15420.196181820236
3227 1959.1566715778956 15402.420393171795
3233 2947.4168268381636 15399.033906210369
3235 1132.6291965368314 16863.949879781016
3236 2675.5926697821114 15397.005575102343
3237 3390.4081502030613 15408.057133718776
3245 3166.302281748341 15407.41163061217
3248 2229.8338231656376 15586.565905277643
3249 4334.181484941716 16803.536960907455
3252 2357.0113653516246 16367.685008522963
3255 1918.6756329076607 16826.312377517737
3256 2849.994423768888 15522.769831401585
3257 2593.72419185924 16965.81224147262
3259 3423.0419138837733 17041.24859200853
3260 1956.1966226422594 15405.314572274705
3264 2236.1505186470185 17164.067699107905
3265 2402.0134778405945 16368.247484346717
3268 2863.9211349681095 15416.461017365526
3269 2833.381726086355 15406.670781964363
3270 3249.754312599803 15110.718356709078
3275 2889.3550860814184 15209.081827763825
3276 2637.7986579838907 15754.591579648326
3277 1918.335712063392 15402.875665362564
3282 2367.497028225105 17490.564707673588
3285 2197.0096988396936 15231.470018455575
3289 961.4637001711872 15068.16885815224
3292 2585.6129525181846 15394.618324744259
3293 4110.229296592388 15492.347543690648
3295 4093.677177870985 15658.848268112442
3297 2817.549129270757 15394.105675446533
3299 2683.090977531181 15397.204512578512
3300 2287.049622464866 15743.412822600987
3304 2379.5123613087276 16367.966245681317
3307 2871.311654941486 15419.886240006417
3310 1977.9976223855267 15407.680632186548
3311 3642.725811200349 14912.72656557762
3313 2349.511005231511 16367.591262451864
3320 2432.0151348153518 16368.62247133705
3322 1674.848618690143 15399.10625194165
3323 2570.616290199352 15394.220448549719
3324 1833.692666983642 16259.762689204925
3325 3035.8201203836425 15399.637041123748
3327 2878.923987691597 15416.925838774889
3328 1781.4331305240996 16371.84766433926
3329 2338.2576201938873 16299.783301247944
3330 2271.9355727777834 17143.71573171026
3333 1586.7747820998081 15459.144547693064
3337 2623.104607721391 15395.61301521485
3338 2578.1146501378016 15394.419387410524
3339 1524.130997282323 15528.764484425707
3342 2533.124712641113 15393.225760139125
3347 2638.101222064064 15396.010890136535
3350 2615.606282906195 15395.4140772859
3351 2893.9259411514436 15417.409647028862
3353 1999.4868659863164 15406.319433127734
3357 2070.716320782032 15408.15915260855
3358 3614.085536614786 15966.072588602885
3360 3728.937441790055 15044.285823155727
3361 4436.294172005632 15441.910103688986
3362 2540.62303044059 15393.424697881941
3364 2600.609657757326 15395.016202077515
3368 1319.4505433889258 15271.459110496837
3369 2608.107999768887 15395.215140462704
3370 2830.7807708114915 15462.682699621524
3372 2832.1667337809467 15433.522896442784
3373 2056.1825443245393 15384.718415279305
3374 2653.097812776717 15396.408764431293
3375 2901.2688122148893 15421.053755510697
3376 3838.377955060953 16494.754775199584
3377 2145.312936559764 15385.539951225768
3381 2842.547273932202 15400.892840260269
3382 2901.438660185766 15417.856919265658
3383 2630.602945006613 15395.811953474644
3387 2796.01891875562 16357.631032213672
3388 3313.250651760497 16899.6328449841
3390 2548.121307517986 15393.623634544361
3392 1986.8051315902267 16786.634151514856
3396 2342.963890798061 16082.416114627542
3397 3608.075672909278 15975.595748926678
3400 1541.370362692311 15519.1713429406
3401 2957.0741720846104 17186.348429528825
3403 2555.6196644300317 15393.822573324875
3404 2909.109331188773 16346.713910524062
3405 2831.506966260876 15447.403996770117
3406 2886.295378807369 15420.356026728285
3407 2523.0141068955327 17012.164769309464
3409 4294.758018128332 16902.377094855685
3410 2400.9698119057052 16716.59819682994
3413 2938.7987602519115 15406.416045608485
3415 2994.0977362731933 15399.243017743975
3416 3555.816752365851 16003.534347990211
3418 1858.2417951157877 16861.50869512606
3420 2978.5813264573917 15424.348306453167
3421 2886.1130174425625 16919.797103183617
3423 2788.518148346151 16357.707628003816
3424 2036.0554237187987 15407.700847457403
3427 2447.053488575477 16368.810433855948
3428 3827.8681713528426 15200.861015915089
3429 2387.012740165165 16368.059991986598
3430 2593.1112994121086 15394.81726325898
3431 4474.988774897569 17018.617919077562
3432 1559.2825706269402 15801.569576591399
3433 3160.238002412828 15575.701713743734
3436 2886.425357045056 15417.158247713329
3437 2831.667436336136 15774.410796824252
3440 2167.932516661757 16354.550873394963
3442 2330.5746237007465 16164.28164656368
3443 3464.898742205613 16080.696064995625
3444 1329.5647961725049 15669.321090711033
3446 3009.7028017598454 16405.48198397547
3447 2834.7810140172764 15876.046928467931
3449 2417.0142997632215 16368.43497775983
3450 1808.9648174791437 16361.609982091419
3451 3393.8200089213883 17013.40469643411
3452 3744.615214936056 15840.780820958602
3455 2600.2744481083255 16962.15750217457
3456 2215.2621849095503 15416.762011944198
3457 2382.5167085385597 16651.085676311657
3458 3456.408802465033 16696.594575607145
3459 3399.2221903991253 15428.278557689593
3460 2002.2083073507529 16349.985683023962
3461 3497.1341221588023 17141.157347372504
3462 1898.0037058963883 15402.574141200836
3463 2865.000945077712 15399.285862501996
3464 3093.746083896941 16537.969400425958
3465 3894.6047609119914 16769.93215016544
3466 3084.282347855094 15419.104254470218
3467 3305.1424622856844 17279.150348071573
3468 2394.513066257831 16368.153737632392
3469 3048.447232720457 16470.46585092428
3470 2372.0120345238292 16367.87250002687
3471 4073.822731168948 16367.726605699307
3473 2194.0800897966956 16672.925202272
3474 3020.453459457626 15406.532407407878
3476 3865.432920037403 16264.986147309342
3477 2893.7864063681805 15420.609561318199
3478 3270.842294015881 15964.368064439723
3479 1167.5733528118021 15676.695787629795
3480 2370.0279760726917 16896.824054018343
3481 1509.8542632666758 16796.064509699172
3482 2424.5147097792997 16368.528724454574
3483 4059.308414445079 16341.389891864756
3484 1849.5894699664505 15408.751071144037
3485 3952.195617561465 15793.238213433358
3486 3818.907761378784 15195.651026469346
3487 2880.0006621238895 15399.373715345362
3488 1301.3055599453867 17161.955919854772
3489 3738.0245575741037 15060.129100566366
3490 2167.998267863855 15386.00927570859
3492 4441.478458760434 15738.728210444951
3493 1488.307001519403 15578.145217991147
3494 3114.7821297779674 15423.264547066447
3495 2588.9563986027756 16653.086048578734
3497 2872.5008020871514 15399.329788914814
3498 2124.0803054350736 15385.100680866964
3499 2829.3156720889147 15493.507470073038
3500 2032.3742984530982 16168.649901034543
3502 3712.4023748318905 16335.211087503822
3503 2093.2754406686086 16353.186469502742
3504 3521.1251988699673 16175.664703770286
3505 2563.1179399449115 15394.02150994584
3506 1416.5949919291838 16545.460376015333
3507 2160.4919951867073 15385.853982515164
3508 2887.50051458192 15399.417641731523
3509 2893.1084690933217 16781.970899915425
3510 2062.3048531999393 16751.195923630414
3511 2423.948744690587 15388.370615394551
3512 2705.450081270057 16358.555896099768
3513 1684.2329788475615 15385.253737345873
3514 3634.4475339819564 16363.603046990773
3515 2461.0384608491195 17047.212272336033
3516 2439.522649230506 16368.716306828795
3517 3594.281681408884 15982.970275495689
3518 1396.7972836605745 16556.73706519396
3519 3753.499026754638 16560.53503576081
3520 1041.324620543862 16638.908581062762
3521 3833.7064568953447 15216.351037788212
3522 3574.071659942978 15361.206386681277
3523 3046.0854078018824 16716.545970894043
3524 3026.8103887535863 16078.743069726592
3525 2152.985680247302 15385.698688447397
3527 2455.1931469309743 16368.912170436417
3528 3633.303757536602 16398.305985415118
3530 2949.6010778176824 15398.910754762677
3531 2809.1630986813016 16367.92880417906
3532 3834.800606040016 15203.06218949803
3535 3694.3702956207517 16466.08092656182
3536 2330.7328780966636 16279.207687444265
3537 2796.062632688768 16360.831096255986
3538 2826.016405846805 16737.5232035399
3539 3609.8483955219695 15920.04411641439
3540 1852.6024127574276 17374.07103283938
3541 3300.6805558758124 16574.293135614007
3543 1865.385380616641 15612.186402638305
3544 3664.6058111803186 16418.59182272164
3545 3391.308178167532 15445.91136787214
3546 4015.2092891215943 15683.145086313163
3547 1413.0510324962365 16304.721871781969
3548 2493.906603417945 15417.86178296059
3549 2606.824752530213 16958.50273599833
3550 2564.500565740084 16949.326620757405
3551 3126.606082288133 17551.034673316623
3552 2959.976245759473 16361.979523802416
3553 3714.0621109585677 15265.717807824556
3554 4336.067190027427 16800.44496736871
3556 3338.3432678379654 14436.80669369322
3557 3588.1922349726947 16290.327562410503
3558 4068.7152571252814 16929.89393888524
3559 3579.8426855697385 16423.920386049387
3560 2409.5138632726375 16368.341230734188
3561 4031.3322837927735 16954.892525914493
3562 2912.7116766584923 15418.528062066309
3563 2215.459969975525 15403.962012012022
3564 2665.099753350306 14776.082881414015
3565 2316.285685751302 17112.28767219631
3567 2957.101465173645 15398.96676123935
3568 2849.2366163976067 15387.759299136436
3569 4112.270493945651 16126.213141808485
3570 1308.0843748364475 17150.460007178834
3571 3148.968663419415 16436.87236820513
3572 2781.016402841623 16357.784233751361
3573 2636.0151481933435 16161.109701744648
3574 1389.901913814459 15180.865079842002
3575 2705.512776709377 14688.936136410044
3576 2671.014866698611 14721.577553501858
3577 3747.586133279563 16541.39680931901
3578 2319.898920592247 16357.328152711776
3579 3093.063192287623 14991.357359228237
3580 2893.040747778141 15212.388548207064
3581 2778.309671498445 14619.78795535483
3582 2667.9134697692207 16358.939209580953
3583 3124.60786128054 15403.670058405061
3584 3378.293897536198 15457.20821195707
3585 2046.323506346308 17252.244040928323
3586 1461.701045245133 15675.774707923942
3587 2297.470601350163 16168.150009496096
3588 1058.5558623031902 17315.534951987294
3589 3734.815968503256 15270.143671983413
3590 1812.902631799728 17330.465265703147
3591 2333.139950804408 17091.591721173292
3592 2800.937440509313 15942.876839973527
3593 1856.3185503962918 15695.568554110312
3594 3437.209411036055 17078.996632760787
3595 3691.5987466664956 16099.065237603023
3596 4294.717263325659 16737.57252829364
3597 1293.2636309399477 15558.099939546239
3598 2842.2496548857644 15662.107849282493
3599 2746.6256992609256 16880.470681042854
3600 1773.4282381129613 16908.009611386882
3601 4222.681857004907 15575.713735540114
3602 2830.0577871380738 15477.893828694178
3603 4330.640295726186 17326.305378719408
3604 3228.3984689499616 15406.82176791926
3605 4164.478584106022 16526.778315787327
3606 859.3693534130508 16625.51675582415
3608 2195.1743205951707 15581.9982222588
3609 1092.535350082893 15684.859990089992
3610 1092.3572516311783 16729.46659565326
3611 2975.9705491028503 16149.141155902105
3612 3034.81328835098 15383.822719898555
3613 4295.601783465302 16732.821100860212
3614 3859.583033917459 15773.366211455734
3615 1175.3321926932406 15694.178451477483
3616 4258.3071929744965 16049.802725147953
3617 4100.625511603463 15644.284549192285
3618 3366.3716161434363 16102.550841111084
3619 2906.3854186560566 15091.826320463277
3620 3380.1772720319245 17531.346566654243
3621 3344.772051443886 15872.041612616757
3622 4533.651510407215 15729.32124530683
3623 4165.1843432694095 15608.015630921731
3625 4029.715303451012 16171.020762662085
3627 4555.648651483072 15774.78588255253
3628 3031.3280042479428 15418.400277038587
3629 4565.955684259197 15305.806749686062
3630 3543.5038605017007 15352.078775519918
3631 2872.3034730636177 15988.085630156398
3632 995.8578945479604 15519.114708019479
3633 2969.5528854815084 15624.19440591121
3634 3670.8073217950805 15839.90016363583
3635 1284.9861770040936 15807.231671933376
3636 2831.8435197034532 15175.297145273837
3637 3022.3661275542663 15963.247259148617
3638 3151.939238451676 15357.363859347768
