2710 2852.3885739216253 15442.587437677501
2711 2842.6592339117315 15490.102022766823
2857 2828.753156148019 15400.716458301906
2927 2848.178298250524 15410.209201064426
3014 2755.8362992490797 15399.009326776046
3018 2744.4047120093073 15398.731426213582
3029 2727.6575926507335 15398.324305680646
3038 1098.251495414609 16814.964524618703
3053 2812.823779628513 15400.394685827123
3058 2735.587346377117 15398.517077075774
3072 2797.9630233333646 15400.033422561888
3076 1930.4013743387798 15629.953421086337
3082 2657.1718228422696 14758.755147185086
3084 2142.3304913077172 16702.3293623505
3107 2843.607387646564 15400.847164958903
3137 2690.589327177561 15397.40345116626
3140 2871.4225600142463 15416.693428029446
3145 2784.4902914803447 15399.705902010164
3153 2863.8198187312473 15419.65134745197
3156 2770.1999983143755 15399.358506637562
3157 3344.1330331671256 15276.862088952143
3163 2719.9551220460157 15398.137059511893
3165 1895.26327439299 16839.947599710315
3171 2878.803503815922 15420.121132957926
3175 2712.4216014533163 15397.953920498374
3192 2660.5960919383465 15396.607701149009
3195 2668.0943949359494 15396.806638499118
3206 2645.5995373476517 15396.209827812603
3208 2292.5721145513126 16366.324406277508
3209 2926.2773384375787 15196.256802491796
3210 1722.3609494767836 15391.064657320834
3213 3242.176251442371 15343.512109654685
3220 1693.0338993685239 15391.887912745455
3226 3250.2546064960115 15403.787678876735
3227 1752.264331091276 15395.03139643047
3233 3265.0619904967434 15329.398125199967
3236 2675.5926697821114 15397.005575102343
3237 4063.9324601378216 15122.364382798323
3245 3846.2207299447773 15194.609807483446
3252 2333.364945092908 16302.457035903624
3255 1768.3354264712493 16757.35272949077
3257 2310.946853422329 16610.198882373945
3259 3676.5476144411914 17448.1611052727
3260 1868.7057128008043 15473.280701725602
3264 1676.872818990684 17125.53731853833
3265 2397.7010299304043 16368.19358359503
3268 2863.9211349681095 15416.461017365526
3269 3348.366531975742 15407.736419255925
3277 1867.3559883115279 15532.458172243427
3292 2585.6129525181846 15394.618324744259
3295 4014.4665346739544 16179.297178060713
3297 2837.7449116207954 15206.218229169132
3299 2683.090977531181 15397.204512578512
3300 2190.709590935724 15422.660829113536
3304 2353.937054759208 16367.646583096082
3307 2871.311654941486 15419.886240006417
3310 1872.2679328939662 15437.546123403445
3311 3400.036378274963 14532.317081400675
3313 2334.7801958384143 16244.720582020615
3320 2432.014970948742 16368.6224692889
3322 899.8546314225449 15749.169617168243
3323 2570.706290199352 15391.02044854972
3327 2878.923987691597 15416.925838774889
3328 1387.4217722984495 16470.019400912926
3329 1857.8782029738836 16353.891152895663
3333 1338.1156411024726 15534.452582004285
3337 2623.104607721391 15395.61301521485
3338 2578.1146501378016 15394.419387410524
3342 2533.124712641113 15393.225760139125
3347 2638.101222064064 15396.010890136535
3350 2615.606282906195 15395.4140772859
3351 2893.9259411514436 15417.409647028862
3353 1756.7051683136713 15391.964291953751
3357 1784.3112886349766 15396.008740840207
3358 4030.2539313918237 15673.95598974195
3361 4501.816685382549 14970.755565722946
3362 2540.62303044059 15393.424697881941
3364 2600.609657757326 15395.016202077515
3368 1027.949306714377 15401.315933854094
3369 2608.107999768887 15395.215140462704
3370 3158.7651979069874 15406.735268089149
3372 2967.428859867469 15599.013637884334
3374 2653.097812776717 15396.408764431293
3375 2901.2688122148893 15421.053755510697
3377 2452.1209065377075 15388.69402409822
3381 3425.440304948902 15405.276283439794
3382 2901.41762458966 15417.85566690442
3383 2630.602945006613 15395.811953474644
3387 3393.594787364716 16089.341821822869
3388 3774.359119031255 17598.290545241423
3390 2548.121307517986 15393.623634544361
3392 1595.5033487120381 16991.35222103374
3396 1891.0794406595398 16355.931487468639
3397 3594.525397704701 15662.548956578114
3403 2555.6196644300317 15393.822573324875
3404 3611.945555336721 15962.066614952793
3405 3174.088573832972 15406.803393213493
3406 2886.295378807369 15420.356026728285
3407 1881.9647451696362 17397.683716156535
3410 1872.1710673971807 16853.396367509915
3413 3217.1725054619974 15403.53624054097
3415 3198.1167894770606 15289.033925143116
3416 3973.280442378724 15708.754749535416
3418 1375.4069499094278 17119.98676887238
3420 2908.751191240913 15421.497948110982
3423 2955.7195475466074 16167.554814734145
3424 1851.8480150206044 15356.09302610679
3427 2447.0156808298902 16368.809961301624
3428 4162.067861761224 15782.951251197812
3429 2370.3529087704846 16367.85176281981
3430 2593.1112994121086 15394.81726325898
3431 4325.813795206534 16917.71347268519
3433 3024.1864252017485 15425.1000205744
3436 2886.425357045056 15417.158247713329
3437 2823.3391108272513 16610.385877277477
3440 2356.505273543834 16609.51247792738
3442 2187.358224506068 15430.180575194707
3443 3676.16826224299 15874.646328144196
3444 2023.7800838961844 15384.740862428891
3446 3344.292744632153 16953.745117256945
3449 2416.601417985664 16368.429817201692
3450 1417.0218099948859 16399.122434417644
3452 4274.255221850783 15985.290095611479
3455 2326.270816076601 16602.013630393114
3456 1872.2853625923233 15414.138038509798
3457 2723.105760120626 16871.753878168995
3459 3032.6424418431016 15399.583783941503
3460 2334.981778676572 16524.62684229923
3461 3578.414989891776 17590.10928666301
3462 1679.4922590668523 15401.064980902276
3463 2865.000945077712 15399.285862501996
3464 3347.1207626011305 16952.22380265172
3465 4323.130103717921 17307.124286815717
3466 2319.6692868382506 15406.541944208144
3468 2385.0443392722555 16368.035389187919
3469 3344.7949671175593 16960.956897332024
3470 2340.3263670754864 16374.71249313287
3471 4338.348215955969 16804.257247025962
3473 1854.2739733097285 17302.54770022068
3474 3668.380288478047 15290.312164933455
3477 2893.7864063681805 15420.609561318199
3479 1860.807580557731 15391.734636183852
3481 1811.826991893999 16881.689428488906
3482 2424.3785217846385 16368.527022257716
3484 2431.220034599838 15395.405892886543
3486 4032.1643448999325 15555.378766804803
3487 2880.0006621238895 15399.373715345362
3489 3938.0698612079505 15362.025320564186
3490 2474.628315366605 15388.95240298841
3493 911.6986206206279 15905.210767832672
3494 2916.4010953867405 15418.747712842483
3495 2221.1845632697473 16653.844050300842
3497 2872.5008020871514 15399.329788914814
3498 2444.604580359338 15388.607738731876
3499 2992.6015344065213 15399.23184538834
3502 4337.808510164595 16093.881389021628
3503 2334.6016629496785 16577.64037113356
3504 3617.4729901079613 15915.684461575549
3505 2563.1179399449115 15394.02150994584
3506 1654.7009869773979 17074.038557054897
3507 2467.1275784131044 15388.866296582099
3508 2887.50051458192 15399.417641731523
3509 3653.371988847253 16394.628664184234
3511 2482.1290319700374 15389.038509161108
3512 2808.629702690976 16356.413090802585
3513 2031.7346445675366 15390.910358923504
3514 4274.824340198481 16034.190665314867
3515 2297.193357746921 17411.11605885323
3516 2439.5153452349073 16368.71621553706
3517 4002.5155923368006 15690.898252091785
3518 1831.3065966014017 16213.599930722343
3519 3459.4015403562858 16071.411080529742
3521 3260.0435223318104 15426.865548622703
3522 2656.72572766722 15411.290564050309
3523 2595.274249751078 16968.61218343004
3525 2459.6266653425846 15388.78018815401
3527 2454.516052686589 16368.903707519417
3528 3137.9404984917564 16635.94527000733
3530 2895.000387179287 15399.461568235638
3531 2471.0407113254255 16369.184820927503
3532 4210.922928463025 15862.764659630966
3535 3411.826188640387 15993.94117242125
3536 2190.1417864405835 15452.970476785
3537 3193.242455528023 16613.653838847575
3538 2812.024879789078 15900.214619247614
3539 4026.192470012654 15559.714029520159
3540 1825.9275520267568 16746.786523821327
3543 1811.7976149848093 16360.607196581666
3544 4255.596089733009 16037.671770254503
3545 2753.1428700254223 15413.270558938022
3546 4424.168954665228 15351.775205921895
3547 1476.6485872530582 15623.65448757518
3548 1822.8588637930793 15397.184336278193
3549 2814.610527640461 16562.08047044653
3550 2460.668028634522 17043.74492171135
3552 3402.073627129889 16505.65832178413
3553 4072.1093191419 15620.198081168606
3554 4655.750856492917 16784.54897947049
3556 3056.573333236511 14372.378315635582
3557 3129.0339225347557 16235.290522066614
3558 3649.193385239691 16393.96335307759
3559 3122.044618820139 16609.661722876215
3560 2407.904163546859 16368.321111296917
3561 3895.051054154654 16661.133281693707
3562 2908.909383540497 15418.301691275645
3563 2291.155406830706 15386.455092223805
3564 2856.522672816631 15354.616097372826
3565 2845.1437192125486 17366.236801177754
3567 2906.4445173012045 15399.528596124761
3568 2849.2366163976067 15387.759299136436
3569 3432.9117291737593 16500.38207682856
3570 1808.87829897366 16876.013370179597
3571 2851.354628267246 16602.994640086676
3572 3118.0134333038277 16224.832794039741
3573 2478.5392068109813 16369.370808242831
3574 1488.2147313061698 15550.397623436815
3575 2856.7030659383868 15146.70531430932
3576 2855.943349140072 15243.799599467315
3578 2711.233906078209 16361.697225790502
3579 2852.6360492547947 15380.341190813806
3580 2852.4366144968994 15387.839370597609
3581 2807.606985492039 15000.491579057407
3582 2794.328269037239 16357.648296660385
3583 2924.3527130322223 15399.633483830954
3584 3330.6805143459624 15841.866634484682
3585 2553.9068870901383 16967.68599804896
3586 1502.913154181004 16285.46851095834
3587 2217.2082064251426 15628.533494411035
3588 1808.008159064191 16880.043325116603
3589 2919.870401556584 15422.15804176917
3590 1747.2422272734839 17219.99100285992
3591 2552.354756086349 16964.88730941242
3592 2829.292409219008 15426.729874287726
3593 1847.5673751517616 15620.229625169859
3594 3056.571908599814 16501.403790605233
3595 3944.024482815938 15726.623957249176
3596 4326.700817184136 16436.440421825635
3597 1355.3604656633793 15661.329048211775
3598 2882.712187447237 16355.50349829423
3599 2593.7241680508455 16965.8122547566
3600 1453.3885150531423 16668.60762470963
3601 3823.61809920067 15804.597204162981
3602 2842.068885714199 15590.352639002347
3603 4053.4624003319414 16921.929416766106
3604 3856.3315285516574 15216.181727502182
3605 3985.7824194341392 16211.584743462121
3606 1018.8489547292832 16751.19466262228
3608 2187.5187490610324 15422.594303634169
3609 1203.785804385253 15678.860245751486
3610 1680.7069145421215 16401.773732173115
3611 2771.747461769831 16370.86421007727
3612 3002.0583818444925 15399.302461035279
3613 4000.2336070583606 16887.880667887413
3614 4220.307401204077 15473.033917443456
3615 989.4543448627245 16087.036817687127
3616 3463.774795339054 16483.65301871284
3617 3894.3212733880855 15336.523063404251
3618 3657.5033312164574 15892.79557635734
3619 2849.436051535255 15380.261105074991
3620 3324.9260805132617 17264.881016257827
3621 3091.730662660028 15535.45327061127
3622 4287.526592512775 16005.732439213143
3623 3943.653987352939 15423.723817813141
3625 3509.3981343595124 16155.857242666541
3627 4231.744220012147 15888.987450047607
3628 2189.499461483863 15398.708825862248
3629 4361.822107663235 14940.028224469559
3630 3814.9556882950815 15226.40076832953
3631 2965.2087283449387 15702.061096718688
3632 1240.3236803472923 15678.116229013967
3633 2961.3319960943377 15967.484540034846
3634 3618.4415670448525 15954.573605782505
3635 950.5339985366143 15987.298175072207
3636 2849.7459565737167 15368.609556875386
3637 3122.6507055923958 16226.22471703056
3638 3259.0850437154354 15398.730816021458
3639 1693.095822966451 15384.310078474611
3640 2600.2744220452864 16962.15751671654
3641 3035.1053421431084 15390.395178314568
3642 3722.4586564948277 17529.76285367771
3643 2193.9096625764237 15422.71731596382
3644 2854.766832120212 15298.277153638379
3645 3438.1141755412023 16905.466518819052
3646 3791.296784501326 16520.495076139476
3647 3360.5869616724653 16955.757774446873
3648 3765.3739125401776 15828.43840882122
3649 3095.9638061469877 16247.699428546
3650 3735.4319958441743 15254.21475308604
3651 3094.933536719854 15535.141168123177
3652 3468.0843210340104 17480.430666503446
3653 3038.5130258804 16279.270040203835
3654 2852.837481329424 15372.767917600377
3655 3339.6488410196534 16958.108372944593
3656 1176.9726744045524 16588.5597909841
3657 2796.53899452543 17310.344906749848
3658 2346.88014577138 15960.774499077379
3659 1698.5666862403773 16601.158447828166
3660 945.5536327112936 16157.11036905779
3661 4439.507770501499 15081.631641740247
3662 3976.8878949252735 16855.39079603703
3663 875.0039080539298 16461.12909041447
3664 3617.029433126526 15967.616897859032
3665 2057.839428520052 17245.981281749107
3666 490.7856546790104 17823.18191099222
3668 2956.013896610305 15398.958640207664
3669 1325.4009621469702 15356.678945459222
3670 1119.901040344738 15872.674558187093
3671 3003.322651316244 16724.825603605055
3672 2855.7427111775078 17407.45627790743
3673 1413.2156923318478 15524.958230085
3674 2393.1980946124336 16172.01415375699
3675 4687.3369353347925 16543.40238414833
3676 3257.647149251771 15940.646950175224
3678 2747.65040293742 15811.19685325019
3679 1830.9680816350156 17026.841150467702
3680 3410.5417174059376 15738.912128089638
3681 3091.662275140616 15370.53914712463
3682 1188.9642642335605 16862.109529142082
3683 3242.431347642857 17196.942887410136
3684 1827.2451796841071 15718.563707891873
3685 4428.089777603039 15086.83742473311
3686 2325.9149714234145 16345.131250939252
