2710 3574.7794604956775 15673.861217598236
2711 3143.8902023014793 16624.792615083134
3018 3022.5465976456453 16066.045216571478
3053 3390.7357935324026 15948.921736309383
3058 3202.516681678705 15628.227527058281
3072 3153.935058834505 15885.44941178683
3107 3999.033400467206 15482.55346402356
3137 2817.38937251508 15400.505674861677
3140 2833.076224009341 15108.770654442318
3145 3356.875332166872 15886.643867813658
3153 2526.901183117364 15415.805172083472
3156 2909.168073983987 16358.74532177748
3163 2839.9551617578404 16356.798951224886
3171 2534.553987101666 15412.71996548094
3175 3162.2783734168265 15571.818336560182
3192 2787.398485524048 15399.77659987071
3195 2794.8961974242116 15399.958868379057
3206 2779.9007668120275 15399.594331196766
3208 1292.981177961289 16627.109095156
3210 1000.7537571751272 15370.868745660893
3227 980.0541459962128 15609.948949492224
3236 2802.3939600603535 15400.14113812079
3252 2176.7413411663047 15412.564963229168
3260 1549.4493528880446 16026.66632717032
3265 1453.7348273173593 16535.272352461354
3292 2734.9145844274203 15398.500722310657
3297 2940.950954391605 14467.1354528364
3299 2809.89166071158 15400.323406355677
3307 2526.982300964341 15412.6051929931
3313 2157.268738839022 15411.979101872173
3320 1869.9900744353365 16355.430531769505
3322 566.6906559299094 15972.499494454305
3323 2920.3792942801547 15399.610976322261
3327 2536.2145256995454 15415.946307914277
3337 2757.407625644576 15399.047525538821
3338 2727.416796188636 15398.318451946527
3342 2675.5927102935943 15397.005576177151
3347 2772.403083490752 15399.412063383168
3350 2912.8794171020772 15399.567724435421
3351 2837.5047791288316 15219.926090924302
3357 1037.1662356849235 15406.344681075785
3358 3460.2502929315074 14623.566834106456
3362 2683.0910538203243 15397.204514602538
3364 2905.3794972644255 15399.524472302563
3369 2749.90996326452 15398.865258234302
3374 2927.8791452387495 15399.654228057894
3375 2610.197904203299 15413.866584661675
3382 2690.1212931069117 15418.14666108694
3383 2764.905325403442 15399.229793752016
3387 4394.895407065874 15463.98306452081
3390 2690.589337521194 15397.403451440687
3396 1175.184220768967 16841.54990044542
3403 2712.421324467936 15397.953913764892
3404 4383.555192470911 15472.800656642583
3405 3618.9393152192665 15190.03338401914
3406 2550.4076849980293 15412.960277653947
3420 2667.566582079982 15417.87172217274
3427 1877.489059482757 16355.608662266994
3428 3963.872807070419 16569.816772407896
3429 1736.2964690426388 16052.584175247905
3430 2742.412263747556 15398.682990026988
3431 3997.4408408733843 16233.238408408246
3433 2799.6695133146645 15416.281551661412
3436 2576.5157171294045 15416.557038388828
3440 2794.5175766384123 17289.801653103295
3444 2474.628287153855 15388.952402664536
3456 1569.1921620211613 16019.76035470184
3457 4422.179712865847 15938.910598473403
3460 2724.786507934293 17105.08347290795
3463 2865.000945077712 15399.285862501996
3466 1857.5806392246743 16305.815941750297
3468 1438.0244645397656 16532.061950120427
3470 1590.9307470380313 16985.38356869357
3474 4580.971921432633 15359.839213129511
3477 2605.3761545367965 15416.994393911289
3481 2162.572663983846 16982.80200765118
3482 1862.4910578641545 16355.252400523204
3484 3357.8055535728513 15222.601884663132
3487 2880.0006621238895 15399.373715345362
3489 3735.617443936991 16525.86555784326
3490 2660.5958533839366 15396.607694819926
3494 2777.542144751862 15416.01182199476
3497 2872.5008020871514 15399.329788914814
3498 2645.5933028933364 15396.209662406402
3503 2825.2937992749908 17336.31787015641
3504 4599.835206283546 15349.20573040649
3505 2719.9191064370557 15398.136183976609
3506 2376.125758094964 17499.202159702454
3507 2653.0962475027263 15396.408722903034
3508 2887.50051458192 15399.417641731523
3509 4592.7478920417925 17195.38389614442
3511 2668.0943702112922 15396.806637843149
3512 3147.744642495177 15880.176425971951
3513 3894.180880398038 15283.715792272593
3516 2193.2257493073294 15459.48131399736
3519 3091.0727918770185 15440.141791714457
3521 1883.5497002135078 15402.22480698064
3525 2817.549139172051 15394.105675687168
3527 1884.9880066921758 16355.78679186568
3528 2275.202891092028 16365.957223302301
3530 2895.000387179287 15399.461568235638
3531 1892.4869605814563 16355.96492162304
3532 5030.238757299725 16286.460638335839
3535 2868.0641238463313 15419.784419724556
3537 4388.070419704794 16186.541584632952
3538 2832.4824729649763 15426.879939404955
3539 3319.698568196594 14408.585903351843
3545 983.5298878601773 15707.574272965177
3548 867.2350151040222 15817.516511883825
3549 2822.5363542966647 15433.91245580336
3550 2301.445540988211 17563.779282113857
3556 2824.831094107315 14571.976685548452
3558 3091.63818328636 15491.76137751214
3559 2237.33807155929 16365.156766268376
3560 2274.518900253121 17153.286126860683
3562 2835.0626028241245 15344.452362537051
3563 2638.0780953728436 15396.010276562682
3564 2855.636615119365 15387.929347194675
3565 3481.3082164117995 17719.572053598513
3567 2902.5003305563955 15399.505495154308
3568 2849.2366163976067 15387.759299136436
3569 2686.4271963106544 16361.950510554312
3570 2565.864444858966 16361.841379417237
3571 1997.415985997953 16787.88800800117
3573 2564.2500343466795 16948.93492710256
3574 2168.6499661205876 15386.022758339423
3575 2849.8349215158896 15365.264728030557
3576 2855.8360498783873 15380.431167368506
3578 3324.2030454199494 16922.558205714453
3579 2852.6360492547947 15380.341190813806
3580 2852.4366144968994 15387.839370597609
3581 2853.2343552753505 15357.846585785046
3582 3831.7812486740845 15788.496339150082
3583 2910.0002275996994 15399.549421801601
3585 3698.3743054887887 16466.43766854868
3586 2533.8450796685643 16889.518111473873
3588 2634.2272028236594 16359.145844962672
3589 2751.4148947506146 15415.69333430774
3592 2822.8924760599925 15426.419874287727
3593 3501.6650178852015 15376.427656131007
3594 2829.2924058464355 15426.72994514491
3595 4553.112445741303 15375.469917728167
3596 3750.035527549181 15078.13953106186
3597 2146.1312246133143 15385.556880342314
3600 1078.7660688412 16179.368865702809
3603 3415.9920445258367 16000.932969952082
3605 2660.3768685726304 16928.62313807858
3606 2138.6259340741562 16354.01527760825
3608 1480.1467558708966 15711.63458913446
3610 2796.019013435726 16357.631031246827
3611 2336.07 15865.017890237206
3612 2949.6009990030648 15398.910754174156
3613 3111.627976516278 16214.568576088648
3615 1096.646608295746 16986.690471272148
3616 2601.2910544114006 16372.309844044828
3617 2360.479993688645 15406.990969035776
3618 4542.1321925007815 15263.285507469564
3619 2849.436051535255 15380.261105074991
3621 2825.566694636247 15417.498559451044
3622 3170.098129953149 16647.390666546962
3623 2856.318348743394 15416.653244245392
3625 3936.9137779971193 15411.812036817508
3627 3273.5147171506974 16589.50004973356
3628 2153.637449276638 15385.712172542406
3629 2743.7653299543076 15413.077984454418
3630 2806.963961213477 15413.169982412132
3631 2848.575113857482 15420.106711701694
3632 2161.143670641428 15385.867464674258
3633 3053.9488764709185 15597.466331775808
3634 3147.846723689167 16631.164203739972
3635 1450.9636396023757 16284.216280639228
3636 2849.6354869020374 15372.762902398761
3637 2579.3313749876106 16979.3034428375
3638 4211.091067643621 15209.338628621113
3640 2334.707971511179 16088.696922091196
3641 2957.1009253201587 15398.966757208185
3642 3615.204983281733 16336.845875335895
3643 2482.1290370615 15389.038509219557
3644 2853.034919649665 15365.344798195296
3645 4271.41139658678 16464.3549080248
3646 2760.1558631361263 16876.469612020923
3647 2593.7241260879428 16965.812278169957
3649 2814.2346395211366 16845.46979033553
3650 4276.301346961603 16034.958293642076
3651 3577.7421350981044 16265.9513952721
3652 2595.1673795515644 17005.888430797946
3654 2852.8354852566026 15372.842964262412
3655 2837.061634888548 16368.217103126459
3656 1809.0283476793315 16351.031510551327
3657 4079.406611731341 16949.690184177347
3658 2698.21235956831 17121.494494823077
3659 2332.8717991500625 15872.84116239337
3660 1801.835616955957 15382.426588460214
3661 3523.1973667174834 15366.643927089533
3662 3430.673583200121 16024.39880692512
3663 1060.6114224794771 16746.62017723618
3664 3199.7224811777232 15425.465076813714
3665 2820.673147723464 15691.596407282852
3666 1839.0975033112218 16431.4430378449
3668 2917.500143084417 15399.593348556906
3669 1301.9253898705579 15682.153206604402
3670 1202.8654638040216 16116.10442824813
3673 1666.7187379992824 15909.124594305598
3674 2195.4425360881783 15406.44243422884
3675 4434.80855865415 15954.82167422162
3676 2821.073964864314 16221.3132793451
3678 3059.883832986761 16483.28998322699
3679 1853.433215253787 16033.14867769618
3681 2979.600708272489 15399.134766340147
3682 1816.1047542290605 16348.513886275945
3683 2678.402663102422 17151.23820135017
3684 1509.9393187176133 16285.637874932792
3685 3623.543565658533 15334.3356755044
3686 2208.3834194906876 15386.82916257371
3687 3875.8546826458405 15775.24506099468
3688 3352.941715767537 15407.771321043108
3690 2928.338237189855 17209.488677850728
3691 2330.3293468174993 16477.93098747939
3692 3196.718747795157 16619.0423458785
3693 4005.62488781346 15318.586919620544
3694 846.9015150854515 15754.538863685912
3695 3162.7634052891676 16679.845711691778
3696 2339.1170317861765 16358.786104316821
3697 2972.1007411184246 15399.078763001184
3698 3383.025903948986 16508.95536918358
3699 4439.591707439673 14885.70224481675
3700 4113.364456633341 15637.12785592168
3701 2850.03439722686 15357.76500852758
3702 2585.552373363844 16984.39759635795
3703 2936.05 15399.71
3704 913.5167800630419 15230.922431112425
3705 2336.902359411706 16390.32672113752
3706 2964.600841398658 15399.02276016576
3707 3441.64908696934 17074.290314012396
3708 3790.941250469004 15148.018084447207
3709 2667.376800797357 16358.944689895867
3710 2821.0970412632278 16163.207010724163
3711 2854.1878720355344 15321.9970670242
3712 1889.4119177621403 16345.211048272335
3713 3859.3645014427984 16009.437610839286
3714 4374.020083671904 17073.9557790661
3715 2853.433790283559 15350.348396590172
3716 2863.2364181022504 15118.149823471496
3717 1628.8507285167448 16423.544105244095
3718 848.7090386036808 15777.228266404432
3719 3572.7636477549986 14793.933060769637
3720 3954.8141619755725 15153.369356113923
3721 4473.725926746605 15941.187865037982
3722 3790.126571946071 16619.466216578803
3723 866.5354641922936 15746.49127832118
3724 2627.8571405671482 16372.572784299464
3725 2646.269114420039 15423.331025301513
3726 888.5078172328608 16603.651182219324
3727 2469.128821163554 17014.80794362307
3728 3648.1607633805734 16392.271032707133
3729 4550.13498472052 15888.043776167733
3730 3787.9105021464334 15812.371424551942
3731 3758.336830853523 15841.420255812844
3732 1831.429836270731 16885.576354353543
3733 2832.989451100619 15738.83794362125
3734 3661.673070356172 16586.54202866779
3735 3147.1452388309035 14961.221241142845
3736 3679.6861877558117 14966.209371623663
3737 3158.56780591424 14969.521445109976
3738 1828.8856447287797 17131.54538800703
3739 4366.967476376121 15775.181243143057
3740 1382.3913161893292 16654.040300982324
3741 3171.6381543285424 16650.200647651127
3742 3500.006402066581 17171.257504305377
3743 4571.950628359907 16119.379868195958
3744 3428.4708207300846 17489.47549912547
3745 2390.1320486576524 17070.332083870613
3746 1998.343525486484 15406.276004954
3747 2842.310564666357 17386.797466913104
3748 1787.4445208304437 17393.92496918435
3749 912.5004221227707 16585.647073580105
3750 2227.7018462649944 16636.18536959374
3751 1664.448901136177 16950.764763574487
3752 3613.395445568318 14865.469789357136
3753 1018.7613276957059 16751.562910518765
3754 3513.8409554023783 16163.361337567614
3755 3634.3143439367514 16369.578720438338
3756 3888.077282789781 16766.80249356003
3757 3292.4490283591226 15815.468169560201
3758 2058.608165349412 16745.932564111707
3759 3232.2141496594863 15677.142573999685
3760 2133.934432369745 15385.304547540334
3761 1027.4139114418242 16715.200892616478
3762 1338.633209484768 17140.814484314946
3763 2247.278338166124 15404.026032873573
3764 3896.7516817831624 16453.87196091944
3765 2646.2998536975247 15596.466599572534
3766 3271.507609725893 15972.59242523247
3767 2638.9518334013114 15984.556530513553
3768 2986.404597797838 16395.534088520442
3769 2671.287208431766 17116.613099007922
3770 837.3655703646044 15143.72234354067
3771 3742.2573851511247 17334.543222045708
3772 4154.152856470032 15187.0891426899
3773 1107.7668610021303 14982.938497748757
3774 4584.38277552864 15827.335268215413
3775 4182.654056307924 16511.82790914356
3776 4022.60694281402 15754.361422632133
3777 3626.02239294525 16355.474399987026
3778 2041.0211353065338 16743.115647422757
3779 4271.343039883155 16926.766904752134
3780 3222.001452054654 15234.664758645586
3781 3212.8784480692775 14300.681485021416
3782 997.1854542797051 15622.120122551572
3783 2611.300445585649 16668.711730823226
3784 4103.318345600258 15499.50368348201
3785 3034.897904219287 16091.49009527954
3786 2380.0506952965234 15518.806564417177
3787 3064.475354558611 15278.676874095514
