2710 3642.0534517157585 15635.320583112714
2711 3143.8902023014793 16624.792615083134
3018 3063.4850705814347 16113.887061730984
3053 3448.1705278364884 16046.333116643225
3058 3272.515690706947 15743.754487048893
3072 3141.0540670561186 15866.690187521495
3107 4072.27625664705 15613.953447144835
3137 2817.38937251508 15400.505674861677
3145 3432.1366881222843 16020.705866180413
3153 2525.567198597442 15415.81155108081
3156 3002.132638940702 16392.78471337932
3163 2917.9710578281038 16355.992287259607
3171 2529.95095435485 15409.44884845819
3175 3196.6718596079586 15618.601082195448
3192 2787.398485524048 15399.77659987071
3195 2794.8961974242116 15399.958868379057
3206 2779.9007668120275 15399.594331196766
3208 1179.2945934665056 16691.38756189985
3210 961.424359853775 15305.61213239417
3227 933.1242822416382 15558.787811288797
3236 2802.3939600603535 15400.14113812079
3252 2094.3751149681607 15408.328590643476
3260 1488.9632479033635 16047.82417623492
3265 1372.3975682634725 16582.20701787361
3292 2734.9145844274203 15398.500722310657
3297 3004.1178308007097 14409.778532822922
3299 2809.89166071158 15400.323406355677
3307 2524.7699772200226 15412.66824757684
3313 2052.3126229866243 15408.02735018594
3320 1869.9900744353365 16355.430531769505
3323 2920.3792942801547 15399.610976322261
3327 2534.403596814382 15415.918864818474
3337 2757.407625644576 15399.047525538821
3338 2727.4169027664016 15398.318454537419
3342 2675.5927102935943 15397.005576177151
3347 2772.403083490752 15399.412063383168
3350 2912.8794171020772 15399.567724435421
3351 2832.578296090785 15112.711258458847
3357 1000.478091318925 15370.16916973946
3358 3426.115911536196 14572.205553171116
3362 2683.0910538203243 15397.204514602538
3364 2905.3794972644255 15399.524472302563
3369 2749.90996326452 15398.865258234302
3374 2927.8791452387495 15399.654228057894
3375 2548.3490279103526 15412.92907229344
3382 2626.174494462728 15417.309575164303
3383 2764.905325403442 15399.229793752016
3387 4365.806099959101 15409.333353878934
3390 2690.589337521194 15397.403451440687
3403 2712.421443480407 15397.95391665807
3404 4443.497746928846 15437.661841554784
3405 3612.427818724965 15178.379589265984
3406 2535.2811076098737 15412.730987257088
3420 2649.1947894191485 15454.668407539684
3427 1877.489059482757 16355.608662266994
3428 3993.981100944313 16608.046330062072
3429 1660.5814388250117 16077.459201504218
3430 2742.412263747556 15398.682990026988
3431 3974.151053707762 16208.582788137825
3433 2681.082489459421 15414.835991683369
3436 2542.087571987493 15416.035308964103
3440 2878.6583512238713 17416.75196529462
3444 2474.628287153855 15388.952402664536
3456 1507.9382149798007 16041.186792500082
3457 4557.063896061274 15864.633451293563
3460 2790.817769587345 17064.30547817609
3463 2865.000945077712 15399.285862501996
3466 1855.2080993084357 16441.456677465645
3468 1429.715961661122 16467.693188215955
3470 1547.949423733699 16905.522347642775
3477 2550.057609101175 15416.156088136528
3482 1862.4910578641545 16355.252400523204
3484 3395.695645178292 15214.048576489866
3487 2880.0006621238895 15399.373715345362
3489 3828.9055536645524 16675.79385157738
3490 2660.59607477196 15396.607700693568
3494 2665.0705611627354 15417.841296011218
3497 2872.5008020871514 15399.329788914814
3498 2645.5994663506176 15396.209825928983
3503 2912.1543909605134 17467.239106075103
3505 2719.9192263249197 15398.136186891068
3506 2385.8919182180293 17555.438246343114
3507 2653.0977521222962 15396.408762822071
3508 2887.50051458192 15399.417641731523
3509 4584.524914580672 17155.839759302864
3511 2668.0943702112922 15396.806637843149
3512 3118.0774942665385 15820.381162188445
3513 3975.3292856163453 15429.706271737643
3516 2197.344637330927 15334.430877167799
3519 3067.4152469041005 15425.812566246104
3521 1765.3422648198543 15398.633059152384
3525 2817.549139172051 15394.105675687168
3527 1884.9880066921758 16355.78679186568
3528 2144.9838089218624 16363.204409963679
3530 2895.000387179287 15399.461568235638
3531 1892.4869605814563 16355.96492162304
3532 4905.857464047949 16380.490186061497
3535 2815.983143155307 15416.480412629733
3537 4442.964360379143 16162.534254620881
3538 2832.4824729649763 15426.879939404955
3539 3277.98247635452 14345.223811879481
3545 860.5966774056855 15758.077116478486
3549 2822.5363542966647 15433.91245580336
3556 2877.937491771961 14524.284371076757
3558 3090.7346967766243 15430.078843956482
3559 2080.65829057737 16361.844577426376
3560 2184.7884342202565 17204.315929686643
3562 2837.6222002952354 15213.22315329586
3563 2638.1010763610816 15396.010886270891
3564 2855.636615119365 15387.929347194675
3565 3516.0614013220606 17791.343064687786
3567 2902.5003305563955 15399.505495154308
3568 2849.2366163976067 15387.759299136436
3570 2715.6810185143254 16358.451420602005
3571 1890.055095595047 16850.383020597612
3573 2564.5005674335107 16949.326623404995
3574 2168.6499661205876 15386.022758339423
3575 2849.8349215158896 15365.264728030557
3576 2855.8360498783873 15380.431167368506
3578 3342.705325451896 16958.581761492114
3579 2852.6360492547947 15380.341190813806
3580 2852.4366144968994 15387.839370597609
3581 2853.2343552753505 15357.846585785046
3582 3926.233676393649 15737.093982073795
3583 2910.0002275996994 15399.549421801601
3585 3780.186295632137 16597.417153071932
3586 2569.738838950332 16945.635060559052
3588 2638.359230182332 16309.426878198814
3589 2607.655749483908 15413.828050388553
3592 2822.8924760599925 15426.419874287727
3593 3664.561806872473 15292.369074600523
3594 2829.2924058464355 15426.72994514491
3595 4583.418553870049 15336.996592743259
3596 3658.8649948725206 14931.848506458018
3597 2146.1312246133143 15385.556880342314
3600 1155.69265736783 16137.900179344206
3603 3350.1076822241694 15881.183053628418
3605 2600.7733825893856 16961.879119866193
3606 2280.81032485036 16356.613784629953
3608 1496.2319006872215 15840.259109378267
3610 2796.019013435726 16357.631031246827
3611 2280.9256589445517 15734.419168230548
3612 2949.6009990030648 15398.910754174156
3613 3069.0011952961468 16146.05407818032
3615 1132.304378660021 16982.999071332448
3616 2480.2430923927764 16369.413070201326
3617 2201.40524005113 15405.240729470106
3618 4503.664293763094 15195.198696562185
3619 2849.436051535255 15380.261105074991
3621 2738.479748229969 15418.736144194394
3622 3159.1792551314006 16654.19309836301
3623 2762.397414569293 15415.82720975711
3625 3862.14119077468 15279.64416372714
3627 3180.2268858808725 16641.720783754485
3628 2153.637449276638 15385.712172542406
3629 2581.475449278766 15409.745245833403
3630 2722.2806936253337 15418.538679882891
3631 2760.776248403369 15419.007935552783
3632 2161.143670641428 15385.867464674258
3633 3091.3763129800127 15576.667804083363
3634 3147.846723689167 16631.164203739972
3635 1554.6919181828935 16286.716625376643
3636 2849.6354869020374 15372.762902398761
3637 2501.5299357271315 17024.185668608527
3640 2336.0951678986726 15918.966398400271
3641 2957.1009253201587 15398.966757208185
3642 3558.413849865523 16239.046581261136
3643 2483.46469616437 15389.080868910709
3644 2853.034919649665 15365.344798195296
3645 4349.18700285329 16425.087611238156
3647 2593.7241260879428 16965.812278169957
3649 2757.9895056159744 16890.07412690694
3650 4196.601239847891 16083.69242106705
3651 3630.4310600486583 16356.6863279236
3652 2580.0497109640764 16987.66068237257
3654 2852.8354852566026 15372.842964262412
3655 2837.061634888548 16368.217103126459
3656 1812.90926405655 16349.650768897587
3657 4225.596150122337 16943.477528656465
3658 2760.4526600656272 17083.057630491687
3660 1980.0737766315638 15384.595400551832
3661 3442.4614996175874 15403.632648469526
3662 3366.647006302428 15911.230627207764
3663 1161.8196311327852 16690.579321859623
3664 3062.088340248353 15422.52393807134
3665 2828.0302076317375 15520.55284674661
3666 1842.3352706478622 16243.285147325812
3668 2917.500143084417 15399.593348556906
3669 1418.6294627091947 15632.046697822278
3670 1134.6845127685995 16152.85705937533
3673 1744.4395677973694 15886.611886011066
3674 2273.0938583997313 15386.174947120426
3675 4303.745806042838 16024.790327482358
3676 2821.0601210534774 16347.506537027562
3678 3134.098592333582 16602.952113350562
3679 1851.9349511130024 16101.611904491661
3681 2979.600708272489 15399.134766340147
3682 1826.2500332942604 16347.038372909992
3683 2598.7068930373634 17023.682469357274
3684 1620.1431115197668 16288.294310353747
3685 3490.724257632094 15406.396961663922
3686 2313.792665421014 15386.806209248587
3687 3774.5698770332538 15832.157782291522
3688 3500.3145866869986 15377.186785807453
3690 2986.777836715889 17166.811705417782
3691 2331.699593421075 16372.971143635279
3692 3320.1573667189064 16551.34390774448
3693 3999.1192160887704 15325.96036436195
3694 927.7237240970946 15724.844166175619
3695 3134.382093947209 16630.061512990396
3696 2436.4068325538738 16360.885660197342
3697 2972.1007411184246 15399.078763001184
3698 3523.2414554670368 16431.47708810275
3699 4369.39793606646 14923.178797615643
3700 4061.4815501594785 15666.995423262255
3701 2850.034356221719 15357.76655020429
3702 2585.429416689107 16984.200149662884
3703 2936.05 15399.71
3704 953.7189192572746 15288.886899848852
3705 2335.228930359501 16507.34430876366
3706 2964.600841398658 15399.02276016576
3707 3348.3882451548316 16969.48311339446
3708 3822.236734835765 15198.736026296003
3709 2762.576121545584 16357.972540797069
3710 2821.063704148075 16314.844838221845
3711 2853.6333332897184 15342.846146979446
3712 2003.4260101489426 16350.037227990237
3713 3813.3834463548474 15923.879004760887
3714 4359.911192998605 17080.840677344157
3715 2853.433790283559 15350.348396590172
3716 2860.2525234035165 15193.014460849077
3717 1771.7732144741626 16365.62123186655
3718 882.6072578394962 15740.032916241611
3719 3627.7554792525966 14882.53734672855
3720 3825.277367312388 15224.45708407081
3721 4420.511335821083 15958.815328172079
3722 3693.1046564613093 16464.061604856877
3723 969.9958901039074 15703.628382597322
3724 2517.5855616114227 16370.339286081706
3725 2646.269114420039 15423.331025301513
3726 949.6972360331846 16574.15316549651
3727 2612.9848982899016 16932.421412595722
3728 3616.537139880089 16339.139965400298
3729 4456.197037110175 15939.792078012219
3730 3904.708607722557 15748.808231168674
3731 3627.2613415862525 15917.054682507194
3732 1885.0562178574091 16840.90178780984
3733 2824.58304513093 15896.990825093648
3734 3736.9738376695136 16546.443317292516
3735 3091.2180878240974 14992.387730610364
3736 3722.181051110123 15034.644351467397
3737 3118.5130948044534 14973.484077420886
3738 1832.7110121889189 16972.76045170699
3739 4234.242598825646 15842.821361397959
3740 1434.6087262415945 16623.652846840974
3741 3162.30254383691 16656.01161209269
3742 3465.9254988877697 17120.44030747717
3743 4538.792046060663 16059.860696019667
3744 3398.4990744744614 17440.62326154456
3745 2525.193095857164 16992.91001456011
3746 1946.5269847353384 15401.055202194104
3747 2743.9598004306526 17235.078479842512
3748 1833.0421388808559 17349.142245211166
3749 970.9969012428984 16573.120987881164
3750 2311.0074323986396 16587.523130998066
3751 1788.637220246791 16886.304601462867
3752 3573.2387633179596 14800.769765816009
3753 1030.297078535831 16763.000268286414
3754 3463.7472478641025 16078.751146950677
3755 3603.5184893518344 16316.720711638656
3756 3824.1520326717414 16674.210823894417
3757 3326.6613873269425 15835.054554791428
3758 2001.2059900256781 16776.117382146986
3759 3302.0274392190963 15793.39623678013
3760 2138.6241783310816 15385.401571144193
3761 1015.5687732325251 16767.999446623846
3762 1233.343003079555 17200.448191209405
3763 2215.543287572946 15403.962179653063
3764 3872.7784364192635 16412.195314396104
3765 2643.993566200662 15667.31413302879
3766 3277.0400686147773 15903.155045293028
3767 2637.415854139309 16076.89942409845
3768 2862.646329404923 16370.690218096011
3769 2668.526833692221 17117.639919329296
3770 851.1944339228033 15179.814073365573
3771 3641.3048743206036 17393.981414564434
3772 4117.973923045219 15217.155638506714
3773 1147.5059164523882 14963.466504884254
3774 4584.25094499412 15834.452246389685
3775 4151.717142623634 16505.550019352424
3776 4091.765663678423 15716.056854842478
3777 3588.84240890572 16291.447218734485
3778 2142.0898153903186 16685.917893173868
3779 4174.777946994503 16951.26722669035
3780 3281.7592861380167 15195.896947128751
3781 3149.2338112318903 14320.48650132921
3782 1018.2365631514252 15665.943742901147
3783 2641.157696222199 16642.54946967875
3784 4050.6031539648307 15526.65218138176
3785 3004.668064593724 16043.843751998618
3786 2339.1306643663984 15518.137024778289
3787 3039.9287282415953 15235.0883252976
3788 4411.495212609056 16228.90290077104
3789 3823.606206352584 16266.322580960963
3790 2102.809791199577 15353.924678711186
3791 1179.373778147912 15674.117630538425
3792 3068.5691979668204 17122.92094762483
3793 2124.789998096984 16715.92894386915
3794 1288.6938225502277 15806.75943654741
3795 3017.7318064428437 15204.3642204703
