2710 3295.3987206183365 15499.396958084752
2711 2837.2592273698924 16356.88063268068
2857 3022.3680829621267 15599.49256419203
2927 2828.8754111194644 16031.166867412438
3014 2846.8118816976253 15598.527891578644
3018 2840.783144614727 15615.350224749342
3029 2851.5160676450873 15500.983072594889
3053 2956.3434976730405 15599.204851606564
3058 2848.588430688154 15542.90071262351
3072 2912.9526986221917 15599.342065011586
3084 1851.1296807234612 17217.102709095423
3107 3435.788798842539 15403.353621287846
3137 2786.4286895707714 15399.75302424335
3140 2871.4225600142463 15416.693428029446
3145 2883.6488057183046 15599.434731821455
3153 2863.8198187312473 15419.65134745197
3156 2833.759298311778 15718.122848323506
3163 2846.8840902879583 15429.61091292074
3165 1798.7870777073763 16792.048351348425
3171 2878.803503815922 15420.121132957926
3175 2838.2800831249137 15400.8878708138
3192 2750.2141157325705 15398.872652145592
3195 2758.312466663827 15399.069522119255
3206 2742.09327121043 15398.675235355338
3208 1853.1150107313579 16355.42319735276
3210 1338.4586937027168 15333.736684905027
3227 1080.3139849508302 15685.142277102414
3233 3185.0858521080245 15010.750753775766
3236 2766.3877407010964 15399.265831096296
3245 3983.873932291332 15249.734806459352
3252 2188.572153158506 15495.737265624359
3257 1854.6255990662478 16871.01590573233
3260 1837.5037474025607 15998.513283370708
3264 1373.8068834421726 16857.554174690158
3265 2032.710265870971 16360.830962833395
3268 2863.9211349681095 15416.461017365526
3277 1840.3300938937462 15877.368258539726
3292 2682.672708922876 15397.193415501135
3297 2694.4267390309396 14819.13604709091
3299 2774.91452214136 15399.473116166037
3304 2214.51884499058 16355.402267142314
3307 2871.311654941486 15419.886240006417
3310 1859.2119833234901 16213.616873544806
3313 2187.394387911663 15428.471519433997
3320 2247.6717837050505 16365.375219510084
3322 646.4690965448267 16139.556091570958
3323 2858.0957823603317 15399.733737011928
3327 2878.923987691597 15416.925838774889
3329 1466.797530047041 16418.054775755958
3333 1218.0439765111907 15676.611568284841
3337 2717.6362891997865 15398.080688953833
3338 2673.2813122768844 15396.944252515432
3342 2599.982048485856 15394.99955098654
3347 2734.40536269041 15398.48834318918
3350 2817.243196603963 15400.502121342199
3351 2893.9259411514436 15417.409647028862
3357 1366.5990012256211 15434.453392107307
3358 3831.209096125603 15208.389559981952
3362 2617.5525060792406 15395.465712500012
3364 2804.3405820316684 15400.18846027557
3369 2707.3111716297785 15397.829686540954
3372 3016.250079358495 15424.969204867262
3374 2916.631031002272 15399.589360040382
3375 2901.2688122148893 15421.053755510697
3377 2459.626803026228 15388.780189734582
3381 4053.009528166088 15103.329956964355
3382 2901.41762458966 15417.85566690442
3383 2725.9190950967172 15398.282043006358
3387 3862.4011654057704 15775.473059458987
3390 2635.6011109644355 15395.944559731202
3396 1376.5569052830613 16579.855326093282
3403 2649.656984140685 15396.317475864898
3404 4059.667208453317 15655.990694287317
3405 3662.4816138457413 15267.943621461256
3406 2886.295378807369 15420.356026728285
3410 1825.0059988319767 16602.013450903254
3415 2991.613021130888 15046.73338981512
3416 4412.593944060587 15455.88716119504
3418 1057.0434999803836 17031.0968762369
3420 2908.751191240913 15421.497948110982
3427 2325.431713131405 16367.031235463042
3428 3989.4276552903725 16200.16376548512
3429 1865.5675117865194 16355.325478448314
3430 2690.484648645829 15397.400673941904
3431 4221.957375710456 16618.978043194813
3433 2923.7158847927954 15422.38632948249
3436 2886.425357045056 15417.158247713329
3440 2572.570686026463 16944.12680358326
3442 1951.971830443076 15401.643756314867
3444 2219.621969548571 15385.345567076549
3446 3291.3282790537523 16992.988415853208
3449 2112.9776425639757 16362.527804045407
3450 1188.0554443126418 16286.626008984014
3452 4681.395086350391 16043.027501294235
3456 1845.598965324963 16013.458620602256
3457 3523.6749887437204 16431.24266010533
3460 2568.5293787973055 16937.808376949106
3462 1430.3165827900582 16049.32131887201
3463 2865.000945077712 15399.285862501996
3464 3717.987716916481 17514.920373299457
3466 1868.6365374259321 15475.631647186334
3468 1878.4999616758357 16355.632675184666
3470 1985.1037706147213 16787.625014307097
3474 4042.7614783273234 15561.222046944049
3477 2893.7864063681805 15420.609561318199
3481 1865.3321663976385 17148.934051707027
3482 2168.8609225511664 16363.709168834584
3484 3188.2720777070376 15403.316584738273
3486 3757.9756845629186 15820.80511910343
3487 2880.0006621238895 15399.373715345362
3489 4243.834412962742 16054.09775286779
3490 2482.1290374612895 15389.038509224147
3494 2916.4010953867405 15418.747712842483
3495 1658.5515026332946 16968.645298452146
3497 2872.5008020871514 15399.329788914814
3498 2452.126078024161 15388.694083465469
3503 2569.8806135389614 16945.856713501817
3504 4067.0257288431194 15655.247875787876
3505 2661.8747135342487 15396.641624236961
3506 2154.9527669530844 17204.09708073539
3507 2474.628274043984 15388.952402514038
3508 2887.50051458192 15399.417641731523
3509 4116.812006414322 16960.392006414324
3511 2583.678536654602 15394.567002789672
3512 3062.2482752883775 16135.200951973464
3513 3043.3181257041033 15406.64503352608
3514 4274.657606715971 16034.950996139707
3516 2332.639235181406 16332.06303821162
3519 3172.539987135679 15585.022592701822
3521 2610.05714033339 15410.332191274703
3522 1875.4800054369039 15421.367695519806
3523 2099.4840032269894 17246.892665091797
3525 2467.1275255769565 15388.866295975553
3527 2344.9880222892034 16367.486954926699
3528 2685.001766631203 16372.08032639676
3530 2895.000387179287 15399.461568235638
3531 2363.108621615347 16367.761217372947
3532 4733.7956899569435 15775.476468372373
3535 3091.2995454584925 15585.59666098293
3537 4030.5317595526294 16160.558479818721
3538 2832.4824729649763 15426.879939404955
3539 3595.487476611978 14830.15483052362
3543 1202.4072467191138 16678.319653139446
3545 1876.0364040533113 15395.588896598283
3548 1154.6640722246548 15692.867192216985
3549 2813.5487600743913 15630.169150711836
3550 2210.536286824785 17383.1732860115
3553 4168.264366865101 16095.607424483695
3556 2760.002582866489 14637.365383938311
3558 3367.7567748184997 15913.27583031941
3559 2553.848305091592 16371.238721217633
3560 2343.8594690736663 16601.379228752445
3562 2908.909383540497 15418.301691275645
3563 2444.625370405548 15388.607977395914
3564 2855.636615119365 15387.929347194675
3565 3357.769490329822 17365.488604326078
3567 2902.5003305563955 15399.505495154308
3568 2849.2366163976067 15387.759299136436
3569 3074.4218541541522 16530.918350035558
3570 2191.4409188043587 16657.366877169465
3571 2435.1710594494784 16736.27019414997
3573 2378.5838323807843 16367.954640113383
3574 1932.610484803456 15379.561415054912
3575 2849.8349215158896 15365.264728030557
3576 2855.8360498783873 15380.431167368506
3578 3120.6477502796306 16587.362931492808
3579 2852.6360492547947 15380.341190813806
3580 2852.4366144968994 15387.839370597609
3581 2853.2343552753505 15357.846585785046
3582 3233.03831442547 16174.239431309132
3583 2910.0002275996994 15399.549421801601
3584 3616.3879290002583 16332.502829188552
3585 3079.996729125883 16684.575657361744
3586 2156.5569502333337 16354.342977935561
3587 2391.7275918131863 15476.266825240598
3588 2229.310827604507 16635.24549704169
3589 2916.233535250561 15421.942138632514
3591 2821.174435383258 16514.027043376875
3592 2822.8924760599925 15426.419874287727
3593 2374.4361445835384 15394.780589578637
3594 2812.228493516695 15894.330136348584
3595 4066.1637212556143 15652.022698076828
3596 4272.47121854735 16001.35544764838
3597 1874.7166655564622 15379.00492928986
3598 3187.866924059223 16700.165004262588
3599 2115.1824189437434 17231.149186022038
3600 1356.7452840529788 16034.02469524692
3601 3751.5470995814835 15692.993755803647
3602 2967.2355711460527 15985.908897592557
3603 3650.1241010620256 16395.4863180062
3604 3948.0079564747157 15734.343383661982
3605 3403.7210430327277 16516.20463581462
3606 1438.551268625272 16532.372866820024
3608 1972.964997588218 15407.134442015249
3609 1819.5814813377337 15210.604041950175
3610 2310.9722068431192 16357.165011538324
3611 2393.119497604961 16368.136319590601
3612 2949.6009990030648 15398.910754174156
3613 3592.2758755060654 16297.359948231924
3614 3966.2878133573427 15146.990252329582
3615 1043.3002092303198 16645.7248835325
3616 3093.4324131310836 16562.351962593104
3617 3339.0810363419673 15427.973383294233
3618 4083.5269323567322 15645.671248034321
3619 2849.436051535255 15380.261105074991
3620 3498.333171183888 17048.087124940725
3621 2931.198226352584 15422.830519858586
3622 3782.3410046122485 16309.30173781674
3623 3508.4641720485974 15396.952776897091
3625 3661.0780812649937 15890.751575699865
3627 3962.2817844126866 16211.501273580394
3628 1899.5270628298113 15381.488293205859
3629 3722.8773628238073 15276.660156934377
3630 3004.046812234959 15421.567232846992
3631 3091.0593024114437 15438.910219012609
3632 1903.4496369790552 15378.362035954227
3633 2966.588510813299 15608.111372607762
3634 2997.9388282233936 16376.0969737318
3635 1197.4286911107693 16277.773426168284
3636 2849.6354869020374 15372.762902398761
3637 3144.240938738048 16658.488097702917
3638 3859.49784077775 15187.459017852725
3639 1861.712376628846 15392.372716147253
3640 2567.0580225563895 16956.554503588057
3641 2957.1009253201587 15398.966757208185
3642 3203.8902881635995 16740.549878032372
3643 2437.1245974172743 15388.521870575933
3644 2853.034919649665 15365.344798195296
3645 3834.8330750462 16693.276556550645
3646 3430.738933449753 16501.559821960745
3647 3100.0528461706845 16687.4358690935
3648 4254.600715646337 15531.392986415389
3649 3145.614037420354 16627.568682040303
3650 4152.590886272458 15765.754158525508
3651 3319.325726008788 15822.62123052337
3652 3083.413825312456 17457.20630907104
3653 3140.6604417813046 16613.51915850924
3654 2852.8354852566026 15372.842964262412
3655 3017.5217637271508 16438.949961499737
3656 1141.9170844207727 16701.915726563104
3657 3270.9967254180274 17370.78394246377
3658 2498.7137899638396 16828.654419837887
3659 2000.1427416560346 16349.898248295034
3660 880.5249376977724 15740.879757816454
3661 3977.4347219544725 15133.473717300862
3662 3655.471138895216 16404.01749332039
3663 882.3763026292719 16608.25228558232
3664 3374.099533552553 15573.323182951823
3665 2826.457489164017 16747.1461391416
3666 1278.0560312570497 17160.301343691484
3668 2917.500143084417 15399.593348556906
3669 963.4710985055258 15534.42060092047
3670 1008.6841278602705 16202.007551708079
3671 3647.0484346702788 16386.96022902395
3672 3014.5209181219793 17150.672402878085
3673 1483.6564095644858 15711.476953059064
3674 2332.883769837981 15830.740159979527
3675 4956.593442836572 15933.11547750539
3676 3046.9506633919614 15950.602515969847
3678 2640.615737076767 16287.294923529038
3679 1827.434982353243 16874.134517227893
3681 3214.8696687287975 15408.31900521906
3682 1454.7132177765432 16662.275134161024
3683 3031.5257093106316 17145.19424789952
3684 1502.822240953156 15825.037137150084
3685 4135.803365443495 15248.79227720594
3686 2265.9293352072027 15706.704209161222
3687 3861.682297951846 15225.729029889566
3688 2408.5414850330058 15391.955608233347
3690 3001.2336563216863 17162.095768418767
3691 1850.9665688919933 16853.454990201855
3692 3221.5276332908734 17034.747789708712
3693 3481.5856676498174 15388.023103359237
3694 1048.9549805811218 16277.952940545958
3695 2997.7732420109955 16943.7669008738
3696 1836.5493736774226 16339.256802395586
3697 3149.67784139952 15405.91978726071
3698 2963.723060199655 16363.046587535682
3699 3764.223251389806 15235.099111017093
3700 4164.3669838689975 15293.706445697713
3701 2970.3697947070077 15145.714923635178
3702 2651.04047492134 17276.301138518626
3703 2936.05 15399.71
3704 1017.1099587175006 15032.785018962228
3705 1885.699264222159 16345.053892846729
3706 2964.84023707447 15399.02454776788
3707 3822.307088628836 17644.283627490946
3708 3524.9637995970884 14716.99240684817
3709 2739.3311155847737 15954.531948120297
3710 3073.2198411399 15937.089894756358
3711 3172.8619700648865 14991.721291811813
3712 1840.706855546151 16352.53137864406
3713 3558.3297760989517 16212.87705619533
3714 4456.1132119763715 17032.138034312455
3715 2978.7458157464225 15137.938319445962
3716 3178.134235410446 15255.829551139288
3717 1606.6912770676604 16353.948792920408
3718 1047.1300111892078 16421.732900079212
3719 3236.841476466872 14289.932725267527
3720 4200.108150842597 15429.917580156756
3721 4562.942090291103 16312.923158402393
3722 4316.591871501918 16910.302516062395
3723 897.4726885988393 16175.586479668202
3724 3027.3733112946225 16435.120347970445
3725 2649.0973181085146 15465.792320865761
3726 790.2549741852716 16623.876345635337
3727 2096.3711175811277 17016.99781573419
3728 3937.1715023783927 16822.76237573222
3729 4586.579133490449 16092.51781562486
3730 3495.478829308196 15761.427407894957
3731 3975.79236635176 15780.290359651637
3732 1835.5638515866356 17262.296257322607
3733 3062.5461465721037 15710.49011820331
3734 3636.7161515874473 16396.438449256744
