2710 3421.0292098807868 15634.897926952115
2711 3081.2880934237464 16523.97807429466
2857 3091.4833534283175 15477.625589438245
2927 2831.9371769374734 16352.154131211322
3014 3132.270871083767 15584.409875132258
3018 2848.4588451630484 15988.393895278765
3029 3001.885641204242 15599.176019779376
3053 3182.035829908194 15594.49548390517
3058 3072.022707061183 15596.306491724627
3072 3064.124466582919 15706.200610050742
3084 1842.3448047163035 17385.088941452148
3107 3827.0208914703176 15204.949423780181
3137 2817.38937251508 15400.505674861677
3140 2833.426144008819 15412.533190978203
3145 3153.913021723329 15574.963781747072
3153 2783.309365306071 15416.082123642836
3156 2831.0262317727475 16127.464416352375
3163 2831.1290420112146 15891.973311419895
3171 2840.373152089442 15420.237908955218
3175 2850.56488676096 15599.539352092825
3192 2787.398301481843 15399.776595396665
3195 2794.8961974242116 15399.958868379057
3206 2779.898423625813 15399.594274234181
3208 1555.180845118761 16475.610997241518
3210 1183.880700134214 15325.565570898756
3227 886.0360578082938 15738.638485910165
3233 3212.001137023518 15047.014476287868
3236 2802.3939600603535 15400.14113812079
3252 2187.3595036529487 15430.120123660656
3257 1845.0900001297312 16876.419904232902
3260 1740.7970836727975 15966.393977822238
3264 1153.2374626345177 16974.590148952826
3265 1775.8980067911377 16374.130791398295
3268 2833.5408210844225 15392.426425797714
3277 1655.6587078081245 15916.396990687535
3292 2727.451743044608 15398.319301500549
3297 2744.098171596751 14648.017279801665
3299 2809.89166071158 15400.323406355677
3307 2816.5880853276826 15416.487786793996
3310 1882.2849298598114 16522.725794241218
3313 2187.5187475427692 15422.594375386163
3320 1877.3102757937495 16355.604415448623
3322 711.2777895594903 16198.019908429422
3323 2920.3792942801547 15399.610976322261
3327 2848.50924466495 15416.91732022872
3337 2756.8690757151235 15399.03443345238
3338 2714.4980072925323 15398.004397683959
3342 2653.069804376176 15396.40802134089
3347 2772.373034352292 15399.41133289209
3350 2910.836085481281 15399.555940516038
3351 2878.5812976476473 15416.915221482821
3357 1242.2451785628066 15297.906666892548
3358 3627.758363103502 14881.936503727888
3362 2661.782531904236 15396.639178567693
3364 2894.3964282515362 15399.461132804217
3369 2748.4343287710376 15398.829385730587
3372 2931.3845638563043 15419.639758641977
3374 2927.8791452387495 15399.654228057894
3375 2890.969942742438 15420.502588963871
3382 2892.7756156690853 15417.354992706953
3383 2764.6426349147223 15399.223407776644
3387 4083.2522676860326 15645.830190493252
3390 2671.8154213607577 15396.90536098831
3396 1018.955435654727 16800.257347075272
3403 2683.665164787721 15397.219746330911
3404 4082.3426089393565 15642.665179072696
3405 3641.2622019754554 15229.974685664956
3406 2863.963634458047 15419.655856525913
3420 2901.9973021846367 15421.097002431605
3427 1908.1423926638352 16356.336799935581
3428 3845.8559303306242 16357.347241104208
3429 1828.0875577755403 16214.707144044381
3430 2739.4631915312093 15398.611298422798
3431 4112.814322570206 16439.85039096855
3433 2923.636037058385 15422.381589309258
3436 2864.676517268232 15416.484420772318
3440 2581.6907523621603 16958.978003856206
3444 2462.833808610145 15388.817005280516
3450 1030.8820335700361 16336.588621871873
3456 1768.37648019765 15958.057407923645
3457 3959.1430703545952 16193.025705840919
3460 2574.130602596144 16946.63612489197
3462 1438.4219260582213 16515.644493057604
3463 2865.000945077712 15399.285862501996
3464 3575.4719593860846 17585.817681065706
3466 1859.6592641400723 15877.166442570882
3468 1740.7589730845127 16388.624935080417
3470 1841.285553599207 16871.223413466472
3474 4220.627426575077 15565.684343077468
3477 2876.905969690757 15420.061639313737
3481 2153.845023148738 16984.111171990513
3482 1862.588956272645 16355.254725996865
3484 3270.1630379669655 15326.252231395689
3487 2880.0006621238895 15399.373715345362
3489 3802.0649043052017 16301.893835814957
3490 2632.597532267251 15395.864871835547
3494 2915.484876079894 15418.693165420053
3497 2872.5008020871514 15399.329788914814
3498 2535.7002614940775 15393.294091982216
3503 2580.0680081356413 16962.450289655808
3504 4199.0629547974495 15581.31255343018
3505 2699.527346588125 15397.6325391888
3506 2264.1145249757883 17354.553354279404
3507 2615.5886010661825 15395.413608169301
3508 2887.50051458192 15399.417641731523
3509 4332.796408368834 17323.662198400387
3511 2645.178661523393 15396.198661563223
3512 2986.7928957786107 15977.942748970383
3513 3583.466429823214 15336.017674931543
3514 4274.657606715971 16034.950996139707
3516 2339.2817170527605 15892.414775328272
3519 3096.663304263051 15596.04887677627
3521 2256.854190881709 15405.85081337971
3523 1672.4013738797125 17477.712068859106
3525 2594.30602948434 15388.44445035521
3527 1937.2564933048038 16357.028374755146
3528 2357.1863930494665 16367.687196172456
3530 2895.000387179287 15399.461568235638
3531 2066.2287652315354 16361.539539261617
3532 4917.888871615762 15834.545241873953
3535 3072.1368462184337 15425.89039291411
3537 4270.443007747034 16030.109644818172
3538 2832.4824729649763 15426.879939404955
3539 3451.2453602366963 14610.017302548064
3543 1031.8721651298333 16682.655713473785
3545 1466.0557732931877 15593.307095183307
3548 858.9204056852919 15791.766472301631
3549 2822.5363542966647 15433.91245580336
3550 2104.6266954088146 17543.325553189305
3556 2661.8272216047344 14725.868262581307
3558 3166.5852677781377 15576.192113672738
3559 2349.5120708671802 16367.591275771112
3560 2565.742124597226 16951.592214002907
3562 2904.4450226280596 15418.035904057722
3563 2506.862173039914 15391.238810056713
3564 2855.636615119365 15387.929347194675
3565 3385.091895512399 17520.990648953495
3567 2902.5003305563955 15399.505495154308
3568 2849.2366163976067 15387.759299136436
3569 2823.642822048914 16371.123742390679
3570 2330.8909308062034 16434.914082634732
3571 2309.8896680145353 16610.799578614664
3573 2334.366185606619 16578.129940180235
3574 2168.6499661205876 15386.022758339423
3575 2849.8349215158896 15365.264728030557
3576 2855.8360498783873 15380.431167368506
3578 3144.4456833907834 16625.687162757946
3579 2852.6360492547947 15380.341190813806
3580 2852.4366144968994 15387.839370597609
3581 2853.2343552753505 15357.846585785046
3582 3614.887066052101 15969.031852537137
3583 2910.0002275996994 15399.549421801601
3584 3759.1454026725514 16301.795569259382
3585 3562.0414645944084 16417.771013835954
3586 2336.4041711832265 16425.1634443339
3588 2331.561052856023 16383.583245162114
3589 2914.893882319708 15421.862609926902
3591 2956.708596844104 16364.371144773808
3592 2822.8924760599925 15426.419874287727
3593 2927.0715441347274 15405.627497629133
3594 2829.080271248981 15431.186857284407
3595 4186.670865198912 15584.53398560881
3596 4024.083183668221 15549.197259719798
3597 2108.3688873312003 15384.807320245076
3598 3314.991281835376 16982.5622742831
3599 1822.9895588657998 17354.765953427042
3600 1129.2867064580962 16155.766722282833
3603 3575.580509058616 16268.60906839099
3604 3835.612285947112 15562.910251331326
3605 3097.4792018660232 16685.184206111106
3606 1778.6697868584306 16362.883354787733
3608 1634.4807098880922 15423.225970942853
3610 2652.906608126134 16359.092455496022
3611 2332.7039305236517 16329.423732310626
3612 2949.6009990030648 15398.910754174156
3613 3422.0785601857524 16084.133522036478
3615 1015.2528322137816 16768.645706095947
3616 2840.7099979211616 16371.315893530083
3617 2865.7450285150735 15415.58292469272
3618 4428.191067996447 15446.68885733543
3619 2849.436051535255 15380.261105074991
3621 2931.198226352584 15422.830519858586
3622 3331.2748084410155 16555.473490770863
3623 3096.083181175863 15422.842114406576
3625 4040.2516947203826 15667.84946948895
3627 3626.77269228111 16398.241579643687
3628 2152.447644707917 15385.687557322713
3629 3264.9293680537703 15426.978983156752
3630 2923.77186120107 15419.186533846918
3631 2938.7098519525903 15423.27683933529
3632 2161.143670641428 15385.867464674258
3633 2966.5885163455573 15608.110996013309
3634 3137.0338971744895 16613.751209844962
3635 1406.8649891773478 16161.724547836113
3636 2849.6354869020374 15372.762902398761
3637 2755.3472506326493 16875.533822099853
3638 4097.828406921112 15182.105301800051
3639 1868.0881797194925 15497.966020241203
3640 2341.17887906806 16602.459134687044
3641 2957.1009253201587 15398.966757208185
3642 3331.6166736101177 16541.309563597504
3643 2478.459826302924 15388.996387684783
3644 2853.034919649665 15365.344798195296
3645 4048.886220110707 16578.94281501078
3646 3149.348673444216 16660.322583075704
3647 2678.03094346294 16918.772982784067
3648 4117.39645501853 15492.252411934247
3649 3149.20000732728 16635.76907309007
3650 4287.68225808081 16006.021382433259
3651 3459.9941900728863 16066.104002641849
3652 2860.004865361322 17414.011524877005
3653 3381.2380491790623 16509.952922311742
3654 2852.8354852566026 15372.842964262412
3655 2837.061634888548 16368.217103126459
3656 1474.6291285495467 16510.966239748945
3657 3677.141908797314 17183.929557081
3658 2565.9482397160723 16933.772866409432
3659 2326.2711634254774 16330.59885956257
3660 1352.42798915274 15665.95014484148
3661 3772.955820622444 15232.220030560995
3662 3592.0597824738575 16296.987817148547
3663 1048.7761254662648 16616.640269002826
3664 3396.3220031290475 15442.712530721778
3665 2809.62016033318 16231.977955264392
3666 1771.6355134461915 16894.94882933512
3668 2917.500143084417 15399.593348556906
3669 1017.4704282968129 15662.807378340078
3670 1173.8749606211038 16128.098675789606
3673 1442.2235928759744 15986.958958364981
3674 2193.750507363294 15430.522042761542
3675 4821.766622853675 15747.83638229393
3676 2863.2411851989573 15991.454315787802
3678 2795.564887431083 16360.836178400745
3679 1838.9599934106307 16438.770351119245
3681 3003.9727756759107 15399.31675609077
3682 1581.471589479403 16447.983171026255
3683 2840.8638135999363 17270.03164326633
3684 1434.8380977280578 16088.817819149685
3685 4014.828136846712 15120.002874819047
3686 2193.9096464485183 15422.7181068515
3687 4050.434811223361 15588.022235110464
3688 2868.010634232569 15404.235622845401
3690 2823.0660514921074 17280.23595927888
3691 2150.6369658199483 16681.080808041293
3692 3304.671505213709 16903.207758003744
3693 3845.8422129266737 15205.983655912683
3694 978.8337402950109 16058.967023341265
3695 3172.6705497659973 16845.666194457088
3696 2271.2652782728555 16356.439343044498
3697 2972.124275297064 15399.078938734297
3698 3132.416676060848 16600.243595675984
3699 4131.997569368246 15035.04309664245
3700 4255.804056789096 15527.125793931176
3701 2855.3649181597834 15270.583321700786
3702 2771.6343737706275 17289.746224435137
3703 2936.05 15399.71
3704 884.0800835539018 15112.23933311646
3705 2299.1726458697444 16356.949367318342
3706 2964.600841398658 15399.02276016576
3707 3676.58288024878 17448.22362921793
3708 3655.1776876036824 14926.720730409279
3709 2637.3711551156334 16079.586724173872
3710 2893.38479113059 15990.893415432352
3711 2950.5119101590176 15068.531630808717
3712 1853.1544661199277 16045.189280527025
3713 3700.430580554966 16128.035197404966
3714 4416.629966867572 17052.849709230326
3715 2859.4312894390596 15230.536784921214
3716 3053.1182260471674 15050.95419697402
3717 1439.658956891608 16460.34842032001
3718 987.0917026578509 16091.767386440522
3719 3395.4645102140753 14518.839288160563
3720 4130.398561268731 15244.213862338334
3721 4589.179672774885 16148.385549374198
3722 4110.5358385253885 16952.997140150772
3723 963.0943624683134 16021.730938297416
3724 2912.1898725303126 16369.653636861534
3725 2645.7945703854134 15477.46611900151
3726 772.6654304894071 16587.03320954409
3727 2295.7313741588814 16977.608631687588
3728 3856.4784227153873 16723.458578148082
3729 4648.565444128172 15974.195985186267
3730 3559.3524529737447 15859.024873429826
3731 4079.677082725626 15663.914396351818
3732 1831.9824097591666 16945.501794295753
3733 2989.6262329913816 15602.186993051238
3734 3510.949402719406 16507.749949498484
3735 3260.491476004472 15127.076762651952
3736 3543.834470106966 14747.321608503415
3737 3287.057929584281 15168.37431969737
3738 1845.9074421269609 17393.802278712657
3739 4485.318038973715 15627.757271746594
3740 1168.3327011517556 16774.547902440157
3741 3321.5931395692696 16566.07668027453
3742 3305.9237848610633 17279.762427824266
3743 4591.440807984339 16296.657652922278
3744 3618.8206391525136 17403.789359376155
3745 1942.614554460853 17315.813023410836
3746 2032.6554025733512 15579.202279759866
3747 2843.514532110677 17381.147338266495
3748 1626.598670921217 17494.478128018014
3749 755.3977653311706 16700.287335461868
3750 1987.270716149293 16756.439425263816
3751 1267.657681059617 17166.262822789762
3752 3738.7801885217173 15067.403500741486
3753 1015.4517100107623 16751.66179310534
3754 3474.3610220455994 16090.400840112543
3755 3730.7349020710553 16524.10049600143
3756 3849.9487705378347 16708.1716444726
3757 3136.0382738066382 15849.37474039558
3758 2319.375764154136 16605.40954745443
3759 3247.6346160064672 15528.656240905415
3760 1875.464447592068 15353.04
