1005 2770.662772456906 15419.128450960197
1007 2503.1436397933044 15541.379900170947
1008 4027.2947586376913 15526.946989260992
1010 2802.3940416574223 15400.141140104406
1021 2787.3986208841816 15399.7766031613
1025 3321.4317037264595 15489.075014501657
1027 2389.212274345312 15776.639624268617
1030 2749.910212022368 15398.865264281576
1034 2832.083591002584 15435.2721690469
1035 2809.8917362039156 15400.323408190889
1036 2742.4125201052616 15398.682996259015
1037 3858.8341087159565 15220.647045999443
1038 1552.542202029465 16025.584458279434
1042 3782.492057138275 17612.724667570634
1046 2794.8962851767083 15399.95887051231
1049 3098.2328547188554 16246.45253074996
1052 2712.421674919488 15397.953922284329
1053 3091.473898932072 15565.317548349023
1054 2366.9742873217915 15414.531004027805
1063 1563.5551035333817 16836.408088333956
1064 4535.467836651697 15725.770389157902
1067 2601.8249438763164 16964.95700693719
1070 2429.175899847642 15415.084531667093
1075 2841.493221526559 15400.898795358607
1079 1413.6892412185732 16190.50257251636
1083 2817.549110243624 15394.10567498411
1086 1893.3338208005725 15402.504886687666
1090 2153.9818327648823 16363.394626939897
1091 2868.584793912127 16355.931530250675
1096 2852.760281128531 15375.670425627306
1097 2374.699197990084 16367.906086549827
1099 3142.653366554127 14322.628522910534
1101 1502.5612522149113 17050.644311708165
1104 2400.3961077999434 15414.925076795831
1107 1278.3113640948634 15698.093626103311
1108 2893.5091294481686 17439.135904912702
1109 2257.796581771197 16365.589256337122
1111 2319.898925983911 16357.32815281031
1113 2734.914770308903 15398.500726829414
1115 2500.6969369138587 15512.053180562403
1117 3500.801537430602 15375.139247017365
1118 3570.423250757958 15339.401450272933
1119 1428.271449896811 15996.36687548399
1125 2336.8491517518146 16394.04736408652
1126 3085.318273604823 15426.107663907425
1127 2508.1654105449234 15470.3243067471
1128 4711.0945647657945 15254.427143530647
1129 3139.9336899522473 16618.42104098184
1132 1428.6297495997285 16084.420022362121
1134 2833.3746281480435 15406.805701335781
1135 2304.8993043590012 16357.054025517558
1136 2357.130467563693 16367.686497166744
1138 2167.9982110451087 15386.009274533097
1140 2865.000934477041 15399.285862439909
1141 3957.0453107148046 15437.853307829439
1143 3188.3418643889154 15611.050255347089
1146 2458.697059149686 15408.07161439315
1147 2698.378997003878 15400.237953341612
1149 2821.675059126302 16104.525610927138
1151 2719.9194236388194 15398.136191687747
1153 2334.5353398852226 16254.709705498786
1154 2843.4397478681776 16585.012693483222
1156 3248.880107518568 16787.887691957767
1157 2871.422423944707 15416.693423813713
1159 2727.417092312833 15398.318459145272
1162 2121.2889406404342 15190.67636606088
1163 2968.6124522709424 15688.392198714655
1164 2930.260514951154 16759.449616514252
1165 2297.3994829504645 16356.916961677533
1169 2509.3147997870547 15425.44353031498
1170 3612.1658983959146 15973.33421524722
1171 3143.890205420916 16624.79262010668
1172 1900.8298221368514 15396.213548580186
1173 3611.8591836800174 15961.90547913288
1174 2878.9238309400926 15416.925833918382
1176 2813.9296104158952 15620.76364080745
1178 2764.90555467394 15399.229799325556
1179 2595.2741873831446 16968.612218230293
1180 1783.4341339751381 15382.091250922866
1183 1454.6681576902033 16284.305577139974
1185 2831.2764213267233 15452.254519512722
1186 2100.2859306160976 16362.259503014884
1187 2829.6596913857557 15486.269516962706
1188 3599.638927218 15980.106191408431
1189 3062.542430630303 15406.73972805674
1192 3118.450915440104 16677.511928184795
1195 1469.1595643726482 16526.170810481053
1196 1414.889682922935 16276.211489522546
1197 2863.81979497193 15419.651346707042
1198 2631.1766361492346 15395.827174064654
1201 2336.0242412323328 15980.382549259373
1202 2690.589354130562 15397.40345188135
1204 3927.0063933865226 17219.698944412336
1207 3128.064145005845 16599.306305957867
1208 1414.4755800495739 16366.283666326794
1209 1917.4507238985584 15824.358006549684
1210 2964.657365194374 15740.198483961374
1213 2920.40799534709 15599.318489353349
1216 1498.3976578766885 15825.559008614257
1217 2074.537248723086 17263.973151146583
1218 2955.7182736920663 16170.158573415796
1219 3147.846708366336 16631.16417906406
1220 3015.695110417169 15418.192452643112
1221 2195.857116329485 15536.281062998894
1222 2830.665507728711 15465.107763553042
1223 1811.8571807260414 16881.67407488831
1224 2816.110574538809 16485.129476016988
1226 2742.9470132098018 16358.172987815271
1228 3170.0994194066843 16647.38994473567
1229 2796.018960599013 16357.63103178638
1230 2018.6119429410364 16357.744776285492
1231 3267.263154450614 15741.18496762719
1232 4123.628660864878 16968.447439534946
1233 2499.5709226509125 15390.566340571908
1234 4131.044147703172 15726.655053499731
1235 1807.3995110986016 15382.527981514339
1236 3519.9321059992267 16456.70180421338
1237 3063.339038651606 16265.627537794377
1240 3164.3573508790423 15423.956874888234
1241 1837.1596069160055 15386.27192195874
1242 2533.119118356641 16361.599637449788
1243 3973.237686664797 15708.78086423972
1244 2832.7549914966294 15834.384003244755
1245 3201.1165699873654 16609.337839193333
1246 1472.286874988445 17066.618692948457
1247 2580.0490652061126 16987.65964532604
1248 2837.0616034313066 16368.217104023077
1249 3194.4603026490927 16637.423888477017
1250 3135.9771850339953 16612.04947884741
1251 1460.2037948949642 16531.437651010438
1252 2365.655406793856 16367.793049325091
1253 3269.634940056255 17378.569644232357
1255 3314.588974088246 16566.507470557408
1256 3059.9784552117453 16513.2142367094
1257 3457.711859021631 16067.131624057683
1258 2608.495095835926 15398.119680262067
1261 3284.7898563610834 16570.77162931898
1263 2312.3991015541146 16357.19108891507
1265 3018.294883627334 16419.893297320003
1266 3124.107592508302 16592.934667201665
1267 2800.5951848568598 16370.614839704887
1268 2880.000749564259 15399.373715857497
1269 2849.226073291794 15388.155689934587
1270 2160.491919873827 15385.853980957056
1271 2346.9513786845346 16367.532706899437
1272 2788.5188051949535 16357.707621296258
1273 3244.2894989602764 15703.198243972194
1274 1427.6847143253674 16481.21801814063
1275 3710.526310146582 15267.621070780931
1276 2152.9837378201823 15385.69864826158
1278 2824.1281145362723 15403.201453667969
1279 3463.679590530679 16052.774997335802
1280 3120.1510902712184 16586.563109384995
1281 2871.311651288176 15419.886239891874
1282 2200.14727379182 15393.56456134409
1283 3132.0206827896714 16605.677921019076
1284 3614.2861919016914 15319.43865922877
1285 3359.253933831157 16525.88722222689
1286 1642.461837684381 15395.511322116676
1287 3196.776257151785 16735.095138689958
1288 3356.0097564557914 16119.160395352414
1289 4450.68264510951 15949.98536929261
1290 2938.364350117996 15407.751625701056
1292 1893.3486274864254 15396.100275158087
1293 2987.93957675815 15399.19703387663
1294 2543.590390227191 16910.696006414746
1295 4298.962594234879 16027.42666849874
1296 1581.3440130929735 16993.84515859146
1297 2502.7900157566105 15430.52227900684
1299 2982.904072399951 16530.88891070309
1300 2830.1147182223267 15476.696033913098
1301 3161.252472718558 16677.391399448385
1302 3636.2754812191033 16393.041915408525
1303 1431.299326475795 15627.450441307526
1304 1698.8401252791166 15380.54966068364
1305 2567.3048023674555 15394.132591522015
1306 2527.467869790257 15393.075678537049
1308 4094.6974702112066 16941.95590944968
1309 2872.5008309383793 15399.329789083795
1310 1865.714905531884 15601.118963508217
1311 2479.3387824819306 16968.354914205804
1312 2507.941129305711 16860.898691339356
1313 2107.331587261807 15388.61177205531
1314 2552.3539606775894 16964.887799829856
1315 3179.385251013177 16642.19191476879
1316 1417.6876127346259 16093.132738220611
1317 2824.7137086699904 16119.36879924143
1318 3666.6627151930215 15268.862787422306
1319 1817.9471136388743 16331.516799244746
1322 2572.5706853153233 16944.126802471423
1323 3168.9693762930083 15407.650970233877
1324 2875.94568551834 16370.36931905309
1325 2486.5522318941203 17016.01190336104
1326 3155.2596335249063 16667.65681638905
1327 4065.4392178814164 15664.646499249564
1328 3654.1074277806974 16401.841698243035
1329 2289.869272910621 16356.779342466614
1330 2831.89639934792 16047.630403020685
1331 4132.274321908759 15626.504361963021
1332 2844.6071160253514 16368.002036184716
1333 2362.0518160544725 15840.524258762194
1334 3775.7624001207864 17634.748682594305
1335 4267.837847054046 15969.186595551844
1336 3078.0900473947354 16518.827935623376
1337 4597.8182982676835 15621.743317621931
1338 1498.7714249737633 15790.18845760495
1339 2852.4366145420163 15387.83936890134
1340 4316.083637552298 15801.117785487513
1341 966.7972566146096 16022.0884869989
1342 3735.076019063509 16531.026729044355
1343 3574.5116217930986 15104.876999217968
1344 4250.923463139859 16474.671700615647
1345 2587.127603821535 16986.927138153915
1346 4246.700365138208 15562.220224489993
1347 3525.1999315530684 17454.39578454388
1348 1826.8272930387295 17365.973592277085
1349 1441.3286362823899 16530.706100244108
1350 2991.4086326967913 17167.814092795546
1352 1923.3986520250428 15399.749485788523
1353 3650.1236758352065 16395.485639558683
1354 3416.058615335742 17053.18473682387
1355 4045.8473123295335 15676.27453389989
1356 4113.884656343127 16961.97465634313
1357 962.0411366588152 15064.15968968846
1358 3093.0981042023454 15401.081060793105
1359 2855.6366144720914 15387.92937153034
1360 4061.243940865418 16364.486735817629
1361 1862.4980905055468 16355.252567576199
1362 2502.1227506376063 15379.8791583295
1363 3753.8903048136863 16540.946012953853
1364 1849.2665929536668 15439.446401700268
1365 3353.5151892498375 17364.585859829676
1366 2641.341323655278 16304.370701482765
1367 1219.1629070167692 15693.77730511172
1368 4363.837357294278 15399.20374153802
1369 3930.69066638108 16819.97687624948
1370 1299.7079374561727 15799.349941095936
1371 2329.5091400001743 16540.75820357442
1372 3818.21950505277 16067.261215864542
1373 3206.489842396891 16188.370789574356
1374 4026.61723129304 15914.182177617557
1375 3241.2996319948616 15847.786306955799
1376 3680.3742745962313 17454.94552072526
1378 985.1230792584411 15820.330199752654
1379 3269.5018276959013 15733.034390607369
1380 2386.965418583046 16368.059400520011
1382 3934.984380036328 15802.536650527825
1383 2227.4095064627163 16866.860612329576
1384 1616.4458658365947 16429.628957977126
1385 4281.254394140676 15169.079869008374
1386 2565.043385087186 15416.383184898552
1387 3121.7791303200697 16961.876606682075
1388 3128.9671156248464 17212.563148349287
1389 2965.15013056435 15924.959609524027
1390 1981.7579585001897 15387.060450666027
1391 2812.9006603214802 15646.17467304109
1392 3443.546708321993 16765.72339162709
1393 4368.553534548763 15770.783705931948
1394 3959.362381082437 16568.276816737416
1395 4364.057268256496 15406.18476557642
1396 1044.168953702424 16623.817099839525
1397 1397.9460275782774 16464.091367300218
1398 3125.04892070827 14330.192803736181
1399 1936.8425095277664 15383.020394155696
1400 1288.2725863467551 16090.390101212919
1401 2249.954730808459 17361.269216964607
1402 1932.346398947458 15376.317162605856
768 3611.530804425379 16977.48329859937
781 4437.485682652665 16381.389103435222
791 1405.9935013227914 15563.375831894227
837 2835.625245932932 15321.7713423418
858 1754.9471567141404 16910.61768481096
890 1339.4919139822628 16600.811895606537
897 2817.3894306919083 15400.505676275949
905 3339.7417554233903 15857.224670209138
928 960.894800650594 15703.93756604559
929 2863.9210713706548 15416.461015395136
940 1899.8608695973624 15399.399461570312
943 4496.532485820689 17603.767413223904
945 1003.0792939088682 16164.62625916483
947 3475.4715603967547 15723.330234177818
948 1325.7242573163398 15691.354367273148
964 1603.5489209283223 16447.29923570776
970 3337.570721007262 15246.508281412162
973 2757.4078907033554 15399.04753198237
977 2772.4032424874026 15399.412067248359
982 2779.900958920799 15399.594335866908
989 3320.0346330169405 15823.822767825324
997 1447.2105779243925 16539.172762856964
998 2832.7888651407366 15420.045826890651
999 3739.892856707693 16532.68772072782
