2711 3624.7983196911414 17344.00324456916
3053 3851.6571827130683 16710.682890136453
3058 3609.984279468647 15958.407639229239
3107 4536.091273163577 15252.568470827384
3137 2817.38937251508 15400.505674861677
3153 1843.4772394607053 15401.014491032585
3156 3044.4435456393057 16820.83581025667
3175 3577.3613281373564 16265.295612411297
3192 2787.398485524048 15399.77659987071
3195 2794.8961974242116 15399.958868379057
3206 2779.9007668120275 15399.594331196766
3208 964.1936281137307 16576.6591597539
3236 2802.3939600603535 15400.14113812079
3252 1913.4036779009648 15381.758408774713
3265 1101.03744037222 16996.775723611627
3292 2734.9145844274203 15398.500722310657
3297 3401.69673165331 14528.918740695855
3299 2809.89166071158 15400.323406355677
3307 1811.6113519532962 15400.044285445225
3313 1776.4394114865333 15395.768670152851
3337 2757.407625644576 15399.047525538821
3338 2727.4169027664016 15398.318454537419
3342 2675.5927102935943 15397.005576177151
3347 2772.403083490752 15399.412063383168
3350 3174.2333536077886 15406.756362840782
3351 2669.47978385157 14718.626830559964
3357 1085.3162095904604 15111.645012566913
3362 2683.0910538203243 15397.204514602538
3364 3156.223329572852 15406.507166012027
3369 2749.90996326452 15398.865258234302
3374 3221.316271710869 15406.767932837764
3375 1913.8450794435685 15396.41061372867
3382 2489.231697405091 15583.800891550969
3383 2764.905325403442 15399.229793752016
3390 2690.589337521194 15397.403451440687
3403 2712.4215518383744 15397.953919292242
3405 3649.944198601535 15238.94752459825
3406 1820.3950621639115 15393.906257709392
3427 1391.2207585281624 16571.564374198293
3430 2742.412263747556 15398.682990026988
3433 1954.5636930047428 15401.923920615749
3436 2342.1256759380967 16145.662045233306
3440 3385.967492790218 17413.288204348864
3444 2623.104562626907 15395.613014018449
3463 2526.901241670004 15415.805172970788
3468 1445.920226465036 15670.446584949283
3470 1186.092474292691 16768.750762105778
3477 2343.0555838025784 16075.497590896057
3487 2649.163833941799 15458.201201392147
3489 3609.611215504167 17235.178101065012
3490 2660.59607477196 15396.607700693568
3494 2361.1743537896464 15821.475166448508
3497 3027.757982442369 15599.371385017565
3498 2645.5994663506176 15396.209825928983
3503 3448.1244254475546 17485.44470006133
3505 2719.9192263249197 15398.136186891068
3507 2653.0977521222962 15396.408762822071
3508 2838.936637076868 15751.242215067938
3511 2668.0943702112922 15396.806637843149
3513 4482.784562571286 16365.530885155398
3519 2942.454373841333 15400.98784899483
3521 1074.3543557016285 15692.101162568631
3525 2817.549139172051 15394.105675687168
3527 1516.132276317688 16498.546407724392
3528 1657.4337751740454 16422.994900997495
3530 2710.9004247256216 15411.99898073605
3531 1574.0467380519917 16464.568038577007
3535 1967.9904962768587 15406.594559978974
3538 2832.4824729649763 15426.879939404955
3549 2822.5363542966647 15433.91245580336
3558 2863.8198136600067 15419.651347292971
3559 1609.9766031093277 16443.536857277824
3563 2638.101189909634 15396.010889283447
3564 2855.636615119365 15387.929347194675
3567 2808.9913913888895 15416.39518410977
3568 2849.2366163976067 15387.759299136436
3570 2839.3884175114144 16353.6131070345
3571 1888.1154966995714 17152.357319033985
3573 2522.0375483678004 17005.387478367913
3574 2482.1290195059 15389.038509018024
3575 2849.8349215158896 15365.264728030557
3576 2855.8360498783873 15380.431167368506
3579 2852.6360492547947 15380.341190813806
3580 2852.4366144968994 15387.839370597609
3581 2853.2343552753505 15357.846585785046
3583 2848.2731646757343 15408.768913091717
3585 4333.781226653522 17325.347106781337
3586 2673.4793114416584 17102.3010041623
3589 2042.7376181441452 15541.628773709146
3592 2822.8924760599925 15426.419874287727
3593 3488.5608497598064 15484.417651709235
3594 2826.092405846435 15426.570011990632
3596 3287.8664437806697 14360.239681662919
3597 2459.6265922671923 15388.780187315126
3603 3091.100254626209 15442.649109149159
3605 2305.3519501356504 16613.37792490207
3606 2801.7460425263157 16357.08271417999
3608 1442.1156539945978 15915.486351934465
3610 3369.500167800483 16101.860967016612
3611 2187.5187493099493 15422.594291870551
3612 2877.4358930518865 15399.358693578295
3617 1747.7670168070156 15398.097006819486
3619 2849.436051535255 15380.261105074991
3622 2595.2742742730425 16968.6121697472
3625 3656.634848639085 15257.48171732816
3627 2704.8245080526076 16371.802424890511
3628 2467.12748928722 15388.866295558957
3629 1726.7537425382086 15397.566835632966
3630 2348.682531050817 15911.039324632698
3631 2134.743720841732 15411.817811145742
3632 2474.6282169226242 15388.9524018583
3633 2863.9210782609084 15416.461015608611
3634 2938.775908262293 17005.85158900247
3635 2200.0008020748246 16355.136940996088
3636 2849.6354869020374 15372.762902398761
3640 2187.3595049463215 15430.120062536796
3641 2888.4046312740325 15399.422937112888
3642 3463.043093468441 16077.56180320735
3643 2630.6029115213355 15395.811952586246
3644 2853.034919649665 15365.344798195296
3647 2265.5610356396433 16635.98725395285
3650 4155.339402757041 16505.393104505125
3651 3912.2415355724197 16092.5144637008
3652 2480.6425110000205 16835.32136312138
3654 2852.8354852566026 15372.842964262412
3655 2837.061634888548 16368.217103126459
3656 2335.031086859257 16521.17887742711
3657 4999.365945603348 16306.107223772397
3660 2444.5670873607323 15388.607308322518
3662 3091.597419765386 15488.039714901843
3663 1808.395056704137 16351.256821056217
3664 2934.5825306964457 15390.43601886162
3665 2832.126351766189 15434.372509043007
3666 1866.2453470920248 15978.402932504316
3668 2859.409000507581 15401.917032559895
3669 1432.2230729787582 16283.76454387299
3673 1449.6047931692974 15988.722006346
3674 2615.6062697090547 15395.414076935765
3675 3592.727222066202 16298.137206446529
3676 2334.5076053988223 16557.784276136026
3678 3735.987767310671 16526.45647303922
3681 2916.400037045285 15399.58690527246
3682 2551.940847082987 16358.538338574792
3683 2414.515409649093 17066.30515626523
3684 2319.5035831743517 16357.320927677785
3685 2459.780118953964 15408.083530892018
3686 2810.0494475270502 15393.923407742801
3687 4104.241242238941 16112.335040488008
3688 3639.433113102222 15226.701807113088
3691 2819.4461562208253 16355.36089618941
3692 4314.757779907525 15997.650607081756
3694 1951.1448575113177 15387.519137021916
3695 2844.6070946988602 16368.00203679258
3696 2858.1127317044393 16359.451647094536
3697 2906.9263953109908 15399.531418468221
3698 4402.520705893686 15941.15660696465
3700 3439.0428373405466 16075.139782885002
3701 2850.034356221719 15357.76655020429
3702 2621.4465029857943 16931.41632479871
3703 2866.959187367201 15399.297331861892
3704 995.4481944967176 15619.173650504199
3705 2593.9117557546274 16996.596247442554
3706 2898.204199503517 15399.480332857758
3707 3349.0376458347373 16607.622793475315
3708 3384.4467074669374 15453.754077964648
3709 3079.425302968952 16162.807446506413
3710 2349.5110090264857 16367.591262499298
3711 2850.2337908844543 15350.268373998219
3712 2631.4070981595155 16362.325247243678
3714 4265.020956627095 17122.568696562495
3715 2853.433790283559 15350.348396590172
3716 2850.4332253605126 15342.770204810691
3717 2458.496696985081 16361.048738347989
3718 1909.0345056704068 15384.875560760865
3719 3564.5785807185257 15344.363707159604
3720 2831.6288035084094 15414.882323643476
3721 3865.3880388256903 16020.645823899113
3722 3478.3296537320075 16103.381388966489
3723 1919.3750144180021 15378.673160877703
3724 1765.4716177578143 16378.43146688062
3725 2527.07060186942 15409.405172525077
3726 1041.6351271356862 16756.8738527274
3727 2997.9229877420503 16301.575260869182
3728 3474.508034182626 16096.926527179876
3729 3991.538090883037 15846.562887268952
3730 3834.617451507226 15230.99543826115
3731 3634.521474312178 16363.730378700218
3732 2501.8206006541163 16839.45046477725
3733 2397.806589442269 16368.19490297028
3734 3482.1512925310135 16109.836283266455
3735 2853.6332249638067 15342.85021972569
3737 2712.923760598143 14846.290400515913
3739 3640.227711402485 16390.917009588757
3740 1482.5799648087936 15742.691897072258
3741 2593.724147727789 16965.812266095927
3742 3013.7279690460737 16432.924068301494
3743 3785.270043065597 16307.656348709554
3744 3190.885812074855 17077.038700903984
3745 2874.887627048171 17245.66015044158
3746 2437.001620401869 15388.52045883347
3747 2584.9564893313304 16983.440711885316
3748 1921.2041590495517 16816.02305502939
3749 1145.0976387652029 16700.104096536474
3750 2776.284008474585 16357.832559652039
3751 2311.856142645403 16590.73020720502
3752 3722.275463601135 15034.796216753703
3753 1778.9019361063258 16362.791193628644
3754 3459.2214586177106 16071.106915576174
3755 3470.6863898413167 16090.471623518748
3756 3650.1236506975506 16395.485599451662
3757 3676.3710497937823 16065.143722650406
3758 2332.7329789918927 16367.722580685018
3759 3626.9583087149285 16350.705946682627
3760 2452.122198570826 15388.694038930407
3761 1710.8799882231724 16389.795293866977
3762 1810.3665398436171 16878.8442596475
3763 2227.158564868126 15385.462464045986
3764 3183.9565363297925 16639.632997154313
3765 2643.425695187869 16353.27899065822
3766 3091.3291318847146 15582.155453546853
3767 2830.8246409835 16357.463059602838
3768 2664.2767152105853 16372.370877682497
3769 2602.3751854492175 16945.570307078342
3770 960.086591250453 15590.183762508483
3771 4171.8743217489855 17058.533244317452
3773 923.2906959325087 15245.01392439524
3774 4367.350439093535 15492.575669981474
3775 4180.558882609064 16196.5706017247
3776 3680.0502988476633 15303.64672748921
3777 3466.8647601612356 16084.016744620994
3778 2722.808775563644 16358.378633920991
3779 3081.1080503179173 17458.189220449196
3780 2994.7809342670953 15045.053266520226
3781 2796.669507377816 14602.170108540902
3782 1588.9531580962957 15442.683782418388
3783 2810.7062769657805 15938.322539843828
3784 3845.9605357373057 15232.059523859767
3786 2209.1857956710887 15400.327334770576
3787 2854.0321030823566 15327.85353671879
3788 4598.094642444113 16163.394203464986
3789 4023.3351257351046 15907.855521773576
3790 2167.978210578663 15386.008860754322
3791 2077.92341923313 15384.703354056646
3792 2717.632390504442 17194.307392416737
3793 1508.4769604157896 16829.53277691345
3794 1177.413716899266 15687.903772515532
3795 2853.8326598978483 15335.352033319276
3796 2370.468778137537 16367.85321105666
3797 4005.805896894303 15107.82449269452
3798 3276.7544605448597 14343.35819206359
3799 2072.60188775156 17245.23395380555
3800 2831.7702336865586 15441.86501305594
3801 974.5931485676175 16048.693305216486
3802 1853.16540386439 16044.716823321103
3803 1836.510093118732 16880.87185473195
3804 1431.7666825491633 15936.343029481603
3805 3600.0717122999417 15347.083297723702
3806 3086.373071999108 15400.905627564878
3807 2821.6046613008148 16520.71314198545
3808 3170.4580076919947 15882.963941047405
3809 1116.2251991358507 16716.549713529686
3810 2583.31689138395 16651.20400341724
3811 2905.4906887281218 16348.500894455248
3812 4193.337038860562 16950.225658405423
3813 4293.47280181983 17262.716163373396
3814 3286.3007141351327 16995.996238499043
3815 2395.2093596947243 15764.289114810319
3816 3800.417613918846 15219.267219965579
3817 4555.408976637599 15045.175786766102
3818 2711.0826346135023 14843.587555330527
3819 3708.286127276321 16488.283574682144
3820 2177.625022367044 15412.820764258438
3821 1849.4059988835804 15426.19333340871
3822 3198.1596586609553 15621.051493068062
3823 3309.023576067764 16910.04083694487
3824 2347.1222404759305 15657.955407098949
3825 3769.527385112872 16090.170994631144
3826 1823.4976157367093 17356.249672118294
3827 4164.772438619743 16516.14582665848
3828 2832.0470146632383 16033.812116251425
3829 3848.607663965115 15207.138302995743
3830 2850.6333685569034 15335.245389753969
3831 1830.9211714625305 16891.39081620207
3832 4220.66782891724 15467.331320194822
3833 1548.3139574018364 16875.753723980826
3834 4058.557814363867 17142.120010274684
3835 3949.420114574786 15195.31172462729
3837 927.9113846168073 15447.113599253573
3838 2701.734788527336 15298.319012967091
3839 3551.7405931360295 17013.214428813553
3840 4190.039579075612 17150.107998319643
3841 2899.940958595654 16157.637129656061
3843 4181.282392272282 16302.941678244231
3844 1350.674663646103 16196.518524402225
3845 1206.204879203371 15675.812014353676
3846 3557.070830466245 16597.505557651406
3847 4152.531156832751 15889.167883372056
3848 905.8032012798266 17087.878117951244
3849 2483.1350417049484 16981.626105140214
3850 1297.0585244617725 16062.34594873012
3851 3071.1379880396657 15285.675686198054
3852 4195.325768817307 16576.267559860375
3853 1968.6579615648593 16716.57220315717
3854 2636.3 15817.960000000001
