2711 3228.609963300616 16760.793999137346
3018 3258.053745018972 16008.583836427446
3053 3604.606710417938 16312.21454136293
3058 3446.390619787725 16043.488249151751
3072 3043.255938475931 15667.631210556181
3107 4316.4361710778085 15511.417754369691
3137 2817.38937251508 15400.505674861677
3145 3544.5700751294476 16208.972383784041
3153 2262.8496448949113 15416.857546523763
3156 3149.5115235521303 16636.851962824072
3163 3135.8154508570237 16611.789021858443
3171 2198.5023687822345 15412.723723092748
3175 3398.701754922328 15963.603824558913
3192 2787.398485524048 15399.77659987071
3195 2794.8961974242116 15399.958868379057
3206 2779.9007668120275 15399.594331196766
3208 1020.3372781167166 16731.130455860413
3236 2802.3939600603535 15400.14113812079
3252 1933.5637060777556 15396.709175178054
3265 1036.1220702523694 16772.337397036077
3292 2734.9145844274203 15398.500722310657
3297 3213.9325089077283 14297.00604047572
3299 2809.89166071158 15400.323406355677
3307 2243.6867321829964 15413.619010332874
3313 1992.6513891382756 15409.263845144145
3320 1848.8559544015545 16439.03976720995
3323 2920.3792942801547 15399.610976322261
3327 2497.5849497306126 15585.59669391377
3337 2757.407625644576 15399.047525538821
3338 2727.4169027664016 15398.318454537419
3342 2675.5927102935943 15397.005576177151
3347 2772.403083490752 15399.412063383168
3350 2912.8794171020772 15399.567724435421
3351 2785.957403397535 14956.851993864342
3357 978.5012798220343 15256.87683903439
3362 2683.0910538203243 15397.204514602538
3364 2905.3794972644255 15399.524472302563
3369 2749.90996326452 15398.865258234302
3374 2927.8791452387495 15399.654228057894
3375 2324.025876158117 15413.969246222672
3382 2501.4404769466423 15483.09034936021
3383 2764.905325403442 15399.229793752016
3390 2690.589337521194 15397.403451440687
3403 2712.4215518383744 15397.953919292242
3404 4371.286084537471 15261.58531996041
3405 3620.5142039275293 15186.285444806732
3406 2287.3217045617903 15413.706661819397
3420 2639.5 15817.91904860961
3427 1809.465076259615 16361.432894863976
3429 1447.9847131950996 16147.304635321654
3430 2742.412263747556 15398.682990026988
3433 2392.2428631735406 15414.845754054502
3436 2493.939645164243 15604.685210459184
3440 3107.868668815259 17440.413121359223
3444 2623.0134735348734 15395.610597335288
3457 4548.064388812331 15751.54773170179
3460 2965.5499177279316 16962.0371307103
3463 2832.9897241051913 15416.221993936597
3466 1937.5095102846262 16646.143860541448
3468 1420.579827921795 16100.447267441474
3470 1432.3668580260548 16629.621616745568
3477 2502.8813092334753 15551.623252705882
3487 2861.388004995454 15399.891565003692
3489 4099.141630184699 16953.904417161782
3490 2660.59607477196 15396.607700693568
3494 2505.345443964261 15455.404951805525
3497 2857.6405509224196 15412.56994912697
3498 2645.5994663506176 15396.209825928983
3503 3220.232964185773 17392.192108937743
3505 2719.9192263249197 15398.136186891068
3507 2653.0977521222962 15396.408762822071
3508 2872.0359414427517 15399.327066241496
3511 2668.0943702112922 15396.806637843149
3513 4223.530721474453 15894.292129766105
3516 2318.014688534078 15180.867549501148
3519 2938.737808764184 15413.687873922516
3521 1501.3039323848996 15563.700611393295
3525 2817.549139172051 15394.105675687168
3527 1862.492100673259 16355.252425294037
3528 1889.8868783278758 16355.903159405563
3530 2882.2872181229573 15399.387107627725
3531 1870.073289521622 16355.4325084563
3535 2445.9922493638546 15415.173737567562
3538 2832.4824729649763 15426.879939404955
3539 3120.730156714648 14332.064373090903
3545 817.6359163509147 15648.197078489984
3549 2822.5363542966647 15433.91245580336
3556 3029.938213371012 14388.756549467784
3558 2875.5734843964383 15420.019861722001
3559 1878.876292419124 16355.641614525402
3560 2258.6817594184217 17348.006118429323
3563 2638.101189909634 15396.010889283447
3564 2855.636615119365 15387.929347194675
3567 2892.7936405463124 15399.448643394075
3568 2849.2366163976067 15387.759299136436
3570 2796.0181904048804 16357.631039651389
3571 1840.086790969191 16900.46725533784
3573 2564.5005674335107 16949.326623404995
3574 2270.9141087584185 15386.141137937842
3575 2849.8349215158896 15365.264728030557
3576 2855.8360498783873 15380.431167368506
3579 2852.6360492547947 15380.341190813806
3580 2852.4366144968994 15387.839370597609
3581 2853.2343552753505 15357.846585785046
3582 3822.925207540763 15545.30730270689
3583 2906.203783047651 15399.527186152252
3585 4085.636760454826 16935.72766876184
3586 2572.5706539861194 16944.126753489432
3588 2539.6911125648317 16173.863925119054
3589 2357.5445424381605 15417.608134944909
3592 2822.8924760599925 15426.419874287727
3593 3787.161762061863 15241.571610460509
3594 2826.092405846435 15426.570011990632
3595 4431.653739854635 15326.044425167223
3596 3459.059616072339 14621.775247847467
3597 2187.0153244397547 15385.73072903663
3603 3169.056499121929 15579.284853482759
3605 2559.5266701708147 16951.830173588532
3606 2522.545006553976 16358.321314005678
3608 1429.0657818781904 16074.959844843397
3610 2905.1781624737155 16348.655228408043
3611 2187.5185358504887 15422.60437980653
3612 2949.6009990030648 15398.910754174156
3613 2902.391519132479 16160.843976442035
3616 2427.048322965271 16360.816571116182
3617 1893.3675166847747 15402.505386398474
3618 4403.887117544898 15016.775587426513
3619 2849.436051535255 15380.261105074991
3621 2647.105993563721 15570.021981838281
3622 2818.650604696181 16842.93840663667
3623 2421.2627705054583 15418.242701262086
3625 3732.0880200379406 15254.195664422306
3627 3027.7416165010354 16461.195727868846
3628 2212.3360249881794 15385.310101005662
3629 2114.9470893974094 15404.224534857187
3630 2509.1261083753357 15432.811458214086
3631 2525.533027462535 15415.813763886657
3632 2237.633879237846 15385.624942254222
3633 3063.1522710817953 15425.742299122201
3634 3001.013982757895 16740.895137978205
3635 1820.1500937378405 16333.554354098185
3636 2849.6354869020374 15372.762902398761
3637 2183.170516499899 17214.564857069352
3640 2189.1434684275255 15515.057286814968
3641 2957.1009253201587 15398.966757208185
3642 3463.043093468441 16077.56180320735
3643 2630.5992213555055 15395.811854682519
3644 2853.034919649665 15365.344798195296
3645 4425.006165257968 16292.613766713319
3647 2546.3006232078496 16931.304290616335
3650 4008.705967331043 16247.403888616247
3651 3734.2164595546533 16315.706893773375
3652 2580.049048949731 16987.659619219317
3654 2852.8354852566026 15372.842964262412
3655 2837.061634888548 16368.217103126459
3656 2123.0589058001337 16353.73078061068
3657 4512.777958781429 16647.14115194742
3658 2780.2958834904316 17074.560824836484
3660 2147.3336022103927 15385.581755678553
3661 3249.9843566077316 15375.052078662837
3662 3176.3895528724292 15591.363307587859
3663 1419.4206932179973 16543.85086875756
3664 2938.7987508716587 15406.416074447772
3665 2832.126351766189 15434.372509043007
3666 1855.083024046747 16100.179394371284
3668 2916.450456335474 15399.587200576565
3669 1501.0559240012954 15863.692877067184
3673 1764.886133884029 15884.08904447692
3674 2615.0139047062344 15395.398360909887
3675 3934.4279270494894 16223.227602812334
3676 2534.789965672601 16370.766011806796
3678 3376.641635791105 16519.84837957978
3681 2979.600708272489 15399.134766340147
3682 2163.495641326328 16354.46978677462
3683 2577.3589203505658 16989.399402059833
3684 1861.2868273768142 16344.464612985454
3685 3066.3848640224924 15418.866324513148
3686 2717.3630797068154 15391.670814631885
3687 3876.020849072504 16032.801237219936
3688 3663.0633217833224 15268.984500043058
3691 2560.14117656258 16358.598880234422
3692 3730.269230516689 16321.570142805942
3694 1383.6768675276585 15654.567301961475
3695 2892.50249339036 16366.796889452946
3696 2795.974712981853 16360.831993945458
3697 2972.1007411184246 15399.078763001184
3698 3923.9854859987718 16212.084858712795
3700 3713.418123101337 15867.339676199368
3701 2850.034356221719 15357.76655020429
3702 2585.4293556133744 16984.20005158605
3703 2933.6932658117407 15399.701374777751
3704 976.6300532701675 15413.542892699628
3705 2531.1216752795995 16897.14034812512
3706 2964.600841398658 15399.02276016576
3707 3305.023539194789 16772.708690100586
3708 3812.2540336053776 15227.875420613125
3709 2880.388253742679 16352.371099083777
3710 2597.7561815459285 16372.248217948847
3711 2850.2337908844543 15350.268373998219
3712 2319.8983348251 16357.328142006521
3714 4321.810208551464 17099.433308635063
3715 2853.433790283559 15350.348396590172
3716 2850.4332253605126 15342.770204810691
3717 2049.5253587750008 16351.932622470176
3718 1343.798714611179 15672.037801604878
3719 3780.518127922951 15130.265280261963
3720 3442.1964831985633 15425.942040171327
3721 4231.522525363233 15938.789309533933
3722 3527.0062226827904 16185.597978232861
3723 1411.4254825309174 15633.627430361565
3724 2260.124949178049 16365.63847770121
3725 2591.5057678088797 15410.382228636056
3726 1045.3093972281827 16635.053343662716
3727 2824.7350470743413 16575.497939563567
3728 3474.5963924955695 16097.075767754553
3729 4246.5033131150285 15965.631747842384
3730 4066.7227256372475 15640.338771150182
3731 3498.793392697872 16043.005299626107
3732 2218.3907319531395 16649.035007863014
3733 2821.061446026738 16335.428743270448
3734 3625.3729515233385 16354.356005111185
3735 2856.6975540972785 15146.214924983236
3737 2853.643475865686 15109.154621683403
3738 1984.926679918382 16774.995491493406
3739 4254.218293692648 16048.394018366422
3740 1408.458148984847 16277.151557333891
3741 2880.642896779304 16808.621317369998
3742 3238.9556185620177 16809.845566535474
3743 4384.892469825741 15981.428056969682
3744 3315.1449056747842 17297.124303101817
3745 2611.050611041359 17011.36811053701
3746 1971.7842685194084 15383.716210297513
3747 2593.3633864551966 16996.94070329631
3748 1832.252889423432 16955.561682531745
3749 1040.3985286693937 16660.05888453664
3750 2339.088341538479 16361.506810162155
3751 1847.0930669711877 16855.72367314504
3752 3563.0294171991327 14778.249012352382
3753 1357.3037123481602 16579.23243295075
3754 3459.2214586177106 16071.106915576174
3755 3470.720313006368 16090.528921043773
3756 3650.4856155709053 16396.063112812986
3757 3476.2757574794155 16046.043008378492
3758 2204.8215875477376 16649.550675097307
3759 3451.8100604687233 16052.150264375545
3760 2165.864467781447 15385.965130679067
3761 1286.276713487102 16619.68910493418
3762 1425.6127042304686 17079.388491791735
3763 2215.460018751097 15403.962012110162
3764 3724.8524885521833 16345.27021058755
3765 2638.353091593321 16020.552817981654
3766 3291.0785830143204 15781.244930323573
3767 2644.1738630054933 16356.38287571166
3768 2837.160371566347 16371.417137168382
3769 2589.3961489579933 16990.570020825893
3770 1005.0831407932868 15373.108313731589
3771 3817.6917807518867 17284.954863185332
3773 960.5118771142014 15068.711145673313
3774 4497.977988363138 15659.444599756149
3775 4069.482448938517 16364.748288359488
3776 3966.7426284956923 15461.860996841351
3777 3466.8648501950274 16084.016896691517
3778 2330.5415654248454 16461.675204155625
3779 3737.4601275922137 17155.663331710664
3780 3220.0881392077476 15065.314008109972
3781 2993.7245417461286 14423.54571784494
3782 1118.241078981905 15672.06862390684
3783 2814.016528975319 16552.31984349919
3784 4078.301580737397 15640.224078713703
3785 3038.124835606748 16090.60026604874
3786 2304.4684606112373 15422.661282379722
3787 2936.0006993538273 15167.445334536
3788 4536.057046370269 16328.267667370641
3789 4121.301051715909 16102.869373835661
3790 2107.1341554215855 15205.08370425315
3791 1477.5758416149638 15561.773347434073
3792 2929.956169973696 17212.253506362722
3793 1856.2760654668098 16862.653524704743
3794 1299.8983051744553 15794.32977686336
3795 2926.3203378295902 15191.784865722604
3796 2592.1220626874383 16362.035225955735
3797 3493.277790748424 15381.184962075497
3798 3421.0345834734676 14564.559786425501
3799 1896.5104666300638 17135.035767066092
3800 2798.6146752683544 15579.999419532814
3801 1143.6137538964153 16148.043792613387
3802 1839.2564543455223 16422.97321844573
3803 1852.0945752315406 16254.126053070511
3804 1430.7173022665274 16555.98558314643
3805 4032.1497380269248 15093.449924728768
3806 3232.930635450735 15340.695266425657
3807 2936.495370834639 16650.880658501712
3808 3050.3655868186534 15675.626185358684
3809 716.4610509444379 16960.896387481305
3810 2388.501302415102 16813.040506759455
3811 2852.3824991085708 16160.740774149728
3812 4607.060125832104 16598.23305896413
3813 4096.459612285583 17482.73938339673
3814 3313.9856151957288 16983.163902720135
3815 2337.7433441508133 15842.318658321961
3816 3411.8856980024993 15408.700019930973
3817 4716.787601485699 15264.658054753945
3818 2776.420007975368 14621.60230313516
3819 3890.5950399508297 16466.20655808236
3820 2391.0414566473987 15505.071179190752
