2711 3430.099802330979 17043.554100717603
3053 3702.9934114756898 16473.808253592455
3058 3481.982562531368 16042.993021128592
3107 4577.785709691893 15361.626853897056
3137 2817.38937251508 15400.505674861677
3145 3700.6772595058937 16127.894309426914
3153 2010.3603426414497 15409.935450407296
3156 3015.586162236825 16736.627190839776
3163 3237.2408809081153 16774.93972326453
3171 1976.5464830076023 15404.300124155116
3175 3459.0243962213226 16064.449249496522
3192 2787.398485524048 15399.77659987071
3195 2794.8961974242116 15399.958868379057
3206 2779.9007668120275 15399.594331196766
3208 1047.2665246831282 16607.422803000747
3236 2802.3939600603535 15400.14113812079
3252 1893.6682766949602 15396.105114994692
3265 1047.2424844278048 16880.225046034997
3292 2734.9145844274203 15398.500722310657
3297 3308.922624382279 14386.409925613334
3299 2809.89166071158 15400.323406355677
3307 1994.8232708122255 15409.346212922846
3313 1934.6602571031835 15403.1177587752
3320 1843.2551942703174 16698.04746084666
3337 2757.407625644576 15399.047525538821
3338 2727.4169027664016 15398.318454537419
3342 2675.5927102935943 15397.005576177151
3347 2772.403083490752 15399.412063383168
3350 2974.392450663553 15399.095875527655
3351 2699.5487163725365 14826.65531079849
3357 1104.286670697681 15197.007957016853
3362 2683.0910538203243 15397.204514602538
3364 2950.6720008277593 15398.91875149961
3369 2749.90996326452 15398.865258234302
3374 3058.694039605109 15400.186004470712
3375 2042.1490044039967 15407.83701685819
3382 2456.552111503294 15586.461603567925
3383 2764.905325403442 15399.229793752016
3390 2690.589337521194 15397.403451440687
3403 2712.4215518383744 15397.953919292242
3404 4282.111475866787 15168.577996467495
3405 3635.634308680457 15213.342135769053
3406 2015.8765356780718 15406.941971577924
3427 1546.3427153464806 16480.78430666781
3430 2742.412263747556 15398.682990026988
3433 2077.6821357053277 15408.20903993514
3436 2353.7843279203 15858.67133530689
3440 3341.006060318524 17345.16442857187
3444 2623.104562626907 15395.613014018449
3463 2598.4384177947572 15416.889258378009
3468 1469.1054192846084 15896.189707217187
3470 1318.6765027580313 16693.756289465862
3477 2376.613601695518 15799.656246940236
3487 2773.15682530679 15419.15885313124
3489 3917.3155549398384 17039.747004190885
3490 2660.59607477196 15396.607700693568
3494 2489.39662557718 15607.203072641812
3497 2845.3328400381656 15589.513963840871
3498 2645.5994663506176 15396.209825928983
3503 3372.4760188419236 17390.42568031402
3505 2719.9192263249197 15398.136186891068
3507 2653.0977521222962 15396.408762822071
3508 2854.199050396969 15462.568369251961
3511 2668.0943702112922 15396.806637843149
3513 4380.226579498909 16175.235455616945
3516 2462.115654290218 15183.206738398241
3519 2938.7368904287196 15413.685024507804
3521 1309.8094293740548 15694.452632096647
3525 2817.549139172051 15394.105675687168
3527 1792.2637279472563 16367.522021531637
3528 1866.715421201355 16355.352745828344
3530 2848.270181898892 15408.817063632167
3531 1815.9633807015 16359.132551998224
3535 2153.237520150092 15408.750147641966
3538 2832.4824729649763 15426.879939404955
3549 2822.5363542966647 15433.91245580336
3558 2863.8198136600067 15419.651347292971
3559 1847.0336632285714 16355.65465162339
3560 2196.350342202703 17243.767854048616
3563 2638.101189909634 15396.010889283447
3564 2855.636615119365 15387.929347194675
3567 2859.496929853919 15401.734523748588
3568 2849.2366163976067 15387.759299136436
3570 2796.018926428032 16357.631032135325
3571 1851.5402813426938 17114.351061826448
3573 2565.705425110214 16951.51787602282
3574 2481.4077816610743 15389.03022940506
3575 2849.8349215158896 15365.264728030557
3576 2855.8360498783873 15380.431167368506
3579 2852.6360492547947 15380.341190813806
3580 2852.4366144968994 15387.839370597609
3581 2853.2343552753505 15357.846585785046
3583 2868.1472309267465 15399.304290193468
3585 4176.28868402679 17059.774090795352
3586 2573.655804515273 16945.86102114034
3589 2072.4846658669535 15411.372004256484
3592 2822.8924760599925 15426.419874287727
3593 3516.4952705520864 15392.57639454267
3594 2826.092405846435 15426.570011990632
3596 3366.5907539044133 14479.56235065126
3597 2428.633351861087 15388.42439340209
3603 3091.374852786532 15576.837639690664
3605 2404.0037200392826 16721.468065813086
3606 2736.894006350781 16358.234799444985
3608 1423.190526966639 16114.116470687692
3610 3119.8817797054057 16234.571872920582
3611 2187.518747184513 15422.594392317083
3612 2904.1826177124312 15399.515348254174
3617 1893.3338021030281 15402.50488641038
3619 2849.436051535255 15380.261105074991
3622 2595.937699103143 16968.24198991627
3623 2307.1305113185376 15458.105060652862
3625 3668.562126998031 15278.733184306728
3627 2849.959757282735 16371.052068778534
3628 2454.007631581308 15388.715683185083
3629 1894.2358420226274 15399.315813253597
3630 2459.2086114466197 15667.3087081279
3631 2276.855966789443 15416.88566502544
3632 2470.857831097072 15388.909118861462
3633 2879.45467468099 15420.14154920617
3634 2847.8615206810746 16857.799468188663
3635 1881.717271160257 16344.885336366122
3636 2849.6354869020374 15372.762902398761
3640 2187.3595049463215 15430.120062536796
3641 2916.0217107992257 15399.584689428233
3642 3463.043093468441 16077.56180320735
3643 2630.6029115213355 15395.811952586246
3644 2853.034919649665 15365.344798195296
3645 4328.723880461683 16222.797736084462
3647 2378.0569740049846 16679.819720456944
3650 4082.135841694323 16381.765903402691
3651 3953.1751113804194 16196.312890637728
3652 2578.755839412714 16985.692476428037
3654 2852.8354852566026 15372.842964262412
3655 2837.061634888548 16368.217103126459
3656 2315.087430314886 16357.24021977341
3657 4764.108937601314 16485.84756644999
3660 2366.4264209590747 15387.622589358127
3662 3097.5984986248454 15595.998153849481
3663 1551.5734856812787 16465.60794595007
3664 2938.7987508716587 15406.416074447772
3665 2832.126351766189 15434.372509043007
3666 1894.4455564292664 16041.840603097267
3668 2880.994873114055 15399.379538406032
3669 1435.834547158028 16067.446656690225
3673 1606.9952782845473 15933.477876088118
3674 2615.6062697090547 15395.414076935765
3675 3678.6019360952423 16367.577221749854
3676 2343.6258632057106 16372.63536866171
3678 3639.4240817204377 16381.012746147442
3681 2964.273026657962 15399.020312325702
3682 2330.839709142845 16356.982103929537
3683 2575.9122479080156 16987.611150158773
3684 2118.5883670911553 16353.649078771521
3685 2763.51171504588 15413.483490576835
3686 2810.0494475270502 15393.923407742801
3687 3972.0533195841876 16180.731740103312
3688 3651.0318553164375 15247.456006199352
3691 2764.3169420909026 16357.954764019767
3692 4023.5949298927194 16160.747390673438
3694 1630.4907157443213 15408.480700226617
3695 2844.6070946988602 16368.00203679258
3696 2796.0689924185103 16360.831031321028
3697 2950.94147063517 15398.920763669617
3698 4207.763714290609 16056.179835229093
3700 3623.870625794249 15968.788117996168
3701 2850.034356221719 15357.76655020429
3702 2584.5587628541775 16982.663978544675
3703 2893.3754274823077 15399.45205090079
3704 911.4235833330882 15517.201509208218
3705 2560.458646004706 16943.007275735497
3706 2930.0746551679845 15399.670269242131
3707 3409.7724596726134 16713.932137291886
3708 3563.3045082060294 15367.068660874162
3709 3079.918209514108 16256.516877112657
3710 2354.9768542233624 16367.65957942065
3711 2850.2337908844543 15350.268373998219
3712 2350.8520546964105 16359.601929004055
3714 4293.247881404578 17111.7015433959
3715 2853.433790283559 15350.348396590172
3716 2850.4332253605126 15342.770204810691
3717 2298.1117581605126 16356.929978944227
3718 1602.8986992237312 15437.140585847175
3719 3747.41030259143 15245.951321286868
3720 3137.944278139383 15422.125790461245
3721 4024.8337007096966 15959.028484689874
3722 3478.3297656675595 16103.381578029923
3723 1633.5143474386514 15401.846576144673
3724 1945.3302109659544 16357.220157420996
3725 2527.07060186942 15409.405172525077
3726 1017.8970656738209 16755.194925190237
3727 2833.365414529445 16360.532148441145
3728 3474.508034182626 16096.926527179876
3729 4076.6926078700258 15929.815573655998
3730 3961.7409407388673 15453.840641758929
3731 3512.4400867858144 16154.710117755443
3732 2350.3487306859574 16605.719282457147
3733 2677.354542652636 16372.187535335073
3734 3488.5924618679155 16120.715664972726
3735 2853.671856725969 15341.397775321731
3737 2797.3773161359736 14976.419789382657
3738 1919.1751945297592 16612.23518659063
3739 3968.611845698772 16204.338877941213
3740 1426.8701572505286 15959.535459411787
3741 2614.9468121725295 16953.971003280236
3742 3142.670983211293 16644.53551523668
3743 4093.7560198889814 16136.262050046287
3744 3258.8904063243813 17190.97064124342
3745 2772.9607846731265 17256.45572273301
3746 2268.3797316187606 15386.101828276853
3747 2593.3626624652875 16996.939540696436
3748 1830.646919986003 16895.83122887701
3749 1015.5749633097008 16768.01377223102
3750 2536.422068527508 16361.624021438527
3751 2080.2836404686414 16724.56501001762
3752 3641.9623932001596 14905.427900320286
3753 1499.92288746544 16496.05570191417
3754 3459.2214586177106 16071.106915576174
3755 3470.6863898413167 16090.471623518748
3756 3650.1236506975506 16395.485599451662
3757 3620.050199853374 15972.592102709268
3758 2329.301364887446 16556.673618602435
3759 3493.3132726263057 16122.408074346562
3760 2397.9062743850304 15388.07165496661
3761 1453.0038749811201 16523.714212977866
3762 1683.8482817092624 16944.19007308577
3763 2215.460018751097 15403.962012110162
3764 3447.57501758037 16492.43396815368
3765 2639.956342295738 16271.76481619117
3766 3173.7215809400063 15586.968825065858
3767 2781.6032137117327 16360.978731736657
3768 2835.4825349415682 16371.385168828445
3769 2589.3960218412503 16990.569816698862
3770 933.3854553675894 15446.93463277796
3771 4046.4254323804594 17149.111192542085
3773 827.1786403131662 15151.240774621361
3774 4433.307375849083 15534.60730940103
3775 4202.378679704252 16287.884427126377
3776 3831.1725137636354 15231.417823513544
3777 3466.8647601612356 16084.016744620994
3778 2409.87947603051 16360.58848281568
3779 3416.189023545112 17320.658803433023
3780 3151.5091593703337 14960.749437530712
3781 2895.2933586066124 14512.998297229986
3782 1391.0033524554992 15642.934667846821
3783 2809.5150713182784 16280.527660027174
3784 4003.42694972592 15511.77952948003
3786 2304.468464782041 15422.661007966322
3787 2862.7811743966176 15224.448657443188
3788 4649.792109746264 16263.353929267174
3789 4049.152659963649 15957.23909521886
3790 2106.0039623969446 15360.96540568945
3791 1743.756262810792 15381.368185308136
3792 2808.653858856196 17288.499164911118
3793 1605.085219934487 16995.092394012838
3794 1297.889467730849 15702.438467905335
3795 2855.828100125767 15249.136100609221
3796 2595.9682705455944 16372.217047952328
3797 3741.3158178022313 15251.047589275026
3798 3349.0811936869495 14453.059717872435
3799 1957.0896092337669 17268.555679632784
3800 2830.937975097192 15459.375218735733
3801 1014.5006465559956 16217.080364920841
3802 1842.9812641894086 16140.885712271463
3803 1848.1062780646216 16570.06975078516
3804 1419.8432335360294 16194.687800618905
3805 3923.057910819473 15167.363006812535
3806 3215.3206147782357 15408.322433070121
3807 2867.6868434022995 16596.8917521407
3808 3113.1921550726256 15803.340382884482
3809 946.0175542109157 16813.279896817054
3810 2417.7753634632527 16745.967839003268
3811 2830.666879336747 16285.688354605401
3812 4448.008263557882 16705.508007278888
3813 4291.590221007091 17366.999151450276
3814 3189.600597979521 17057.575800806484
3815 2322.960921216619 15751.033956231282
3816 3532.4823242136113 15359.825582564048
3817 4609.050538028285 15104.506314727776
3818 2678.206655688324 14714.77278811241
3819 3764.5971037563 16535.0923728763
3820 2385.4950621564326 15417.97377222241
3821 1843.687342201781 15716.207025192394
3822 3073.4655709799995 15596.164532532614
3823 3483.173797328611 17140.369566021476
3824 2275.235131588021 15584.627644518187
3825 3668.7353389156665 16051.429769012528
3826 1949.1961925366788 17320.648325627804
3827 4092.6814606182693 16399.575492615753
3828 2916.4451114222634 15990.464318068298
3829 3781.9458558770493 15223.753085156308
3830 2856.4791912270007 15223.644299255238
3831 1831.5306808357468 16928.700743854828
3832 4138.71371819673 15477.670745750705
3833 1613.107526466048 16814.272237687554
3834 3895.8093857811964 17238.17525558505
3835 4009.8082442766313 15302.099026352173
3837 921.6919041314758 15539.50498602467
