2710 3326.991117099838 15493.685837573097
2711 2882.662705382284 16355.50499750249
2857 3085.3118403571784 15594.999012480988
2927 2831.1616554408183 16115.039895799497
3014 2884.571393129053 15599.431814351328
3018 2839.992121223468 15722.845171818983
3029 2846.5235095541166 15572.466065861412
3053 3044.889804953009 15597.937978886759
3058 2845.052028318317 15593.534600539198
3072 2993.2730970990306 15599.042679898788
3084 1854.4746453210428 17307.980693406498
3107 3535.0584336048382 15358.438569515116
3137 2813.38479606906 15400.408324071848
3140 2871.4225600142463 15416.693428029446
3145 2952.909993066325 15599.215709273823
3153 2863.8198187312473 15419.65134745197
3156 2830.388145488335 15808.834032294359
3163 2842.4938194474194 15492.470412042052
3165 1763.437264310694 16812.202742983445
3171 2878.803503815922 15420.121132957926
3175 2854.224407301251 15415.77040481942
3192 2753.9815393296462 15398.964237777114
3195 2767.712340246993 15399.298031957918
3206 2744.12720860997 15398.72468013807
3208 1817.2247725133175 16358.686030343046
3210 1319.414962090222 15271.345801785466
3227 975.322401277267 15710.879121852557
3233 3161.6865081388323 14974.365009977775
3236 2781.182866372127 15399.625498888654
3245 4008.008853769861 15292.419272224275
3252 2187.2564531262224 15435.119236649334
3257 1854.625031032676 16871.016236534982
3260 1837.660390069427 15954.41184587008
3264 1323.5126685047012 16882.3239069787
3265 1939.7995728759333 16357.088782933892
3268 2863.9211349681095 15416.461017365526
3277 1825.0877282343304 15869.819977200423
3292 2691.8747307493777 15397.43726554326
3297 2662.6706456845677 14772.516856050246
3299 2797.491742868002 15400.021965788332
3304 2314.45630457104 16357.228685563023
3307 2871.311654941486 15419.886240006417
3310 1857.4711915665216 16312.001621464513
3313 2187.5187445271185 15422.594517903572
3320 2159.07851892182 16363.50237017846
3322 688.242781205102 16178.603957357123
3323 2910.090044891759 15399.551638090494
3327 2878.923987691597 15416.925838774889
3333 1293.2309284278067 15677.022565321191
3337 2719.7016082819628 15398.130896621637
3338 2678.3225846405962 15397.078002427317
3342 2626.8470357465994 15395.71230550954
3347 2735.7181358131393 15398.520256551825
3350 2842.005879670499 15400.895898984912
3351 2893.9259411514436 15417.409647028862
3357 1339.4334891356707 15336.965811864542
3358 3785.4794230965094 15135.012334623945
3362 2639.5848006086385 15396.05025093383
3364 2829.3625510142965 15400.727422792872
3369 2711.9304880528107 15397.941981588461
3372 2950.791424073457 15423.89024227559
3374 2927.8599648587747 15399.6541174444
3375 2901.2688122148893 15421.053755510697
3377 2459.626803026228 15388.780189734582
3381 4075.5338453999866 15142.811589117297
3382 2901.41762458966 15417.85566690442
3383 2728.0070861774875 15398.332801827823
3387 3954.8905382349762 15723.737321050166
3390 2650.568710916625 15396.341664872583
3396 1292.470750317026 16627.39769126875
3403 2659.7921343745297 15396.58637136447
3404 4059.761655982263 15655.933006809688
3405 3657.8031957106864 15259.572298123738
3406 2886.295378807369 15420.356026728285
3416 4460.814608315042 15427.449333557795
3418 1005.8522986943282 17029.42252053222
3420 2908.751191240913 15421.497948110982
3427 2261.719496250719 16365.672186205198
3428 3913.815384436851 16241.929382488534
3429 1862.4913137271399 16355.252406600961
3430 2703.0554635376916 15397.722567000617
3431 4197.085035504756 16579.08921063325
3433 2923.7158847927954 15422.38632948249
3436 2886.425357045056 15417.158247713329
3440 2572.570686026463 16944.12680358326
3444 2293.342920587687 15386.489021832329
3449 2001.16127360895 16358.546365554626
3450 1142.157024899518 16312.058372615744
3452 4663.272838099197 16005.031905302923
3456 1837.5485079993002 15985.911310363688
3457 3620.680838758124 16378.787892777775
3460 2568.5293787973055 16937.808376949106
3462 1425.3904931282802 16164.117969314895
3463 2865.000945077712 15399.285862501996
3464 3700.8018389922704 17540.61351269768
3466 1866.728471619023 15562.019296433597
3468 1870.1032324673452 16355.433219719464
3470 1898.0715738930926 16838.312062323374
3474 4079.2242517587993 15626.366805187436
3477 2893.7864063681805 15420.609561318199
3481 1906.1313090543724 17125.84112851755
3482 2066.166600036794 16361.53822509802
3484 3250.2518057284533 15403.787657589684
3486 3739.101902948492 15785.116723027553
3487 2880.0006621238895 15399.373715345362
3489 4167.422909547213 16096.069626357956
3490 2482.1290374612895 15389.038509224147
3494 2916.4010953867405 15418.747712842483
3495 1604.9632855228795 16995.075826837347
3497 2872.5008020871514 15399.329788914814
3498 2452.126078024161 15388.694083465469
3503 2569.8806135389614 16945.856713501817
3504 4067.8016441739946 15654.773965588107
3505 2668.6484116434613 15396.821337107023
3506 2178.893204806428 17207.80697813542
3507 2474.628274043984 15388.952402514038
3508 2887.50051458192 15399.417641731523
3509 4151.3796585117725 17016.455680899337
3511 2612.8156976653063 15395.340040316034
3512 3036.6657992278106 16094.276538525819
3513 3166.7650127673505 15406.446084277393
3514 4274.657606715971 16034.950996139707
3516 2334.414562452975 16259.636931765366
3519 3152.746508550151 15578.969066678781
3521 2530.4336324013993 15408.860904874133
3522 1874.791105636844 15484.130856462243
3523 2004.4782182948427 17298.11514952593
3525 2467.1275255769565 15388.866295975553
3527 2291.748588243947 16366.306997045576
3528 2595.1149622640346 16372.202171587587
3530 2895.000387179287 15399.461568235638
3531 2337.5848571934876 16367.314439428015
3532 4822.742209431731 15727.020739065027
3535 3091.659170505019 15543.768547812782
3537 4138.588675436803 16100.747232773807
3538 2832.4824729649763 15426.879939404955
3539 3541.6047269810824 14743.697795318107
3543 1096.3846296619733 16738.26490784904
3545 1772.2657992930967 15392.438750469402
3548 1048.2474710865852 15695.820521282014
3549 2818.5967377252423 15516.799550447404
3550 2159.869036518388 17411.328099772974
3553 4086.110994253392 16140.411460980271
3556 2724.42065042494 14671.045783282088
3558 3316.996925507254 15824.965127978396
3559 2441.370313708431 16368.739400557995
3560 2394.12724279249 16681.7085757343
3562 2908.909383540497 15418.301691275645
3563 2444.625370405548 15388.607977395914
3564 2855.636615119365 15387.929347194675
3565 3384.278149079025 17410.42545848816
3567 2902.5003305563955 15399.505495154308
3568 2849.2366163976067 15387.759299136436
3569 3023.939275222156 16455.155912479015
3570 2273.2010458606765 16609.60740514505
3571 2407.01980403498 16720.252019511892
3573 2353.4724548540826 16367.640776119479
3574 2025.6131176100089 15384.739592575263
3575 2849.8349215158896 15365.264728030557
3576 2855.8360498783873 15380.431167368506
3578 3143.749274979889 16624.56566548886
3579 2852.6360492547947 15380.341190813806
3580 2852.4366144968994 15387.839370597609
3581 2853.2343552753505 15357.846585785046
3582 3332.681909517554 16121.200622161648
3583 2910.0002275996994 15399.549421801601
3584 3634.8886365933645 16364.362664230564
3585 3187.2559640694303 16624.228783957074
3586 2264.2224152085205 16356.310630398717
3588 2299.9264087722418 16593.99601523811
3589 2916.233535250561 15421.942138632514
3591 2814.275027174685 16405.7656871309
3592 2822.8924760599925 15426.419874287727
3593 2496.6796501715426 15396.126733148449
3594 2816.73632623026 15776.22118420565
3595 4066.1637212556143 15652.022698076828
3596 4217.1805876881335 15900.601929642227
3597 1905.9604524770373 15378.411088309982
3598 3231.727530072528 16772.056066532674
3599 2024.9507606252985 17279.800773489766
3600 1305.8528979804562 16061.266719487969
3601 3802.123696455503 15662.569761785338
3602 3006.242223814187 15967.939010709259
3603 3650.123658769773 16395.485612330856
3604 3936.802527865197 15737.823413548127
3605 3310.1423051098873 16568.9966303421
3606 1486.6119415248634 16503.902434530053
3608 1926.1858061814494 15402.992082455348
3610 2348.6778431304033 16356.409596250882
3611 2368.4543692644274 16367.828033209942
3612 2949.6009990030648 15398.910754174156
3613 3541.114265169811 16209.42700233028
3615 1031.6512602503008 16697.39366211135
3616 3043.3181075248267 16485.938149262645
3617 3233.6534330692134 15426.252850709307
3618 4127.131953202268 15621.237358660763
3619 2849.436051535255 15380.261105074991
3620 3541.885627689317 17019.446326541336
3621 2931.198226352584 15422.830519858586
3622 3682.2136055198966 16365.548364285285
3623 3422.282705222556 15428.748615219645
3625 3739.714253746994 15843.748969495178
3627 3887.0589360631457 16253.043160224694
3628 1916.3971536278054 15378.614984127165
3629 3627.419202858702 15328.589860431357
3630 2933.11647297189 15419.742868429594
3631 3075.620280106276 15425.94781075808
3632 1987.610853300911 15384.765919048632
3633 2966.5885163455573 15608.110996013309
3634 3038.590331256544 16453.93441328735
3635 1251.1356952258122 16248.01431734298
3636 2849.6354869020374 15372.762902398761
3637 3088.84832303598 16689.839712634384
3638 3927.398718495914 15150.654117952916
3639 1861.7134896220948 15392.373988139538
3640 2535.57193481965 16908.74037974789
3641 2957.1009253201587 15398.966757208185
3642 3161.15564201749 16671.12983092782
3643 2437.1245974172743 15388.521870575933
3644 2853.034919649665 15365.344798195296
3645 3871.620517393272 16673.669354038462
3646 3340.120682624707 16550.67866116739
3647 3030.3745323785515 16721.380546332457
3648 4231.293538110072 15491.735259085941
3649 3147.84651905255 16631.163874192822
3650 4204.598790837521 15858.831256739433
3651 3362.767381833892 15897.37306959402
3652 2988.3290054424565 17495.1343799718
3653 3152.9270785220206 16631.911037038502
3654 2852.8354852566026 15372.842964262412
3655 2940.434361407618 16369.389964386994
3656 1240.3097070233741 16645.871713412416
3657 3363.9763476154235 17332.80549673778
3658 2549.4757362944056 16908.018748138053
3659 2116.633606369968 16353.613354319406
3660 952.6734465605532 15710.813496001769
3661 3878.985714155954 15188.197822613272
3662 3654.1076969521505 16401.842127704906
3663 925.7244382219868 16577.46828790758
3664 3350.589733252108 15536.542730648924
3665 2824.0615692965903 16632.177994791928
3666 1386.1301229835694 17098.341376325516
3668 2917.500143084417 15399.593348556906
3669 933.6672671569814 15550.02068425058
3670 1023.1919241486395 16209.327126169614
3671 3669.908122857288 16421.014935112376
3672 3016.488809567516 17152.939274465476
3673 1499.858465449165 15803.434684810582
3674 2283.6844940864285 15732.779158612924
3675 4917.623935682611 15842.056080693108
3676 3006.1225379917214 15971.60380672967
3678 2643.190929528944 16347.770382161287
3679 1827.923512152686 16823.184533119875
3681 3178.0961683167834 15408.039472706087
3682 1440.4881663985345 16599.880667403053
3683 2984.899244461314 17171.60266316911
3684 1503.982243139972 15859.598906840569
3685 4116.733265936833 15221.322733813893
3686 2215.6494279418916 15625.583047264354
3687 3894.6734008614603 15284.594589590246
3688 2509.9925400286215 15393.072704196231
3690 2961.089640740371 17187.097672389
3691 1889.5476291927541 16830.858333423617
3692 3268.037746134634 17006.92235673346
3693 3581.5079473757237 15337.071210360138
3694 1021.4957619186179 16285.26814848039
3695 3036.9038540573497 16921.5803235533
3696 1904.497539649604 16345.849617775992
3697 3102.736139935153 15401.707334765078
3698 3014.526079957337 16407.319448717455
3699 3860.751419668349 15183.15036072509
3700 4180.352879406785 15321.741357792986
3701 2934.0926338598993 15168.696142077373
3702 2680.60782925631 17329.69017895937
3703 2936.05 15399.71
3704 1018.8567445625384 15035.469995121617
3705 1950.5835836699716 16347.800425139127
3706 2964.601153833714 15399.022762498758
3707 3799.7812484449487 17655.562162442147
3708 3554.1918055268693 14764.009619873932
3709 2688.3472907421215 15955.112093896649
3710 3026.794279688488 15960.969187305982
3711 3153.322914778001 14961.910349591079
3712 1842.3828907984596 16238.28568384392
3713 3554.2975775543623 16211.497459759183
3714 4448.361550162604 17036.204313543494
3715 2954.5526861145986 15155.283820677241
3716 3153.3176001176903 15214.573657105015
3717 1557.1570484801214 16376.647737478215
3718 1036.122239554354 16363.846140260113
3719 3265.6080177794915 14320.596635614076
3720 4200.370523371501 15437.733842807536
3721 4614.71966494847 16283.371357742382
3722 4294.581009299252 16902.623293814275
3723 947.5672693431171 16156.336586973734
3724 3053.603945311213 16479.11639378504
3725 2648.0737534457794 15528.72073463035
3726 767.013096752471 16583.643781408136
3727 2148.5690821552594 16987.130072309737
3728 3961.805553705103 16852.395325457204
3729 4629.338579609709 16073.998116081046
3730 3481.1419780140573 15738.140609450365
3731 4008.180817179028 15762.351543045306
3732 1838.0104651905062 17240.12005066491
3733 3053.2921223545827 15689.930929827022
3734 3619.79475021627 16405.69919946323
3735 3222.0356533838185 15062.423386938535
3736 3525.9945399813464 14724.701189110543
3737 3374.265534543327 15216.131192150562
3738 1910.599835780668 17527.501604433
3739 4408.968434785497 15481.03186584149
3740 1041.8154429195304 16840.979050293972
