2710 3305.7916134920856 15493.842204293564
2711 2845.980617972423 16356.616391872689
2857 3043.5415684792215 15598.045343736327
2927 2828.641962065587 16052.584782089203
3014 2852.9526094116386 15599.531801470059
3018 2839.7814498942953 15642.302625262317
3029 2849.974851180962 15523.050069937704
3053 2978.29735069114 15598.824615648822
3058 2847.330794422433 15560.907434443507
3072 2930.788479664113 15599.285663463295
3084 1852.0090598097054 17241.22744169786
3107 3462.1205056841786 15396.413488230712
3137 2792.5024331979143 15399.900676247822
3140 2871.4225600142463 15416.693428029446
3145 2898.545616445154 15599.387624089666
3153 2863.8198187312473 15419.65134745197
3156 2832.93182773743 15740.38847656147
3163 2845.9788533352767 15442.572013385485
3165 1792.945682646298 16795.532710575168
3171 2878.803503815922 15420.121132957926
3175 2843.346910208965 15400.930705431874
3192 2750.6676676204625 15398.883677939482
3195 2758.637856409034 15399.077432306292
3206 2742.4594456924833 15398.684137014608
3208 1846.778507887913 16355.66436275949
3210 1331.8434776709412 15311.822987211042
3227 1053.7859888563135 15688.565693895851
3233 3178.087927860502 14999.837573443272
3236 2767.06663625474 15399.282334968615
3245 3989.665558667749 15259.9777433592
3252 2187.0855020941976 15474.387122586275
3257 1854.625031032676 16871.016236534982
3260 1837.5328999728683 15990.305620138673
3264 1361.8175584987969 16863.458877040855
3265 2009.1633897706142 16358.80656952092
3268 2863.9211349681095 15416.461017365526
3277 1840.4151705810727 15871.768214982614
3292 2682.9665545163607 15397.20121151361
3297 2686.157785692159 14806.996899142128
3299 2777.8243046922403 15399.543852643008
3304 2240.735719569569 16355.881396618543
3307 2871.311654941486 15419.886240006417
3310 1858.7871494217623 16237.627313714886
3313 2187.4979788034652 15423.575890621429
3320 2225.6760793371213 16364.910233370056
3322 652.8871261914792 16151.670179125069
3323 2870.5987153702818 15399.319330091612
3327 2878.923987691597 15416.925838774889
3329 1455.496913073399 16423.23325709034
3333 1233.5563226705976 15677.65919523062
3337 2718.0844171545427 15398.091582892537
3338 2675.0128838230376 15396.990192810861
3342 2608.6464531264205 15395.229426159633
3347 2734.569720562591 15398.492338710024
3350 2823.932582440962 15400.629724494676
3351 2893.9259411514436 15417.409647028862
3357 1359.8618297785872 15410.069543174872
3358 3819.6761200515193 15189.883899906532
3362 2626.3397920204948 15395.698847834816
3364 2809.4026888231715 15400.311519505674
3369 2710.1298795196667 15397.89820900346
3372 2998.8154138863883 15424.681827258284
3374 2923.718212877568 15399.630231908175
3375 2901.2688122148893 15421.053755510697
3377 2459.626803026228 15388.780189734582
3381 4057.118699212475 15110.355267309065
3382 2901.41762458966 15417.85566690442
3383 2726.8891484290875 15398.305624890572
3387 3885.447598160256 15762.930327695289
3390 2641.1057591767885 15396.090603459897
3396 1358.3746117541102 16590.135606349053
3403 2653.7663568864646 15396.42650156377
3404 4059.7501878312855 15655.940011426012
3405 3661.2000976060867 15265.65054151527
3406 2886.295378807369 15420.356026728285
3410 1825.4076560752765 16575.912005983206
3415 2978.2524028253106 15053.819280458021
3416 4430.210231153939 15445.498068806652
3418 1043.5478602785356 17033.085764193747
3420 2908.751191240913 15421.497948110982
3427 2313.1470789631758 16366.759358171892
3428 3970.4703503172736 16210.632001221154
3429 1862.6576745921118 16355.25635832822
3430 2692.359343403764 15397.449631521338
3431 4215.769984793384 16609.055341810374
3433 2923.7158847927954 15422.38632948249
3436 2886.425357045056 15417.158247713329
3440 2572.570686026463 16944.12680358326
3442 1937.9228643796137 15400.12515003786
3444 2234.623702270236 15385.578252661633
3446 3304.179955367148 16985.299691057393
3449 2084.621603539505 16361.928361312775
3450 1175.9434510277526 16293.3372775084
3452 4678.141637478843 16036.206232366216
3456 1840.6638459714613 16009.757198784871
3457 3547.9619016570805 16418.10979888319
3460 2568.5293787973055 16937.808376949106
3462 1428.9313717686798 16077.876013115998
3463 2865.000945077712 15399.285862501996
3464 3719.27846382895 17521.539938475955
3466 1868.1357479771975 15495.725169614714
3468 1873.8127997292013 16355.52133658563
3470 1962.3993683351905 16800.847926882823
3474 4053.6203919713084 15580.622691424716
3477 2893.7864063681805 15420.609561318199
3481 1872.5971165091862 17144.90828244548
3482 2143.3381818009716 16363.169621634554
3484 3209.9563707139905 15403.481394782842
3486 3753.8511421551602 15813.006030076813
3487 2880.0006621238895 15399.373715345362
3489 4227.340526658899 16063.157636240865
3490 2482.1290374612895 15389.038509224147
3494 2916.4010953867405 15418.747712842483
3495 1639.8589730042754 16978.511825145397
3497 2872.5008020871514 15399.329788914814
3498 2452.126078024161 15388.694083465469
3503 2569.8806135389614 16945.856713501817
3504 4067.6373670489197 15654.874302057904
3505 2665.015989063382 15396.724965364938
3506 2163.178908956491 17199.62382744936
3507 2474.628274043984 15388.952402514038
3508 2887.50051458192 15399.417641731523
3509 4125.405083127543 16970.592553210616
3511 2590.479883587812 15394.747449210216
3512 3056.278639125115 16125.615282170482
3513 3074.0607210777994 15406.796464521967
3514 4274.657606715971 16034.950996139707
3516 2333.0010062381766 16317.30425571194
3519 3169.5408377713757 15580.082619645085
3521 2590.215267722904 15409.92472424788
3522 1875.4704592476771 15434.193000745969
3523 2075.7086742910255 17259.71197393371
3525 2467.1275255769565 15388.866295975553
3527 2334.3426660535256 16367.238886848258
3528 2662.1933212577087 16372.400085464878
3530 2895.000387179287 15399.461568235638
3531 2354.845888411019 16367.657942495201
3532 4757.005259914705 15762.832503820933
3535 3091.3692552415773 15577.488692074485
3537 4057.7387201819633 16145.46255418475
3538 2832.4824729649763 15426.879939404955
3539 3581.93123151715 14808.402559988328
3543 1175.4794150716823 16693.544666176167
3545 1852.4350991577269 15394.877884126534
3548 1127.8332497504093 15691.164949166407
3549 2814.712631196268 15601.426098201971
3550 2197.73949626017 17390.284215712883
3553 4148.030097685536 16106.721852916706
3556 2751.2641519014023 14645.646855415895
3558 3355.5574279827924 15890.807568962477
3559 2524.4022541637996 16370.508362445047
3560 2355.154271584293 16619.428647750843
3562 2908.909383540497 15418.301691275645
3563 2444.625370405548 15388.607977395914
3564 2855.636615119365 15387.929347194675
3565 3364.0049506546384 17376.05440525082
3567 2902.5003305563955 15399.505495154308
3568 2849.2366163976067 15387.759299136436
3569 3062.5598134024017 16511.304681990092
3570 2213.8514113378965 16644.275981524555
3571 2428.5325602909006 16737.239184689413
3573 2371.5941876019047 16367.867277410005
3574 1952.1947656118502 15381.638535746712
3575 2849.8349215158896 15365.264728030557
3576 2855.8360498783873 15380.431167368506
3578 3129.72126490149 16601.974934608017
3579 2852.6360492547947 15380.341190813806
3580 2852.4366144968994 15387.839370597609
3581 2853.2343552753505 15357.846585785046
3582 3258.262432580737 16160.81300698638
3583 2910.0002275996994 15399.549421801601
3584 3624.402709165035 16346.304980952895
3585 3106.674981939943 16669.234780300936
3586 2185.495180272441 16354.871841853335
3587 2392.039928608287 15463.154744638516
3588 2252.1412343001093 16621.909312165983
3589 2916.233535250561 15421.942138632514
3591 2819.124139792784 16482.1636015543
3592 2822.8924760599925 15426.419874287727
3593 2405.243464661091 15395.119839305042
3594 2813.239736665359 15865.104980045347
3595 4066.1637212556143 15652.022698076828
3596 4258.410076528002 15975.732489407214
3597 1889.1026581088283 15378.331239236608
3598 3197.258713445936 16715.558902728626
3599 2092.8295565251365 17243.201521769595
3600 1344.4683872770197 16040.596356459639
3601 3764.2751901510724 15685.337262973213
3602 2976.21239033054 15983.312179833098
3603 3650.123658769773 16395.485612330856
3604 3940.6061982627584 15738.391511892278
3605 3380.4322072952086 16528.828147827775
3606 1448.3338511893562 16526.502098647805
3608 1964.4911512416054 15406.214776478075
3609 1837.6623791621987 15194.888140243207
3610 2317.557395942833 16357.285359911457
3611 2387.6850569641133 16368.068395190901
3612 2949.6009990030648 15398.910754174156
3613 3580.6432974190125 16277.327632327158
3614 3949.941798693674 15156.078285470066
3615 1040.6702366784814 16658.76062408262
3616 3081.6505173250507 16542.870812753714
3617 3313.069025768679 15427.841390489584
3618 4091.4212695136343 15641.102967169727
3619 2849.436051535255 15380.261105074991
3620 3508.7954006892487 17041.206993942054
3621 2931.198226352584 15422.830519858586
3622 3757.2314472004064 16323.407046746534
3623 3487.95704204992 15407.808342604101
3625 3678.2600570179525 15880.84615779703
3627 3943.6033737045273 16221.816442938625
3628 1900.2667509894459 15381.502691622693
3629 3699.270508095489 15289.545557265628
3630 2980.3728490646276 15421.177012171876
3631 3090.996825265957 15433.206127442467
3632 1922.1428485119905 15378.727234457685
3633 2966.5885163455573 15608.110996013309
3634 3010.7921766087466 16401.05665327572
3635 1210.9237011372184 16270.29582657782
3636 2849.6354869020374 15372.762902398761
3637 3134.0996167000785 16665.431109873472
3638 3874.1943695592067 15179.543757752836
3639 1861.7133418534288 15392.373819261062
3640 2560.1616826206564 16946.901078758812
3641 2957.1009253201587 15398.966757208185
3642 3189.813932838561 16717.683624585847
3643 2437.1245974172743 15388.521870575933
3644 2853.034919649665 15365.344798195296
3645 3841.6195077643624 16689.701789052535
3646 3408.4604186381903 16513.63569825309
3647 3085.7076457327744 16695.17368763221
3648 4250.155789293925 15523.83412046461
3649 3147.8400026444315 16631.153380158295
3650 4165.53181583843 15789.23700548186
3651 3330.155433674936 15840.976667245655
3652 3058.0874996347216 17467.93402778431
3653 3146.3052690859226 16622.60945317632
3654 2852.8354852566026 15372.842964262412
3655 3002.998979229205 16415.882622415153
3656 1164.0242661408306 16689.32357127472
3657 3294.1788268848827 17361.00755325675
3658 2514.333842461659 16853.07576425266
3659 2027.2362570375205 16351.029275615618
3660 895.8518175900546 15734.64659565981
3661 3950.7333454276586 15148.319109267355
3662 3654.214081816725 16402.011864287808
3663 893.0994826433891 16600.20558540875
3664 3368.291189417242 15564.235611534019
3665 2828.4262916478915 16720.145620323696
3666 1304.8464422539498 17144.94213072406
3668 2917.500143084417 15399.593348556906
3669 952.4428915622044 15539.632495117825
3670 1009.8587929894022 16209.841949874582
3671 3651.82072872202 16392.48001652079
3672 3014.5908956006865 17150.631756385133
3673 1494.163923532084 15733.087364742298
3674 2323.5171386099664 15808.423076801811
3675 4946.924016526205 15910.521761575716
3676 3036.7780178583125 15955.834162244297
3678 2641.5200619016305 16308.564666763257
3679 1827.4420746626258 16864.280935391795
3681 3201.618879495965 15408.218279795274
3682 1450.94891726407 16650.13967558054
3683 3019.6304573683115 17151.529687619754
3684 1502.0238165325854 15831.168148005907
3685 4131.502008521762 15245.569419498708
3686 2252.7287075043964 15687.23266250396
3687 3868.660015780407 15238.179273415433
3688 2433.456492911005 15392.229951902982
3690 2991.3621903674857 17167.841122990478
3691 1858.0912408230868 16849.28211975637
3692 3233.0560168132442 17027.850746390577
3693 3506.06785385385 15374.047500000623
3694 1039.9672877111439 16282.846709446956
3695 3007.6793424620178 16938.150263358883
3696 1849.82108769846 16342.409567814213
3697 3138.1297710132058 15404.883486990353
3698 2983.5660386587447 16372.08877615279
3699 3787.960900277548 15222.338036495068
3700 4170.898703587596 15304.368773464248
3701 2963.100518060325 15149.680400514711
3702 2658.3563734185755 17289.511275492812
3703 2936.05 15399.71
3704 1020.3248333496709 15030.95339029759
3705 1899.3173144677776 16345.630340516635
3706 2964.6200609764865 15399.022903681127
3707 3815.340465851626 17648.281167517125
3708 3532.355745855826 14728.846939890665
3709 2726.496094256106 15954.677886131045
3710 3061.5269131519717 15943.105293403973
3711 3166.003369329913 14981.069400361508
3712 1841.3706343957015 16323.680426177427
3713 3555.4316386567716 16214.532183800287
3714 4454.1980050150105 17033.14269195584
3715 2976.581975864148 15142.051013696753
3716 3173.337521063274 15247.85795186354
3717 1594.0633521201955 16359.735510033728
3718 1044.3771743921604 16407.227765628973
3719 3245.885616449801 14291.265659130675
3720 4202.981129026127 15435.802139218385
3721 4575.746937716673 16305.614853579187
3722 4309.6277596644295 16904.705990608803
3723 910.137945345288 16170.719589284157
3724 3034.4088039473313 16446.920827844246
3725 2648.9875248847143 15478.322472531947
3726 784.379565151076 16613.70579155627
3727 2106.9647880035604 17010.936103698445
3728 3942.8268868378314 16829.565386781414
3729 4594.766716401984 16088.971661750726
3730 3491.868123008578 15755.562675945328
3731 3980.6730360588244 15777.587129439793
3732 1835.462366071686 17259.323811367718
3733 3061.5301041677176 15708.233762998176
3734 3634.989167781188 16397.383593532304
3735 3214.1242861973433 15050.272325138916
