2711 3467.8402952840065 17089.95292859048
3053 3728.256712562814 16514.120233806185
3058 3506.8201903486342 16029.718614964233
3107 4590.702125945072 15351.350696876703
3137 2817.38937251508 15400.505674861677
3153 1996.9787702319338 15409.427959410843
3156 3002.4439041581304 16743.83446905691
3163 3266.511372433208 16824.991624061644
3171 1948.94127471181 15401.31617199759
3175 3471.295290982318 16085.223324554532
3192 2787.398485524048 15399.77659987071
3195 2794.8961974242116 15399.958868379057
3206 2779.9007668120275 15399.594331196766
3208 1048.2812945642395 16596.67043786444
3236 2802.3939600603535 15400.14113812079
3252 1889.1047863648478 15392.572411635241
3265 1056.99798449071 16901.60764848151
3292 2734.9145844274203 15398.500722310657
3297 3324.6810135620794 14410.324866145702
3299 2809.89166071158 15400.323406355677
3307 1978.4966493874451 15407.734791527773
3313 1908.967494960092 15402.736734467808
3320 1842.2036668098854 16741.18270021815
3337 2757.407625644576 15399.047525538821
3338 2727.4169027664016 15398.318454537419
3342 2675.5927102935943 15397.005576177151
3347 2772.403083490752 15399.412063383168
3350 3009.0302499039817 15399.354520981959
3351 2684.7407646699617 14804.91665668214
3357 1122.6042658651027 15184.005515740033
3362 2683.0910538203243 15397.204514602538
3364 2976.5901822255814 15399.112286306941
3369 2749.90996326452 15398.865258234302
3374 3105.957482059006 15401.99641143349
3375 2014.4733501054482 15406.888673556174
3382 2435.9180412246274 15586.121044333031
3383 2764.905325403442 15399.229793752016
3390 2690.589337521194 15397.403451440687
3403 2712.4215518383744 15397.953919292242
3404 4260.565716569792 15181.194325382405
3405 3638.1833214381613 15217.903209484615
3406 1996.9868420398213 15406.224473249813
3427 1501.6781357896118 16507.046811105745
3430 2742.412263747556 15398.682990026988
3433 2041.1040105902753 15407.813665041123
3436 2352.6530534047183 15889.889342134045
3440 3343.8790578097487 17346.62527513121
3444 2623.104562626907 15395.613014018449
3463 2556.6171035946622 15416.2554917284
3468 1489.4274366946288 15872.383188779184
3470 1297.0149037602835 16706.008897960088
3477 2356.0895632917004 15838.115111280518
3487 2733.825493719425 15418.6794094537
3489 3868.7610063529996 17074.951895677274
3490 2660.59607477196 15396.607700693568
3494 2477.994294904405 15632.75666718139
3497 2850.840618864352 15599.538480153575
3498 2645.5994663506176 15396.209825928983
3503 3386.63569831278 17414.420539101782
3505 2719.9192263249197 15398.136186891068
3507 2653.0977521222962 15396.408762822071
3508 2851.6603122254273 15498.91779179549
3511 2668.0943702112922 15396.806637843149
3513 4387.955787287986 16190.021725168132
3516 2482.380677380733 15186.963281986833
3519 2938.7368904287196 15413.685024507804
3521 1270.3414556399468 15698.550693920393
3525 2817.549139172051 15394.105675687168
3527 1757.4792149269106 16381.728172076435
3528 1846.7460443031416 16355.665598313835
3530 2846.607673300726 15414.951118738401
3531 1785.1336096456944 16370.32129123154
3535 2103.32359023469 15408.392677259759
3538 2832.4824729649763 15426.879939404955
3549 2822.5363542966647 15433.91245580336
3558 2863.8198136600067 15419.651347292971
3559 1821.7021351015874 16357.5624169593
3560 2183.8490298650518 17222.139376116476
3563 2638.101189909634 15396.010889283447
3564 2855.636615119365 15387.929347194675
3567 2858.6053276020184 15403.585160355477
3568 2849.2366163976067 15387.759299136436
3570 2796.018926428032 16357.631032135325
3571 1852.2941230972194 17141.52493919348
3573 2569.214751245836 16958.62631915468
3574 2482.0396296035137 15389.037482846423
3575 2849.8349215158896 15365.264728030557
3576 2855.8360498783873 15380.431167368506
3579 2852.6360492547947 15380.341190813806
3580 2852.4366144968994 15387.839370597609
3581 2853.2343552753505 15357.846585785046
3583 2865.726107370326 15399.290109753403
3585 4203.869043220995 17105.028802142184
3586 2579.4014912063867 16955.240804861936
3589 2049.9930202544374 15411.21095249351
3592 2822.8924760599925 15426.419874287727
3593 3478.812875710948 15412.472201165674
3594 2826.092405846435 15426.570011990632
3596 3351.84359252213 14457.24091037574
3597 2451.3284177177775 15388.684926543574
3603 3091.5493966484573 15556.536382922543
3605 2375.919299845369 16676.38843887964
3606 2764.4868522454817 16357.953028944323
3608 1424.2799812198807 16088.769898465156
3610 3161.864429562026 16212.12423556643
3611 2187.518747184513 15422.594392317083
3612 2897.9152664825474 15399.478640586674
3617 1888.3673300963364 15402.370314747555
3619 2849.436051535255 15380.261105074991
3622 2595.283242631576 16968.60716555487
3623 2306.77734724814 15481.341099757889
3625 3666.3192371173986 15274.810469256221
3627 2840.2728450778427 16371.328362150702
3628 2464.9181504565317 15388.840932954161
3629 1886.2727260991596 15399.102157185807
3630 2426.7348760816544 15714.628223976042
3631 2239.794840735013 15416.811262670346
3632 2474.14105984236 15388.946809428417
3633 2871.347115379533 15419.887351802328
3634 2862.2135367415162 16881.061069132156
3635 1916.7467810666913 16346.368124210145
3636 2849.6354869020374 15372.762902398761
3640 2187.3595049463215 15430.120062536796
3641 2910.8153270800935 15399.554195812121
3642 3463.043093468441 16077.56180320735
3643 2630.6029115213355 15395.811952586246
3644 2853.034919649665 15365.344798195296
3645 4299.99283554098 16238.11892192471
3647 2352.7336782796774 16639.17210458523
3650 4093.654396176943 16401.218599839303
3651 3966.3564869210677 16188.92883747646
3652 2573.097395888598 16977.417456590523
3654 2852.8354852566026 15372.842964262412
3655 2837.061634888548 16368.217103126459
3656 2325.281190012987 16358.096399606107
3657 4803.734599714996 16455.199377308778
3660 2405.438433984865 15388.158122096298
3662 3096.675777062195 15596.054073775915
3663 1594.828620229463 16440.733172632386
3664 2938.7987508716587 15406.416074447772
3665 2832.126351766189 15434.372509043007
3666 1892.994245385661 16011.439455973325
3668 2875.0629367892643 15399.344795252466
3669 1433.444364827892 16118.968907556602
3673 1580.9999452323955 15942.602249548043
3674 2615.6062697090547 15395.414076935765
3675 3653.240162437816 16381.824213306814
3676 2340.172577481973 16385.465975929503
3678 3648.6287027321005 16388.4623394665
3681 2952.674376793618 15398.933703530418
3682 2350.669252932976 16356.397875962211
3683 2565.064831613151 16988.805038218718
3684 2164.1690240941125 16354.482093258059
3685 2712.24772759378 15412.430747977372
3686 2810.0494475270502 15393.923407742801
3687 3981.775176954324 16180.295511823979
3688 3648.874636991971 15243.59598950516
3691 2783.359095032402 16357.760310827498
3692 4072.2595444276017 16133.745572571333
3694 1682.8077154579285 15385.405490262145
3695 2844.6070946988602 16368.00203679258
3696 2796.0689924185103 16360.831031321028
3697 2936.263181946904 15399.697320032898
3698 4255.1125087815 16030.656479861731
3700 3612.280126057114 15981.601487144604
3701 2850.034356221719 15357.76655020429
3702 2581.0822472031136 16975.674808826217
3703 2885.555421947132 15399.406249388716
3704 923.951891950138 15537.09054181581
3705 2564.246433993214 16948.929298124935
3706 2920.9639928200922 15399.61363620949
3707 3404.1873075561443 16702.842290926874
3708 3516.0972871950935 15392.79326740759
3709 3108.7917903549146 16240.650136858367
3710 2349.7726852815945 16367.594533158363
3711 2850.2337908844543 15350.268373998219
3712 2380.1002174233886 16360.090767678847
3714 4288.365013075389 17113.581410878593
3715 2853.433790283559 15350.348396590172
3716 2850.4332253605126 15342.770204810691
3717 2310.1097705521547 16357.149249985696
3718 1645.1065908208216 15397.77824214878
3719 3717.158130358093 15262.232176511474
3720 3085.9439273612975 15419.126343583095
3721 3980.279209502737 15982.000252008376
3722 3478.3296537320075 16103.381388966489
3723 1682.237841302548 15382.246955630093
3724 1902.544998400923 16356.20383972585
3725 2527.07060186942 15409.405172525077
3726 1015.9361804807279 16763.435439768044
3727 2856.1710484112855 16353.104710832766
3728 3474.508034182626 16096.926527179876
3729 4053.6544785569968 15942.163472684204
3730 3937.026866414324 15412.01189477262
3731 3535.0959190019034 16192.972092259157
3732 2366.2613489451173 16631.149993362236
3733 2630.5081942974757 16372.599016615237
3734 3482.332089050646 16110.141655512605
3735 2853.6366306061814 15342.722177256699
3737 2784.526527602205 14954.640747688885
3738 1900.904953332947 16570.480954023424
3739 3914.357461541743 16234.311535703931
3740 1432.8758079542774 15920.997714233206
3741 2597.4903092363197 16963.71092258437
3742 3128.6506363022813 16620.5846523037
3743 4042.425293627228 16164.12229368083
3744 3248.2844974490063 17172.630523500953
3745 2787.5452329903933 17279.051346886525
3746 2324.099401090365 15386.966072703299
3747 2593.095397393066 16996.51036021209
3748 1830.7309646640754 16893.562855126365
3749 1021.5271178697349 16767.739039954526
3750 2580.9010367040596 16358.752146806188
3751 2126.27778774739 16698.53594424425
3752 3654.997698635482 14926.430727447501
3753 1539.1890465495571 16472.908507675595
3754 3459.2214586177106 16071.106915576174
3755 3470.6863898413167 16090.471623518748
3756 3650.1236506975506 16395.485599451662
3757 3620.0505180755404 15972.592159776465
3758 2329.630263334143 16531.48024865301
3759 3514.093296036305 16157.502116283162
3760 2429.0880860360367 15388.4296136259
3761 1480.8569280085323 16507.294984726337
3762 1726.9358596403436 16921.552868179686
3763 2215.460018751097 15403.962012110162
3764 3399.6063020155666 16518.43499559931
3765 2641.681292946549 16312.347838067235
3766 3165.81192569636 15575.71182753774
3767 2788.222875044614 16360.91114279105
3768 2826.3397078498065 16371.18329089953
3769 2587.1964991019217 16987.037771801475
3770 910.2941282569218 15464.764827307234
3771 4084.361139667143 17127.251062812677
3773 828.2368978170779 15160.648972577928
3774 4422.444452362932 15513.778181097907
3775 4219.8637640569 16278.423574248387
3776 3821.712892120973 15226.357587984885
3777 3466.8647601612356 16084.016744620994
3778 2452.282094854053 16361.002859124706
3779 3359.422466691718 17342.854465851615
3780 3141.644959196704 14964.227587821915
3781 2878.753415224723 14527.853206165464
3782 1428.3586265128954 15615.251170782662
3783 2809.6391975032693 16223.183039942247
3784 3978.1192880291405 15467.960610152408
3786 2304.020306043307 15418.267886940714
3787 2859.2185951585375 15240.385400787733
3788 4652.480613719656 16254.954832446578
3789 4047.323455831444 15953.847650586478
3790 2105.9934881250706 15374.110591838711
3791 1798.6358942332654 15382.368278641427
3792 2797.524304338036 17294.39433316056
3793 1595.359815779704 16991.247444666005
3794 1297.6294975876056 15700.466711408964
3795 2855.271372623509 15274.914862965243
3796 2568.091240026335 16371.591992782041
3797 3786.0491005619874 15226.995094210622
3798 3336.661865604938 14434.261707675181
3799 1966.9971825699126 17285.24663420798
3800 2831.6806829903317 15443.7491042864
3801 1006.294544684086 16207.625119353563
3802 1842.635847196111 16092.964805124948
3803 1845.15 16619.85502804406
3804 1421.6988836606122 16148.003830925107
3805 3876.8098048052398 15193.067115786034
3806 3189.8725369128874 15408.128990371539
3807 2854.202427232178 16601.9304979705
3808 3123.745839245888 15824.604984448939
3809 982.0797470909549 16791.203529102015
3810 2437.2873028427384 16732.624015004254
3811 2830.662513214755 16325.413515551285
3812 4405.8000558468375 16748.97204039984
3813 4319.884354728262 17350.216701884478
3814 3189.2626953417553 17054.050814652335
3815 2346.3132655755494 15751.074118522443
3816 3578.173434676336 15338.864960041381
3817 4573.504045447214 15068.2180641073
3818 2660.5210745362997 14731.506625922126
3819 3753.026281378515 16541.418393376345
3820 2367.0857309258904 15417.73294887388
3821 1846.7991861661556 15669.23154794287
3822 3116.8475130430033 15589.106698930074
3823 3460.2852459506917 17106.313861029546
3824 2275.5256874231018 15611.557131639314
3825 3687.284815138254 16084.74515522661
3826 1919.4251271031108 17336.69903130532
3827 4105.228925108745 16420.765826711122
3828 2889.593424838646 15990.963963684131
3829 3803.0400868234883 15212.413080324099
3830 2855.861993053013 15247.566719334754
3831 1831.0186435824444 16909.6566595061
3832 4153.319431956802 15470.144392042663
3833 1600.6373384702192 16820.747859204053
3834 3907.6382662410942 17231.169645336566
3835 4005.1842187095326 15293.922134372651
3837 918.7896063947298 15534.89754909073
3838 2703.1389117426465 15207.792079392275
3839 3469.5309677419355 17067.02791883455
