1005 2644.001105382408 15417.573292362686
1007 2462.2068759385793 15668.600246315587
1008 4081.4379398311403 15507.177147860639
1010 2802.3940416574223 15400.141140104406
1021 2787.3986208841816 15399.7766031613
1025 3360.4679171336375 15540.114228793602
1027 2350.7011902767035 15855.336268305471
1030 2749.910212022368 15398.865264281576
1034 2833.3455354075027 15407.486471464441
1035 2809.8917362039156 15400.323408190889
1036 2742.4125201052616 15398.682996259015
1037 3915.863398365723 15315.85544567126
1038 1474.2177167212694 16052.982116611593
1046 2794.8962851767083 15399.95887051231
1052 2712.421674919488 15397.953922284329
1053 3091.485138290478 15477.78854530191
1054 2236.401978846114 15413.604377128722
1064 4567.096171683083 15791.26237956055
1067 2593.7349272221236 16965.806251637856
1070 2291.2263882640414 15413.714505329137
1075 2853.06702139801 15432.87290697451
1079 1395.248996542396 16171.81983853558
1083 2817.549110243624 15394.10567498411
1086 1875.6091586707034 15407.658558568244
1090 1999.9579247189859 16358.51778126821
1091 2977.419248577327 16368.966535037054
1097 2358.554473511748 16367.704295640511
1099 3087.512239264056 14349.145681014143
1101 1358.7075724239862 17129.444873441516
1104 2259.322796395288 15416.850466171318
1107 1127.5982541805624 15691.150040209513
1109 2113.2940204040856 16362.534492229073
1111 2321.0437553385964 16358.05826996789
1113 2734.914770308903 15398.500726829414
1115 2468.1108955783443 15652.947722999259
1117 3564.53074662571 15340.760865160419
1118 3710.163863256366 15264.185801043648
1119 1454.5265953431492 15909.658472382105
1125 2334.6838463128884 16545.46030782804
1126 3011.6211908486807 15421.69208220639
1127 2493.768465139375 15596.877825402882
1128 4657.609790268925 15159.487612116045
1129 3140.8414412823545 16619.88288524133
1132 1422.805559597352 16216.291227944452
1134 2851.195892184892 15413.025635195812
1135 2304.8993043590012 16357.054025517558
1136 2312.8476496909293 16366.753028278601
1138 2167.9982110451087 15386.009274533097
1140 2865.000934477041 15399.285862439909
1141 3883.539174258942 15298.34385965176
1143 3173.3782109922845 15565.594612186027
1146 2307.365475005989 15406.406570003344
1147 2866.466290153989 15404.199227646208
1149 2821.065185772737 16301.339088614792
1151 2719.9194236388194 15398.136191687747
1153 2339.4681277467903 16175.087001464955
1154 2854.528963986344 16748.00217563204
1156 3279.1612228204594 16786.50119862231
1157 2871.422423944707 15416.693423813713
1159 2727.417092312833 15398.318459145272
1162 2106.7382317991833 15229.145962404646
1163 2967.5305485973267 15762.524375440758
1164 3052.0044550155217 16693.242022928735
1165 2297.3994829504645 16356.916961677533
1169 2507.02957027496 15514.676029688495
1170 3598.855467502486 15929.461605175078
1171 3147.570157273695 16624.646398812965
1172 1892.2864596786264 15395.804574644559
1173 3581.6827034225853 15901.368070052127
1174 2878.9238309400926 15416.925833918382
1176 2820.779870782718 15470.867781942794
1178 2764.90555467394 15399.229799325556
1179 2595.2741873831446 16968.612218230293
1180 1858.1609417376146 15381.143359699672
1183 1558.5728866443333 16286.810175170405
1185 2832.79819938303 15419.83545640497
1186 1957.09010616107 16357.499501354643
1187 2830.948519369171 15459.153373778581
1188 3608.574441861126 15955.777432197152
1189 3214.559909121725 15406.71657457728
1192 3012.722458960977 16734.541986018718
1195 1436.9777164792536 16545.290303244135
1196 1422.7421584642102 16124.547936346122
1197 2863.81979497193 15419.651346707042
1198 2683.0891017737895 15397.204462812824
1201 2333.726857403183 15841.007693625656
1202 2690.589354130562 15397.40345188135
1204 4032.8322501916023 17157.02397618507
1207 3128.064145005845 16599.306305957867
1208 1412.536550246529 16209.459138896835
1209 1913.783399133749 15834.017143938672
1213 3052.8225146614523 15597.524626828954
1217 1950.8211813637504 17334.31479901668
1218 2918.545656481633 16160.902057208239
1219 3147.846708366336 16631.16417906406
1220 2857.5106532557247 15415.413825915073
1221 2194.4336509783952 15416.632808356586
1222 2832.212849101698 15432.5526586325
1223 1811.8571807260414 16881.67407488831
1224 2807.239119641809 16330.261594332624
1226 2781.012619264669 16357.7842723882
1228 3170.098163905534 16647.390647541073
1229 2796.018960599013 16357.63103178638
1230 2018.6900460642496 16301.559199293082
1231 3189.186574654176 15612.441598506188
1232 4176.536594637137 17060.202626520182
1233 2606.7652104479434 15395.179514941923
1234 4211.358613840599 15869.384428932906
1235 1886.3957207345916 15378.427859002451
1236 3399.1075459111416 16518.705342032543
1237 3117.753137068152 16224.414384302783
1240 2981.368790177534 15417.736116994069
1241 1853.9141369336476 15385.798174940579
1242 2695.956186255842 16361.853216395182
1243 4064.03618287406 15653.322174348572
1244 2829.1934498048613 16001.98822944157
1245 3310.0722613980893 16549.61004880582
1246 1323.7293820985562 17149.255634772326
1247 2577.3588900576224 16989.399353411885
1248 2837.0616034313066 16368.217104023077
1249 3180.082939817919 16675.126603319663
1250 3135.9771850339953 16612.04947884741
1251 1412.9586882696628 16559.273734980143
1252 2349.540874142219 16367.591635779676
1253 3117.0030776522617 17442.88780080948
1255 3194.7769393339613 16633.575943628806
1256 2974.3308826742027 16386.666269458543
1257 3493.5352944145397 16036.818693352468
1258 2764.2224901040645 15401.789671692562
1261 3431.4594689327832 16489.262169866568
1263 2312.3991015541146 16357.19108891507
1265 3051.2944958522157 16485.9307779673
1266 3124.107592508302 16592.934667201665
1267 2681.6217521322787 16372.12771192737
1268 2880.000749564259 15399.373715857497
1269 2849.226073291794 15388.155689934587
1270 2160.491919873827 15385.853980957056
1271 2286.6686984437324 16366.199608879666
1272 2788.5189727154993 16357.707619585586
1273 3176.817655703009 15592.068446342782
1274 1413.464975297538 16352.85394298901
1275 3825.1050185048143 15205.981636712835
1276 2152.9856944711064 15385.698688741666
1278 2971.1484458362584 15406.289542183773
1279 3549.956677129612 16006.667254120015
1280 3120.1510902712184 16586.563109384995
1281 2871.311651288176 15419.886239891874
1282 2289.6452379824095 15386.431668628107
1283 3132.0206827896714 16605.677921019076
1284 3756.982654312875 15242.628015709504
1285 3488.9418922426667 16453.661501110862
1286 1790.7323203453905 15382.224248673485
1287 3155.7522256020006 16668.456967758695
1288 3217.819842642997 16192.42281772719
1289 4366.615449640208 15994.795404552671
1290 2995.9225866138404 15399.256644165276
1292 1890.0703509584375 15389.571228023751
1293 3031.797078540715 15388.091772378966
1294 2569.878619022997 16945.853595239674
1295 4159.852717733355 16103.875177783933
1296 1561.9712210051196 16941.845067507653
1297 2500.0538531871875 15537.102975601318
1299 2891.5738802806945 16583.563816845595
1300 2831.633741154981 15444.736731452376
1301 3138.0184854214435 16636.074219973256
1302 3487.202265936751 16478.232943857212
1303 1463.6535815179939 15679.570588723796
1304 1823.0507809541318 15382.813200824934
1305 2670.9953847274637 15396.883604610251
1306 2643.559252213299 15396.155697042184
1308 4147.11914271811 17008.863676486402
1309 2872.5008309383793 15399.329789083795
1310 1861.4501205354225 15772.861357876387
1312 2562.369166649957 16945.994281890802
1313 2234.2382111634156 15390.036323278002
1314 2552.354726969939 16964.887327364442
1315 3176.6430808134037 16643.726928914723
1316 1424.222761233971 15948.37661203629
1317 2821.067604958342 16279.287002233137
1318 3683.508530412734 15278.535824343322
1319 1892.0236591492526 16345.321602441974
1322 2572.5706853153233 16944.126802471423
1323 3168.9693762930083 15407.650970233877
1324 2837.2024013408495 16371.415938381
1325 2576.287774257795 16973.52525447399
1326 3123.8994468578526 16612.72864720859
1327 3974.404952398986 15718.67644496329
1328 3643.6068442544524 16384.807806905254
1329 2289.8997153392734 16356.779898820685
1330 2830.6709907745017 16248.280438196583
1331 4070.069307725556 15661.898484514642
1332 2844.6071160253514 16368.002036184716
1333 2355.292381570223 15905.202750488337
1334 3726.348591437423 17543.51429479905
1335 4277.809252504639 16033.52442601441
1336 3115.726692666591 16579.43805208625
1337 4635.0178352612065 15679.099089095207
1338 1508.0175644614174 15883.961197153396
1339 2852.4366145420163 15387.83936890134
1340 4216.177190535163 15852.026915698309
1341 1000.0099255199597 16144.3996375698
1342 3689.616390420805 16458.496091751782
1343 3580.959588003963 15115.913312800962
1344 4327.866523118378 16435.851880982522
1345 2585.42934670811 16984.20003728577
1346 4120.158286222053 15633.311107016247
1347 3438.2744553355087 17492.89488978655
1348 1788.5563710778229 17293.78779678769
1349 1536.6990743580525 16474.376333185137
1350 2933.4971452740233 17209.85719393354
1352 1903.957289450846 15396.260901836145
1353 3631.7175570751906 16365.281970254484
1354 3320.209851397122 16939.513500285368
1355 3938.7361289237524 15739.800841019129
1356 4077.068151466336 16934.28819600147
1357 1019.2968890276782 15031.5390468165
1358 3003.7461914424116 15399.315064153543
1359 2855.6366144720914 15387.92937153034
1360 4093.0850547224495 16400.257088002054
1361 1862.4909805505772 16355.252398686702
1362 2502.1227506376063 15379.8791583295
1363 3717.3264117991275 16502.70730882434
1364 1849.589198118854 15408.776915200759
1365 3313.5453042608738 17361.062447459215
1366 2647.962848594523 16358.959322463752
1367 1079.0797961500566 15685.202864552633
1368 4392.730146699474 15451.21077265795
1369 3830.599205545644 16684.583878064743
1370 1297.8219369147162 15737.80520699731
1371 2330.8195528017345 16440.381583290044
1372 3725.329508285698 16117.918611450743
1373 3339.629863842497 16117.502329029354
1374 3977.1513919792924 15818.83078326184
1375 3177.5395412446996 15882.731311079222
1376 3612.5017256577567 17349.10135980744
1378 908.2781832610395 15859.453221981861
1379 3294.7585053377343 15781.169153847279
1380 2371.318938785247 16367.863837109177
1382 3954.1713788291186 15774.527491088957
1383 2179.8923397195217 16784.734311356427
1384 1768.9528896512302 16366.740875402102
1385 4220.3784953273625 15204.16541782801
1386 2509.203081559834 15429.805847792371
1387 3091.0863411559276 16903.291309504184
1388 3169.6943644809817 17283.385627297597
1389 2975.009124059484 15990.921564541932
1390 2114.43007800141 15388.69654665751
1391 2816.13442580529 15568.605069449599
1392 3477.2968245000766 16825.57464905504
1393 4362.7047020622 15731.872968352687
1394 3922.386481222878 16501.478316103705
1395 4366.566095516311 15360.428591007605
1396 1054.1704322822866 16544.683560781785
1397 1337.6436782054093 16498.058079861145
1398 3067.7139898297564 14363.918590620598
1399 1992.8042955101255 15387.244015731412
1400 1292.5998256277348 16137.849772190953
1401 2203.548261580692 17387.056396859592
1402 1972.3601927808106 15383.777293173722
1403 896.492006425523 15730.928375277263
1404 3548.9456384725927 17203.566541379278
1406 4578.571996671678 15372.952405771213
1407 1370.801278204465 15387.842241981507
1408 4364.288964528705 16183.765591042138
1409 3465.9471754579927 14632.138812620138
1410 3167.0563664268034 16628.007091151736
1411 4196.151725746269 16577.592294776117
768 3677.234986855437 16938.217929780658
781 4456.109877661821 16375.900511470525
791 1383.4564191719462 15510.573949796719
837 2838.3026719518957 15171.310979223
858 1807.2767499298805 16880.415193580076
890 1200.366539924122 16679.47347005143
897 2817.3894306919083 15400.505676275949
905 3418.7008880956823 15999.231121603481
928 1017.5617050994308 15676.673495907688
929 2863.9210713706548 15416.461015395136
940 1892.624330606782 15399.291848887999
943 4571.435362736786 17731.906154085304
947 3522.179675390893 15704.001010416076
948 1300.9875020593602 15725.153113073859
964 1480.588576314021 16519.449469176583
970 3372.402517861908 15213.520969740532
973 2757.4078907033554 15399.04753198237
977 2772.4032424874026 15399.412067248359
982 2779.900958920799 15399.594335866908
989 3400.736526085191 15967.354117626934
997 1380.6683773077964 16577.530697211303
998 2842.5653052425455 15400.89273838846
