3053 4212.145012160247 17118.359724643895
3137 2817.38937251508 15400.505674861677
3153 1514.1838876716172 15608.942540746346
3175 3856.8569259344827 16718.32614672711
3192 2787.398485524048 15399.77659987071
3195 2794.8961974242116 15399.958868379057
3206 2779.9007668120275 15399.594331196766
3208 752.8093594294262 16559.056577738043
3236 2802.3939600603535 15400.14113812079
3292 2734.9145844274203 15398.500722310657
3299 2809.89166071158 15400.323406355677
3307 1498.8985646170713 15894.555660933653
3313 1059.1795576398213 15694.263064236611
3337 2757.407625644576 15399.047525538821
3338 2727.4169027664016 15398.318454537419
3342 2675.5927102935943 15397.005576177151
3347 2772.403083490752 15399.412063383168
3351 2956.121912298565 14453.350713703316
3362 2683.0910538203243 15397.204514602538
3364 3777.015538415614 15231.853650591378
3369 2749.90996326452 15398.865258234302
3374 3815.8320542256847 15203.30565005557
3375 1409.8341354621539 15575.587162286527
3383 2764.905325403442 15399.229793752016
3390 2690.589337521194 15397.403451440687
3403 2712.4215518383744 15397.953919292242
3406 1404.694085179586 15548.56068679726
3427 1052.4386518431531 16899.32161918098
3430 2742.412263747556 15398.682990026988
3433 1430.284970477877 15610.714143222176
3436 2155.7299611035996 16691.037639719907
3440 3760.920344974424 17319.46082551825
3444 2623.104562626907 15395.613014018449
3463 2355.488493429984 15899.791222960252
3468 1299.0193970206549 15277.329102128659
3477 2221.9429383896495 16653.41311508923
3487 2773.2597839443943 15808.360802619252
3489 3420.8222216651875 17477.29112317161
3490 2660.59607477196 15396.607700693568
3497 3433.440021158755 15659.717688241077
3498 2645.5994663506176 15396.209825928983
3505 2719.9192263249197 15398.136186891068
3507 2653.0977521222962 15396.408762822071
3508 2878.6753010226066 16355.625807932593
3511 2668.0943702112922 15396.806637843149
3519 3420.2380238326828 15402.792096011368
3521 931.7441471814171 15947.361775819418
3525 2817.549139172051 15394.105675687168
3528 1434.2558317622215 16546.91753525299
3530 2215.2623060734722 15416.76201218744
3531 1420.6856368238464 16173.782795360796
3535 1392.7093336155262 15663.721184917686
3538 2832.4824729649763 15426.879939404955
3549 2822.5363542966647 15433.91245580336
3558 2863.8198136600067 15419.651347292971
3559 1433.012842236851 16505.396942457246
3563 2638.101189909634 15396.010889283447
3564 2855.636615119365 15387.929347194675
3567 2427.8702693033847 15718.572446431044
3568 2849.2366163976067 15387.759299136436
3570 3430.0763869017746 16070.386434022172
3573 2255.451367867971 17339.628166276307
3574 2390.981697777573 15507.579891357032
3575 2849.8349215158896 15365.264728030557
3576 2855.8360498783873 15380.431167368506
3579 2852.6360492547947 15380.341190813806
3580 2852.4366144968994 15387.839370597609
3581 2853.2343552753505 15357.846585785046
3583 2644.395704863274 15654.960715515916
3585 4539.038682040807 17079.879126887798
3586 3223.7674018604425 17390.701560792877
3589 2028.1730224774553 16186.287316317688
3592 2822.8924760599925 15426.419874287727
3594 2826.092405846435 15426.570011990632
3597 2593.11124513152 15394.817261818862
3603 3128.7315001415723 15404.040105341353
3606 3157.921287469836 16214.223111672574
3610 3718.5475490314166 15856.56807195327
3611 1993.3911314494678 15406.087895262559
3612 2869.51841167788 15599.47941593705
3617 1080.3312645074743 15691.548746876786
3619 2849.436051535255 15380.261105074991
3622 2166.7470833793204 17203.346274840045
3625 3628.6016921970436 15207.320613730093
3627 2357.7072636658727 16367.693706469701
3628 2600.609667460205 15395.016202334942
3629 1019.3939290273755 15702.619116276137
3630 2328.503629448278 16594.22133659369
3631 1893.3337978852207 15402.50488634783
3632 2608.107967362676 15395.215139602935
3633 2863.9210782609084 15416.461015608611
3635 2335.1212411123292 16514.87467636468
3636 2849.6354869020374 15372.762902398761
3640 2002.6748637459857 15406.440524719073
3641 2805.8154733044516 15416.35647009261
3642 3575.1629968640486 15890.79941582137
3643 2630.6029115213355 15395.811952586246
3644 2853.034919649665 15365.344798195296
3650 4293.024032225099 16734.74592476287
3652 2225.704108783145 16364.910825908657
3654 2852.8354852566026 15372.842964262412
3655 2837.061634888548 16368.217103126459
3656 2569.880647333907 16945.856766337445
3660 2697.8577980401133 15359.292879237097
3662 3097.124010580365 15401.316953744943
3663 2319.8934188136127 16357.328052163393
3665 2832.126351766189 15434.372509043007
3668 2527.0876503630107 15409.405431038183
3669 1903.2941312305445 16345.798677886169
3674 2615.6062697090547 15395.414076935765
3675 3463.0554238557706 16077.582629703804
3676 1854.543886425757 16867.365885251344
3678 3815.931728028233 16303.679499960655
3681 2872.5007906488713 15399.329788847821
3682 2796.01900247775 16357.631031358726
3683 1826.6878840091601 17365.56646505424
3684 2655.0887512250147 16362.270486509853
3685 1893.5011028069953 15399.304887138516
3686 2810.0494475270502 15393.923407742801
3688 3611.703562713806 15177.083369432312
3691 3092.565110903609 16183.926225207448
3692 4218.061623758107 15865.532960483131
3694 2820.6091999708224 15403.11852422347
3695 2844.6070946988602 16368.00203679258
3696 3147.8467140096072 16631.164188151994
3697 2865.00084621765 15399.285861922977
3700 3125.6825145126118 16233.438165967906
3701 2850.034356221719 15357.76655020429
3702 2844.175536167004 16356.671082265138
3703 2549.359233732701 15416.145504848415
3704 1426.8421703171766 15627.606458257173
3706 2847.936689303061 15410.975026057795
3708 3360.933495437549 15893.993027864874
3710 2334.8552842338177 16241.657281971397
3711 2850.2337908844543 15350.268373998219
3712 2998.2236323929114 16382.672044225419
3714 4111.3339515249045 16959.423951524906
3715 2853.433790283559 15350.348396590172
3716 2850.4332253605126 15342.770204810691
3717 2796.068930618676 16360.831031952024
3718 2779.4796250315685 15402.149233057478
3719 3291.6228638442067 15175.57643999642
3720 2064.955948774043 15400.319237963824
3721 3710.0951533742987 15730.267918011905
3722 3405.223803200458 16093.069198246203
3723 2152.985706072507 15385.698688981682
3724 1452.908576269296 16534.902749489407
3725 2215.361010648303 15410.36201196276
3726 1536.5122529540272 16474.486463420122
3727 3611.4923014547308 15973.76915522578
3728 3401.336468731142 15975.160172399468
3729 3720.582954357373 15349.873417253846
3731 4061.641006898149 16922.59366031993
3732 2572.57065284678 16944.126751708118
3733 2349.6200206603767 16367.592625022191
3734 3459.2217578223563 16071.10742094428
3735 2853.6332249638067 15342.85021972569
3737 2816.1863779301557 14579.73992168428
3740 1437.1983996097233 15645.153419946042
3741 2196.701626074832 17186.503394540094
3742 2852.15255305596 16367.786970500121
3743 3746.347918847496 16196.746886312825
3744 3128.926029191362 16967.489530693438
3745 2894.675765032405 17236.129095909888
3746 2585.6127404492336 15394.61831911786
3747 2584.9564893313304 16983.440711885316
3748 2325.135551232724 16385.437277706984
3749 1633.6155699091362 16421.488560210702
3750 3138.3660440395324 16224.632077980685
3751 2315.5527448120656 16588.570967049487
3752 3801.2390275277194 15233.887774422867
3753 1842.227327982941 15755.175182709843
3754 3647.1938473233745 15898.690419792429
3755 3610.403538650447 15959.189813319614
3756 3467.051560984192 16084.332258365423
3758 2788.509964260911 16357.707711577428
3759 3581.681496897616 16632.71604865902
3760 2802.332655679725 15393.735863527158
3761 2306.200193444771 16357.077800064155
3762 2156.657181454072 16681.343599484513
3763 2578.1123296179317 15394.41932584485
3764 2837.2055437150807 16371.415848753144
3765 2788.567849723576 16360.90762048475
3766 2871.9132900069094 15419.905103152032
3767 3143.890191881223 16624.792598302338
3769 3274.937641474789 16576.171509938216
3770 1389.2079699527742 15651.371050150241
3771 3772.3313553919447 16590.834946889132
3773 917.6991931592706 15527.16421145963
3774 4028.8303719849296 15571.195423144336
3776 2859.9521611664654 15415.463964023955
3777 3136.4688551810864 16235.551655712527
3778 2811.559275370286 15821.079966906364
3779 2623.073763732029 17062.813635585997
3781 2726.765629171068 14866.610806691904
3782 1837.3285615280465 15379.871599713893
3783 2831.4141160780746 15449.357507156239
3784 3466.039192524148 14632.277268751244
3786 2570.6001913540385 15394.220021431525
3787 2854.032095219602 15327.85383233601
3788 4368.670929805375 15986.450290535198
3789 3745.8990038539055 15396.749711077398
3790 2167.9982123446835 15386.009274559983
3791 2160.491934937091 15385.853981268692
3792 2577.358912124602 16989.39938884962
3793 1136.145145864909 16715.784286852057
3794 1023.218390863013 15690.202283075665
3795 2853.8326598978483 15335.352033319276
3796 2302.4893068264264 16366.534054346914
3798 3022.1274064760637 14399.193138528499
3799 2581.2133971239296 16978.149912944933
3800 2831.7702336865586 15441.86501305594
3802 2065.71285077721 16352.58867941476
3803 1997.1204260778686 17645.032754614735
3804 1440.2690633299173 15644.205016569667
3805 3262.084948477273 15726.346954907676
3806 2880.000717276176 15399.373715668387
3807 3113.818229858756 16237.887985171985
3808 3440.8028036660535 16034.557115633974
3809 1463.073775086849 16665.287158876406
3810 2812.2309306064167 16424.142526930726
3811 3549.1058848873463 16007.122103609745
3812 3701.9011321200633 16478.09634303023
3813 3883.08138024665 16760.441332572118
3814 3135.384478610396 16631.718937749683
3815 2345.522613445688 16354.967816486325
3816 4080.8641642779744 15644.462641876675
3817 4518.328745412542 15407.027245193083
3818 2850.8325527893207 15327.75662901574
3819 3471.9326935614454 16092.576678235373
3820 1900.855407805033 15402.61643201171
3821 2079.591456063374 15384.702198506364
3822 3451.8564161881695 16052.224355775597
3823 3411.0998398902298 16500.622047626955
3824 2345.877830318925 15988.432477893093
3825 3818.6633694392353 15799.276805947122
3826 1529.6807961338461 16874.37173744788
3827 4462.336541203286 16363.058221923442
3828 3023.2983026557895 16422.032908387086
3829 4249.172812502998 15934.540942985248
3830 2850.6326609598595 15335.271993390686
3831 2277.8204707840973 16606.90900797589
3832 4023.361550015341 15689.620107797029
3833 1849.869783009778 17348.68939380987
3834 4007.972705526664 16893.59616975023
3835 3999.7340426250116 15490.422013176016
3837 932.7002656160048 15551.599543377944
3838 2817.469261441156 15397.30567649336
3839 3905.277584793301 16804.266743559918
3840 4132.629275606417 17169.868021349383
3841 3122.6566228470574 16226.234225745087
3843 3752.3991250426907 16541.76127339884
3844 1064.905853119215 16351.204473433198
3845 1836.891229374144 15386.267023156079
3846 3212.3891359824406 16623.716974627325
3847 3664.372595319724 16152.315954142205
3848 1138.258543708112 17078.77348624829
3849 2426.648029809221 16739.815073775477
3850 1455.3983230503884 15674.354754319034
3851 2900.3676250990834 15399.493003969446
3852 4300.370200104423 16740.786552908405
3853 2318.5629162713135 16582.281609571073
3854 2827.7768495623573 15525.883343736563
3855 5056.054031066164 16149.712890933819
3856 1182.3253681139781 16957.76359019059
3857 2403.7527593896507 15182.454270241735
3858 3619.4189884882935 16398.613391724713
3859 4588.458605697069 17201.477667900355
3860 3250.617815558743 15342.0626106308
3861 2841.033272444233 15608.620085014372
3862 3296.2464649052395 16890.075064788824
3863 2633.0471595979 16147.111203238519
3864 1813.3552172268712 16623.888757644887
3865 3233.704242395394 15341.980733604376
3866 3118.634436291909 15821.50385463091
3868 3534.6082593337455 16222.39862164528
3869 1266.684073053331 15110.663140883367
3870 1173.016236408528 15673.781818009575
3871 4584.62428948893 15868.928155303614
3872 4045.39539554805 16166.152102035578
3873 3258.9760710165306 15396.696658975234
3874 2856.945285252121 15168.25560280438
3875 3323.2923627699543 15218.493774219563
3876 2368.0635147046414 15181.644544318535
3877 3578.2818139074852 15111.330045198947
3878 3611.1910578812676 15321.1036388414
3879 3566.1385936538145 15870.04345718949
3880 4250.838626993894 17124.603250664193
3881 3165.1022995561884 17068.620329436275
3882 1709.7692292400295 16842.02678726287
3883 1743.0357333299864 16582.063398071106
3884 4497.765285843783 15184.762178607805
3885 3830.0804990957727 15553.158658732782
3886 3763.9298567078436 15838.604039752721
3887 3569.3631446848353 16004.822406440198
3888 2888.2376145334656 16581.77657300657
3889 1261.4070868555048 15288.675075606961
3890 3472.5204452773974 17475.066028314966
3891 3569.640138741062 17002.5175106894
3892 4552.294876271218 15760.375718067628
3893 2842.827495502859 16849.64037163094
3894 3556.064262338579 16228.620204197141
3895 3566.746241107057 14784.03831231116
3896 2932.8029544842448 16995.83980070024
3897 4368.939979974756 16189.038229525871
