3137 2817.38937251508 15400.505674861677
3192 2787.398602446239 15399.776602713075
3195 2794.896297675199 15399.958870816146
3206 2779.900893345821 15399.594334272788
3236 2802.3939600603535 15400.14113812079
3292 2734.914706330936 15398.500725274118
3299 2809.89166071158 15400.323406355677
3337 2757.4078677065336 15399.047531423319
3338 2727.417016992796 15398.31845731425
3342 2675.5927102935943 15397.005576177151
3347 2772.403222714884 15399.41206676769
3362 2683.0910538203243 15397.204514602538
3369 2749.9101020565577 15398.86526160832
3374 3391.764606197644 14518.944275250615
3383 2764.905532373977 15399.229798783446
3390 2690.589337521194 15397.403451440687
3403 2712.4215518383744 15397.953919292242
3430 2742.412412582948 15398.68299364516
3444 2623.104562626907 15395.613014018449
3463 2569.8806021988967 16945.856695772556
3477 1131.932811848752 17072.485488285078
3490 2660.59607477196 15396.607700693568
3498 2645.5994663506176 15396.209825928983
3505 2719.9192263249197 15398.136186891068
3507 2653.0977521222962 15396.408762822071
3511 2668.0943702112922 15396.806637843149
3525 2817.549139172051 15394.105675687168
3528 821.7034067839913 16657.78214527203
3530 1445.2560675744537 15627.550453545016
3538 3008.0337312004613 15399.34707983274
3549 2588.855103142887 15416.744031348795
3558 2863.8198136600067 15419.651347292971
3563 2638.101189909634 15396.010889283447
3564 3931.0923676601965 15144.976903878613
3567 1592.4217723634756 16453.81239901736
3568 2478.6972977496926 15638.601041731732
3575 2503.1219526142318 15542.22673029579
3576 3665.6711956571653 15273.650896844538
3580 2876.708496113468 16355.68539821378
3581 2830.660086941848 16347.488959594597
3592 2838.2891721666856 15172.215464832067
3594 2837.7087157009223 15208.284457948346
3597 2593.111388534095 15394.817265623475
3606 3806.977374429394 15510.562144271802
3610 4385.082317662437 15437.443227830467
3611 911.7923717532858 15905.407904322425
3619 2492.7827082921854 15599.205949072542
3622 1402.9144498330895 16722.84934021538
3625 3560.2861437126744 15084.886448464611
3627 1456.7564738980593 16533.44542147469
3628 2600.609667460205 15395.016202334942
3629 1326.2576859750498 16206.389141358646
3632 2608.107967362676 15395.215139602935
3633 2863.9210782609084 15416.461015608611
3636 2283.106632450451 15413.698194818817
3640 939.6022154459419 15712.866855380544
3641 2336.1911434600884 16440.059797559203
3643 2630.6029115213355 15395.811952586246
3644 3303.5918782700273 15796.027781698729
3652 1012.814851038405 16762.743051140165
3654 3355.342737920231 15883.938524645613
3655 2832.9544528365727 15416.313894195744
3656 3366.0190768629036 17379.472948051913
3663 3142.6718049315464 16616.758209543317
3665 2972.537825438131 15399.082026772985
3668 2698.074844993367 15339.732230336893
3669 2568.528167890685 16937.806483743712
3674 2615.6062697090547 15395.414076935765
3675 3452.9722358775093 16060.445880870255
3681 2872.5006904782567 15399.329788261124
3682 3772.908438259553 15824.17835295732
3684 3150.586698348133 16629.504164296697
3685 936.652384940448 15957.699552430722
3686 2810.0494475270502 15393.923407742801
3694 4453.763543347612 14877.292764014139
3695 2833.640389889044 15391.588783473122
3697 2865.00084621765 15399.285861922977
3701 3334.692341624317 15505.735510773668
3702 3168.632459600569 15578.586407504896
3703 2336.8413511831895 16394.59283311697
3706 1862.3953941542843 15717.673716597408
3711 3183.45835281858 15596.838384715014
3712 3893.022585387193 16767.917111376173
3714 4249.217227351167 15983.63062532835
3715 3208.57307154802 15638.202424914725
3716 2507.1923304497896 15508.320651761836
3717 3810.4079057213476 16273.453990613514
3720 995.4868036718898 15690.92982652469
3722 2901.7660765967994 15987.537053069724
3723 2548.1214744296276 15393.623638972691
3724 998.5022201556869 16155.703544584063
3726 2686.533611836167 16361.949424016375
3728 3045.2183890001934 15399.835653011665
3729 2107.7922022561147 15404.123641010452
3732 2993.120986286056 17166.81747501171
3733 1102.5667631842707 16734.769525647305
3734 3469.9638077375494 16049.416413648069
3735 2942.0868361555877 15986.786303232344
3740 1819.5546488322216 15382.749489419868
3742 2837.0616005630973 16368.217104104828
3746 2585.613082000451 15394.61832817955
3747 2811.372293005793 15826.483799639836
3749 2788.5183309738622 16357.707626138874
3751 3371.8216920200375 16522.537719937445
3752 2871.4224275783754 15416.693423926292
3753 3006.8367013601455 15406.465334370796
3755 3642.08032795937 14904.916053084433
3756 3461.40897078587 16074.801707409728
3758 3647.933991505787 15894.578070348076
3760 2802.549723138548 15393.741139002654
3761 2391.4441592008907 15488.165491411146
3762 2572.5706866020305 16944.126804483138
3763 2578.1147749652305 15394.41939072232
3764 1673.4275813589547 16416.39777807136
3765 3147.8466730079153 16631.1641221228
3766 2871.3116818807935 15419.886240851049
3767 3310.306690339572 17281.95071854429
3770 1923.3789268663952 16346.648860800462
3771 3485.9729349393774 16116.291183662765
3773 1829.7396106292417 15382.935094026332
3774 2796.6082385055834 15414.163151326453
3776 1949.546265770223 15567.080511442995
3778 2836.2586105743076 15127.290935533509
3779 1431.4414333770846 17676.757423963285
3781 2509.074006843545 15434.845892776691
3782 2197.7660543612815 15323.876759524519
3783 2882.6371918532936 15399.39108260045
3786 2570.616485278867 15394.220453725371
3787 3161.3153419113805 15572.077303015427
3788 3832.7449922430824 15557.855703711637
3789 2878.923774643594 15416.925832174193
3790 2563.118111511508 15394.02151449767
3791 2555.6197570715017 15393.822575782744
3792 1985.8771026097993 16358.183306158382
3794 2457.4661100797707 15395.694914258846
3795 2830.665528920717 16297.97511485627
3798 2850.1703020959085 15084.279534343314
3799 3385.3689845588683 17520.842627656955
3800 2855.152358153087 15448.918995389951
3802 2796.0189538312434 16357.63103185549
3804 1837.0690346350411 15379.866878349998
3806 2880.000613509977 15399.373715060632
3808 3640.344856783292 16373.30981027156
3809 2052.4638879186655 17042.112309061948
3810 2834.9209664874425 15402.536322307293
3811 4588.161766621265 15345.468285231038
3812 3482.1513112835933 16109.836314940281
3813 3489.7945708802076 16122.746073135162
3814 2844.607047156788 16368.002038147659
3815 3146.6292783673816 16623.1312299614
3817 3331.9869294169234 16131.896277824573
3818 2508.166277903516 15470.290438562457
3819 3468.3840709510323 16086.582918734437
3820 1675.7872417477793 15767.379534727335
3821 2540.6231720085807 15393.42470163788
3824 1839.849717082615 16975.475909019977
3826 1321.7838187544794 15543.06322043443
3827 3713.5826897413067 15736.862493584385
3828 4059.2776100518704 16921.359050027095
3829 3176.9152190093723 16643.574591185836
3830 2174.747981310028 15409.33541667452
3831 2347.6562045136097 15648.345031392324
3832 3401.3933770612507 16298.375010014208
3833 3312.182830570274 16555.756694546093
3834 3493.6162046877453 16129.200959004347
3835 3675.2704579006777 16429.57147107033
3837 1837.239090327248 15383.07176002526
3838 2817.469261441156 15397.30567649336
3839 3137.103838625635 16634.561868177534
3840 4002.423771117676 17214.68338743914
3841 3650.7384337097164 16390.338702731584
3843 3170.130934838031 16647.372303003245
3844 1824.4975054328625 16335.48141211371
3845 3731.225347719398 15256.479122028784
3846 2336.8482086524377 16170.307260395624
3847 3478.329677170012 16103.381428554176
3848 1924.2554602117266 16814.235802474992
3849 2821.6542151487956 15667.41186280278
3850 1437.5432385627857 16032.89124417882
3851 2887.5004623136992 15399.417641425389
3853 3107.9892458291993 16208.7195466331
3854 2848.253006172097 15404.597577151208
3855 4031.5269019686298 15923.64616228333
3856 1822.1783723331894 17327.69597552475
3857 2809.9702029318755 15397.123407710149
3858 2595.2742068744083 16968.612207354498
3859 3721.2490827236707 16508.96591300878
3860 2895.0003116732123 15399.4615677934
3861 2346.235165861936 16367.516017036296
3862 3497.437840058955 16135.655847514634
3863 2646.269113917052 15423.331082681285
3864 1456.6707058073084 15901.630611234297
3865 4069.82311384047 15616.113617895615
3866 2886.4251953754774 15417.158242704449
3868 3474.204955093191 16096.414614989917
3869 1672.9299660499912 16289.566724547209
3870 2224.409156979814 15385.419819133229
3871 3847.8571040455276 15584.495768045537
3872 2900.319094674276 16369.819664457931
3873 4271.620674119656 15976.208201211144
3874 3090.411000546264 15591.811600801488
3876 2802.471191025948 15396.941140059658
3877 3643.778105249062 15227.914230930865
3879 4399.105522279561 15307.351709580498
3880 4356.416698134151 17078.98715478534
3881 3749.6924703276504 16737.568198096727
3882 2457.9804569140756 16764.96943825997
3883 1427.5081211922516 16479.19812906566
3884 4096.966095623862 15646.340395862015
3885 2878.803534458694 15420.121133918672
3886 3172.52472863705 15584.997460051542
3887 3143.8901585854833 16624.792544682823
3888 2888.899991672999 16924.314202531557
3889 1047.5694157190392 15678.667728003127
3890 3899.5910208624678 16781.46265572706
3891 3601.286791784021 16987.335319887785
3892 4114.173641232562 16125.180190378664
3896 2580.049060263298 16987.65963738819
3897 4212.567785404965 16597.867955082667
3898 3330.0983218513397 15427.927802285581
3899 3814.387735412858 15226.710775754955
3900 2197.984829117832 15385.548503385147
3902 1458.503844124291 17065.586396256906
3903 3227.5475230588872 16791.18259243368
3904 2577.359689564521 16989.40063735342
3905 3051.2682542215225 16475.192782073624
3906 1424.7205674452523 16540.673010443163
3907 2533.1236708361685 15393.225732499015
3908 2734.758556245412 16361.457031281954
3909 3139.902447951342 16618.370728811355
3910 2796.068973945698 16360.831031509642
3911 3341.9789383659786 15867.3075226542
3913 2506.279047567448 16852.35707338059
3914 1842.1111715474467 15761.680962013615
3915 3116.61057581157 15420.646833034083
3916 3818.9083630039686 15195.652051165549
3917 3564.9164932211424 15874.163791165267
3918 4426.635873052195 15962.802933834446
3919 3600.592696342009 16305.302058385087
3920 2257.3147957225124 15385.930204696382
3921 1887.4731126287056 16832.07336324429
3922 960.0348977692411 15590.136783606267
3923 3134.0834890222372 15404.520381901717
3925 3784.1066184730744 15228.03982701864
3926 4285.988794079216 16019.498863863402
3927 2646.2033615127734 15430.83199367563
3928 3958.935990884782 16193.140415837683
3929 1371.8237212253557 17651.07811257151
3930 3679.8744927148964 15303.742208239284
3931 3007.9089573086617 15599.269273089929
3933 1840.94461720929 16922.22983047902
3934 3655.366841861169 15248.650526501879
3935 3824.7506767535074 15225.426634322832
3936 4542.37228533933 15892.346235125644
3937 1432.6041078869087 15611.067109059106
3938 3252.5790403786013 17295.18551984302
3939 2784.7587180275914 16360.946512987262
3940 3247.6173739589785 15364.9479618695
3941 3698.267620981032 15002.214838680242
3942 2408.4245820097067 17060.026630382476
3943 3499.10754887484 17169.814997096804
3944 3050.6043345065227 16485.998707233608
3945 3925.0713471605277 15721.232816361646
3946 2643.337951612154 16351.220150328045
3947 3208.343780891156 16197.446623150887
3948 1732.8339686077413 16929.436590592755
3949 3695.0101046067243 15302.521620956357
3950 991.2026091626723 15937.585623322682
3952 3897.708014970783 17237.05079954259
3953 2130.8010363916587 15411.78957949509
3954 1836.6836524304802 16704.927894102184
3955 2176.226622789937 17193.0917383529
3956 2337.4419450370333 16127.085722841493
3957 3798.1113864756053 15806.81995794127
3958 1849.4406932353104 16407.175964425467
3959 2193.909662163435 15422.717336216163
3960 2797.668741728444 14601.211211864806
3961 1353.677935417507 16032.03832346822
3962 2965.627944966718 15892.16254765714
3963 4661.684916737094 17286.604016669255
3964 982.0531762107632 15329.736659989878
3965 2845.5248432213098 16860.102972140015
3966 3163.805911829172 16675.435046291903
3967 951.7987420408992 15282.626430117456
3968 4314.493967983252 15641.68881652146
3969 3362.5361334718064 15409.444588338587
3970 1137.6321333697592 18030.683760926102
3971 1293.7218357734314 15683.423633710152
3972 2822.1320434525346 15442.418905757437
3973 2857.732801123525 15215.55810246281
3974 4714.753052166205 15564.469946382986
3975 3344.2826746752858 16953.729484825082
3976 3584.9730751220327 15129.11975499059
3977 2237.4524640381983 15180.224092297707
3978 1039.0233429078462 16379.01757692938
3979 2725.470432326442 14864.709406904583
3980 1546.260872575038 15061.19902584953
3981 3015.495681760394 15323.155058799535
3982 3829.1812047731382 15203.785513975145
3983 2642.743471424051 15607.314412920818
3984 2689.496982543896 14806.214865811267
3985 3357.947274164334 15682.123902926163
3986 2195.8717879166334 15537.289147751857
3987 944.6782351396453 17048.281812827765
3988 3350.6444295078277 16527.022967104138
3989 3658.1447626966406 15290.36758504979
3990 3955.8885981990443 15435.761949113217
3991 2041.7135621055297 15603.965945869766
3992 857.8296351239017 15746.366474773085
3994 4625.954214911768 15695.963369669727
