3053 4539.289430886895 17229.282265964466
3137 2817.38937251508 15400.505674861677
3192 2787.398485524048 15399.77659987071
3195 2794.8961974242116 15399.958868379057
3206 2779.9007668120275 15399.594331196766
3236 2802.3939600603535 15400.14113812079
3292 2734.9145844274203 15398.500722310657
3299 2809.89166071158 15400.323406355677
3337 2757.407625644576 15399.047525538821
3338 2727.4169027664016 15398.318454537419
3342 2675.5927102935943 15397.005576177151
3347 2772.403083490752 15399.412063383168
3362 2683.0910538203243 15397.204514602538
3369 2749.90996326452 15398.865258234302
3374 3562.3255828958563 14783.186564449506
3383 2764.905325403442 15399.229793752016
3390 2690.589337521194 15397.403451440687
3403 2712.4215518383744 15397.953919292242
3406 1048.0679815908861 15404.3847547307
3430 2742.412263747556 15398.682990026988
3436 1778.1435463645241 16804.030265519315
3444 2623.104562626907 15395.613014018449
3463 2569.8366070339507 16945.78791294009
3468 960.7361287134588 15304.619627262313
3477 1524.7429094517995 17038.940082531364
3490 2660.59607477196 15396.607700693568
3498 2645.5994663506176 15396.209825928983
3505 2719.9192263249197 15398.136186891068
3507 2653.0977521222962 15396.408762822071
3508 3262.203626093428 16795.544773605317
3511 2668.0943702112922 15396.806637843149
3525 2817.549139172051 15394.105675687168
3528 1048.5084450755503 16601.039029276286
3530 1881.8289545991238 15402.1728349824
3538 2832.4824729649763 15426.879939404955
3549 2822.5363542966647 15433.91245580336
3558 2863.8198136600067 15419.651347292971
3559 1321.3412847282186 16049.347706854107
3563 2638.101189909634 15396.010889283447
3564 3329.963246175538 15407.596029799739
3567 2091.4466220146332 16362.072641256862
3568 2526.9011957854013 15415.805172275446
3570 3907.322881174509 15689.745346161082
3575 2545.5435569044153 15416.08768149289
3576 3251.849725647698 15407.000074241585
3579 2833.1105696740187 15935.192484373913
3580 2829.5188758824356 15965.855177896734
3581 2832.048324994841 15764.161821769794
3592 2822.8924760599925 15426.419874287727
3594 2826.092405846435 15426.570011990632
3597 2593.111388534095 15394.817265623475
3603 3302.8935855159502 15193.361807682953
3606 3771.9287103503702 15821.068943381835
3610 4460.703042377509 15427.515128854291
3611 1153.4657885321346 15692.791168826714
3617 944.9155807995397 16160.780772657243
3619 2534.4036653836206 15415.918865857582
3622 1598.5009929846278 17008.25892721442
3625 3584.777952598735 15128.785867540582
3627 1689.4645593681782 16409.78284763721
3628 2600.609667460205 15395.016202334942
3629 1041.077191247459 16362.958249088277
3632 2608.107967362676 15395.215139602935
3633 2863.9210782609084 15416.461015608611
3635 2835.466718005639 17269.43825475863
3636 2527.5718349489475 15412.614129216929
3640 1205.547670109184 15689.698372249833
3641 2359.794592134879 15831.029399553498
3643 2630.6029115213355 15395.811952586246
3644 2927.569726653214 15599.295842028112
3652 1451.1647070186855 16536.80885472041
3654 2996.0982147596665 15599.086418525483
3655 2823.8255247978054 15613.657277978655
3656 2920.2485409789524 17479.439070449764
3663 3042.2376772116104 16453.799512276903
3665 2832.126351766189 15434.372509043007
3668 2259.8931730647405 15385.970196826063
3669 2335.607193742328 16480.893549774286
3674 2615.6062697090547 15395.414076935765
3675 3463.043103523261 16077.561820190327
3681 2872.5006904782567 15399.329788261124
3682 3486.2606000243895 16040.706635017707
3684 3145.068539799031 16620.617853959095
3685 1095.8956073619627 15691.196063413796
3686 2810.0494475270502 15393.923407742801
3691 3155.8478576575094 15890.877313877907
3694 3900.952180714842 15161.498546076862
3695 2810.2837348683647 15857.943376650102
3697 2865.00084621765 15399.285861922977
3700 3141.379841556973 16131.217961718561
3701 2863.8283787516907 15599.497409355232
3702 3325.5728051428478 15839.500517191267
3703 2355.3781299812285 15846.38705680597
3704 1428.610117862369 16408.513736438388
3706 1994.266037075897 15409.325080047318
3711 2845.7601479726864 15583.395807647288
3712 3640.025802513892 16381.385704621223
3714 3769.5966819108307 16303.294428928883
3715 2846.089249252763 15597.978698599913
3716 2655.770861955682 15417.727933920287
3717 3206.14626935289 16606.580934803053
3718 3343.480933890194 15281.208508241249
3719 3166.7986864995883 15230.776630402348
3720 1081.1742732542457 15685.100044767518
3722 2870.4013469211945 15991.321082316525
3723 2548.1214744296276 15393.623638972691
3724 1174.3951720973027 16294.195180531337
3725 2146.7807139459005 15190.879487760525
3726 2278.0455557719497 16356.563256777885
3728 3091.107141929483 15443.277912021656
3729 2850.9919189733173 15415.279959050345
3731 3680.3631804449174 17371.847070195647
3732 2810.4492748428247 17283.77918331526
3733 1603.7812519826361 16447.163243086667
3734 3459.2214813978876 16071.106954052766
3735 2839.9625032988465 15637.43105733432
3740 1434.343765296639 15633.28059085582
3742 2837.0616005630973 16368.217104104828
3746 2585.613082000451 15394.61832817955
3747 2821.6320408691968 16711.695524786
3748 2272.4571683422937 15543.464221822556
3749 2359.168792456334 16356.539972787623
3750 3514.5128743409955 15792.331420415088
3751 2782.6228853491684 16838.97086500387
3752 2871.5196522117553 15416.696436159495
3753 2273.927752133942 15393.67379273444
3754 3696.9450606032437 15610.693247042096
3755 3982.9865098473038 15481.928849369306
3756 3466.864735624156 16084.016703176927
3758 3388.0662073877966 16092.214403584072
3760 2802.549723138548 15393.741139002654
3761 2205.2165601222528 15583.688932945524
3762 2572.5706866020305 16944.126804483138
3763 2578.1147749652305 15394.41939072232
3764 2150.371229690308 16363.31829929161
3765 3147.8411135329 16631.15516913494
3766 2871.3116818807935 15419.886240851049
3767 3435.415654333155 17053.73112484108
3770 1452.8780429069704 16284.262426861776
3771 3486.0812747435207 16116.474173741368
3773 1486.7399651238427 15556.666332506858
3774 3421.6013197059096 15428.746859071407
3776 1896.0695251172986 15402.54545725134
3778 2829.2924095462317 15426.72986741281
3779 2054.1553285680916 17271.333221999004
3781 2826.781275051027 15414.597870925745
3782 2167.979864576474 15382.809276316315
3783 2831.4141160780746 15449.357507156239
3784 3118.452216569257 14333.005973032657
3786 2570.616485278867 15394.220453725371
3787 2851.078951697179 15507.241659033278
3788 3955.5875950540994 15777.258817569416
3789 2918.5305941731235 15418.874493263937
3790 2563.118111511508 15394.02151449767
3791 2555.6197570715017 15393.822575782744
3792 2323.6764881964796 16497.205961437605
3793 1309.60358159124 16510.183656180623
3794 1858.3560524493098 15385.659591688503
3795 2839.6675708513685 15578.830512977282
3798 2669.620229677547 14722.89713862113
3799 3280.71807119533 17366.684242526266
3800 2831.7702336865586 15441.86501305594
3802 2728.4011163405044 16358.321526485732
3804 1437.6669727163212 15632.12449110622
3806 2880.000613509977 15399.373715060632
3807 3540.301491287462 15834.200312172954
3808 3588.097845916461 16283.784834169246
3809 1843.3600742659125 16983.508634084945
3810 2829.077152666116 15498.52577112176
3811 4132.890505851259 15618.041113817477
3812 3482.1513112835933 16109.836314940281
3813 3490.103633480089 16123.268091703434
3814 2844.607047156788 16368.002038147659
3815 3086.6327313584925 16526.514227901473
3817 3651.405465975138 15903.122809993129
3818 2781.4130106672646 15416.059007333135
3819 3470.6863977271964 16090.4716368383
3820 1840.886947486315 15946.944826457073
3821 2540.6231720085807 15393.42470163788
3822 3611.744577223239 15918.959901688475
3823 4363.711524459753 15970.93038727685
3824 1979.849974179828 16798.08966062791
3825 3758.040393168767 15090.984032008877
3826 1483.513424923827 15793.983443313688
3827 4048.7028312470607 15674.579748631058
3828 3659.9425954220496 16405.11320701266
3829 3722.600741634893 16342.860866359775
3830 2746.970069668723 15412.438664889147
3831 2336.2187209867247 15838.686067143837
3832 3461.0033740996905 16065.396264440707
3833 2690.7904119037185 16889.55546683962
3834 3512.6158667738 16161.292115953154
3835 4046.809747857769 16161.742589126397
3837 1518.0427043308493 15518.503807599347
3838 2817.469261441156 15397.30567649336
3839 3385.996544116611 16525.812047173287
3840 4052.5762962253552 17197.421415436867
3841 3632.508826364968 16360.264423072682
3843 3607.5624576573596 16408.752890646585
3844 1427.0002157423564 16250.768105531963
3845 2929.6412363279373 15405.688056969848
3846 2607.067891422486 16372.367073588288
3847 3478.329677170012 16103.381428554176
3848 1734.8294967860102 16913.783009104794
3849 2809.5084864153405 16283.569796199288
3850 1441.2521131914323 15646.596160024394
3851 2887.5004623136992 15399.417641425389
3852 4119.792185462868 17110.52445541554
3853 2790.399980430533 16357.688411255729
3854 2831.057994465232 15456.85008550577
3855 4325.976175672591 16009.209910187958
3856 1478.8854181689333 17054.882765477818
3857 2588.0994047277504 15391.48190497733
3858 2820.8828328801583 16841.658816374278
3859 4111.708783851861 16959.79878385186
3860 2895.0817748870445 15399.462044920732
3861 2801.0693364475023 16369.859427084833
3862 3625.7986055448027 16355.089018529216
3863 2646.2082843352387 15430.270407319105
3864 1434.0880066093443 16517.692727014295
3865 3808.4585445859943 15214.942534490783
3866 3068.6490857251943 15425.832903754204
3868 3474.5080383556433 16096.926534228262
3869 1437.77380252877 16028.275291265234
3870 1849.8245465870611 15382.353373751197
3871 3993.866051707406 15851.050313615871
3872 3194.9389744208665 16633.48523950309
3873 3946.463181016946 15377.001053204694
3874 2853.214165726086 15476.669858511419
3876 2556.453160965616 15390.642299018895
3877 3618.9097036956496 15183.415794494684
3878 4259.810329866681 15959.383891347801
3879 4210.980119339652 15571.039664270425
3880 4319.001209742438 17097.240744500465
3881 3522.876679672852 16855.48518453617
3882 2165.7734998072456 16676.059245662833
3883 1591.7944373042587 16984.14950475331
3884 4557.80173731112 15384.700497676433
3885 3083.781253364837 15422.881504869116
3886 3379.0027580830756 15934.001161443099
3887 3135.6657575216645 16611.547955460937
3888 3125.411205695887 16670.11764932136
3889 912.8168766618983 15462.816862402768
3890 4177.636300410515 17072.16761149089
3891 3861.2367290315083 16831.987251088885
3892 4224.67143134155 15847.698522244582
3895 3779.145112028926 15127.92674090371
3896 2773.8152290652088 17281.31311873806
3897 4033.277854049304 16293.042262976285
3898 3925.908666620936 15169.445527435246
3899 3746.8936900088747 15074.395362604982
3900 1624.4463300908567 15409.433669909144
3901 3587.591681923683 15350.225531196902
3902 1158.8513514557217 17122.72668658168
3903 3499.762543834593 17170.789625634003
3904 2826.713225467598 17368.6852942428
3905 3325.56948300557 16135.29853531634
3906 1054.5863502246843 16749.875772419146
3907 2194.285476240992 15418.129466396014
3908 2319.3415223101224 16357.317965916009
3909 3124.6498568688594 16232.234878289226
3910 2420.2295433850877 16360.76146849197
3911 3623.7912832323577 15969.487775132846
3913 2205.7614858200673 16652.701669909504
3914 1536.0797502594812 15876.83182649197
3915 3787.3197666722845 15241.485366330027
3916 3651.3810801028867 14920.603536500417
3917 3707.6226722821552 16127.803667231465
3918 4615.158304063623 16083.626014342228
3919 3288.1087667059915 16144.926245594857
3920 1937.2213584908732 15380.050447112668
3921 1610.3497420853669 16979.191374610687
3922 1179.0779629965766 15435.034269121674
3923 3309.3070698002816 15304.797747318536
3925 3272.7802572440846 15403.959580543336
3926 4336.931369883425 15823.608087613098
3927 2645.9175113277556 15463.441246813394
3928 3344.3489450744228 16530.535601516898
3929 904.2321498148502 17311.343242177445
3930 4080.394276834966 15157.857694619926
3931 2965.8179404733482 15660.913535004061
3933 1752.69515450595 16818.172276953697
3934 3629.9721961706678 15203.210639775207
3935 4009.5298994153513 15543.383371185926
3936 4805.677006553329 15736.31741369753
3937 994.2349732160077 15617.115971724148
3938 3079.411731603973 17125.70125637316
3939 2331.419868448721 16394.397862987087
3940 3090.2935557071096 15370.533839724843
3941 3709.7583206976747 15264.40412677983
3942 2324.8275930348887 16923.462917351404
3943 3202.154135800862 17319.55314018831
3944 3107.0461732779295 16201.149060898171
3945 4096.9989280000245 16045.948696325999
3946 2639.482647956547 15860.490891003445
3947 3595.9944249558207 15982.054610672174
3948 1630.8353185129167 16972.041843089508
3949 3760.9370551962948 15573.76179747008
3950 1302.9384330139962 15790.112675144619
3952 4172.131132635591 17080.366198296833
3953 2284.7256267815014 15416.901463823251
3954 1950.812783402003 16684.5387336214
3955 2557.353713644222 16993.088665751246
3956 2356.9919878046617 15858.303669852536
