3053 4021.4959953532702 16899.43894769646
3058 3689.6889195696435 15870.3152088695
3107 4464.732682877877 15126.320935834585
3137 2817.38937251508 15400.505674861677
3153 1601.616844825046 15452.214248045055
3156 3101.0368307076988 16885.380251747392
3175 3658.3719077964274 16402.60690238257
3192 2787.398485524048 15399.77659987071
3195 2794.8961974242116 15399.958868379057
3206 2779.9007668120275 15399.594331196766
3208 863.032779360102 16626.768457487437
3236 2802.3939600603535 15400.14113812079
3252 2094.9078290258035 15384.691587925858
3292 2734.9145844274203 15398.500722310657
3297 3487.4661908332964 14658.738297066458
3299 2809.89166071158 15400.323406355677
3307 1555.5640741201887 15503.396651218309
3313 1529.446880382456 15527.642114825012
3337 2757.407625644576 15399.047525538821
3338 2727.4169027664016 15398.318454537419
3342 2675.5927102935943 15397.005576177151
3347 2772.403083490752 15399.412063383168
3350 3230.4655298002435 15408.437556626688
3351 2773.483019735781 14619.987769237001
3362 2683.0910538203243 15397.204514602538
3364 3296.8851111360946 15407.34369326374
3369 2749.90996326452 15398.865258234302
3374 3470.814977560478 15393.441247458348
3375 1624.5060332043188 15423.147363454967
3383 2764.905325403442 15399.229793752016
3390 2690.589337521194 15397.403451440687
3403 2712.4215518383744 15397.953919292242
3405 3662.9033094760466 15262.135898139388
3406 1581.9661575940836 15464.488671373249
3427 1135.6998371694997 16716.036064669956
3430 2742.412263747556 15398.682990026988
3433 1703.5116245269262 15390.925284241326
3436 2335.8599960874335 16463.21588334946
3440 3448.4817466942427 17485.29268674304
3444 2623.104562626907 15395.613014018449
3463 2507.2137465865962 15507.484405159887
3468 1399.794940287614 15543.667451972897
3470 1062.163773562346 16833.91554935173
3477 2336.734498336047 16402.064713915934
3487 2643.4234980253145 15684.826227327625
3489 3354.424201732225 17344.818542502642
3490 2660.59607477196 15396.607700693568
3494 2299.515285832014 15764.578603501055
3497 3302.262718858813 15495.728314453747
3498 2645.5994663506176 15396.209825928983
3503 3636.1746479610806 17393.207454463365
3505 2719.9192263249197 15398.136186891068
3507 2653.0977521222962 15396.408762822071
3508 2831.972238076961 16040.672536193628
3511 2668.0943702112922 15396.806637843149
3519 3111.2059960791826 15402.467402371036
3521 873.8576151777421 15759.638058531105
3525 2817.549139172051 15394.105675687168
3527 1451.407308315963 16598.42445727009
3528 1472.0032123108945 16524.498476210974
3530 2468.745093545771 15415.294434865837
3531 1438.6896874013391 16532.725795708997
3535 1747.0505482065848 15398.075154230866
3538 2832.4824729649763 15426.879939404955
3549 2822.5363542966647 15433.91245580336
3558 2863.8198136600067 15419.651347292971
3559 1457.5572513209563 16532.99406924933
3563 2638.101189909634 15396.010889283447
3564 2855.636615119365 15387.929347194675
3567 2561.987027657199 15416.336868386375
3568 2849.2366163976067 15387.759299136436
3570 2991.7077949276645 16304.990661631557
3571 1967.073199171819 17285.37469681285
3573 2281.3121281700055 17149.422811573502
3574 2479.123401588054 15408.949319460415
3575 2849.8349215158896 15365.264728030557
3576 2855.8360498783873 15380.431167368506
3579 2852.6360492547947 15380.341190813806
3580 2852.4366144968994 15387.839370597609
3581 2853.2343552753505 15357.846585785046
3583 2728.1355890990335 15418.610050276526
3585 4450.5052254109505 17275.811689778093
3586 2859.8700066955016 17388.433101252962
3589 2037.626827085807 15776.048090489227
3592 2822.8924760599925 15426.419874287727
3594 2826.092405846435 15426.570011990632
3596 3230.1367846862017 14295.353003205582
3597 2491.777577956232 15389.847563104102
3603 2990.5747562926513 15421.345171389552
3605 2104.1581705604754 16727.573667512934
3606 2925.2470765828352 16338.744653539341
3610 3592.0998427156132 15984.136727382538
3611 2187.5187493099493 15422.594291870551
3612 2859.833602857901 15401.153979999384
3617 1521.3739648406865 15541.395058934015
3619 2849.436051535255 15380.261105074991
3622 2568.8451655753242 16983.078269810387
3625 3646.3154355252886 15239.016684632232
3627 2472.4117374719676 16369.218826878794
3628 2515.9297638372623 15392.075110798916
3629 1496.2975471731588 15569.264637670674
3630 2340.889684902671 16203.46374981911
3631 1961.4548766235052 15405.885249954528
3632 2555.555765806448 15393.82087803157
3633 2863.9210782609084 15416.461015608611
3634 3016.603261135769 17136.543414373384
3635 2312.3992437484853 16357.19109151376
3636 2849.6354869020374 15372.762902398761
3640 2187.3595072158228 15430.119955281856
3641 2869.1805933079327 15399.310342562532
3642 3470.7425797231936 16049.00020096774
3643 2630.6029115213355 15395.811952586246
3644 2853.034919649665 15365.344798195296
3650 4223.241416895626 16614.985972423172
3652 2324.181900863355 16585.777330486035
3654 2852.8354852566026 15372.842964262412
3655 2837.061634888548 16368.217103126459
3656 2419.8194998325457 16710.705468263415
3657 5018.913344526316 16067.381687012326
3660 2456.822040978748 15388.7479918343
3662 3033.112595673155 15422.046327519665
3663 1964.216011042776 16348.377481388185
3664 2915.5293107688417 15277.776532508728
3665 2832.126351766189 15434.372509043007
3668 2825.4468517860396 15414.246873337086
3669 1613.525983325846 16288.134806100104
3674 2615.6062697090547 15395.414076935765
3675 3486.1482917141134 16116.587367971444
3676 2247.2897718640147 16642.691285163404
3678 3861.4918491375183 16478.479176893445
3681 2898.677610191666 15399.483105608399
3682 2787.26796331223 16357.720394547154
3683 2156.615471205194 17208.809091605963
3684 2322.002203817732 16357.482503676029
3685 2179.1426206502456 15404.995782258686
3686 2810.0494475270502 15393.923407742801
3687 4081.5184986304585 16017.247132532195
3688 3629.028089995382 15208.083588252091
3691 2948.7145129968844 16327.155796050922
3692 4382.210566300383 15904.756988028998
3694 2269.4194534684343 15393.624147420114
3695 2844.6070946988602 16368.00203679258
3696 3028.473438454567 16436.96556749527
3697 2889.2302876618564 15399.427772954863
3700 3187.8560249665575 16208.308361078392
3701 2850.034356221719 15357.76655020429
3702 2833.7857315178017 16767.17749044754
3703 2848.276231268569 15408.71940952167
3704 1058.7331691611976 15680.290226878738
3705 2675.694287604214 17129.006761268065
3706 2879.9771491780675 15399.373577630822
3707 3341.2554142339973 16587.80367555777
3708 3173.41537515848 15569.224274541648
3710 2349.5110090264857 16367.591262499298
3711 2850.2337908844543 15350.268373998219
3712 2796.0684712440066 16360.831036642394
3714 4237.256812016841 17133.257682854754
3715 2853.433790283559 15350.348396590172
3716 2850.4332253605126 15342.770204810691
3717 2753.502417155653 16361.265650223038
3718 2227.585306673153 15393.163470450518
3719 3441.097957909091 15403.42398196417
3720 2550.4916010634897 15409.108970378982
3721 3776.000161026144 15854.32163473747
3722 3477.154132723987 16101.395888961586
3723 2142.8184679197784 15385.488344520594
3724 1509.8478006380083 16502.24227453943
3725 2428.0264714589075 15411.878309263664
3726 1226.696655878368 16653.625648587753
3727 3265.2949849723245 16157.069683556787
3728 3471.4760122365924 16091.80532598684
3729 3919.180387016675 15710.78169162059
3730 3881.00016215166 15175.87829229795
3731 3724.637551239683 16508.345233969656
3732 2572.5594562155134 16944.109246210715
3733 2364.5117112638195 16367.77875441648
3734 3482.0590644055983 16109.680506430299
3735 2853.6332249638067 15342.85021972569
3737 2647.1104144315636 14741.816267934522
3739 3357.09922064313 16548.758817586415
3740 1437.1984431789763 15645.153525942882
3741 2565.833077234818 16977.645559463508
3742 2852.2508077307966 16367.784169971957
3743 3652.190119562016 16365.141338147738
3744 3128.6169052359755 16973.161326123707
3745 2994.4631751133106 17162.338988184867
3746 2445.333233089374 15388.61610346569
3747 2584.9564893313304 16983.440711885316
3748 2204.0962540151495 16649.974372415367
3749 1351.2261477275142 16582.69418752659
3750 2898.330357217893 16351.782379332475
3751 2315.5527448120656 16588.570967049487
3752 3794.785086301488 15154.564957953951
3753 1830.3603740689516 16267.258513664354
3754 3492.596278369762 16037.32054805715
3755 3464.7602999587193 16080.462230738296
3756 3588.380532438022 16290.65182709897
3758 2482.5418448720725 16358.025977360394
3759 3686.8121654865704 16447.98826807681
3760 2471.990319635725 15388.922119519777
3761 1854.8655038320849 16344.949047084918
3762 1820.7292715794733 16873.38485166725
3763 2420.52533835025 15388.33131562719
3764 3089.4367707790234 16555.745240835706
3765 2658.2712240807864 16359.03767352358
3766 3091.1155279199065 15444.043543308257
3767 3007.8888928619017 16402.43955375776
3769 2815.0035230124636 16828.43084170358
3770 1020.9504323388114 15677.05364488701
3771 4090.0963375547426 16942.644983086964
3773 1005.7542802110046 15374.81188866095
3774 4163.235477150449 15609.11049686284
3775 4115.3128856021085 16131.847028634522
3776 3399.3781771054523 15428.279349213293
3777 3456.596712961133 16068.488200778726
3778 2800.3234320602874 16315.034946999576
3779 2908.8851826862724 17489.19007032546
3780 2856.5761088259164 15135.40992106401
3781 2708.4506483075397 14686.156365340785
3782 1816.1390540015764 15379.48611605696
3783 2823.442823240998 15623.131727330965
3784 3688.27604468841 14979.041085967236
3786 2338.4265149130374 15387.18829455755
3787 2854.032095219602 15327.85383233601
3788 4540.304422455187 16062.637597575911
3789 3940.5825724934284 15748.320005305484
3790 2167.9982123446835 15386.009274559983
3791 2160.491773131236 15385.853977921179
3792 2587.1251322592384 16992.97327726892
3793 1431.508139897479 16566.331194326925
3794 910.7985762802085 15737.787008568326
3795 2853.8326598978483 15335.352033319276
3796 2357.0113350461124 16367.685008144179
3797 4098.51969513709 15183.323683265588
3798 3209.592811684661 14301.695919617141
3799 2338.254448968002 17099.72471806553
3800 2831.7702336865586 15441.86501305594
3801 952.3318731126883 15991.144182865155
3802 1858.6486721602541 16245.453666529076
3803 1844.646290298301 17174.258695410586
3804 1485.7026578344087 15741.663116007117
3805 3296.1429382171423 15502.626250545276
3806 2950.864832445954 15398.92019140118
3807 2832.702334493775 16360.61782393256
3808 3282.3746973703933 15821.152715140586
3809 1322.80472992071 16598.882904436385
3810 2765.3812326682714 16612.35227176151
3811 3107.4399596938456 16241.393000934882
3812 4045.185071846932 16917.607277858006
3813 4145.45904729049 17012.448842271653
3814 3309.828298375158 16923.2144115715
3815 2351.950960451677 15909.263899148687
3816 3888.3513020377227 15273.314157809535
3817 4694.580603184444 15218.174047580427
3818 2845.5612421205965 15089.803056390978
3819 3628.2399789361293 16359.29327683297
3820 1993.3838074076664 15409.291621825838
3821 1849.5894703637687 15408.751033371704
3822 3339.09115681475 15856.121960702967
3823 3168.149274296162 16682.490596161664
3824 2362.5763041914283 15751.510903271917
3825 3860.017793777267 16010.653215426695
3826 1709.5498609495125 17174.765050237424
3827 4277.2278516828865 16461.41830001274
3828 2830.6665492251695 16288.691874794846
3829 3956.4063476969504 15394.742603284509
3830 2850.6326609598595 15335.271993390686
3831 1912.6196556394984 16824.758885852578
3832 4251.2458034085175 15559.666613700028
3833 1614.278754004499 17007.022149030898
3834 4176.713694457043 17066.897032413406
3835 3865.579698883426 15202.97259478632
3837 1005.2634203143589 15406.354183223966
3838 2716.8101165267312 15394.85910005447
3839 3683.3828542907872 16934.543912794685
3840 4168.323722737075 17157.582367821804
3841 3027.9706847975945 16111.244635065303
3843 3993.3453912915675 16407.311141044695
3844 1207.6065794304336 16275.792703957686
3845 1435.5662120486263 15617.132473491854
3846 3494.914027770156 16485.449199791386
3847 3955.9429145845606 15994.547757077122
3848 1005.2726873489538 17026.146205811976
3849 2423.5465307137415 16875.760769295473
3850 1412.62039323397 16000.537029868488
3851 3023.605047286945 15347.26931262218
3852 4171.117089104923 16531.4015664908
3853 2005.883782446499 16763.000914274748
3854 2744.3688506817484 15807.949430913684
3855 4692.093091267792 16539.94872436632
3856 1410.3467091967282 16839.558432974427
3857 2199.4477651419825 15212.096495765072
3858 3393.5136083311763 16510.434477920215
3859 4386.358316032707 17312.082061473953
3860 3285.821782336397 15316.595244829274
3861 2965.88557067538 15656.023351164804
3862 3268.354318497534 16834.90615759323
3863 2638.9462012792774 15984.895133031525
3864 1775.9230115675425 16771.281623492505
3865 3204.39795806266 15299.47324381118
3866 3044.1870414522746 15948.42095626246
3868 3236.7939092365773 16384.10040815248
3869 1064.311241182078 14796.241483544532
3870 872.9357874402838 15740.504747719
