3137 2817.38937251508 15400.505674861677
3192 2787.398602446239 15399.776602713075
3195 2794.896297675199 15399.958870816146
3206 2779.900893345821 15399.594334272788
3236 2802.3939600603535 15400.14113812079
3292 2734.9145844274203 15398.500722310657
3299 2809.89166071158 15400.323406355677
3337 2757.4077659042086 15399.047528948517
3338 2727.4169027664016 15398.318454537419
3342 2675.5927102935943 15397.005576177151
3347 2772.403222714884 15399.41206676769
3362 2683.0910538203243 15397.204514602538
3369 2749.9101020565577 15398.86526160832
3374 3423.832154013005 14568.769231581504
3383 2764.905532373977 15399.229798783446
3390 2690.589337521194 15397.403451440687
3403 2712.4215518383744 15397.953919292242
3430 2742.412412582948 15398.68299364516
3444 2623.104562626907 15395.613014018449
3463 2569.8806021988967 16945.856695772556
3477 1165.2355528049357 17136.66208777885
3490 2660.59607477196 15396.607700693568
3498 2645.5994663506176 15396.209825928983
3505 2719.9192263249197 15398.136186891068
3507 2653.0977521222962 15396.408762822071
3508 3365.2470640379156 16744.204582239534
3511 2668.0943702112922 15396.806637843149
3525 2817.549139172051 15394.105675687168
3528 861.3588849379111 16628.024552989456
3530 1520.9380699650671 15541.879506382533
3538 2919.628728937879 15399.60664780241
3549 2713.3065838765974 15418.42928668396
3558 2863.8198136600067 15419.651347292971
3563 2638.101189909634 15396.010889283447
3564 3825.362211486336 15202.215143566567
3567 1715.210538171462 16399.16314992078
3568 2503.615804647961 15522.943043008745
3570 3708.373310463692 15605.01216490808
3575 2508.5925997979443 15453.643634389759
3576 3664.798004237356 15284.974072325338
3580 2836.344762464808 16353.681589830934
3581 2830.6697442310888 16259.622113435615
3592 2836.345347844397 15286.111735489478
3594 2835.746643157628 15316.877631103038
3597 2593.111388534095 15394.817265623475
3606 3854.1984578308216 15595.674488466128
3610 4358.0468290652425 15388.780333157349
3611 869.7905951358352 15815.40575852133
3617 952.6025938903373 16154.401657969924
3619 2501.2954653274555 15488.738931633769
3622 1451.1271763960126 16696.820715740934
3625 3564.53625626091 15094.349429855987
3627 1456.9371118527652 16533.35876998142
3628 2600.609667460205 15395.016202334942
3629 1267.2886386237346 16239.063954008654
3632 2608.107967362676 15395.215139602935
3633 2863.9210782609084 15416.461015608611
3635 2985.8608924882324 17171.04296829568
3636 2401.6896122972034 15414.93766127322
3640 867.63726428123 15746.072994941962
3641 2338.0928726366546 16312.780382693936
3643 2630.6029115213355 15395.811952586246
3644 3234.060770755338 15680.18440252082
3652 1035.8599235613096 16772.485614940924
3654 3281.918275457989 15759.57058682508
3655 2831.416606546936 15449.305109232619
3656 3336.065499487412 17344.277222387165
3663 3142.6718049315464 16616.758209543317
3665 2882.623105066352 15399.390998639468
3668 2691.5381023407426 15391.024112836953
3669 2553.3181645822588 16919.962682800462
3674 2615.6062697090547 15395.414076935765
3675 3463.043103523261 16077.561820190327
3681 2872.5006904782567 15399.329788261124
3682 3670.8029686446525 15885.19099777749
3684 3150.586698348133 16629.504164296697
3685 893.2883623481383 15866.394245227897
3686 2810.0494475270502 15393.923407742801
3694 4418.406202903383 14875.37804405827
3695 2829.0784069498523 15431.226025894892
3697 2865.00084621765 15399.285861922977
3701 3295.1784646762176 15499.514679641625
3702 3168.632459600569 15578.586407504896
3703 2338.883201033065 16276.890374029646
3706 1866.1678142065948 15585.858951165274
3711 3154.4841146009494 15574.71451831926
3712 3813.55061669708 16651.091725275106
3714 4265.247531085755 16025.193198722072
3715 3172.520120210441 15578.823072730394
3716 2509.1591261982726 15431.522194772955
3717 3688.8271551364965 16341.035899509363
3720 907.6234993404264 15726.403059815877
3722 2845.583022643775 15988.325525055423
3723 2548.1214744296276 15393.623638972691
3724 1013.9081645531971 16248.385703720378
3726 2566.961530172338 16361.849478635979
3728 2966.340612365648 15399.03575128708
3729 2250.7272232909722 15405.783400664306
3732 3015.003675138311 17150.600229696145
3733 1220.6188842040158 16668.02278179243
3734 3459.2214813978876 16071.106954052766
3735 2880.163877733913 15987.939273847824
3740 1745.6814596899062 15381.403268935963
3742 2837.0616005630973 16368.217104104828
3746 2585.613082000451 15394.61832817955
3747 2800.5277468522304 15997.469850262927
3749 2776.991274598984 16357.825337246248
3751 3258.821181278453 16585.00474815615
3752 2871.4224275783754 15416.693423926292
3753 2866.6803875577525 15404.204273230132
3755 3710.7485482372263 15015.100166385568
3756 3466.864735624156 16084.016703176927
3758 3602.571940773209 15924.871245448414
3760 2802.549723138548 15393.741139002654
3761 2381.19630514454 15515.624482015184
3762 2572.5706866020305 16944.126804483138
3763 2578.1147749652305 15394.41939072232
3764 1780.05684495605 16372.415354416838
3765 3147.8466730079153 16631.1641221228
3766 2871.3116818807935 15419.886240851049
3767 3346.5714632697577 17259.067904584415
3770 1836.1696584728159 16339.153138700944
3771 3485.9729349393774 16116.291183662765
3773 1829.6605877205577 15382.933653960463
3774 2916.033129451568 15416.615626765522
3776 1933.5539611772363 15577.945705450655
3778 2837.2071685102974 15236.915067228096
3779 1528.6417902953729 17603.51540918867
3781 2536.51770122946 15415.950902283046
3782 2185.7471317346085 15380.960281688787
3783 2835.2076082685276 15402.267969718081
3786 2570.616485278867 15394.220453725371
3787 3097.5121661617845 15593.19862774157
3788 3879.6115852368016 15640.582866105346
3789 2878.923774643594 15416.925832174193
3790 2563.118111511508 15394.02151449767
3791 2555.6197570715017 15393.822575782744
3792 2112.5378393783258 16362.518506667053
3794 2332.967784404684 15394.323940645534
3795 2830.679957747264 16166.69443651911
3798 2815.4318559831245 15002.542014077939
3799 3427.7516668959156 17498.03877066426
3800 2847.724261349647 15403.164419363411
3802 2796.0189538312434 16357.63103185549
3804 1796.5721756583582 15379.13015158685
3806 2880.000613509977 15399.373715060632
3808 3631.1625075326456 16357.945944403913
3809 1967.9692037867003 17090.458618595687
3810 2832.0508372513477 15435.961287703365
3811 4551.74066425204 15376.239562909941
3812 3482.1513112835933 16109.836314940281
3813 3489.7945708802076 16122.746073135162
3814 2844.607047156788 16368.002038147659
3815 3146.6292783673816 16623.1312299614
3817 3450.6239679058517 16068.999959393961
3818 2517.158432491714 15416.772857813366
3819 3470.6863977271964 16090.4716368383
3820 1742.727291002748 15745.804344299471
3821 2540.6231720085807 15393.42470163788
3822 3785.003244479018 15871.071785641072
3823 4831.522818142313 15714.946071181235
3824 1840.0531967253157 16899.614988034187
3826 1374.8230411199131 15515.099313120625
3827 3741.8694956177733 15790.349958495452
3828 3953.499321093535 16842.403539286177
3829 3197.9249347637974 16631.8137563231
3830 2302.7497678358836 15413.756383433767
3831 2344.0924615714844 15686.697808184634
3832 3472.2758944693123 16259.885846568597
3833 3192.3896472719603 16621.415073867458
3834 3493.6162046877453 16129.200959004347
3835 3651.313709654881 16389.176158115995
3837 1837.2315768678332 15383.071623104503
3838 2817.469261441156 15397.30567649336
3839 3167.9402700866476 16647.77615747586
3840 4011.507709618411 17211.55679128604
3841 3634.929277872028 16364.432652063602
3843 3179.487397048658 16642.134735382395
3844 1774.436584159271 16304.781217344937
3845 3592.71169301905 15331.044328177284
3846 2334.1654334758978 16269.800377177162
3847 3478.329677170012 16103.381428554176
3848 1843.868938478808 16857.537651442413
3849 2816.3125090881017 15785.2847540994
3850 1465.3918239278046 15913.08075384787
3851 2887.5004623136992 15399.417641425389
3852 3721.7726507888156 17346.993945946306
3853 3107.9818013611 16241.095245660235
3854 2832.7821158060624 15420.197940020875
3855 4058.1447082114123 15939.756814503204
3856 1752.9281929559927 17222.78820844632
3857 2809.9702029318755 15397.123407710149
3858 2595.2743087546287 16968.61215050706
3859 3793.5891623160664 16625.037284422044
3860 2895.0003116732123 15399.4615677934
3861 2384.0748947683537 16368.023272221275
3862 3497.437840058955 16135.655847514634
3863 2646.269113917052 15423.331082681285
3864 1425.6545300961907 15983.97375703175
3865 3999.332350332685 15489.697039157021
3866 2886.4251953754774 15417.158242704449
3868 3474.5080383556433 16096.926534228262
3869 1556.0300835683647 16286.748881525353
3870 2173.0602469513024 15385.962551088896
3871 3895.7624321288304 15669.23600776994
3872 2996.724505597987 16411.926709114286
3873 4213.361075664721 15872.510594282381
3874 3021.457233755103 15599.47902824955
3876 2802.247035336321 15396.935691831091
3877 3638.710686870487 15218.846850352871
3879 4429.193086920134 15360.431531521645
3880 4349.102177685553 17082.555630327708
3881 3706.6625227853965 16759.938605933774
3882 2399.9774085022823 16678.99252357585
3883 1438.684804520435 16615.303109556822
3884 4116.04853553297 15635.61995009795
3885 2878.803534458694 15420.121133918672
3886 3172.5254145767717 15584.998589879813
3887 3143.8901585854833 16624.792544682823
3888 2853.35647275284 16866.70563034447
3889 1019.6475857393136 15671.720116620316
3890 3986.291063617582 16877.253046263646
3891 3651.4914627761 16957.332624884715
3892 4216.9892313076325 16068.84347200541
3896 2580.049481467886 16987.660313816174
3897 4174.894952024669 16537.459021195842
3898 3455.861418565633 15421.821825257168
3899 3842.953985345919 15205.483199525068
3900 2133.620685728819 15385.298056606698
3902 1353.409456424258 17124.475266576654
3903 3281.29431569346 16879.005490918804
3904 2577.6038373538113 16989.79271838208
3905 3023.8699809438217 16429.244287637983
3906 1419.4205861310072 16543.850929753848
3907 2531.883193723857 15393.192821421711
3908 2611.9547532889637 16362.181640548532
3909 3107.059784504483 16565.480848693544
3910 2796.068843967033 16360.831032836766
3911 3400.474984155754 15973.57253415897
3913 2443.0322782163125 16753.46625952136
3914 1830.368106926737 15792.017281234954
3915 3263.1003605875317 15426.936519145092
3916 3815.1028289561154 15189.170413779697
3917 3600.8951264282105 15941.450825114518
3918 4468.75115287277 15940.534126228084
3919 3537.519575498676 16197.065249473635
3920 2189.146626810411 15385.695323795062
3921 1825.048971666342 16867.484588704032
3922 933.7137625805644 15549.94816845233
3923 3185.9162225731316 15408.098916582612
3925 3673.046286286186 15287.798853680233
3926 4275.454844829629 15983.325109885247
3927 2646.2033615127734 15430.83199367563
3928 3865.732355853658 16243.560648378088
3929 1261.9935071205348 17573.93577239904
3930 3801.3841522416938 15237.45368505453
3931 2967.295599784987 15603.39363018707
3933 1821.5030089128559 16878.892802376762
3934 3650.6257504731066 15240.167058834719
3935 3830.137242741529 15229.587962561587
3936 4655.929705717029 15830.212675999275
3937 1296.766521667864 15676.485808591677
3938 3196.4594672237313 17318.454611151134
3939 2710.98399047265 16361.699777512022
3940 3225.5063576228613 15328.35868447107
3941 3735.4116207493835 15061.98577451312
3942 2360.0434181347027 17079.61546992651
3943 3471.726952069121 17194.828841083236
3944 3037.955290140826 16452.869272539574
3945 3948.9477083284614 15764.453076383086
3946 2640.225055089387 16278.093556800724
3947 3333.818061066123 16130.92548960562
3948 1799.3350429640573 16894.33515497712
3949 3709.2466580416462 15328.882639959005
3950 1057.0485772945883 15904.37571371756
3952 3891.1149176736303 17244.66930946611
3953 2198.34057771326 15415.90585810674
3954 1841.95 16592.070208629953
3955 2205.732827592724 17181.367096068054
3956 2339.1709178879664 16164.974186342382
3957 3708.4392274328634 15858.95428979508
3958 1856.8828165789946 16360.857467368043
3959 2193.908166184134 15422.790696739556
3960 2841.4324119651665 14561.372315841592
3961 1301.6489615433884 16059.888748195719
3962 2966.623483399377 15824.3501397894
3963 4712.133095009535 17373.1308135222
3964 953.0687769340194 15287.949583652204
3965 2885.342515671039 16924.64654503303
3966 3219.419373259203 16765.776009896003
3967 985.8511515694245 15255.296256382891
3968 4348.740606619723 15705.751397552542
3969 3431.1073505810555 15405.939997469639
3970 1107.4281034175226 18159.623320949147
3971 1166.6318792729703 15679.853034508433
3972 2816.8609097362546 15553.320297124288
3973 2856.527657156831 15131.099168833905
3974 4690.871527126446 15608.547148029598
3975 3306.18985214734 16894.5948271065
3976 3590.0045729176645 15137.729493837287
3977 2196.9493605026737 15234.133768542992
3978 1052.1105069761134 16447.97592367414
3979 2674.7944757646064 14790.315114308309
3980 1620.5343273092476 15006.240360215785
3981 3057.263687496321 15298.855161241121
3982 3776.2476731891793 15232.266634576545
3983 2640.6800835427225 15670.700240643739
3984 2659.880907008394 14762.73261778216
3985 3402.680776291994 15656.769863027084
3986 2193.931937955385 15574.76138842307
3987 981.3471192884473 17028.570755514185
3988 3325.9436913915706 16540.805014164307
