3053 4379.28802164318 17319.761207107727
3137 2817.38937251508 15400.505674861677
3192 2787.398485524048 15399.77659987071
3195 2794.8961974242116 15399.958868379057
3206 2779.9007668120275 15399.594331196766
3236 2802.3939600603535 15400.14113812079
3292 2734.9145844274203 15398.500722310657
3299 2809.89166071158 15400.323406355677
3337 2757.407625644576 15399.047525538821
3338 2727.4169027664016 15398.318454537419
3342 2675.5927102935943 15397.005576177151
3347 2772.403083490752 15399.412063383168
3362 2683.0910538203243 15397.204514602538
3369 2749.90996326452 15398.865258234302
3374 3496.185186362782 14677.649725848283
3383 2764.905325403442 15399.229793752016
3390 2690.589337521194 15397.403451440687
3403 2712.4215518383744 15397.953919292242
3406 986.6113839876729 15341.934596236191
3430 2742.412263747556 15398.682990026988
3436 1731.9473713321343 16887.441592854168
3444 2623.104562626907 15395.613014018449
3463 2569.8806021988967 16945.856695772556
3477 1269.331016003096 17180.065491928362
3490 2660.59607477196 15396.607700693568
3498 2645.5994663506176 15396.209825928983
3505 2719.9192263249197 15398.136186891068
3507 2653.0977521222962 15396.408762822071
3508 3369.5388821556617 16738.295475557148
3511 2668.0943702112922 15396.806637843149
3525 2817.549139172051 15394.105675687168
3528 965.8368321073164 16576.58020140839
3530 1712.1506683523376 15397.380787772576
3538 2832.741304214082 15421.117731275124
3549 2822.649328258726 15431.535553555155
3558 2863.8198136600067 15419.651347292971
3563 2638.101189909634 15396.010889283447
3564 3585.560183578897 15331.257753233758
3567 1867.596183769361 16355.373667416188
3568 2526.9011957854013 15415.805172275446
3570 3822.9951232530443 15545.310004763403
3575 2541.9058644812008 15416.032555340511
3576 3443.3915220271765 15401.808623447694
3579 2900.790660723278 15987.555214764008
3580 2830.6776395018064 16187.786992811405
3581 2829.2112554027726 16000.354644852121
3592 2823.206221882444 15419.443318739128
3594 2826.3338774997264 15421.157446272047
3597 2593.111388534095 15394.817265623475
3603 3223.457484879352 15237.532951193312
3606 3930.275637611494 15732.75832120921
3610 4421.789531767115 15347.67558069299
3611 899.8844880680568 15749.157594536882
3617 850.2067594403574 16195.116489978687
3619 2534.4035110309555 15415.918863518498
3622 1530.9679508769063 16877.09363557486
3625 3574.744299710906 15111.61660014716
3627 1501.5388299248928 16507.128736145925
3628 2600.609667460205 15395.016202334942
3629 1138.5509784514368 16310.397630167092
3632 2608.107967362676 15395.215139602935
3633 2863.9210782609084 15416.461015608611
3635 2959.8076177638395 17183.970800693813
3636 2526.98095242366 15412.605172551766
3640 931.1317206159347 15729.15127543371
3641 2344.2754181722694 16032.649576509819
3643 2630.6029115213355 15395.811952586246
3644 3146.2404361749254 15578.312615271203
3652 1270.5018324240682 16639.81893133376
3654 3172.464784724279 15578.731934967764
3655 2830.3455414132445 15471.83965682036
3656 3084.0923461549305 17450.332995902267
3663 3141.436091814507 16614.768246741678
3665 2832.2040009241723 15432.738818811968
3668 2465.011255938744 15388.842001779602
3669 2405.0816703077667 16693.19059244768
3674 2615.6062697090547 15395.414076935765
3675 3463.043103523261 16077.561820190327
3681 2872.5006904782567 15399.329788261124
3682 3611.989171795469 15962.147986251091
3684 3150.586698348133 16629.504164296697
3685 871.634020207367 15760.533452577212
3686 2810.0494475270502 15393.923407742801
3694 4155.99125620711 15021.99339681854
3695 2820.062247197566 15627.472204514308
3697 2865.00084621765 15399.285861922977
3701 3047.5510675959067 15597.797451497061
3702 3181.050055965673 15599.039737440098
3703 2347.766255505416 16024.742632013853
3704 1434.2732174307644 16519.8108332463
3706 1879.1608998448494 15404.025140274813
3711 2931.446678488357 15599.28358206116
3712 3675.981331897899 16430.705793873654
3714 4030.4599485600784 16153.278721356171
3715 2987.809721919363 15598.958095624366
3716 2549.4144869953902 15416.146342164884
3717 3419.6575985899344 16488.51631440477
3720 863.2968505586133 15756.989486150866
3722 2838.2309995199785 15991.352390521184
3723 2548.1214744296276 15393.623638972691
3724 1057.5404944242603 16358.944483288364
3725 2106.5884434935083 15238.249346682027
3726 2343.2270517605934 16359.099155939788
3728 3005.706428249552 15421.594588489854
3729 2565.0001665774594 15409.406914135072
3731 3473.6617796112387 17478.05897621621
3732 2922.6431518061318 17213.342696061445
3733 1440.490850752802 16543.190036283697
3734 3459.2214813978876 16071.106954052766
3735 2834.3512249379523 15891.264504630562
3740 1519.800579363505 15521.311188833162
3742 2837.0616005630973 16368.217104104828
3746 2585.613082000451 15394.61832817955
3747 2802.6703759261004 16373.275684344635
3748 2303.927190360719 15458.273559396634
3749 2559.531569066428 16358.594379604341
3750 3424.5263933312044 15652.038282647265
3751 3011.3642334218466 16720.21812303146
3752 2871.4224275783754 15416.693423926292
3753 2556.073240828943 15396.884266547282
3755 3860.110931645313 15255.987321870256
3756 3466.864735624156 16084.016703176927
3758 3577.763527246905 15991.801190516553
3760 2802.549723138548 15393.741139002654
3761 2272.2892621746573 15556.752188405628
3762 2572.5706866020305 16944.126804483138
3763 2578.1147749652305 15394.41939072232
3764 1896.6294824235142 16356.063322869595
3765 3147.8466730079153 16631.1641221228
3766 2871.3116818807935 15419.886240851049
3767 3502.1231169053212 17179.65967083054
3770 1651.0609780586483 16289.039577950494
3771 3485.9729349393774 16116.291183662765
3773 1682.8214911905045 15382.184968657402
3774 3181.755822494509 15425.047945436234
3776 1874.1670571650297 15513.243718801416
3778 2829.628356237594 15419.156207798656
3779 1788.7756383847704 17409.538085060645
3781 2640.1560927949727 15417.521454463189
3782 2167.979864576474 15382.809276316315
3783 2831.4141160780746 15449.357507156239
3784 3011.8412446574876 14407.50887427802
3786 2570.616485278867 15394.220453725371
3787 2871.119879855816 15599.474351662908
3788 3939.4365283923053 15746.109735047343
3789 2878.923774643594 15416.925832174193
3790 2563.118111511508 15394.02151449767
3791 2555.6197570715017 15393.822575782744
3792 2311.1362963159017 16366.716850505578
3794 2059.8014414620156 15391.245267524579
3795 2832.087983534635 15858.008677580048
3798 2682.2106548631127 14801.202356212218
3799 3370.9709443830297 17387.875001362634
3800 2831.7702336865586 15441.86501305594
3802 2796.0176425777263 16357.63104524565
3804 1534.594428484796 15505.49059163014
3806 2880.000613509977 15399.373715060632
3807 3437.7203013971266 15672.006575461293
3808 3631.1622775677392 16357.94554838425
3809 1853.5860963598648 17152.823097086086
3810 2830.7018758853287 15464.342600044121
3811 4352.330389262405 15490.765925682344
3812 3482.1513112835933 16109.836314940281
3813 3489.7945708802076 16122.746073135162
3814 2844.607047156788 16368.002038147659
3815 3146.6290693593146 16623.130893379817
3817 3618.2693026931297 15977.840272001145
3818 2569.3214848604175 15416.448015882748
3819 3470.6863977271964 16090.4716368383
3820 1842.6585485554451 15731.023048013
3821 2540.6231720085807 15393.42470163788
3822 3754.75084810655 15834.642420020142
3823 4585.441106801072 15849.038088044703
3824 1854.648035248783 16871.00283969351
3825 3610.029589510738 14853.489018694154
3826 1428.5821468274683 15630.671810703541
3827 3864.167860580861 15781.81197735501
3828 3775.572922822357 16589.99542818514
3829 3447.6991725133944 16492.366671045907
3830 2535.407497481954 15409.531588197111
3831 2314.7103827233386 15751.072286259125
3832 3530.3230917730853 16184.911572036466
3833 2928.0313698358104 16764.176967767016
3834 3493.6162046877453 16129.200959004347
3835 3828.1281995581126 16285.587713235787
3837 1720.310546976454 15380.940924710856
3838 2817.469261441156 15397.30567649336
3839 3178.353198312041 16642.769638024525
3840 4034.0828989370752 17203.786648404337
3841 3634.929277872028 16364.432652063602
3843 3397.0919558839637 16519.797875176253
3844 1517.5639993920015 16285.821665992082
3845 3256.348553810256 15407.0344164413
3846 2371.0474555641767 16367.86044387406
3847 3478.329677170012 16103.381428554176
3848 1808.8782983483281 16876.013370497534
3849 2810.0220642311374 16046.303785542037
3850 1480.5825438845322 15712.48179457528
3851 2887.5004623136992 15399.417641425389
3852 3932.9415501295643 17219.89872763164
3853 2906.2244035149342 16348.138566165464
3854 2831.057994465232 15456.85008550577
3855 4231.128106860852 15938.082594073217
3856 1613.6933938416034 17017.752303114634
3857 2753.5129045997382 15395.751181709022
3858 2605.682037084017 16962.804814184186
3859 3971.9912284108727 16865.975524202822
3860 2895.0003116732123 15399.4615677934
3861 2631.2318520700314 16372.60617724687
3862 3527.1373058792637 16185.81938277218
3863 2646.269113917052 15423.331082681285
3864 1415.5917045704705 16295.853083543077
3865 3871.368636818699 15243.012227738693
3866 2898.237219729271 15417.666320438868
3868 3474.5080383556433 16096.926534228262
3869 1425.5787289779123 16272.828399328406
3870 2012.5949282232082 15384.748611064619
3871 3942.8981270324484 15752.785803195535
3872 3121.3284584568946 16608.477564776782
3873 4069.034342267973 15614.704423141045
3874 2849.518513381243 15599.421241807837
3876 2724.568855127917 15395.047680506581
3877 3628.345416196354 15200.299173102643
3879 4425.7426203591385 15448.132813634355
3880 4333.138345740155 17090.343775054345
3881 3610.7324164707516 16809.81074672601
3882 2312.8332031238106 16590.159491687296
3883 1540.3892684201312 16882.047744489344
3884 4361.755054908777 15495.82368882878
3885 2880.828560853066 15420.184624845228
3886 3241.5571415978457 15698.698782495589
3887 3143.890090182598 16624.792434526702
3888 2933.203733431586 16779.80245943195
3889 948.2908122325224 15578.776229061572
3890 4119.820422398443 16968.86906251006
3891 3761.4535082349644 16891.618466289063
3892 4271.935487657518 15976.79255161383
3895 3827.756683228146 15200.922953762141
3896 2657.0605152361486 17099.22703781166
3897 4093.6615306424574 16401.230648624776
3898 3701.901508009571 15291.75459517979
3899 3814.9805598248304 15188.962163331138
3900 1869.3744962830915 15379.667581645721
3902 1220.2152031346852 17193.406852999407
3903 3420.201579440025 17057.625137272877
3904 2676.659217953649 17142.60570523334
3905 3111.8910036229736 16248.632344183849
3906 1252.649782114491 16638.84285990294
3907 2307.254066451141 15386.704791782007
3908 2366.5551411690417 16359.864382275156
3909 3001.3232970662484 16307.58960391145
3910 2697.337820273601 16361.839109451974
3911 3491.039981594135 16047.200406731701
3913 2337.622932299298 16588.686012276106
3914 1678.5022160571007 15835.785361698712
3915 3570.324246561174 15363.24339848238
3916 3731.479846697036 15049.601739403826
3917 3627.6208901215236 15984.165886558812
3918 4540.932792329517 16063.79135882757
3919 3455.4454820362116 16063.283459864262
3920 2153.192931651311 15385.70297615899
3921 1760.582594514645 16900.568497467175
3922 1060.1360201292082 15510.936143600133
3923 3254.278669117242 15376.027714034513
3925 3409.2639891941576 15407.425721006353
3926 4255.396674919436 15832.041920766233
3927 2646.2033544616133 15430.832798058764
3928 3592.4930864908088 16394.030086794417
3929 1018.9033597100913 17403.657132649623
3930 4014.460194116222 15120.207443076037
3931 2966.5885165829122 15608.110979855977
3933 1740.4850824290115 16903.12876934111
3934 3640.4249484531606 15221.914262794295
3935 3938.0274657893183 15420.283671240217
3936 4843.040739183322 15729.057904538373
3937 1047.6440710467473 15678.656924399225
3938 3129.0528588622265 17212.718977656732
3939 2422.2369365818868 16360.78105111578
3940 3117.7677190714758 15367.452323656518
3941 3810.435073266308 15187.541098323145
3942 2299.1287634979594 16983.45159354256
3943 3269.468743550425 17288.18247218641
3944 3075.350678794694 16268.116490943523
3945 4034.43426561692 15929.25045772458
3946 2637.823214767473 16052.408950777753
3947 3564.7667359914803 16007.309366890471
3948 1788.6276500997096 16893.488276073575
3949 3808.7843605655776 15513.947779205142
3950 1197.9008011285177 15833.332239821031
3952 4076.1955839741004 17135.64528012111
3953 2215.2645142055235 15416.762016620394
3954 1884.676772298305 16532.92086402524
3955 2422.5085289415997 17058.080653903347
3956 2346.2256367848804 15978.835076352698
3957 3594.431998646931 15915.907867729587
3958 1983.3907422978468 16358.124245285942
3959 2197.8675164300353 15579.185187937892
3960 2938.7351927426944 14473.501296700098
3961 1342.7777028845017 16041.501357556253
3962 2968.8817284003894 15670.345802112088
3963 4811.0040301155 17545.497069237976
3964 1002.2851114873602 15374.754967258228
3965 2968.2174997797697 17061.43874612706
3966 3324.1893207855296 16939.800979731546
3967 1109.4827375148288 15197.244115690672
3968 4341.912921716797 15784.362938390575
3969 3556.6754080697515 15348.618884998381
3970 1074.2463420291854 18300.96695843304
3971 1032.8945244064398 15681.536723191026
3972 2811.32632622707 15685.054551313831
