3053 4491.771676702695 17256.15300481867
3137 2817.38937251508 15400.505674861677
3192 2787.398485524048 15399.77659987071
3195 2794.8961974242116 15399.958868379057
3206 2779.9007668120275 15399.594331196766
3236 2802.3939600603535 15400.14113812079
3292 2734.9145844274203 15398.500722310657
3299 2809.89166071158 15400.323406355677
3337 2757.407625644576 15399.047525538821
3338 2727.4169027664016 15398.318454537419
3342 2675.5927102935943 15397.005576177151
3347 2772.403083490752 15399.412063383168
3362 2683.0910538203243 15397.204514602538
3369 2749.90996326452 15398.865258234302
3374 3542.999930143971 14752.049276259233
3383 2764.905325403442 15399.229793752016
3390 2690.589337521194 15397.403451440687
3403 2712.4215518383744 15397.953919292242
3406 1022.5501264557809 15403.560164881608
3430 2742.412263747556 15398.682990026988
3436 1745.834126558056 16821.985041871416
3444 2623.104562626907 15395.613014018449
3463 2569.8803400297575 16945.856285892605
3477 1445.8133162936542 17080.587558970514
3490 2660.59607477196 15396.607700693568
3498 2645.5994663506176 15396.209825928983
3505 2719.9192263249197 15398.136186891068
3507 2653.0977521222962 15396.408762822071
3508 3289.5613241122505 16780.954770235247
3511 2668.0943702112922 15396.806637843149
3525 2817.549139172051 15394.105675687168
3528 1036.7264546397662 16591.721171583493
3530 1851.182093451576 15401.247202163557
3538 2832.4824729649763 15426.879939404955
3549 2822.5363542966647 15433.91245580336
3558 2863.8198136600067 15419.651347292971
3559 1358.2109449832283 16029.611863127013
3563 2638.101189909634 15396.010889283447
3564 3412.174163486022 15407.054016501785
3567 2009.5697655666343 16358.841816401187
3568 2526.9011957854013 15415.805172275446
3570 3879.8695302870633 15641.04048520831
3575 2541.990249492843 15416.033834124
3576 3300.609476335391 15407.372104581733
3579 2832.591351922324 15981.087785723152
3580 2828.868688901182 16031.78360110752
3581 2832.746210736251 15834.695007934602
3592 2822.8924760599925 15426.419874287727
3594 2826.092405846435 15426.570011990632
3597 2593.111388534095 15394.817265623475
3603 3282.6692306328773 15191.404822056831
3606 3834.515093723069 15787.008541718169
3610 4459.226472433792 15412.177534747401
3611 1069.4547328654535 15692.799195105134
3617 908.6683018980544 16174.712167061352
3619 2534.4035110309555 15415.918863518498
3622 1585.5592784069217 16989.16378817758
3625 3582.460727387451 15124.82070552949
3627 1630.3472296972218 16434.651363992107
3628 2600.609667460205 15395.016202334942
3629 1060.8717045425453 16353.439799504513
3632 2608.107967362676 15395.215139602935
3633 2863.9210782609084 15416.461015608611
3635 2874.233029512168 17246.103134287205
3636 2526.983071005767 15412.605204665477
3640 1122.1345507791004 15684.745440167215
3641 2350.012571843408 15874.338064589836
3643 2630.6029115213355 15395.811952586246
3644 2991.2815263675234 15599.011846291403
3652 1414.6839136434894 16558.298291463125
3654 3078.3730486911954 15595.681700048124
3655 2827.3394257541677 15535.0864699626
3656 2946.6592476249866 17502.32185886187
3663 3081.5335917360676 16518.30269560561
3665 2832.126351766189 15434.372509043007
3668 2312.7023514669972 15386.789297846082
3669 2334.531089498544 16556.142107504245
3674 2615.6062697090547 15395.414076935765
3675 3463.043103523261 16077.561820190327
3681 2872.5006904782567 15399.329788261124
3682 3552.126595431044 16005.507175098215
3684 3150.547311480063 16629.440736627887
3685 1022.2667698595033 15701.898286774858
3686 2810.0494475270502 15393.923407742801
3691 3184.0518218373923 15875.513576943857
3694 3976.56592067575 15120.137904715499
3695 2812.9646717268984 15788.296339894045
3697 2865.00084621765 15399.285861922977
3700 3146.3322732762617 16128.140076803887
3701 2897.8007657632343 15599.389979508338
3702 3278.073117288314 15759.368419874088
3703 2352.9479131446074 15881.752560790419
3704 1434.8376549027118 16477.51759862507
3706 1967.632337944869 15406.555689097759
3711 2847.1661646930047 15598.747505599173
3712 3643.864884020885 16384.052395618794
3714 3840.3966500151014 16260.883949542662
3715 2867.3665176542136 15599.486220806119
3716 2585.147430377782 15416.687844703514
3717 3255.673171112721 16579.43399758557
3718 3321.18249415895 15296.600482192069
3720 1006.247216419878 15699.958245920794
3722 2840.828347883147 15991.413866222087
3723 2548.1214744296276 15393.623638972691
3724 1139.2096623880038 16313.691509357832
3725 2116.3569552323506 15190.63706737237
3726 2309.3972530478095 16357.136228290925
3728 3087.331710082488 15426.407594071692
3729 2765.3229180291314 15413.520684923813
3731 3619.553790459133 17405.996362477694
3732 2840.2892243070155 17266.673814848367
3733 1533.901741006909 16488.096279787995
3734 3459.2214813978876 16071.106954052766
3735 2840.3677725283487 15712.738543135281
3740 1441.7460130085624 15607.459594985989
3742 2837.0616005630973 16368.217104104828
3746 2585.613082000451 15394.61832817955
3747 2816.570146357102 16610.927669495974
3748 2286.7062097978583 15514.581341581403
3749 2411.9775400207836 16357.422838896104
3750 3486.549829271936 15746.924375123657
3751 2850.9593655284234 16804.92089894132
3752 2871.425297181983 15416.69351283293
3753 2359.6142999597623 15394.617371657676
3755 3944.659563078646 15415.459635311088
3756 3466.864735624156 16084.016703176927
3758 3445.1805333021866 16062.538506407936
3760 2802.549723138548 15393.741139002654
3761 2232.6708889764236 15583.334516231727
3762 2572.5706866020305 16944.126804483138
3763 2578.1147749652305 15394.41939072232
3764 2068.466685165527 16361.586848578672
3765 3147.8466730079153 16631.1641221228
3766 2871.3116818807935 15419.886240851049
3767 3477.00552037804 17110.017423986366
3770 1495.814683836839 16285.297404070117
3771 3485.973218521519 16116.291662643862
3773 1544.344529669359 15495.063797205983
3774 3349.775253727152 15428.02764898593
3776 1877.3395900800847 15405.022249734637
3778 2829.2924095462317 15426.72986741281
3779 1973.4512003962702 17311.21102430466
3781 2787.6492625275478 15416.135026410175
3782 2167.979864576474 15382.809276316315
3783 2831.4141160780746 15449.357507156239
3784 3084.4121013206254 14351.23877859157
3786 2570.616485278867 15394.220453725371
3787 2847.1360499258076 15563.69576845731
3788 3940.766377642114 15748.674493455666
3789 2882.6421627047425 15417.041036023153
3790 2563.118111511508 15394.02151449767
3791 2555.6197570715017 15393.822575782744
3792 2324.6520756405125 16422.47298433175
3793 1344.5812682332028 16490.48188183519
3794 1900.0406494276424 15384.701123706847
3795 2835.8435052822424 15662.040881164852
3798 2652.9596765497686 14738.982900637218
3799 3329.912116311368 17346.412909618724
3800 2831.7702336865586 15441.86501305594
3802 2777.727305917364 16357.817821098262
3804 1445.9597415638013 15606.907239151751
3806 2880.000613509977 15399.373715060632
3807 3509.27783355173 15783.83279334388
3808 3618.97744812635 16336.962207392344
3809 1844.8600486407001 17051.444813832342
3810 2830.591358266278 15466.667822355486
3811 4189.548316019229 15586.593587916503
3812 3482.1513112835933 16109.836314940281
3813 3489.7977446958107 16122.751433831272
3814 2844.607047156788 16368.002038147659
3815 3124.138925192672 16586.91330397497
3817 3611.6403763375915 15926.068440591178
3818 2721.1824659281583 15418.525292633982
3819 3470.6863977271964 16090.4716368383
3820 1839.790090608358 15889.195180888599
3821 2540.6231720085807 15393.42470163788
3822 3645.9227307541983 15899.41722951838
3823 4429.960253483997 15934.607282626368
3824 1911.7389936967984 16837.755085610086
3825 3714.2729185483317 15020.755324129612
3826 1470.1226886048728 15714.213313982471
3827 4009.943472038863 15697.583900560223
3828 3684.4351984390946 16444.195404734997
3829 3636.1287839795095 16389.46961451275
3830 2679.584462824908 15411.617243344168
3831 2313.3496643931685 15784.420166111873
3832 3471.6479509591463 16085.818909254893
3833 2759.94302637172 16851.463304996323
3834 3495.6054024408713 16132.560790195483
3835 3979.6774373283306 16198.22081589146
3837 1573.3597264629275 15464.045512460985
3838 2817.469261441156 15397.30567649336
3839 3312.107399419803 16567.89660833615
3840 4046.6639512097636 17199.456382448156
3841 3634.928215975997 16364.43082338585
3843 3560.461125617522 16434.525441550748
3844 1427.776919274903 16283.030006293478
3845 3027.122204875752 15406.56525612308
3846 2530.569412609433 16370.661328229278
3847 3478.329677170012 16103.381428554176
3848 1788.5354378835873 16886.35635096962
3849 2809.661084962258 16213.071329665978
3850 1446.9779045723926 15644.631533721591
3851 2887.5004623136992 15399.417641425389
3852 4068.2853789458927 17140.20322425237
3853 2807.8611829256483 16356.487850274807
3854 2831.057994465232 15456.85008550577
3855 4293.042856002406 16020.534231408043
3856 1545.8912959904737 17019.693816152343
3857 2635.229964673069 15392.73232506674
3858 2746.73928150278 16884.08066189779
3859 4088.521536407115 16941.543995656717
3860 2895.0004387745953 15399.461568537828
3861 2768.5762405921537 16370.908668465905
3862 3605.990891479527 16320.978404137679
3863 2646.266717477579 15423.604464003052
3864 1430.1071565283007 16472.166967230318
3865 3828.447962656066 15204.180562086181
3866 3028.7854903298567 15425.175827497233
3868 3474.5080383556433 16096.926534228262
3869 1433.627273121149 16115.01199147914
3870 1879.2563263640736 15378.68268817542
3871 3963.2576351410444 15792.048233515166
3872 3171.0540298930086 16646.855572142576
3873 3983.2815728457404 15447.83847448243
3874 2848.9739754366724 15537.380517933714
3876 2606.5699032787297 15391.971945462237
3877 3621.6185622568933 15188.260590812637
3878 4304.0996859354145 16038.814676035303
3879 4277.029752805084 15534.090336209056
3880 4322.871676067767 17095.35249160452
3881 3548.8577023909215 16841.978171225124
3882 2219.998887858646 16644.385392201995
3883 1583.8040797278827 16971.602669590124
3884 4514.598131661067 15409.137358141334
3885 3000.2232520183143 15421.504208661376
3886 3340.9302978826763 15865.530165902841
3887 3143.739813054573 16624.55042798851
3888 3083.39563922359 16692.78089690517
3889 899.3642923840129 15497.091094942654
3890 4168.915809469353 17053.42010852923
3891 3831.648233019113 16849.669562394134
3892 4223.466954904466 15874.925978663272
3895 3799.144214655454 15161.989484696718
3896 2747.8848806626147 17241.156927731576
3897 4058.1987423561677 16339.328852320203
3898 3858.494605572804 15206.860576050321
3899 3768.282048143567 15109.426505940262
3900 1692.6468176716257 15381.14146251301
3901 3511.0866916005252 15391.877053958595
3902 1179.6820781542224 17150.740822654203
3903 3487.1075136175205 17151.95901723764
3904 2781.965197371477 17299.82650072406
3905 3251.884441886739 16174.363214178964
3906 1097.3731254785994 16726.756312017566
3907 2198.2868540918016 15397.753714432676
3908 2319.8736742271003 16357.327691318955
3909 3109.1797881309612 16250.07802702306
3910 2489.293241235191 16361.276093454591
3911 3601.4446470303806 15987.464196402421
3913 2266.604325742968 16617.162464656933
3914 1573.9183284409448 15865.926665859803
3915 3737.629401074232 15272.253132133206
3916 3675.2603128191945 14959.07838460886
3917 3678.844663259904 16076.159876502796
3918 4575.854344475676 16100.652596051861
3919 3355.2898735768563 16109.20934790018
3920 1997.262878790445 15384.759232505168
3921 1637.5597021232995 16964.893796535907
3922 1144.0354214324545 15459.386449708814
3923 3271.8989591816853 15328.939514107102
3925 3306.3088699233163 15404.215353547777
3926 4323.82281821433 15800.823751519076
3927 2646.1767524472707 15433.867505976199
3928 3418.2851003139226 16489.282114833117
3929 951.2464870301806 17349.629856643005
3930 4056.929749764898 15116.501941376951
3931 2966.281551058293 15629.006879408664
3933 1716.3199578599406 16838.386459828384
3934 3632.779852561598 15208.234517246316
3935 3998.7399047249933 15523.151678794638
3936 4846.032883258007 15714.332591254682
3937 1012.7266965525321 15648.47878024155
3938 3086.7828097090746 17136.43861294376
3939 2333.6334786131492 16366.038151733563
3940 3072.947349769977 15369.874211094735
3941 3772.7198519045264 15226.897828787216
3942 2294.2505242791913 16941.48352472164
3943 3194.480005048721 17319.275363760284
3944 3121.9057391604133 16225.02759546984
3945 4072.288467568263 16000.134149485923
3946 2639.4693231742513 15911.29384430451
3947 3615.2747201440957 15974.068387089514
3948 1664.8834273869343 16957.772292538746
3949 3797.2783629960777 15554.402085532267
3950 1289.7178956676985 15806.629002405887
3952 4162.9671479972985 17085.646583552607
3953 2258.96589550954 15416.849749672137
3954 1938.501808184205 16656.403619430206
3955 2533.5135370303688 16999.01022636981
3956 2356.4055125487216 15874.486918514434
3957 3589.329230769231 15913.73717948718
3959 2227.029574291236 15647.241233724224
3960 2991.2306082792393 14425.809084489912
3961 1400.3158950093068 16010.70192083076
3962 2969.7150957854406 15613.15
