3053 4411.193286458666 17301.719149909324
3137 2817.38937251508 15400.505674861677
3192 2787.398485524048 15399.77659987071
3195 2794.8961974242116 15399.958868379057
3206 2779.9007668120275 15399.594331196766
3236 2802.3939600603535 15400.14113812079
3292 2734.9145844274203 15398.500722310657
3299 2809.89166071158 15400.323406355677
3337 2757.407625644576 15399.047525538821
3338 2727.4169027664016 15398.318454537419
3342 2675.5927102935943 15397.005576177151
3347 2772.403083490752 15399.412063383168
3362 2683.0910538203243 15397.204514602538
3369 2749.90996326452 15398.865258234302
3374 3511.8723667787226 14702.039405682783
3383 2764.905325403442 15399.229793752016
3390 2690.589337521194 15397.403451440687
3403 2712.4215518383744 15397.953919292242
3406 997.4085058626581 15362.379274742778
3430 2742.412263747556 15398.682990026988
3436 1720.4925441752855 16866.394512061906
3444 2623.104562626907 15395.613014018449
3463 2569.8806021988967 16945.856695772556
3477 1315.6823531442628 17153.813268216265
3490 2660.59607477196 15396.607700693568
3498 2645.5994663506176 15396.209825928983
3505 2719.9192263249197 15398.136186891068
3507 2653.0977521222962 15396.408762822071
3508 3347.100407515032 16750.262161632956
3511 2668.0943702112922 15396.806637843149
3525 2817.549139172051 15394.105675687168
3528 987.8760086075976 16576.80934626943
3530 1757.2220346932415 15398.38538877528
3538 2832.4824729649763 15426.879939404955
3549 2822.5363542966647 15433.91245580336
3558 2863.8198136600067 15419.651347292971
3563 2638.101189909634 15396.010889283447
3564 3537.039771539894 15357.37178967276
3567 1889.4459395284357 16355.89268536845
3568 2526.9011957854013 15415.805172275446
3570 3832.408775591259 15557.263011349922
3575 2541.9058644812008 15416.032555340511
3576 3393.7146703158014 15408.082357505742
3579 2874.0636827656726 15988.052856042963
3580 2830.857239621877 16142.968696229604
3581 2829.6299416511642 15952.615484936205
3592 2822.8924760599925 15426.419874287727
3594 2826.092405846435 15426.570011990632
3597 2593.111388534095 15394.817265623475
3603 3243.1327722422884 15225.130238928969
3606 3919.334459434228 15740.84863425434
3610 4432.536601642778 15366.192238170737
3611 941.8870046813145 15731.540931344682
3617 855.1804133565374 16195.269872182891
3619 2534.4035110309555 15415.918863518498
3622 1550.4154403859661 16918.198753769073
3625 3577.103871706314 15115.654224627107
3627 1537.7974884973776 16485.805211351475
3628 2600.609667460205 15395.016202334942
3629 1114.9199501538565 16323.491608398592
3632 2608.107967362676 15395.215139602935
3633 2863.9210782609084 15416.461015608611
3635 2936.44755908602 17204.00088053803
3636 2526.98095242366 15412.605172551766
3640 983.5131818866516 15707.580999837948
3641 2346.1147771858077 15981.894145665812
3643 2630.6029115213355 15395.811952586246
3644 3116.921561506734 15589.090897310867
3652 1316.8457430150108 16613.616054987902
3654 3159.2187364674255 15572.648010187091
3655 2830.334517044486 15472.071602716649
3656 3035.794354682988 17469.724783697464
3663 3134.801266525887 16604.083683036988
3665 2832.126351766189 15434.372509043007
3668 2431.7658164223235 15388.460353237497
3669 2377.94313462387 16649.819209805017
3674 2615.6062697090547 15395.414076935765
3675 3463.043103523261 16077.561820190327
3681 2872.5006904782567 15399.329788261124
3682 3613.601569324003 15972.280908938168
3684 3150.586698348133 16629.504164296697
3685 905.761629939962 15746.79099544382
3686 2810.0494475270502 15393.923407742801
3691 3231.616865277319 15849.444595240993
3694 4105.081604236899 15049.682166819277
3695 2818.189926949947 15673.824781455362
3697 2865.00084621765 15399.285861922977
3701 2993.9873267927587 15599.05373764211
3702 3200.7512049407223 15631.489986928127
3703 2349.467025098596 15977.809163576243
3704 1436.857121716214 16524.323006107305
3706 1895.7851551277342 15402.541240037259
3711 2897.730412351325 15599.390201984796
3712 3661.81443181404 16408.100046750547
3714 3975.9783908976206 16183.530599847072
3715 2944.6599866219703 15599.241798018453
3716 2549.462185273793 15416.147064991957
3717 3370.1987818447055 16516.11240229148
3720 891.239256262856 15745.73427911437
3722 2838.23569583746 15991.352501676627
3723 2548.1214744296276 15393.623638972691
3724 1080.7823213874747 16346.066161935423
3725 2106.953538459836 15216.060700103477
3726 2324.5267604900178 16357.674793876186
3728 3039.4128541542523 15422.150175409442
3729 2621.9463878574925 15410.57634546493
3731 3515.8875737426906 17459.077040792763
3732 2899.7940997296637 17228.80526718496
3733 1460.6478314520475 16531.17651546634
3734 3459.2214813978876 16071.106954052766
3735 2835.7949859016016 15840.145145200804
3740 1494.9819666026497 15547.852305509972
3742 2837.0616005630973 16368.217104104828
3746 2585.613082000451 15394.61832817955
3747 2806.9230659922446 16441.608092416463
3748 2303.5337361443553 15484.160444059555
3749 2518.0332737421013 16358.288004637692
3750 3437.8312159392544 15672.174438845173
3751 2965.7843523680604 16744.941051067755
3752 2871.4224275783754 15416.693423926292
3753 2500.6952252373717 15396.17095259821
3755 3884.727023420491 15300.491403482498
3756 3466.864735624156 16084.016703176927
3758 3540.9251774373474 16011.495663245589
3760 2802.549723138548 15393.741139002654
3761 2272.043399710768 15576.209557066833
3762 2572.5706866020305 16944.126804483138
3763 2578.1147749652305 15394.41939072232
3764 1933.7741031921391 16356.945654243063
3765 3147.8466730079153 16631.1641221228
3766 2871.3116818807935 15419.886240851049
3767 3512.1978109695187 17168.27498921979
3770 1603.1717062762348 16287.885218789055
3771 3485.9729349393774 16116.291183662765
3773 1635.0724435478198 15400.619486796179
3774 3229.124764302022 15426.147708741937
3776 1875.1516135196973 15471.847080512665
3778 2829.2924095462317 15426.72986741281
3779 1842.3055859291733 17381.502514085954
3781 2686.1707925788605 15418.098505013273
3782 2167.979864576474 15382.809276316315
3783 2831.4141160780746 15449.357507156239
3784 3032.202072803115 14391.048384010925
3786 2570.616485278867 15394.220453725371
3787 2853.20825982741 15599.53099303452
3788 3939.4365880289115 15746.109850063001
3789 2878.924300974294 15416.925848481076
3790 2563.118111511508 15394.02151449767
3791 2555.6197570715017 15393.822575782744
3792 2323.603654243602 16368.21724236721
3793 1404.972609651728 16456.46543605863
3794 2009.2167176579278 15390.641662519394
3795 2833.8201867398916 15802.701146711534
3798 2666.0242430539843 14777.440068573052
3799 3357.691291405709 17365.35641643161
3800 2831.7702336865586 15441.86501305594
3802 2796.0052314823897 16357.631171984316
3804 1503.2096390244983 15543.742983817016
3806 2880.000613509977 15399.373715060632
3807 3456.5161161535098 15700.45306234436
3808 3631.15664354827 16357.935846110431
3809 1852.3196328902486 17142.444886104597
3810 2830.7018758853287 15464.342600044121
3811 4305.251170434024 15517.853072614413
3812 3482.1513112835933 16109.836314940281
3813 3489.7945708802076 16122.746073135162
3814 2844.607047156788 16368.002038147659
3815 3146.4741820482614 16622.88146656449
3817 3622.0812445275624 15961.363824215101
3818 2597.829742340647 15416.880034416241
3819 3470.6863977271964 16090.4716368383
3820 1842.0700226387135 15763.985661858023
3821 2540.6231720085807 15393.42470163788
3822 3730.279836742631 15849.46269583267
3823 4540.91098687216 15873.51100324742
3824 1855.0919989978593 16870.74429091534
3825 3639.828107663532 14901.302170341418
3826 1435.3355704263995 15649.040802782923
3827 3908.3558279582867 15756.982414255044
3828 3746.21259016946 16542.792911901925
3829 3502.6431330501096 16462.514377611977
3830 2561.7353556557678 15409.930808007328
3831 2304.165075556362 15751.16802896907
3832 3510.8030529559114 16151.945436852791
3833 2879.539318498845 16789.13543712876
3834 3493.6162046877453 16129.200959004347
3835 3872.025298996538 16261.345500013404
3837 1669.9258254860206 15384.49115834025
3838 2817.469261441156 15397.30567649336
3839 3201.1426425052437 16630.01254540592
3840 4038.0947934531528 17202.405796479856
3841 3634.929277872028 16364.432652063602
3843 3445.704354192543 16493.447945065833
3844 1482.1377231155875 16284.96772428336
3845 3191.2821178830604 15406.539629238694
3846 2405.2747402952423 16368.288246461743
3847 3478.329677170012 16103.381428554176
3848 1808.8774389417297 16876.013807448166
3849 2809.918947498328 16093.942322630344
3850 1467.2134319430322 15686.491211949382
3851 2887.5004623136992 15399.417641425389
3852 3971.174744345288 17197.25477971604
3853 2879.4210944367837 16352.400397238549
3854 2831.057994465232 15456.85008550577
3855 4251.271669244881 15974.175644690064
3856 1600.5862401791364 17001.24017429614
3857 2718.804248579995 15394.907568541876
3858 2631.1561262296964 16948.590703428617
3859 4010.4746355752595 16895.443902520652
3860 2895.0003116732123 15399.4615677934
3861 2676.4219481068785 16372.200609683543
3862 3553.579054610259 16230.720641373735
3863 2646.269113917052 15423.331082681285
3864 1419.9395494673472 16353.630720114666
3865 3857.5105536241954 15218.285445313202
3866 2927.0950173351534 15419.384379057223
3868 3474.5080383556433 16096.926534228262
3869 1427.2871227714716 16246.315546765421
3870 1965.6066474827173 15383.061008066348
3871 3943.040012828109 15753.059445330156
3872 3133.8467072420262 16629.176260837656
3873 4042.944372468663 15568.092894696041
3874 2845.2277562895056 15591.0185434093
3876 2690.6090653624788 15394.20158705123
3877 3626.4238155403928 15196.85875271424
3878 4377.966739282877 16171.213994284428
3879 4385.609673773783 15471.618605659049
3880 4330.0498532542615 17091.85053273944
3881 3593.0290105280847 16819.014392876248
3882 2297.001975041727 16599.406746827302
3883 1556.5097800528788 16916.107664578696
3884 4410.10484510557 15467.908897688754
3885 2894.5925599220236 15420.657418749914
3886 3270.1166743564827 15745.984877092464
3887 3143.888760417327 16624.790293070484
3888 2981.9338903270577 16753.083945071918
3889 935.0013931978164 15555.5752564411
3890 4132.809863396618 16989.907996572772
3891 3781.6873307923 16879.526579320423
3892 4253.484026330339 15942.543329264998
3895 3822.328845538155 15198.743260120797
3896 2685.74165992109 17144.920849329897
3897 4079.658715889963 16377.582498585685
3898 3747.3397570336338 15266.952899411152
3899 3804.118001328399 15170.46090585423
3900 1818.551405127064 15382.731206911127
3902 1209.6703301231685 17191.070427251994
3903 3445.4349547656825 17090.142944906376
3904 2710.561198295208 17189.25564625273
3905 3145.231666247897 16230.9059855051
3906 1202.8471663498915 16667.21021488364
3907 2265.876284565442 15386.062998359459
3908 2341.5666626512825 16358.972687574997
3909 3040.104834018983 16286.910390984258
3910 2635.662225137249 16362.348755551535
3911 3529.1922682268955 16026.557501743655
3913 2319.7091274666477 16586.90010897037
3914 1647.9656276565636 15844.58607297463
3915 3622.037955849602 15335.15337595441
3916 3715.254909903407 15023.50344832967
3917 3634.821102878137 15997.096919541038
3918 4552.2398368685435 16084.552427097768
3919 3444.3096773530083 16062.990992385654
3920 2122.9247225313993 15385.076773640689
3921 1719.2468329918895 16921.97097968244
3922 1086.1013354642612 15501.307698251017
3923 3243.376012420771 15357.968083432608
3925 3372.128761699229 15407.91768941305
3926 4283.235861717495 15817.85596152156
3927 2646.2033229874037 15430.836388577567
3928 3542.933637414336 16420.828773366433
3929 994.0254668264522 17383.46460390085
3930 4032.344798938245 15110.263986847025
3931 2966.588443762993 15608.115936887292
3933 1735.8946959567872 16894.69440070109
3934 3638.434940444392 15218.353443730084
3935 3960.147478985775 15457.32964340786
3936 4856.188660939935 15721.950077696594
3937 1029.2963790465642 15682.246612358851
3938 3115.218236449902 17187.599864336615
3939 2386.9805939016796 16360.205762735155
3940 3094.3170508155767 15367.349402609798
3941 3817.013867955483 15200.44925206607
3942 2287.9166689707363 16964.168598837376
3943 3237.3612612250067 17301.495330711583
3944 3099.9355478583134 16255.00726985274
3945 4044.638822014211 15948.772385089378
3946 2638.494212961284 16012.068617845138
3947 3588.9385983371662 15994.23079410166
3948 1754.4727609171487 16910.858955608775
3949 3817.613120058825 15530.48966403749
3950 1223.6358240132797 15820.351745351352
3952 4110.300422966801 17115.99370975345
3953 2215.2871652530193 15416.762062093683
3954 1900.8384567342082 16570.328984795502
3955 2462.1102190912043 17035.558058188635
3956 2347.630070162435 15940.081020920974
3957 3589.670050332806 15908.20357736771
3958 1996.2735995913513 16358.430264002374
3959 2206.454493102956 15607.791405391674
3960 2956.208461490518 14457.593396272632
3961 1364.9650194240755 16029.624779119677
3962 2969.268642511796 15643.547644631635
3963 4820.102370491477 17561.736917892733
3964 1006.8579093428517 15386.359666212807
3965 2976.487052927927 17075.297636353986
3966 3328.4724735777 16952.485857277192
3967 1120.3687604134475 15189.516144248473
3968 4334.857725872147 15787.959107330827
3969 3562.899941360971 15345.267509886813
3970 1073.0912834570038 18305.79280524247
