3053 4223.994679976908 17137.685148736167
3137 2817.38937251508 15400.505674861677
3153 1524.9299760735814 15604.670276670968
3175 3870.6388276521952 16738.584572316646
3192 2787.398485524048 15399.77659987071
3195 2794.8961974242116 15399.958868379057
3206 2779.9007668120275 15399.594331196766
3208 747.7424175092931 16550.28551064905
3236 2802.3939600603535 15400.14113812079
3292 2734.9145844274203 15398.500722310657
3299 2809.89166071158 15400.323406355677
3307 1484.1050135010662 15904.514540642585
3313 1031.843970055265 15699.495254778256
3337 2757.407625644576 15399.047525538821
3338 2727.4169027664016 15398.318454537419
3342 2675.5927102935943 15397.005576177151
3347 2772.403083490752 15399.412063383168
3351 2965.746412602616 14444.616008767542
3362 2683.0910538203243 15397.204514602538
3364 3802.3633622027664 15218.22073048701
3369 2749.90996326452 15398.865258234302
3374 3816.5706676399386 15198.310102111567
3375 1404.6748878551 15559.183288650212
3383 2764.905325403442 15399.229793752016
3390 2690.589337521194 15397.403451440687
3403 2712.4215518383744 15397.953919292242
3406 1399.481141310237 15531.983481133951
3427 1051.1639760767482 16896.553043228112
3430 2742.412263747556 15398.682990026988
3433 1425.298581322945 15602.07284276695
3436 2130.2527766877756 16705.49049089133
3440 3778.1855614347132 17308.966940685328
3444 2623.104562626907 15395.613014018449
3463 2354.8558283394996 15917.249037889886
3468 1289.8411534863847 15281.065608755289
3477 2200.2676152739577 16665.729790186335
3487 2785.3768683634885 15808.533342213539
3489 3416.4418368376732 17470.095930515476
3490 2660.59607477196 15396.607700693568
3497 3441.1689885103365 15671.415077858717
3498 2645.5994663506176 15396.209825928983
3505 2719.9192263249197 15398.136186891068
3507 2653.0977521222962 15396.408762822071
3508 2893.798032932674 16355.16761920088
3511 2668.0943702112922 15396.806637843149
3521 938.1545506432475 15960.88492660832
3525 2817.549139172051 15394.105675687168
3528 1423.4628389286709 16553.334681557015
3530 2215.2623060734722 15416.76201218744
3531 1421.6368076669244 16149.514346771508
3535 1370.2539924305652 15674.547037071334
3538 2832.4824729649763 15426.879939404955
3549 2822.5363542966647 15433.91245580336
3558 2863.8198136600067 15419.651347292971
3559 1431.8742064980763 16492.375287265622
3563 2638.101189909634 15396.010889283447
3564 2855.636615119365 15387.929347194675
3567 2409.814501882957 15738.555742529572
3568 2849.2366163976067 15387.759299136436
3570 3453.10737372007 16058.374278015588
3573 2262.6167305638082 17351.98101051562
3574 2391.1212663341626 15501.720722049342
3575 2849.8349215158896 15365.264728030557
3576 2855.8360498783873 15380.431167368506
3579 2852.6360492547947 15380.341190813806
3580 2852.4366144968994 15387.839370597609
3581 2853.2343552753505 15357.846585785046
3583 2643.6768515097183 15677.043386078654
3585 4526.59850513617 17059.104407763647
3586 3252.7287573482763 17378.487936259447
3589 2027.2795203528503 16207.352197490467
3592 2822.8924760599925 15426.419874287727
3594 2826.092405846435 15426.570011990632
3597 2593.11124513152 15394.817261818862
3603 3145.3365702076258 15405.530210443167
3606 3170.264616003899 16207.652940797489
3610 3738.9936736576 15844.185371387648
3611 1993.1684926085668 15406.0794386407
3612 2880.813661772278 15599.443697310984
3617 1055.594976324844 15694.773747297584
3619 2849.436051535255 15380.261105074991
3622 2141.0607897593227 17217.195947826935
3625 3627.6860672377434 15205.682241021856
3627 2357.352296429192 16367.689269778226
3628 2600.609667460205 15395.016202334942
3629 993.2337162031922 15710.911737984157
3630 2321.924346567262 16600.28367329009
3631 1893.3337978852207 15402.50488634783
3632 2608.107967362676 15395.215139602935
3633 2863.9210782609084 15416.461015608611
3635 2334.7312020179693 16542.14887352398
3636 2849.6354869020374 15372.762902398761
3640 2001.6726361848168 15406.402456520971
3641 2792.0181612972597 15416.18828270251
3642 3564.8081532528017 15873.987896722501
3643 2630.6029115213355 15395.811952586246
3644 2853.034919649665 15365.344798195296
3650 4286.990017570815 16724.66666213846
3652 2205.007411378169 16364.473300595682
3654 2852.8354852566026 15372.842964262412
3655 2837.061634888548 16368.217103126459
3656 2569.880647333907 16945.856766337445
3660 2698.0003787235983 15346.443260075028
3662 3117.1154573196595 15402.997705363337
3663 2319.897285982492 16357.328122838278
3665 2832.126351766189 15434.372509043007
3668 2527.0749547624364 15409.405238529731
3669 1923.6878691839183 16346.661938229012
3674 2615.6062697090547 15395.414076935765
3675 3463.04384641452 16077.563074962116
3678 3818.304977852684 16307.935819175469
3681 2872.5007906488713 15399.329788847821
3682 2796.01900247775 16357.631031358726
3683 1823.0364773421045 17354.90297316685
3684 2677.3838446161917 16362.042846185253
3685 1893.5011028069953 15399.304887138516
3686 2810.0494475270502 15393.923407742801
3688 3610.547469093474 15175.014278589897
3691 3086.998325119808 16174.978031040113
3692 4224.443540352829 15876.587977645315
3694 2849.37806304932 15403.79651335608
3695 2844.6070946988602 16368.00203679258
3696 3147.8467140096072 16631.164188151994
3697 2865.00084621765 15399.285861922977
3700 3125.6825145126118 16233.438165967906
3701 2850.034356221719 15357.76655020429
3702 2857.1611303529294 16353.074718282638
3703 2537.7087289642177 15415.968951301149
3704 1431.4879153236022 15627.462632909808
3706 2846.2809715705184 15415.383619241973
3708 3373.998424933397 15918.0730401123
3710 2335.537469251357 16216.666119783718
3711 2850.2337908844543 15350.268373998219
3712 3007.0162438986686 16394.72336289371
3714 4104.132783746967 16953.216332539905
3715 2853.433790283559 15350.348396590172
3716 2850.4332253605126 15342.770204810691
3717 2796.068930618676 16360.831031952024
3718 2808.363233872601 15402.829926376895
3719 3282.6842136937817 15161.469192680537
3720 2039.3378723313126 15396.757788037654
3721 3707.1867541433967 15724.928878288712
3722 3390.2272104758545 16101.019754694635
3723 2152.985706072507 15385.698688981682
3724 1443.655306692548 16535.938118288042
3725 2215.361010648303 15410.36201196276
3726 1556.9018273126449 16462.46691658566
3727 3614.8528212066826 15969.73044738368
3728 3390.9773483466447 15956.06924943899
3729 3711.2593098924335 15332.60935330482
3731 4076.6242438538407 16930.420724401258
3732 2572.57065284678 16944.126751708118
3733 2349.561201513197 16367.591889848965
3734 3459.2214813978876 16071.106954052766
3735 2853.6332249638067 15342.85021972569
3737 2825.89579667417 14571.020548033752
3740 1437.1983996097233 15645.153419946042
3741 2172.979430265427 17199.899053154084
3742 2852.15255305596 16367.786970500121
3743 3736.5673741342084 16179.339200949815
3744 3134.432737581876 16976.5775249603
3745 2884.0465857648455 17243.322265088016
3746 2585.6129411425136 15394.61832444245
3747 2584.9564893313304 16983.440711885316
3748 2325.5646528990196 16360.628159088099
3749 1652.8767266569012 16413.179327682312
3750 3149.288747935906 16218.818084549408
3751 2315.5527448120656 16588.570967049487
3752 3786.9791914077678 15241.671263548302
3753 1842.7426225394806 15726.314167415921
3754 3662.1839904373765 15890.119229649157
3755 3606.0420147828295 15951.052911107594
3756 3466.87752261683 16084.038300897295
3758 2788.5154765618468 16357.707655287339
3759 3561.2096098424086 16643.239172485144
3760 2802.47129370503 15393.739232901404
3761 2311.4657636952534 16357.174031592767
3762 2177.78351897309 16669.044015329022
3763 2578.1136789968677 15394.419361645201
3764 2837.16880402093 16371.416896655073
3765 2788.567849723576 16360.90762048475
3766 2871.383911158258 15419.888505465358
3767 3143.890191881223 16624.792598302338
3769 3299.3661387739708 16562.782544041176
3770 1403.2706861250251 15643.244644493327
3771 3757.318497801658 16566.680299870775
3773 924.7957436160257 15538.43017941669
3774 4018.363137917592 15552.094695093545
3776 2832.3224235408275 15414.896567626285
3777 3132.589108096359 16235.769401060606
3778 2812.821811995514 15791.35147625263
3779 2610.6058653147693 17042.791228457805
3781 2739.440459051425 14885.217954276313
3782 1837.3285615280465 15379.871599713893
3783 2831.4141160780746 15449.357507156239
3784 3458.851084426032 14621.46147469465
3786 2570.6093067790785 15394.220263272713
3787 2854.032095219602 15327.85383233601
3788 4349.44117017797 15996.701245811168
3789 3733.377382131625 15373.564133916894
3790 2167.9982123446835 15386.009274559983
3791 2160.491934937091 15385.853981268692
3792 2577.358912124602 16989.39938884962
3793 1111.3233485561373 16729.818546742306
3794 1046.975219452892 15685.28175104182
3795 2853.8326598978483 15335.352033319276
3796 2287.1661397402268 16366.21012471969
3798 3013.634418703507 14406.059202205715
3799 2588.2692299961277 16987.844141277343
3800 2831.7702336865586 15441.86501305594
3802 2089.303818346168 16353.113885666808
3803 2005.7103624883625 17669.759503539237
3804 1440.2690633299173 15644.205016569667
3805 3268.281380772165 15729.153447691133
3806 2880.000717276176 15399.373715668387
3807 3124.9785459733107 16231.814294156231
3808 3445.46485797435 16042.008583002958
3809 1470.4014335842412 16688.38148983437
3810 2810.8942681743665 16403.042694248914
3811 3567.9414115734367 15997.05227777406
3812 3687.5804504888893 16455.24775855681
3813 3865.5273773365793 16736.764674307768
3814 3127.578094435891 16618.811223888428
3815 2350.988708134158 16356.403216671531
3816 4080.3916559203803 15651.435443040877
3817 4494.32768729586 15420.602744260406
3818 2850.832109858235 15327.773281965037
3819 3470.946172286419 16090.91040601817
3820 1900.855407805033 15402.61643201171
3821 2101.1146628291826 15384.73112040787
3822 3451.8564161881695 16052.224355775597
3823 3433.2029648749817 16488.28936723162
3824 2344.9027275627454 16015.33954722693
3825 3833.171331279739 15791.38102980936
3826 1518.8735036663613 16851.5179591562
3827 4459.730977318063 16358.135911795223
3828 3032.9200455247483 16438.171249890762
3829 4260.7885196846455 15956.101779330344
3830 2850.6326609598595 15335.271993390686
3831 2291.0676663322756 16599.170773117847
3832 4005.137560034753 15700.436267889283
3833 1854.9296256320667 17352.194624971013
3834 3987.536573243875 16878.237663641936
3835 4011.797845449599 15512.194757600477
3837 938.5455307282449 15561.982231277661
3838 2817.469261441156 15397.30567649336
3839 3910.101071928387 16801.594376769932
3840 4130.934274641611 17170.451422865764
3841 3122.6566228470574 16226.234225745087
3843 3752.3987997869 16541.76145122326
3844 1073.8451281858734 16346.251211490711
3845 1837.1517449657426 15386.271778451415
3846 3197.105261352132 16632.27259373664
3847 3648.0182338884497 16161.65593735777
3848 1143.192749979709 17089.76187275305
3849 2436.284547337133 16733.278975599616
3850 1449.1410946382387 15663.039039849498
3851 2892.3354726159596 15399.445959919762
3852 4307.696219575691 16753.02148070009
3853 2325.8923674660996 16572.642614333516
3854 2828.841286604007 15503.488247103602
3855 5044.125544163457 16121.130479698677
3856 1170.9622970395221 16964.33681641648
3857 2418.3262807358155 15182.882693211244
3858 3609.56512706654 16404.005529142876
3859 4580.478475758952 17205.99033882244
3860 3243.933850119994 15346.18430282779
3861 2840.776231487249 15615.536234894738
3862 3285.267767681828 16873.4018863449
3863 2633.2055723508142 16137.587447061116
3864 1817.7081056940322 16619.335308451755
3865 3233.7170587485975 15342.002029950678
3866 3112.455097468788 15809.047446818013
3868 3538.875696394261 16220.081405940728
3869 1282.2555280671513 15135.271742474384
3870 1196.6253392394476 15675.165059722103
3871 4559.314474407894 15882.956064317112
3872 4025.4623334372136 16176.96857626085
3873 3260.1860370733057 15402.168663432063
3874 2857.0976537276156 15181.811848810714
3875 3329.854595715255 15228.567659598828
3876 2378.402041783513 15181.805047222886
3877 3579.01005081441 15112.57649262201
3878 3632.323083604994 15309.735005691029
3879 3576.4626046571248 15886.806443007004
3880 4252.406842131954 17123.99930126128
3881 3172.1861772635502 17064.332085026897
3882 1711.3595954730126 16849.613646966674
3883 1731.0541417429426 16588.174614667736
3884 4491.164676402155 15173.084388055619
3885 3821.5964079240553 15537.886793596042
3886 3758.6080299459054 15841.263765930662
3887 3557.56985954878 16011.203352015069
3888 2899.598953320157 16575.30661568434
3889 1273.7385689629396 15283.884307371427
3890 3483.171067904239 17470.534989362324
3891 3577.7360602531307 16997.67932029814
3892 4555.3327064273135 15766.714922109803
3893 2846.0408780310513 16854.8485891897
3894 3557.7971740667067 16231.60442961245
3895 3565.276940828953 14781.680764052939
3896 2933.6432923513257 16997.248364225125
3897 4367.984201628986 16187.954708358015
3898 4526.67982094551 15015.66791060157
