3137 3180.777965206289 16676.265775498447
3192 3121.838564684478 15820.762019948905
3195 2938.2354297733527 16360.233504859227
3206 3212.1312452002476 15644.062750868356
3236 3454.3475527091664 16056.46918084641
3292 3168.5522165469633 15573.582937265293
3299 2968.492502778509 16364.432224869695
3337 3750.025814536679 15246.36529859008
3338 2837.885573827333 15779.520317255065
3342 2772.4033396885784 15399.412069611308
3347 3826.151017401784 15205.418084948999
3362 2779.9010134032937 15399.59433719137
3369 3670.1662830520854 15289.350148797655
3383 2732.6019140056565 15807.785422629868
3390 2794.8963769857382 15399.958872744177
3403 2802.3940504076472 15400.141140317122
3430 3254.3274400159903 15521.372246914447
3444 2727.4152856948094 15398.318415226597
3490 2757.4079471341524 15399.047533354196
3498 2742.4123272105894 15398.682991569767
3505 2882.8977483221233 15599.437106867432
3507 2749.9102425823994 15398.865265024488
3511 2764.9056634729386 15399.229801970447
3530 1049.622564481386 16434.866559388836
3558 2632.5573975549223 15414.20551242918
3563 2734.914241068209 15398.500713963635
3568 1444.9769255953317 16540.5081135218
3575 1854.6250357884117 16871.01623376541
3576 3562.669454872877 15091.306630042365
3580 3336.692250057327 16941.946237170163
3581 3393.5019046042635 16932.256882895075
3597 2690.589328990302 15397.403451214353
3628 2712.405355062496 15397.953525550494
3632 2719.913833586082 15398.136055794212
3633 2591.1850431284906 15413.578385530478
3636 929.6825336071868 15950.48289102818
3641 1293.7613421447538 16992.200806871653
3643 3565.286352994275 15342.163438195772
3654 4399.9471844072805 17304.39855323249
3663 3878.194292705942 16469.348757335585
3674 3242.5136034177613 15362.701520585135
3681 2872.5006904782567 15399.329788261124
3684 3349.701388055245 16602.386201681154
3697 2865.00084621765 15399.285861922977
3715 4119.073168849262 17110.93876042313
3716 2564.500593330722 16949.326663894026
3723 2660.595810742628 15396.607693688611
3726 3275.4404897878126 16788.48548499933
3734 4199.251248186834 15215.933552844263
3740 2802.424829454559 15393.73810366252
3742 2831.77023917549 15441.864897572217
3746 2683.091004849356 15397.20451330329
3747 2822.8924754251893 15426.419887643591
3752 2685.761248092594 15418.0935127207
3763 2817.3893999176944 15400.505675527831
3765 3349.2244535933014 17350.996222226255
3766 2720.9004979547894 15415.321367887402
3770 2945.632291877386 17502.55465166416
3771 3999.1984664980746 15510.764513009914
3773 2810.0343664430447 15393.923041221307
3774 1186.7193761222168 15688.4961942033
3781 1648.6929751533069 16426.697413844402
3783 3609.940120122649 15173.927290329098
3786 2675.592647306539 15397.005574506044
3788 2849.44344118733 15420.077043154812
3789 2669.2249263668577 15411.490961978738
3790 2809.8917181849047 15400.323407752849
3791 2668.094333136136 15396.806636859508
3792 1597.5926449719798 16006.42972829935
3794 4071.3925568149584 15635.525003777908
3795 3322.5017424617613 16919.91713158469
3798 2373.1691490812177 15114.449727971712
3800 3828.5530766643083 16263.64964906794
3806 2880.000613509977 15399.373715060632
3808 3574.9316402003533 17429.008244007186
3812 3011.4248416756463 15424.88966991603
3813 3072.7239048128663 15422.699245313084
3814 2831.4141183893967 15449.357458527453
3815 4027.3683110249826 16903.198185187062
3817 3368.5601159374523 16974.46462770928
3818 1512.665656890112 16500.585108223175
3819 2882.044983352132 15420.22276350444
3821 2653.0959739192695 15396.408715644597
3830 989.3904796845438 16143.687148632835
3833 4423.432226782433 16388.213189956776
3834 4179.796240899612 15588.350161491391
3837 2817.545794005868 15394.105594388284
3838 3080.496443196021 16471.674617978908
3839 2122.326823807941 16362.725444440384
3840 3408.6736911974285 17457.336023186926
3843 2349.6103529455795 16367.592504186623
3847 2966.8720372871976 15807.408651866526
3848 3099.1365502376448 16673.57717170615
3849 2832.4824750178072 15426.879896214661
3850 2565.7625386229297 16939.418441082988
3851 2887.5004623136992 15399.417641425389
3855 3325.942956400449 14418.037467265489
3857 3510.9175083777895 15780.383178279824
3859 3714.342062109602 15855.377728409458
3860 2895.0003116732123 15399.4615677934
3862 3832.2181376266335 15791.899793491233
3866 2735.1847483345678 15412.295003396555
3868 3850.762582339866 15259.53225987021
3869 2873.616034624293 16355.77909365294
3870 2638.0184223363094 15396.008693378357
3871 1892.805136383608 15396.092046111797
3872 2335.138062965073 16053.305174229657
3873 3628.2921373583813 16804.289175566464
3877 2891.189857411256 15417.30586242474
3880 4493.2886883783285 17007.86348222171
3882 3730.212101740653 16517.240396510788
3885 2749.779534527095 15418.87388707975
3887 2675.67394579709 16923.750513292332
3889 2167.998272752218 15386.009275809722
3890 3607.225264725589 15921.543992209801
3892 2664.28031867416 17088.03188726413
3896 2187.1856735160163 15420.208782872618
3898 2774.72122201907 15419.177922918167
3900 2630.4007477483597 15395.806588982603
3903 2182.0142121665895 16363.987227552989
3904 1678.7148177622328 17104.600431193245
3905 2732.2290212758567 16888.532968145046
3906 2853.860929314108 16353.174691265605
3907 2645.5783171462103 15396.209264819798
3908 3453.7835683869025 16476.80619434857
3909 2707.918596116963 16905.75854395046
3910 3604.3368902636935 16394.897582281345
3913 4069.722064952108 16950.01617172672
3914 2606.677131921202 15395.177178132019
3915 1336.7406102344016 15316.980049162434
3916 3652.444754750053 16386.355509017998
3918 2793.598752278281 16370.557869676784
3921 2880.6961057152903 16352.361773324632
3922 2160.492048976185 15385.853983627985
3923 2902.5001690996583 15399.50549420866
3926 2482.890446389339 17027.418348564308
3927 1864.1170417480282 15398.433841295873
3929 2676.3883048604976 16897.490122246596
3930 2797.4749185283704 15416.254799844155
3934 3997.1806612553005 16195.95525809729
3935 2834.447904362236 15412.97857369636
3936 3534.5882888835126 15382.71697541969
3937 2794.606482523755 15393.548091313894
3939 3513.8148668121744 16443.85203243378
3940 4404.861771235713 16181.50103328322
3941 2922.1676146621357 14488.655627858774
3942 3243.947757363164 17382.19107221561
3944 2043.1401645180545 16361.051449444403
3945 2856.576418906981 15416.64451723503
3946 3325.5328691983937 16548.36507503449
3947 2219.4990350078842 16364.779651509552
3948 1026.9184276208669 16315.9850419338
3949 2815.7922461372027 15419.678573215242
3950 1673.1427063918936 16289.57185260102
3952 3650.123654425434 16395.485605399484
3955 3643.8648914780956 16384.052402330286
3959 2622.6988212216866 15395.602249300084
3960 3288.7223673619974 14355.717152952904
3961 1815.4838872974146 15385.87626637515
3962 3966.163227954249 16177.780447267565
3963 3658.0915921781157 16408.198414992625
3964 1848.0337985613648 15385.98163552466
3966 3635.9172677267507 15905.138237345158
3967 1870.4308007756624 15376.355321824587
3968 3533.623598519855 15361.030299186026
3969 2910.000040532441 15399.549420705955
3970 1828.2273744269623 16803.878083777425
3973 2849.236615556718 15387.75933075146
3974 3836.4334422156944 15240.716613240966
3975 2280.318608563598 16366.065368860214
3976 3628.779580401126 15201.076497661405
3977 2787.398709540177 15399.776605316516
3979 2852.436615008091 15387.839351378256
3980 1560.4556377236145 16286.85555842382
3982 3667.7772009940572 16417.614679552295
3983 2832.1263577496384 15434.372383154936
3984 2852.6360516322693 15380.341101427528
3985 2866.890886280206 15419.74763504839
3986 2614.776259303484 15395.392055943723
3987 1899.2763278730954 16345.628605567315
3988 2395.9255041181527 16708.501340579023
3989 3658.13253594684 16402.22494306415
3990 3800.30100934313 15234.39977570239
3991 2847.3275033203786 16356.575583922577
3992 1505.091925312301 16784.758737805056
3993 2145.479608930535 15385.543399419808
3994 3670.387048582756 15892.16987648661
3995 3932.872945015612 15147.645081100047
3996 2327.0117760923335 16602.02480064461
3997 1431.6850984546245 16368.160558402558
3998 3767.6118225314317 15235.093754422476
3999 2654.5277543389266 16909.53391103909
4000 2849.4360516738693 15380.261099863492
4001 2849.635486637495 15372.762912344793
4002 1841.10810465541 15379.71639064879
4003 2789.7783902246456 16360.895260463298
4004 4120.421891358379 15700.756403984366
4005 2951.726923963124 17508.248349961697
4006 2482.0858163761145 15389.038013057923
4007 2321.3082372431422 16357.519849731854
4009 1868.751716282546 15385.335257536623
4010 2498.697922754764 17014.763333534673
4011 3214.7909086998397 16194.02862984304
4012 3733.2138049883447 15052.390862638795
4013 2437.394957142531 15183.242273660073
4014 2976.4368226268007 16534.60303162151
4015 3319.5022113062937 16563.623382919544
4016 1917.8310324906768 15736.41171770859
4018 949.3569513121301 15992.343910378606
4019 3642.786111784314 15908.096431807115
4020 1890.0332759325656 15389.59241375282
4021 2152.9858289550534 15385.698691523932
4022 4120.731753524306 16969.96947560655
4023 3654.1073517805416 16401.841576985124
4024 4114.427497258171 15262.880627503928
4025 3662.780878789456 16376.464710176426
4026 2673.4690678609763 16906.40742097652
4027 2175.623159412933 15412.487942099784
4028 2598.626883812733 15394.9635971355
4029 1513.1825437439638 16788.544237993752
4030 1035.0689309824957 16760.421839483864
4031 3633.983778279097 14892.572546010932
4032 1502.9081853055898 16285.468391184817
4033 1567.9038687417485 15469.879624891266
4035 1661.8337945594672 17090.65336706413
4036 2855.6366143285704 15387.929376926315
4037 3662.326571592354 16414.955305996944
4038 5036.616522540587 16097.586320322062
4039 3115.6162122587416 15592.639327767845
4040 2307.263233677107 16366.634974498502
4041 3902.4796366893943 16785.1406598812
4042 1061.9468404998786 15679.825136249745
4043 3847.8670231059446 16710.79588769715
4044 1442.9233351492032 15636.2806107501
4045 2394.991802528912 16677.0654955984
4046 1829.5114321876886 17373.32595424457
4047 2856.5855755291495 15136.252175063602
4048 3028.7748337848407 16431.218575767707
4049 2354.045678454147 15939.604383516618
4050 3707.2051286031433 15870.924757434257
4051 2502.5195890205528 15441.056108476228
4053 2822.523623105184 15434.18031219346
4054 2309.7538066711895 16357.142744527262
4055 3678.087918712001 15304.712501045216
4056 3363.291996968444 15428.096237027024
4057 2884.1228867286977 16806.71325535339
4058 2327.2980122449685 15394.26150520327
4059 819.5219089513271 16894.526811615422
4060 3976.2047102024985 15717.608266778885
4061 3899.076358540142 15675.11522906181
4062 2814.3365996969314 16557.29646150848
4063 4902.793107409273 15807.400792156282
4064 3174.159521803331 16215.569665265622
4065 2195.6161832399916 15405.385156391723
4066 3465.711695322189 16082.069173945558
4067 3117.247869399105 16454.695958318764
4068 1469.0534815021879 16514.253054355242
4069 1690.8847043756075 15398.702677707335
4070 2020.6073732233253 16322.71147027646
4071 4231.098303547204 15844.423593711594
4072 3612.2347074884374 15336.836597815647
4073 1485.262827684998 16799.093194287834
4074 3735.623143994092 16547.162580558743
4075 3821.112465944551 16669.320371764134
4076 2949.6009979043865 15398.910754165952
4077 4076.046517330991 16377.756405561073
4078 3272.0583468582468 16163.66786669526
4079 1587.2087668328434 17501.206054412956
4080 3846.430202598223 16690.774860226702
4081 2642.5719248037567 16923.427469022474
4082 3223.436051046924 15426.015634056375
4083 4322.232996170591 15799.855522534612
4084 1343.4598168688442 15531.634968375452
4085 2874.6960173758985 15416.794846945728
4086 1328.1977884916755 16205.314128464595
4087 3156.5265428032494 15424.381643826404
4088 2917.4999025434595 15399.593347148066
4089 1690.3219251177036 16312.101676044467
4090 3616.8611395832404 15923.055906079966
4091 4130.511366739561 15244.338135988037
4092 4373.912778952216 15752.839064955364
4093 2561.401055296726 15393.975959308253
4094 2962.7771300424365 15399.00914224942
4095 1193.0957098063084 15320.217621537693
4096 3227.201571965906 16790.620598582922
4097 1487.5267322759387 15555.82496079191
4098 3168.6324518097304 15578.586394672413
4099 2457.2307862504094 16368.937638637604
4100 1201.9976272550994 15678.739685964762
4101 4868.9391785621365 16404.483245776693
4102 2967.6065070912223 15757.34702771043
4103 894.6959774645039 15876.905636024598
4104 1212.0002411576072 15508.571887651575
4105 4379.774719691362 16954.515981450328
4106 3693.6874327123865 15612.312642123235
4107 1551.945392408096 16379.035966700847
4108 3134.666128379812 16251.498068457906
4109 4357.7764562017 15722.65407381735
4110 3795.225295135387 15555.495794173428
4111 3175.8106030806 14943.941835067677
4112 3942.900810859584 15355.094433300595
4113 1496.8956585810838 15892.01398861541
4114 942.0821468216353 15079.205185634253
4115 2722.966525764377 15418.547040085043
4116 2855.613302433165 15259.082113065499
4117 1830.6377478077054 17208.347576393277
4118 3410.0814359335836 15408.931046616874
4119 3445.252209934112 14600.999536184761
4120 3326.9385408570115 15229.94528453458
4121 3313.003216279931 16928.199048116694
4122 1012.7013787960504 15404.558121770937
4123 3009.807641863965 16765.092821892296
4124 1918.7991203942636 15396.485623295715
4125 1038.5811804846517 16279.958360309945
4126 4287.8875292247685 16549.09417141236
4127 1049.663624634158 16893.25979061302
4128 3482.2176953907815 16882.706653306614
