3137 3014.80366216355 16407.785031356718
3192 3038.994539207618 15611.715181316193
3195 2830.6748617358744 16213.060496144752
3206 3034.3655284547795 15598.776064330239
3236 3225.468045536025 15666.028829120827
3292 2854.646444555033 15599.526445106667
3299 2830.6714338769125 16244.248870911473
3337 3278.6181587841425 15407.204343827194
3338 2850.347715392043 15425.88964988735
3342 2769.799743426268 15399.348776487566
3347 3397.233923844385 15408.10920412946
3362 2779.303177246885 15399.579803863615
3369 3246.7139995659386 15406.960992802457
3383 2645.534093038957 15619.990229627823
3390 2794.854246806543 15399.957848564398
3403 2802.385771368896 15400.140939054649
3430 2891.7277961360223 15599.40918387561
3444 2712.2743334852885 15397.95034043112
3490 2746.5621810515454 15398.783874036248
3498 2728.1961240817004 15398.337397317391
3505 2851.3685667890377 15410.406737032927
3507 2737.187672718268 15398.555980823872
3511 2758.123669481633 15399.06493248161
3530 1054.3604184326384 16442.67315408926
3558 2862.925090910293 15419.623294929532
3563 2720.396932055202 15398.147799862072
3568 1765.0033990931315 16378.624597649588
3575 2113.4026229620554 16718.681253302617
3576 3583.51582543558 15126.626155719678
3580 3154.0554260439903 16642.607561666166
3581 3215.9533181206302 16733.919472887697
3594 2992.653349908355 14420.196646653536
3597 2686.91785875723 15397.306043499648
3628 2695.7028180608404 15397.534947771208
3632 2704.0733642412947 15397.74854101857
3633 2863.028788931998 15416.433370520635
3636 851.5427295372607 15775.722317883437
3641 1359.6705538792282 16864.516269620006
3643 3175.2623068093762 15406.587712203367
3654 4202.659780736981 17103.080923340687
3663 3689.0994613549415 16451.63804549389
3674 3109.1265990003008 15402.280801520596
3681 2872.5006904782567 15399.329788261124
3684 3384.2528177732643 16668.424090708933
3697 2865.00084621765 15399.285861922977
3702 2040.4679088550613 15403.17427496094
3706 1470.4755228849522 15626.902624627224
3715 4093.6584797032333 16941.231032351094
3716 2473.9216071814717 16807.71082224295
3723 2650.136989573634 15396.33021088093
3726 3142.3213101347446 16616.1937811188
3734 4138.721309472243 15257.978874037408
3740 2498.0996665280154 15388.224846126153
3742 2831.77023917549 15441.864897572217
3746 2676.9323463014452 15397.041118037436
3747 2822.8924754251893 15426.419887643591
3752 2870.5458496841093 15416.666265613154
3756 4552.163634409298 15376.002253290213
3763 2817.389255015034 15400.505672005263
3765 3446.7946213350388 17213.928237960416
3766 2870.4433361102465 15419.859015488606
3770 2676.4710013775016 17106.94159628978
3771 3972.935538938642 15708.965412638048
3773 2526.166799682758 15386.677737270587
3774 1476.5719020356864 15581.619866835623
3781 1931.9693402728972 16356.902783999341
3783 3630.632232585451 15210.953959371836
3786 2667.552285939429 15396.792255814493
3788 2901.268764623549 15421.05375268543
3789 2878.2220687508934 15416.904091780681
3790 2809.889768617517 15400.32336035909
3791 2659.2780444123136 15396.572732052371
3792 1446.572216543875 16062.652425523314
3794 3938.49672046321 15362.786876280956
3795 3145.870707278888 16627.98202360956
3798 2510.6820845347665 15085.196806420092
3800 3620.0786885317734 16338.858639595372
3802 3675.190871307169 15859.708269350447
3806 2880.000613509977 15399.373715060632
3808 3874.2498845396185 17254.647939797
3812 3091.3921118098665 15574.830236735199
3813 3099.6401171857497 15595.859170426322
3814 2831.4141183893967 15449.357458527453
3815 3730.7365804879623 16518.077293352224
3817 3197.656275985455 16703.929947752054
3818 1864.2428302645865 16355.294012032922
3819 2916.2336490063044 15421.942145385643
3821 2640.8190118257817 15396.082995770774
3829 2836.953314925978 17011.31556749367
3830 891.6509744744594 15862.885940390359
3833 4211.02516718578 16494.326555315667
3834 3869.7330771756815 15771.482758503314
3837 2558.9774349634517 15387.507148011024
3838 2892.2561438471066 16355.214335376817
3839 2364.5118122001895 16367.778755678071
3840 3651.162595694323 17388.390468113666
3843 2478.540008314295 16369.370828122746
3846 1891.6498283281405 15577.78341003356
3847 2979.3501361032504 15602.027897955153
3848 2724.4376418407087 16871.020255773827
3849 2832.4824750178072 15426.879896214661
3850 2334.847535355543 16534.01405208921
3851 2887.5004623136992 15399.417641425389
3855 3477.813398446086 14649.99858722473
3857 3377.774722266863 15567.189701488325
3859 3590.5639152292174 15984.95786302382
3860 2895.0003116732123 15399.4615677934
3862 3611.238897999104 15973.90462946586
3863 2042.467499315106 15563.985165974884
3865 4213.144434493682 16598.79276582854
3866 2886.204517138441 15417.151405606795
3868 4057.1797404854324 15622.925743167983
3869 2735.0392213758296 16361.454165597552
3870 2620.5752547489797 15395.545908993885
3871 2296.6631704468664 15403.088333524698
3872 2343.2719156446706 16366.66409910895
3873 3830.3373492992373 16699.251945195934
3876 3004.942490061956 16038.296909362418
3877 3288.8139857162855 15427.533511610918
3880 4466.676892469677 17022.97967833258
3881 4133.419470081564 16533.682985174742
3882 3622.9545546512218 16384.829120613536
3885 2878.033883110849 15420.09700293582
3887 3071.9575372247546 16698.95062301512
3889 2167.998272752218 15386.009275809722
3890 3482.915456364169 16042.49443842432
3892 2608.490476922252 16961.237752269517
3896 2187.1470401829492 15441.33206827821
3898 2886.0557756958124 15420.348514419506
3900 2606.6517908105543 15395.17650580744
3903 2372.012218496269 16367.872502326318
3904 1749.7189406278783 16927.763967535335
3905 3128.595936316536 16668.399801756674
3906 2680.3461581419137 16358.812250410423
3907 2630.7133921503323 15395.814883745947
3908 3149.836605392406 16628.296232569595
3909 3101.0404553524613 16683.263261655313
3910 3195.390604090654 16616.120497365227
3913 3713.760071723276 17161.54385535781
3914 2449.7953199263097 15388.667327000732
3915 1454.495232632347 15606.787285598759
3916 3979.517076697644 16201.961085796556
3918 3056.7181439454303 16507.82325294175
3921 2796.018959030176 16357.6310318024
3922 2160.491696631767 15385.853976338523
3923 2902.5001690996583 15399.50549420866
3926 2639.1632021707637 16940.45938040352
3927 1895.485422710895 15399.334395441823
3929 2553.906897657181 16967.68599153371
3930 2893.925686368729 15417.409631860288
3934 4285.807941602285 16020.012165746457
3935 2901.417386321616 15417.855652719052
3936 3736.0219890813773 15378.461002697364
3937 2472.5746699720744 15388.928827701628
3938 4221.09722021259 16617.59861424586
3939 3164.813498231685 16629.23646347095
3940 4229.168541101411 15904.429348272557
3941 3115.6261494060523 14334.174144497414
3942 2925.518967426645 17487.514658589636
3943 3290.4144998765046 16358.627722620948
3944 2355.5036478489733 16367.666163748854
3945 2908.9209325605225 15418.302378850409
3946 3133.6542986359923 16602.236633423214
3947 2379.512566146955 16367.966248241564
3948 1158.1867753857211 16303.176270606487
3949 2893.786406233615 15420.60956131021
3950 1427.4045638639138 16244.49295856562
3952 3650.123654425434 16395.485605399484
3953 907.2252096367151 15895.804241067755
3954 1016.5204868677702 16791.70376449627
3955 3546.5732141245844 16426.13626759076
3957 3642.239101326406 15302.574303392279
3959 2589.970625182715 15394.733938084077
3960 3136.460890803766 14321.601924588107
3961 1477.4024882715569 15571.339773643102
3962 3670.0168526085254 16351.532783450066
3963 3791.990645420233 16622.465381562142
3964 1701.9136597390002 15383.803223567176
3966 3508.5290364128905 16028.805326589989
3967 1601.538721163788 15429.223705641713
3968 3661.3094213679146 15292.301653239872
3969 2910.000040532441 15399.549420705955
3970 1827.4469303590215 16895.95112798507
3971 898.8098383170959 16178.50120029439
3973 2849.236615556718 15387.75933075146
3974 4045.7995679281357 15602.160410305154
3975 2387.0129081548057 16368.05999408628
3976 3610.61244626894 15168.576141068268
3977 2787.315714516175 15399.77458771709
3979 2852.436615008091 15387.839351378256
3980 1433.3511181077904 16120.9861449348
3982 3852.3787363189144 16272.195332180241
3983 2832.1263577496384 15434.372383154936
3984 2852.6360516322693 15380.341101427528
3985 2908.751269439382 15421.497952753247
3986 2572.30835678737 15394.26534073977
3987 1567.478371563295 16456.232099382934
3988 2700.6143303704507 16632.790923761844
3989 3914.1504303398 16238.081857788551
3990 3795.754974148666 15156.216884136007
3991 2599.550280130964 16362.090064679034
3992 1432.529546600157 16378.335569406354
3993 2142.2881628924547 15385.47737332827
3994 4045.68644544626 15676.370010355095
3995 3551.6823795609225 15349.488006295885
3996 2573.81880095224 16978.472453638224
3997 1472.6701981271683 15913.282696323664
3998 3911.692812833235 15367.22902452342
3999 2352.1684613070615 17084.41263397759
4000 2849.4360516738693 15380.261099863492
4001 2850.134941243763 15353.98483939919
4002 1462.8980718358193 15577.467678586025
4003 2381.6791175330095 16360.117156599217
4004 3898.0281113187375 15290.58035215303
4005 3325.986620241085 17356.10205665108
4006 2211.1629854348776 15387.579150197094
4007 2185.6542449395356 16354.874748857768
4008 3641.5626256059727 15639.28393977024
4009 1826.9027684276355 15386.084699781608
4010 2896.31954932154 16800.025882987025
4011 3602.2777085500693 15987.013455141074
4012 3636.3755024645607 14896.42615495416
4013 2241.659401163726 15180.21613805217
4014 3027.4196459391396 16293.674426809972
4015 3741.86744732318 16335.711550607894
4016 1919.3875749927795 15702.009244096684
4018 1022.893012685589 16295.06026377941
4019 4010.8278658031954 15697.05900208575
4020 1893.6683397561808 15396.10511594951
4021 2152.8266934341073 15385.69539925568
4022 4099.619075374973 17118.45880670801
4023 3654.5200770094575 16402.50007827019
4024 4218.481311753341 15469.925425078927
4025 4082.79638896618 16142.21049476723
4026 2555.46878883524 16970.484891488068
4027 2187.5187488892316 15422.594311753353
4028 2397.015855918649 15388.061433206438
4029 1705.5229179133046 16685.32649322011
4030 1047.8558218634184 16621.528341498048
4031 3491.313256220299 14664.528465056217
4032 1437.3204462003785 16037.351607488366
4033 1482.9725442943159 15747.50771802137
4035 1518.501150688898 16821.24001799586
4036 2855.6438696446 15387.656597674832
4037 3869.4454684124817 16742.526057672014
4038 4871.4981452939455 15726.287157486655
4039 3542.6240147856633 15378.33807145931
4040 2394.5161757586993 16368.153776497658
4041 4138.618521544338 17000.25902539201
4042 859.3444839503522 15800.357057100106
4043 4121.97269708617 16971.46788876147
4044 1124.5275747812284 15678.507425901296
4045 2161.58014341496 16678.508647329676
4046 2136.8996444573827 17223.079138094352
4047 3116.9049447121083 14978.043284126505
4048 3335.4565977023835 16130.056807081623
4049 2477.1362324333268 15641.791533353124
4050 4075.1107370976993 15658.96222271356
4051 2505.331866300017 15379.503983074257
4053 2804.565657192114 15838.249577894385
4054 1950.350708392891 16347.790567603839
4055 3831.4220259616663 15555.52354078767
4056 3690.481727238527 15298.963968202694
4057 3016.9125767916275 16782.595062187964
4058 1891.034961590367 15385.130728609407
4059 876.9984800642582 17101.843324895555
4060 4161.614635288225 15812.151430841897
4061 3943.880223543086 15754.67988275666
4062 2608.9121456909766 16644.821681139092
4063 5046.8470036781155 16259.071112543854
4064 3453.698874229512 16057.53196520222
4065 2193.909661332273 15422.717376975063
4066 3467.8312888647283 16258.658475622931
4067 3273.772582065049 16479.309738223943
4068 1166.0947047777875 16688.14425836357
4069 1841.836468013762 15550.886497348638
4070 2034.4886004640139 15964.125582370762
4071 4527.491927535125 15709.949600224409
4072 3972.092487291837 15136.443885054729
4073 1299.583938335236 16890.54337990824
4074 3445.3226464061227 16698.65046329958
4075 3974.3278569217705 16622.345602132737
4076 2949.603178930326 15398.910770451988
4077 4190.734213910091 16568.90326168712
4078 3623.227710711429 15972.308030415805
4079 1422.2167566890516 17682.11526479534
4080 3977.959477813983 16616.774673627322
4081 2380.356412728276 17064.81660620014
4082 3640.567406947945 15325.089984754573
4083 4402.657319719171 15934.84169613182
4084 1281.0449117152125 15560.056846518211
4085 3250.91784998736 15426.653678160723
4086 1139.6804370511097 16309.771795940529
4087 3602.0878637921937 15345.988320809547
4088 2922.443863675056 15399.622303763817
4089 1515.9842257116857 16391.994401434196
4090 3786.6682678952375 15874.169545827977
4091 4290.867527711502 15160.484307095083
4092 4374.889730164271 15891.63666236995
4093 2511.71 15380.95
4094 3149.545976460257 15405.907953970156
4095 1330.0347625689194 15305.831401181218
4096 3116.1352007655237 16877.00964721437
4097 1390.3818373559636 15454.517617309732
4098 3214.4779842132543 15654.099704393078
4099 2786.306776006755 16370.660098281109
4100 858.5165294278715 15746.10573736108
4101 4599.7234263006785 16598.561198739797
4102 3016.371196060037 15602.601060037523
