1007 2344.2158506141486 16034.29328883269
1008 4129.699593988112 15485.913236064382
1010 2802.3940416574223 15400.141140104406
1021 2787.3986208841816 15399.7766031613
1025 3490.2893756756325 15746.902556160177
1030 2749.910212022368 15398.865264281576
1035 2809.8917362039156 15400.323408190889
1036 2742.4125201052616 15398.682996259015
1037 4111.65186629179 15491.614776149429
1046 2794.8962851767083 15399.95887051231
1052 2712.421674919488 15397.953922284329
1053 2938.717275775618 15406.666567030281
1054 2080.337251001567 15408.228055169591
1067 2593.724163186498 16965.812257470683
1070 2119.701067272241 15408.509968424492
1075 2911.3203656546 15599.347226888516
1079 1169.718316398898 16296.786631311033
1083 2817.549110243624 15394.10567498411
1086 1854.7424845133687 15790.72159869164
1090 1869.6350423800504 16355.422098356687
1091 3132.626719915095 16600.58184526717
1097 2357.0114580783184 16367.685009681943
1101 1150.8131070374845 17114.522497548835
1104 2074.8455458252283 15411.388909372543
1107 868.4729791354271 15812.540352917958
1109 1882.7428795019696 16355.733461232163
1111 2032.6165941777153 16360.82898262679
1113 2734.914770308903 15398.500726829414
1115 2342.7057430980058 16101.894165308282
1125 2053.914573954658 16755.931446110553
1126 2886.4251829576388 15417.158242319716
1127 2346.3386736956318 15975.715926113815
1128 4415.435791195813 14898.599122314688
1129 3144.6625262181497 16626.036366809632
1132 1437.4223916472495 16536.863576264783
1134 2883.3083427173538 15599.435808457256
1135 2457.9565309068503 16361.044750578605
1136 2012.6454317611644 16359.153031963568
1138 2294.912909925206 15386.513373278549
1140 2865.000934477041 15399.285862439909
1141 3622.164110427065 14872.959999038763
1146 1893.7255070611902 15402.51069540474
1147 3391.0258886767647 15408.061846136401
1149 2730.159002506864 16623.83090655072
1151 2719.9194236388194 15398.136191687747
1156 3498.074136523503 16671.794019242196
1157 2871.422423944707 15416.693423813713
1159 2727.417092312833 15398.318459145272
1163 2972.0480844319154 15983.293418661395
1165 2403.6004076390327 16357.28278849523
1169 2349.6831027474846 15883.429463164162
1170 3975.3391629006596 15711.24779878571
1171 3154.121141862964 16634.80357506022
1173 3427.0896435547697 15770.663139675104
1174 2878.9238309400926 15416.925833918382
1176 2569.445061178777 15416.449888577348
1178 2764.90555467394 15399.229799325556
1179 2595.2741873831446 16968.612218230293
1180 2158.3075748612223 15385.808790230962
1183 1787.6955424031455 16313.007135376612
1186 1854.4996545978527 16355.376012887256
1187 2944.7421526312673 15399.192994639032
1188 3883.5483089882587 15763.963991988581
1189 3668.066835124617 15286.84316912067
1192 2896.1077671093617 16935.99649129049
1195 1064.0509747833203 16756.546376758153
1196 1477.6501742420903 15729.016127653342
1197 2863.81979497193 15419.651346707042
1198 2683.0909825737517 15397.204512712296
1201 2187.2608698795975 15434.868438670188
1202 2690.589354130562 15397.40345188135
1204 4119.850311150853 16968.905152547653
1207 3132.020616203719 16605.677813788945
1208 1268.1836306653445 16242.226894623875
1209 1901.727833435241 15863.294628871641
1213 3349.3796647906333 15522.767314026021
1219 3150.295375116573 16635.669778648244
1220 2352.383322850348 15406.901884417837
1221 2474.6211947291704 15388.952321245442
1222 3063.4069378205595 15400.30853441858
1223 1843.9597599776057 17062.32990169471
1224 2814.031870670902 15842.212127662926
1226 2785.237949166278 16357.741124489417
1228 2930.036378105658 16781.53910536438
1229 2817.5968628599126 16355.540790320805
1230 2033.5693667713322 15827.379329255904
1231 3091.8575466757984 15518.12595516844
1232 4376.959885906264 17317.396184279674
1233 2660.596109973037 15396.607701627487
1234 4150.9952912574445 16105.09310954809
1235 2178.7343327814465 15385.868293051062
1236 3162.826877861241 16651.918762166875
1237 2973.858864520779 15995.274555442405
1240 2405.761114435008 15407.489180142793
1241 2303.567148891647 15394.000181307532
1242 3000.5119787017447 16384.419115563767
1243 3886.040117695162 15309.47645220603
1244 2867.0932568897106 16355.976720859137
1245 3706.4873588969012 16331.180815628257
1246 1136.6968223845986 17083.09256582418
1247 2467.5564541461326 16815.01427991621
1248 2837.0616034313066 16368.217104023077
1249 3432.527737448685 17041.446039914674
1250 3139.9336688892076 16618.421007061886
1251 1039.1886460837293 16770.603553122393
1252 2349.5110865416136 16367.59126346815
1255 3036.3184370184713 16721.814286796773
1256 2700.7610673653753 16371.859391596756
1257 3586.9684755268545 15905.869480002902
1258 3239.041965591952 15403.702457936095
1261 3706.3578062850956 16479.176729252868
1263 2501.100537821139 16361.36326067544
1265 2833.6091726706495 16371.343804107055
1266 3128.064061236601 16599.306171055738
1267 2372.0122528180686 16367.872502755301
1268 2880.000749564259 15399.373715857497
1269 2849.226073291794 15388.155689934587
1270 2264.2451091817593 15386.037697882137
1271 2016.366129006113 16339.828760397928
1272 2797.9296127419493 16357.45396588921
1274 1358.6742513255958 16192.085944253058
1275 3999.506685874182 15490.01167984241
1276 2231.3909281447563 15385.528110457875
1278 3438.6753563419174 15402.767025538704
1279 3715.313794195631 15858.526517309849
1280 3124.1075459990075 16592.93459230302
1281 2871.311651288176 15419.886239891874
1282 2482.1289434869427 15389.038508145348
1283 3135.9771202985226 16612.049374597296
1284 3960.870788832203 15402.708486642245
1285 3900.6678697713432 16231.966266536876
1286 2131.6065338795097 15385.256386914407
1287 2918.201841660042 16367.067885855697
1288 3071.373405677243 16508.011444573334
1289 3994.356834679635 16197.487697895802
1290 3168.2138331516207 15407.583169334202
1292 2061.7089092023293 15384.714586831173
1293 3058.4954374145914 15268.057317012888
1294 2687.7857150658187 17130.39818501287
1295 3720.123387295554 16344.252521645123
1296 1425.8717749359969 16497.13458760126
1297 2352.2073533070957 15902.18862802691
1299 2625.2166129397565 16646.15586860244
1300 2984.067436435358 15399.168120045068
1301 2876.2192893668357 16367.162401515092
1302 3391.752492948047 16674.990184193368
1303 1431.3391340774442 16028.84956573333
1304 2168.6023945756074 15382.822175684223
1305 2675.592698655186 15397.005575868374
1306 2668.0943938066785 15396.806638469157
1308 4357.360073862001 17365.680728636264
1309 2872.5008309383793 15399.329789083795
1310 1857.559003949742 16307.038707805963
1312 2669.6614208889146 17114.091344427416
1313 2634.1255335257633 15395.522393680058
1314 2552.354726969939 16964.887327364442
1315 3053.6969447174465 16502.82764526307
1316 1434.3056993924106 15646.534853757714
1317 2535.458237967827 16370.782587154521
1318 3811.7702225996195 15228.139500625715
1319 2317.7702023112483 16357.28924907847
1322 2721.927469114818 16872.402791614382
1323 3182.606816830069 15406.473684232726
1324 2658.215814459055 16372.455847435785
1325 2741.1946314948777 17094.950539516056
1326 2852.3551405602325 16367.78119619969
1327 3608.545531823929 15928.121691000308
1328 3465.27671829184 16081.334481081716
1329 2379.4141730788147 16360.079301488255
1330 3013.551609682628 16411.93750637779
1331 3668.2540688317467 15893.400668769134
1332 2844.6071160253514 16368.002036184716
1333 2344.4990829830804 16312.34166784412
1334 3523.2840624468454 17205.958300727983
1335 3879.2028194986287 16253.725718851982
1336 3120.151012421134 16586.562984015087
1338 1734.9468726799553 15819.517888741675
1339 2852.4366145420163 15387.83936890134
1340 4253.306669540556 16048.894761996266
1341 1121.931049428415 16319.60675073925
1342 3650.1236676566805 16395.48562650988
1343 3601.133690888616 15151.132549241138
1344 4428.553845102446 16299.307873309828
1345 2644.497390138522 16915.060011025555
1346 4234.484446438686 15907.276700530012
1347 3314.126319542337 17360.830794885955
1348 1582.7308735208408 16983.882800343505
1349 1884.3292746610232 16344.995901630948
1350 2764.5747098408483 17267.003089068912
1352 1893.6683118548124 15396.105115527052
1353 3456.9433327327115 16067.221042104657
1354 3136.91129214119 16634.243496077128
1355 3617.794275958626 15953.366013108202
1356 3787.8718605791305 16615.838542308986
1357 852.2864443317255 15132.710040322821
1358 2887.5007191452996 15399.417642929642
1359 2855.6366144720914 15387.92937153034
1360 4223.640129094527 16615.625413867318
1361 1840.9535831129629 16343.369271562162
1362 2252.450867963981 15413.63661523755
1363 3654.107355881819 16401.84158352869
1364 1864.5458318174153 15395.803233348464
1365 2946.7154608016294 17509.48807389758
1366 2774.220813487544 16357.853628427862
1367 894.8174417491806 15738.516612541749
1368 4178.153235688469 15600.72975403907
1369 3658.091506391892 16408.198278121083
1370 1063.892831431687 15687.125303093517
1371 2564.769109756835 16358.633047490377
1372 3511.548717098981 16238.560727985945
1373 3355.823845861841 15891.28452034821
1374 4033.3059158356173 15672.091872318342
1375 2979.159343819355 15985.475076634082
1376 3329.8317154953534 17266.256061276697
1378 916.4574619775512 15726.144035319756
1379 3474.247188511674 16090.208593995465
1380 2364.5118094924724 16367.778755644227
1382 4089.392018094457 15657.693270078478
1383 1956.9979243932569 16803.993696595124
1384 2134.990898466614 16353.948845101146
1385 4068.4149534859957 15136.744380085247
1386 2381.9880580141044 15803.165952288158
1387 3236.814256436666 16794.03302658988
1388 3320.174415486451 17299.561012010618
1389 3087.8899149256895 16170.361442044892
1390 2546.74841311828 15393.47742977984
1391 2677.0402376579586 15417.987204768593
1392 3437.746483815558 16761.967263998304
1393 4259.515666388175 15555.020634570947
1394 3749.567128268566 16547.65345245233
1395 4467.307830682889 15420.611477590763
1396 1007.1737007153739 16212.917120728203
1397 1128.5391949033246 16615.841084228105
1398 2868.6410981978547 14536.93531395099
1399 2487.6686374823153 15396.027504017782
1400 1096.793783043574 16251.904301552519
1401 2092.6648317080976 17522.505808806294
1402 2201.760563156534 15385.485780808765
1403 1321.9359415491479 15671.407479957163
1404 3718.1501455712987 17498.447706638886
1406 4218.726309069299 15577.935948072307
1407 1455.862231662134 15649.894070500499
1408 4235.0377544640905 16062.582597354249
1409 3331.8513230648036 14426.980425859723
1410 3296.384546900337 16517.831931710305
1411 4212.950261113684 16493.381296501102
1412 2921.2947807035857 15602.515716721664
1413 1757.0668376778083 16902.356024072444
1414 2841.016377416567 15609.074676161796
1415 1580.7770557344531 16460.628515532455
1416 2915.3458592226552 17489.412892638633
1417 2856.8856011123094 15162.94549597726
1418 2773.133898153936 15811.559722053742
1419 1432.8154137053416 16283.778822101056
1420 3918.434367226646 16955.53071546626
1421 1272.0280769856427 17588.579592768107
1422 3307.282233394315 14383.917474768909
1423 1870.9017008482053 16755.954107053003
1424 1811.4371769320476 16624.9166791564
1425 3222.5251245848817 15323.404048164075
1426 1017.7980681907077 15231.125142041112
1427 2102.832058950721 15327.030802266545
1428 3174.65780320371 17062.83587962107
1429 1875.2367640675457 17344.920860314214
1430 2575.474291299627 16174.522394380238
1431 1152.3733760735229 15631.839896778118
1432 4275.163741640441 15561.322566256957
1433 3945.98660527064 15182.728153275171
1434 2859.5182788401803 15207.993661747685
1435 3915.5151952149718 16448.47522575456
1436 3825.61 15210.9
1437 2710.957613012246 15954.856891360358
1438 2487.2994513751028 15182.551610733679
768 3882.486035042565 16815.632962887255
791 1197.8242042345746 15600.1723966446
837 2795.7419317484682 14972.590088568371
897 2817.3894306919083 15400.505676275949
905 3611.6567889563225 15973.681217122386
929 2863.9210713706548 15416.461015395136
940 1853.5805168335182 15272.851648679283
947 3712.4110353667024 15599.127916965503
948 1260.4642773462713 15854.293112001242
964 1526.6182117728558 16830.751570397595
973 2757.4078907033554 15399.04753198237
977 2772.4032424874026 15399.412067248359
982 2779.900958920799 15399.594335866908
989 3540.892993661757 16202.762397939208
997 1020.5782151766809 16805.957909946614
998 3155.3203159957848 15406.426131416398
