3137 2817.38937251508 15400.505674861677
3192 2787.398602446239 15399.776602713075
3195 2794.896297675199 15399.958870816146
3206 2779.900893345821 15399.594334272788
3236 2802.3939600603535 15400.14113812079
3292 2734.914706330936 15398.500725274118
3299 2809.89166071158 15400.323406355677
3337 2757.4078677065336 15399.047531423319
3338 2727.417016992796 15398.31845731425
3342 2675.5927102935943 15397.005576177151
3347 2772.403222714884 15399.41206676769
3362 2683.0910538203243 15397.204514602538
3369 2749.9101020565577 15398.86526160832
3374 3299.2918675178644 14377.5973547168
3383 2764.905532373977 15399.229798783446
3390 2690.589337521194 15397.403451440687
3403 2712.421662982732 15397.953921994147
3430 2742.412412582948 15398.68299364516
3444 2623.104562626907 15395.613014018449
3463 2625.9129122780887 17034.42297369619
3477 1014.0234846002336 17030.215627623707
3490 2660.59607477196 15396.607700693568
3498 2645.5994663506176 15396.209825928983
3505 2719.9193385465037 15398.136189619163
3507 2653.0977521222962 15396.408762822071
3511 2668.0943702112922 15396.806637843149
3525 2817.549139172051 15394.105675687168
3528 749.0735359894246 16552.589726816645
3530 1141.5389386067134 15692.034486938923
3538 3242.996196254176 15406.932732046998
3549 2526.9011938640588 15415.80517224633
3558 2863.8198136600067 15419.651347292971
3563 2638.101189909634 15396.010889283447
3564 4268.252936194093 14957.312968121969
3567 1390.130884525489 16572.1805896484
3568 2348.742963492218 15909.371746646184
3575 2372.8159925298105 15806.594131561185
3576 3650.453776103 15246.421620671876
3580 3045.7265320415454 16465.90380873635
3581 3005.5359836083558 16392.240554279433
3592 2856.923752721894 15166.339850376271
3594 2838.7301912331855 15073.72867368165
3597 2593.111388534095 15394.817265623475
3606 3695.642816972994 15303.693178579953
3611 1033.3198623772364 15912.765321776566
3619 2336.803652311821 15754.169692672187
3622 1252.0076667761816 16836.483921119092
3625 3574.9452104629668 15105.619127878419
3627 1426.2255984439096 16429.152897683056
3628 2600.609667460205 15395.016202334942
3632 2608.107967362676 15395.215139602935
3633 2863.9210782609084 15416.461015608611
3636 1996.8405922072595 15406.218918156525
3640 987.6805660259299 15613.168951883015
3641 2280.471609016703 16620.15508169655
3643 2630.6029115213355 15395.811952586246
3644 3453.2220478822755 16053.89217538745
3654 3482.020357030482 16103.33619720346
3655 2946.705975716276 15399.07618731799
3656 3401.909060572793 17512.006899476262
3663 3142.6718589160823 16616.758296478718
3665 3183.247487604625 15403.278395671261
3669 2615.8095853872505 17012.845986275664
3674 2615.6062697090547 15395.414076935765
3675 3318.5046918998364 15827.52066423701
3681 2872.5006904782567 15399.329788261124
3682 4056.5303047567536 15661.658225380803
3684 3150.586698348133 16629.504164296697
3685 1012.3959111038832 16223.583810697435
3686 2810.0494475270502 15393.923407742801
3694 4632.61636925539 15123.984308599509
3695 2836.9524277813302 15140.160119968987
3697 2865.00084621765 15399.285861922977
3701 3436.3735503139524 15635.980228946659
3702 3299.261743942503 15497.332264094732
3703 2316.561136136766 16603.331067172025
3706 1847.9515826073732 16013.987996967286
3711 3347.9922531505363 15871.208564661927
3712 4114.690967670144 16914.23828995407
3715 3392.2218809760498 15951.660748705519
3716 2388.4983041305118 15777.943982552193
3717 3943.2986228436994 16141.624811984246
3720 960.498757111939 15594.875963219463
3723 2548.1214744296276 15393.623638972691
3724 859.5344419783544 16193.596430980804
3726 2795.9920402661664 16360.831817028118
3728 3247.599366208582 15403.767497897352
3729 1825.1755704098646 15400.457999717835
3733 781.9035505325566 16929.731221083064
3734 3607.554407189516 15953.874445390778
3735 3038.917407462673 16091.849549901322
3740 1830.7308261389999 15382.953157340487
3742 2837.0616005630973 16368.217104104828
3746 2585.613082000451 15394.61832817955
3747 2828.8290989203833 15436.46394557583
3749 2800.4005792265316 16317.337789911979
3751 3640.8585745055593 16381.901873207049
3752 2871.4224275783754 15416.693423926292
3753 3398.6882236063516 15408.12029825444
3755 3480.9523885705253 14654.723040362465
3756 3605.7722406804387 15976.827206998189
3758 3670.281634979406 15838.568583364691
3760 2802.549723138548 15393.741139002654
3762 2676.0639289904043 16897.668832954954
3763 2578.1147749652305 15394.41939072232
3764 1443.0929175792812 16535.863297514203
3765 3147.8466730079153 16631.1641221228
3766 2871.3116818807935 15419.886240851049
3767 3383.5529948732424 17409.19661903576
3770 2301.6862780251035 16356.995305488981
3771 3470.6872218813833 16090.473028866287
3773 1845.310637924496 15382.646158735342
3774 2459.277147214998 15408.077996883521
3778 2863.2649312779063 15201.531726126768
3779 1219.2108041196395 17558.565438168225
3781 2442.3814775365067 15691.873966387304
3782 2266.75848930644 15180.25446702363
3783 3158.419245588156 15406.704223034041
3786 2570.616485278867 15394.220453725371
3787 3292.8712589466377 15777.99461429096
3788 3708.519922298812 15327.536984578697
3789 2878.923774643594 15416.925832174193
3790 2563.118111511508 15394.02151449767
3791 2555.6197570715017 15393.822575782744
3792 1860.0083595048222 16354.494639464252
3794 2805.685866672064 15402.766829484222
3795 2952.001057425334 16363.03003209467
3798 2856.5724670226587 15107.877611132697
3800 2881.3872634689 15599.441883427773
3802 2886.1990744886693 16352.195071903423
3804 1862.829011251851 15377.296949197753
3806 2880.000613509977 15399.373715060632
3808 3784.855747170416 16604.929094143736
3809 2260.0938670345918 16924.68570021161
3810 2847.4710440898248 15558.899352444832
3811 4500.597232652333 15189.772455609898
3812 3466.8648532905677 16084.016901920004
3813 3474.677655440512 16097.213023980925
3814 2844.607047156788 16368.002038147659
3815 3146.6292783673816 16623.1312299614
3817 3000.123107304613 16308.411039413137
3818 2403.6671682891115 15747.248838609727
3819 3360.946862493468 15900.725777154725
3821 2540.6231720085807 15393.42470163788
3824 1850.9787204598338 17340.650633797646
3826 1155.5118015190972 15621.522128319988
3827 3641.407032818187 15639.373102968837
3828 4183.950245958609 17068.67
3829 3176.6430187578126 16643.72696365225
3830 1935.7061481060437 15399.93250735001
3831 2420.6862865525263 15573.295803460189
3832 3456.22966907333 16414.536740467334
3833 3620.603934569574 16386.100339585744
3834 3478.813541033921 16104.198693152264
3835 3847.4389799359506 16704.482428920568
3837 1863.4493956868716 15380.40254185905
3838 2817.469261441156 15397.30567649336
3839 2961.948560530873 16379.961012029129
3840 3974.1029013606667 17224.43113313641
3841 3820.365188245464 16662.054610205254
3843 3170.0981292608226 16647.390666934516
3844 2140.902951545399 16354.05689150029
3845 3891.595368492663 15279.102499839186
3846 2336.07 15854.543754527474
3847 3463.043098301658 16077.56181137084
3848 2208.8305834662947 16650.908964451843
3849 2832.4802747976582 15426.926187485
3850 1454.2446182407332 16284.295367825329
3851 2887.5004623136992 15399.417641425389
3854 2848.1257898125355 15599.224688078382
3855 3939.442770528607 15746.12177368373
3856 2014.6964038086699 17280.366398364844
3857 2809.9702029318755 15397.123407710149
3858 2595.2742068744083 16968.612207354498
3859 3603.374663935587 16316.473031704609
3860 2895.0003116732123 15399.4615677934
3861 2100.6723535224305 16362.267671941536
3862 3483.424726927166 16111.987162733987
3863 2646.269113917052 15423.331082681285
3864 1434.5658617707368 15647.16789773783
3865 4262.347033424141 15958.994660422588
3866 2886.4251953754774 15417.158242704449
3868 3459.2214725770737 16071.106939154073
3869 1866.4656200730224 16344.68985547812
3870 2474.1860445005354 15388.947325839974
3871 3720.3085197408404 15349.365262230618
3872 2707.492329277611 16371.765023830734
3873 4287.682227193918 16006.021325101645
3876 2802.471191025948 15396.941140059658
3877 3658.354815496211 15253.997054473693
3879 4302.409230144678 15169.020658501315
3880 4374.966434160866 17069.937446086886
3881 3830.559772401287 16695.52690752131
3882 2580.7460824478985 16949.647637871978
3883 1423.836366111507 16099.090774582666
3884 3952.6453804810985 15731.591016012411
3885 2878.803534458694 15420.121133918672
3886 3058.339962539977 15600.443885356664
3887 3143.8901585854833 16624.792544682823
3889 1360.9198734486442 15659.104681470331
3890 3701.2494463292605 16477.056581221063
3891 3470.8205676912653 17070.007261500825
3892 3807.338120862636 16294.67323261447
3896 2518.351588870342 16893.83871410441
3897 4315.460677174757 16766.003744232745
3898 2977.681367507725 15424.333472325632
3899 3517.056593493999 15388.624171376221
3900 2458.942047488141 15388.77232892851
3902 1623.4833535006842 17032.5776569656
3903 3110.391541797815 16596.57318904948
3904 2517.8424837250004 16898.950222384552
3905 3135.782669049654 16611.736229981052
3906 1643.472737920036 16417.236193535817
3907 2533.124861043947 15393.225764076396
3908 2819.0679315831408 16358.605306029129
3909 3139.9336574113886 16618.420988577986
3910 2880.623984971396 16355.566766680502
3911 3263.3984503354727 15853.555298094063
3913 2679.461927768856 17117.48986924514
3914 1849.3150063800651 15434.84382527699
3915 2703.1086338063774 15409.04196420703
3916 3829.389098952464 15203.680450523769
3917 3490.2247636898555 15746.79768638853
3918 4151.350775625124 16108.544552749727
3919 3706.2736786290543 16479.042488981017
3920 2482.1251269383224 15389.038464332414
3921 2178.819067001548 16664.739822879998
3922 1028.230890103083 15682.456825950512
3923 2943.6300269343183 15399.259143379371
3925 4038.1397311565775 15091.033813523722
3926 4038.3079534789995 16166.357019507052
3927 2646.2033615127734 15430.83199367563
3928 3882.3745873126486 16045.286073659296
3929 1545.4012952539858 17559.27751314213
3930 3322.9163356663253 15427.891358716683
3931 3180.793488501052 15592.449342737498
3933 1853.1253126568101 17271.448866560488
3934 3668.3647106691833 15271.90825151693
3935 3606.612728604689 15343.530855421455
3936 4283.5930970971685 16019.162933246078
3937 1761.595096983602 15381.693269472653
3938 3350.5181780774237 17338.06079691528
3939 2854.059455817175 16356.371619136664
3940 3379.4484281473374 15407.973527484755
3941 3596.6940466145384 14838.56067124966
3942 2557.0153809171698 16973.286995669085
3943 3338.0104252501583 16961.445651164307
3944 2882.8829463339785 16370.212874082232
3945 3806.5697101181254 15509.798329594052
3946 2782.758660396355 16360.966934241409
3947 3030.0603772370737 16439.62730564046
3948 1576.2679982762058 16956.34230921295
3949 3561.916946239205 15367.8247842992
3950 982.7887284787365 16060.160605790625
3952 4118.514796331374 17107.570307692662
3953 1927.2885519185768 15403.008436202306
3954 1806.0824563039203 16890.773650186205
3955 2354.735889746333 17086.630504855446
3956 2323.1523239433036 15807.553863627709
3957 4047.269918334975 15663.562818241651
3958 1842.4860594338181 16729.598529677245
3959 2193.909662163435 15422.717336216163
3960 2676.3301849673103 14716.548277220187
3961 1442.0586969959222 15911.90497626864
3962 3025.243297946846 16070.295864782569
3963 4550.505992754759 17222.939430324022
3964 952.0150737190315 15432.549590392982
3965 2661.1264703434817 16928.204895044164
3966 3309.2956442131012 16550.03992889711
3967 1009.0937783612549 15405.392860769212
3968 4220.447578094263 15576.968945355915
3969 3179.4413108670733 15408.049697761444
3970 1333.6422104109972 17721.848596709646
3971 1390.3986743797323 15657.724953979317
3972 2655.977894254492 15417.73045761635
3973 2849.236618381842 15387.759224534817
3974 4628.578181457056 15415.21300021559
3975 3218.1571897741596 16769.825665869634
3976 3571.003533727942 15105.215520486967
3977 2397.5923123743005 15182.273169398559
3978 1192.9617793397545 16280.248546791692
3979 2856.493501988877 15128.06037844326
3980 1325.1801130267593 15227.743173212091
3981 3050.7802197321625 15254.357369139327
3982 3953.087616488175 15388.821005282905
3983 2772.377139172685 15579.093756695109
3984 2786.3166354084415 14957.407143663375
3985 3266.6645567297123 15732.661818251418
3986 2193.7572693985962 15430.19044295345
3987 847.7859157431404 17054.84609427625
3988 3457.4346362097194 16422.78994992232
3989 3838.7117988109176 15203.853392443893
3990 3812.8551952639527 15178.939134677861
3991 2036.414084982451 15848.729104509819
3992 1074.4891197398188 15681.237885331131
3993 1017.614781725279 15663.398325187862
3994 4528.740050818222 15719.52430062008
3995 3517.725071621845 15391.906239681688
3996 3450.350172828889 17340.90210707893
3997 1641.1932084875127 15775.173544811143
3998 4243.048125109001 15564.27203973673
3999 2637.5016214139305 17258.46025634165
4000 2833.711350341303 15116.906763923667
4001 2918.6657506857027 14491.857801248712
4002 1359.1060600270466 15450.744195952726
4003 1955.9572431734562 15982.34327449565
4004 3245.672886257042 15098.682346461692
4005 4304.431445798703 16765.193833117653
4006 2303.8246688994936 15465.018845460012
4007 1986.152614913555 15581.939095829703
4008 3399.5102566222326 16086.268217177727
4009 922.1840055996877 15934.713373585273
4010 3330.5824500549966 17262.451928727907
4012 3962.0957425885463 15446.98458684296
4013 1841.48088757975 15596.274468274287
4014 3516.7621547549325 15789.871463502544
4015 4598.374661508704 16601.83079303675
