3137 2830.5081489455497 15400.748034876862
3192 2787.398602446239 15399.776602713075
3195 2794.896297675199 15399.958870816146
3206 2779.900893345821 15399.594334272788
3236 2803.9710936654915 15400.179478056161
3292 2734.914706330936 15398.500725274118
3299 2812.0531041989952 15400.375950796646
3337 2757.4078677065336 15399.047531423319
3338 2727.417016992796 15398.31845731425
3342 2675.5927102935943 15397.005576177151
3347 2772.403222714884 15399.41206676769
3362 2683.0910538203243 15397.204514602538
3369 2749.9101020565577 15398.86526160832
3374 3273.4064468315823 14338.271840016463
3383 2764.905532373977 15399.229798783446
3390 2690.589337521194 15397.403451440687
3403 2712.421662982732 15397.953921994147
3430 2742.412412582948 15398.68299364516
3444 2623.104562626907 15395.613014018449
3463 2678.5585576846274 17116.08853352046
3477 958.5191506827894 17037.960586505298
3490 2660.59607477196 15396.607700693568
3498 2645.5994663506176 15396.209825928983
3505 2719.9193385465037 15398.136189619163
3507 2653.0977521222962 15396.408762822071
3511 2668.0943702112922 15396.806637843149
3525 2826.0623971539776 15392.067602846022
3528 733.8545178334161 16540.24899256351
3530 1051.0901132842616 15695.415539753852
3538 3340.438405875472 15407.67593955008
3549 2526.9011938640588 15415.80517224633
3558 2863.8198136600067 15419.651347292971
3563 2638.101189909634 15396.010889283447
3564 4364.7025202324385 14904.873731550264
3567 1311.6606733482893 16616.54769665537
3568 2345.4612015023663 15999.928969296261
3575 2350.087308832816 15872.275765675124
3576 3645.534051941853 15237.618516610748
3580 3092.7155760566793 16542.380911430027
3581 3037.919699110816 16446.557060868145
3592 2863.306891722236 15204.538373741112
3594 2817.555672535393 15023.902179509078
3597 2593.111388534095 15394.817265623475
3606 3677.380598434054 15305.096648455887
3611 1080.832606044666 15888.803582534361
3619 2305.4311359052767 15754.315441877327
3622 1205.4768859615879 16865.087040270708
3625 3579.29713535044 15113.067865383722
3627 1419.2663902412373 16344.685242517493
3628 2600.609667460205 15395.016202334942
3632 2608.107967362676 15395.215139602935
3633 2863.9210782609084 15416.461015608611
3636 1954.5131860781003 15401.918461129586
3640 950.3441185490512 15585.643744431245
3641 2206.8197460725887 16662.006640786913
3643 2630.6029115213355 15395.811952586246
3644 3480.296232587933 16043.894275820101
3654 3524.893520576463 16175.741919264066
3655 3014.3179225772624 15399.394004798218
3656 3383.140530333618 17518.463119372012
3663 3142.6718589160823 16616.758296478718
3665 3237.7474995660896 15403.692619432099
3669 2663.443858550149 17086.734403116483
3674 2615.6062697090547 15395.414076935765
3675 3302.0844163516135 15813.707190868108
3681 2872.5006904782567 15399.329788261124
3682 4080.622966259441 15647.351709926184
3684 3150.586698348133 16629.504164296697
3685 1027.6391673809908 16302.808172572255
3686 2813.6096489102783 15394.009932711875
3694 4694.584403362446 15218.180877116707
3695 2833.590170031007 15111.78915186588
3697 2865.00084621765 15399.285861922977
3701 3477.3386313138594 15613.153359302678
3702 3383.1697030058954 15450.809581614487
3703 2261.4427761396055 16634.64950138495
3706 1843.9218056721363 15993.45655282091
3711 3399.0990256355253 15964.336035447795
3712 4161.766327273737 16887.04847130034
3715 3438.0854548826674 16030.213915308415
3716 2353.183610234415 15843.672624198156
3717 3900.9136355098944 16074.60173696853
3720 930.8829869236145 15554.80965328675
3723 2548.1214744296276 15393.623638972691
3724 835.2379314889095 16181.154063540498
3726 2836.0593363963226 16356.954472384732
3728 3254.4658240666436 15382.652454457948
3729 1728.4549762392699 15397.605480941731
3733 699.1884300285026 16982.76860154969
3734 3607.5595269032074 15921.352864969704
3735 3030.141762828312 16113.64449182507
3740 1865.585224144469 15380.137609827376
3742 2835.1376491891465 16368.065396230848
3746 2585.613082000451 15394.61832817955
3747 2829.2890874373024 15426.799664361508
3749 2799.9800291131046 16250.641272787308
3751 3666.231156504575 16415.14769732164
3752 2871.4224275783754 15416.693423926292
3753 3505.468821431745 15374.370027370393
3755 3454.0555044709904 14614.245667076333
3756 3610.4870976558323 15959.345701829316
3760 2803.1014244976213 15393.754547216937
3763 2578.1147749652305 15394.41939072232
3764 1432.0443659402765 16494.321263057944
3765 3147.8466730079153 16631.1641221228
3766 2871.3116818807935 15419.886240851049
3767 3407.4409975620983 17449.169431286286
3770 2334.415290676986 16363.61191620381
3771 3470.6864075096996 16090.471653361323
3773 1890.9054912918803 15378.266890012403
3774 2362.702648083934 15407.015424064462
3778 2885.162766689926 15208.960245182234
3779 1116.3684602807075 17495.096645388247
3781 2393.9325472698797 15767.937057059551
3782 2303.013666187729 15180.6346625883
3783 3200.357351744524 15406.608614320307
3786 2570.616485278867 15394.220453725371
3787 3308.0376018972797 15804.640767746245
3788 3694.1832993164944 15301.272833768588
3789 2878.923774643594 15416.925832174193
3790 2563.118111511508 15394.02151449767
3791 2555.6197570715017 15393.822575782744
3792 1838.2382501256106 16340.809006193771
3794 2903.836319966606 15405.079918483001
3795 3003.1228767454045 16394.445617861988
3798 2856.5724670226587 15107.877611132697
3800 2948.9134978925 15599.228347269043
3802 2925.318257069677 16338.70950268164
3804 1914.6913347048358 15375.382749971057
3806 2880.000613509977 15399.373715060632
3808 3836.451731519189 16687.859580198805
3810 2845.9632829315224 15597.742677492746
3811 4473.7326907135775 15142.243739236723
3812 3466.8647176859795 16084.01667287866
3813 3474.5080270579692 16096.926515146059
3814 2844.607047156788 16368.002038147659
3815 3146.6292783673816 16623.1312299614
3817 3015.209219220529 16402.212747843674
3818 2365.07008783853 15820.940236052911
3819 3320.193504723209 15830.383058852896
3821 2540.6231720085807 15393.42470163788
3824 1887.9866206535457 17440.3710436252
3826 1156.8377022251261 15660.782516932577
3827 3603.6955768176836 15660.983834987088
3828 4214.907800434502 17050.931526748158
3829 3176.6430187578126 16643.72696365225
3830 1852.6769076553194 15398.088754984119
3831 2421.918969737494 15530.219539234267
3832 3476.455589470278 16448.316335766514
3833 3646.923573804528 16386.846141551483
3834 3478.334636562436 16103.389805157925
3835 3905.976406184504 16784.414934131433
3837 1919.360056360827 15378.672868650758
3838 2819.677677303852 15400.55316843634
3839 2874.6854560162183 16370.397738997644
3840 3967.2770383799725 17226.780523429545
3841 3879.4652219942523 16750.650624384794
3843 3170.0981292608226 16647.390666934516
3844 2256.4028145820294 16356.167722397184
3845 3936.645887720463 15359.484822410372
3846 2306.8348267753768 15778.764463038347
3847 3463.043098301658 16077.56181137084
3848 2286.5018322920123 16605.540035951155
3849 2832.4824702286073 15426.879996976462
3850 1513.8155588131067 16285.731310750452
3851 2887.5004623136992 15399.417641425389
3854 2890.753645105462 15599.412264403805
3855 3937.8761139857847 15734.547698190814
3856 2110.693483592 17228.164618671213
3857 2812.1427377816067 15397.176212376637
3858 2595.2742068744083 16968.612207354498
3859 3554.074508995481 16231.573857117217
3860 2895.0003116732123 15399.4615677934
3861 2010.5727417532669 16358.928809233701
3862 3482.2254854081916 16109.96159787759
3863 2639.5191160883815 15417.511801619874
3864 1433.6559991099712 15644.801400642398
3865 4285.3827641832095 16001.753109238402
3866 2886.4251953754774 15417.158242704449
3868 3459.2214725770737 16071.106939154073
3869 1942.2006760788354 16347.445579367464
3870 2474.6266331499787 15388.952383677024
3871 3700.685481107141 15313.030393915948
3872 2618.633633534042 16372.48151721338
3873 4284.27967531631 16023.823843095131
3876 2804.3323363514132 15396.986376230763
3877 3663.109713220408 15262.505226496161
3879 4282.196443968744 15168.528242568977
3880 4381.902009749708 17066.553843288184
3881 3830.560304975165 16695.52663064682
3882 2608.6922360333742 16934.786399585602
3883 1428.509138128295 15991.07917352271
3884 3857.9112529870827 15785.327613901822
3885 2878.803534458694 15420.121133918672
3886 2985.8580598723042 15602.128653988171
3887 3143.8901585854833 16624.792544682823
3889 1449.1797585626437 15592.136102644652
3890 3658.900410591596 16409.488881209247
3891 3448.75637964802 17078.72935355875
3892 3720.1150043432117 16344.257230773628
3896 2463.62451975494 16808.912662008635
3897 4337.985006117643 16803.650214260295
3898 2902.101162697854 15421.103168127205
3899 3431.916957031416 15427.79212516114
3900 2467.09169192967 15388.865884615096
3902 1661.7097174713117 17090.46547183261
3903 3067.309922517078 16525.33695077184
3904 2470.5398599863593 16825.54190535619
3905 3135.97621315385 16612.04791373
3906 1747.1496614767132 16375.396560478268
3907 2533.124861043947 15393.225764076396
3908 2881.6519848774956 16355.53562032573
3909 3139.9336574113886 16618.420988577986
3910 2967.053400789545 16363.995042742
3911 3281.9257745446957 15898.464361549064
3913 2729.8761619807256 17195.61250447718
3914 1849.5869163978177 15408.9938342711
3915 2584.5143879780953 15406.606607059495
3916 3843.5666052469655 15205.26755567035
3918 4067.3550303752404 16154.235928655695
3919 3741.986634253884 16536.02870608531
3920 2482.1289059556666 15389.038507714498
3921 2261.2386262047485 16616.59514926277
3922 1066.490682928529 15675.929572769996
3923 2905.438748661607 15399.522705371322
3925 4060.4203557696355 15116.17437005353
3926 3933.637764336831 16223.66397089145
3927 2646.245469082786 15426.028441040315
3928 3883.8809848082983 16028.099354554966
3929 1634.7456641746355 17475.734826608394
3930 3212.6665114286056 15425.765597977046
3931 3209.0795135054336 15639.03653680389
3933 1855.5925220648046 17338.246083640348
3934 3676.9700809748874 15278.277598194563
3935 3515.962330889536 15392.866809077388
3936 4253.130401094401 15977.506103396865
3937 1831.5256725439785 15382.967642142408
3938 3396.479538544138 17319.67798434704
3939 2933.1401184571746 16356.772814011416
3940 3459.6516290063655 15397.256667243526
3941 3567.3883106654102 14791.343578114886
3942 2557.021006017193 16973.283526985302
3943 3281.318474959718 16873.219886048915
3944 2839.104581608721 16371.361683754803
3945 3773.9688999919936 15448.749277111761
3946 2809.5166916522853 16359.53327569361
3947 3053.838424506791 16480.005752770878
3948 1543.6329049866085 16888.908216699372
3949 3475.473480660385 15414.175414517194
3950 1001.1002613357792 16151.427153498418
3952 4171.202591198272 17077.20941255387
3953 1845.0981996388755 15401.063449192827
3954 1746.406863112067 16922.272374267337
3955 2434.6028193715288 17041.600996737117
3956 2270.542026363507 15713.478335461925
3957 4069.404747053176 15647.521629591683
3958 1840.0094040803804 16829.489518340055
3959 2193.909662163435 15422.717336216163
3960 2653.4572297408763 14737.726121524494
3961 1492.6231555400718 15879.643433913789
3962 3045.90698954102 16102.97460905848
3963 4486.644383159295 17259.0524298483
3964 909.8643084047876 15465.0967169184
3965 2600.620133258845 16961.96462588755
3966 3394.4727053191973 16502.568501130077
3967 971.4279835250509 15417.559721834901
3968 4157.355356157811 15612.413927581762
3969 3139.361856294751 15404.994051809206
3970 1429.360513821922 17665.459700156072
3971 1327.982621541321 15684.08841616838
3972 2562.2433526965183 15416.340752775579
3973 2849.236615556718 15387.75933075146
3974 4605.161013904441 15374.653903485521
3975 3169.2069947862487 16690.312479634766
3976 3567.187403113554 15098.753217724188
3977 2464.2887551828067 15176.803600256088
3978 1247.526262182922 16250.014308079588
3979 2860.2577183876324 15192.77917136016
3980 1335.997199049835 15271.176383432348
3981 3019.579606757358 15207.373797028285
3982 3992.345165603337 15469.053614603275
3983 2813.594698936064 15580.191652892636
3984 2825.0906350676178 15041.632961117899
3985 3247.1867641001536 15707.96926443373
3986 2193.757271870864 15430.190321717248
3987 827.4166249112961 17005.475896135733
3988 3425.161792635134 16368.886781564865
3989 3865.735527155007 15232.961149600535
3990 3756.4422857499253 15088.419730091739
3991 2034.9725632187956 15935.121143860379
3992 1166.1530117912544 15679.827689477324
3993 1027.6904683509142 15682.539144860739
3994 4506.693028311796 15676.432458118767
3995 3418.770607069317 15428.72957581965
3996 3397.2192774406585 17362.92447995201
3997 1692.5852461699355 15758.609574335846
3998 4189.60573795577 15594.295779662407
3999 2614.908267723821 17217.66399637913
4000 2850.581875260752 15105.458196208545
4001 2876.8433867853387 14529.568647257136
4002 1318.5085293188129 15465.696454409946
4003 1906.798715093995 15981.941626797467
4004 3276.370841825352 15145.595104086264
4005 4322.913296829623 16778.460859768613
4006 2304.4295264276375 15425.222913894593
4007 1919.3999653392007 15581.263545868967
4008 3449.452641692887 16060.30121654412
4009 898.2500823343341 15884.379972145322
4010 3371.0450379185063 17245.075559153338
4011 3634.7106285993777 15643.210509751982
4012 3942.477081534524 15411.51366624954
4013 1848.0908648567035 15569.5219740147
4014 3530.918621301464 15812.857166236641
4015 4588.309833181231 16584.122118069918
4016 1934.3767036565018 15598.870117695187
4018 803.5622256611689 16646.911698577
4019 4586.402477203321 15368.523322660076
4021 1167.4329526144013 15673.486902659104
