3137 3247.985982738735 16786.422188552293
3192 3153.957609215372 15885.708520115886
3195 3029.2327707653976 16438.239179180164
3206 3303.4882879763327 15795.853532333867
3236 3506.4247192708126 16144.551151344753
3292 3221.5904213720955 15659.642051104349
3299 3037.982889460528 16446.663048676928
3337 3844.6340763740204 15205.588556774395
3338 2833.185198163637 15932.550107498137
3342 2772.4033396885784 15399.412069611308
3347 3872.2689984005574 15244.618730212838
3362 2779.9010134032937 15399.59433719137
3369 3813.713062111362 15212.1164765928
3390 2794.8963769857382 15399.958872744177
3403 2802.3940504076472 15400.141140317122
3430 3327.001133732373 15493.701510035085
3444 2727.417100676184 15398.318459348584
3490 2757.4079471341524 15399.047533354196
3498 2742.4125436355735 15398.682996831034
3505 3026.289476658314 15599.474577315903
3507 2749.9102425823994 15398.865265024488
3511 2764.9056634729386 15399.229801970447
3558 2527.439037975312 15415.813322818996
3563 2734.91484350646 15398.500728608838
3568 1350.4058416193707 16594.641154020937
3575 1854.6250357884117 16871.01623376541
3576 3566.5824768919842 15091.556530000993
3580 3314.4131227716352 16982.908151256805
3581 3462.160349620803 16891.014829704192
3597 2690.589328990302 15397.403451214353
3628 2712.421577291645 15397.953919911008
3632 2719.919343768948 15398.13618974612
3633 2526.9835922162833 15412.605212566046
3636 894.6114386555867 15876.72784963499
3641 1344.970925528426 17035.847538885013
3643 3726.1060359187727 15259.234762697011
3654 4526.811127804093 17232.6662994668
3663 3923.151568544074 16496.252161733402
3674 3217.307781987006 15320.934047132028
3681 2872.5006904782567 15399.329788261124
3684 3387.872608354526 16668.29130971919
3697 2865.00084621765 15399.285861922977
3715 3992.3551031349434 17184.710524622926
3716 2564.500593330722 16949.326663894026
3723 2660.596018746271 15396.607699207152
3740 2802.5497955002106 15393.741140761289
3742 2831.77023917549 15441.864897572217
3746 2683.091004849356 15397.20451330329
3747 2822.8924754251893 15426.419887643591
3752 2543.628035872693 15416.058653391558
3763 2817.3893999176944 15400.505675527831
3765 3340.9642524782244 17402.964844994975
3766 2559.4450097587537 15413.097266460321
3770 3047.9070668696418 17465.169930804408
3771 3907.8841693843174 15342.357818480183
3773 2810.0494684215196 15393.923408250606
3774 1020.1791413729852 15695.819002824584
3781 1508.086763682184 16503.277931032797
3783 3601.454911701906 15158.497032802043
3786 2675.592647306539 15397.005574506044
3788 2734.831996295449 15415.49119099098
3789 2529.8320608153363 15409.447045628049
3790 2809.8917181849047 15400.323407752849
3791 2668.094333136136 15396.806636859508
3792 1679.4459799015488 15981.593498225646
3794 4031.8744851097185 15563.414915409772
3795 3366.145676408706 16981.553739849354
3798 2395.3271055142577 15179.717961019707
3800 3984.570089121651 16178.74452259449
3806 2880.000613509977 15399.373715060632
3808 3452.516320742268 17487.050612590432
3812 2876.75598528807 15420.056936832465
3813 2959.7870888671514 15420.837694703812
3814 2831.4141183893967 15449.357458527453
3815 4110.165711103542 16954.195872374352
3817 3461.395683091118 17074.374608505994
3818 1454.9272246419696 16534.559498209397
3819 2826.9217889223423 15417.854312127583
3821 2653.0977266786567 15396.408762147026
3830 914.2796763789722 16172.555473554641
3834 4257.084371661198 15535.61659360159
3837 2817.549170363687 15394.105676445231
3838 3181.934450787391 16414.681372329847
3839 1927.3611536907238 16356.793321376972
3840 3362.9273575639168 17380.53298288007
3843 2347.105256636715 16367.242340402938
3848 3242.61614326816 16593.886534809775
3849 2832.4824750178072 15426.879896214661
3850 2572.5705418948824 16944.126578239142
3851 2887.5004623136992 15399.417641425389
3855 3267.588905602723 14329.433745171957
3857 3591.6772914993057 15911.451065108633
3859 3876.261638933352 15764.289476942284
3860 2895.0003116732123 15399.4615677934
3862 4016.8175011284743 15685.913839301465
3866 2564.2169565559625 15409.968437511176
3868 3813.7425388261377 15210.287057656195
3869 3004.6730521109794 16390.793177916483
3870 2638.1010342292784 15396.010885153093
3871 1870.8219732170069 15395.43180675202
3872 2336.0842107589083 15897.33919593292
3873 3545.828553087024 16847.159513423445
3877 2837.963303799728 15416.84965016003
3880 4461.907201512716 16956.65286991538
3882 3807.705518518615 16641.68847251285
3885 2600.562020906908 15416.921439787302
3887 2591.327550540557 16980.77308667876
3889 2167.998272752218 15386.009275809722
3890 3713.698808776463 15859.504594144899
3892 2759.994675161865 17236.367384053592
3896 2108.8007896803674 15408.431903515488
3898 2632.865634986483 15417.410973740434
3900 2630.60265674968 15395.811945826905
3903 2038.018263020559 16360.943173157038
3904 1783.6542353165337 17263.514671122077
3905 2558.8830085915097 16981.250970235204
3906 2945.5314731672474 16328.72766757173
3907 2645.5994398174353 15396.20982522503
3908 3600.9629180911516 16396.722231645537
3909 2597.0914520412384 16967.598215296777
3910 3652.299779298827 16393.08297856319
3913 4132.134924497209 16982.16262516612
3914 2608.0683354904313 15395.214088130402
3915 1261.3441798035583 15128.094132703613
3916 3690.906217539154 16454.521038468476
3918 2646.6608034226197 16372.591009639336
3921 2968.212266530827 16317.527275787246
3922 2160.492048976185 15385.853983627985
3923 2902.5001690996583 15399.50549420866
3926 2314.2312934891147 17123.33955546248
3927 1733.7036194489824 15391.321430361542
3929 2859.9590386389946 16799.95014211889
3930 2665.323849492784 15417.844383562124
3934 4008.4533056756068 16246.934609746884
3935 2829.1993613234235 15323.001610930707
3936 3362.545287657483 15428.092447998262
3937 2795.049945378334 15393.558868965394
3939 3634.2645868408345 16379.411632687534
3940 4500.642587009935 16133.823078222225
3941 2849.5895827104964 14554.046084420603
3942 3347.924114701103 17349.966937641322
3944 1881.4188396923141 16355.702010059971
3945 2767.264133777961 15419.087022008745
3946 3484.484810686987 16459.747410563978
3947 2069.8784271388254 16361.616692608211
3948 1003.6158634461511 16189.776613728289
3949 2697.973105820935 15418.242373634954
3950 1810.602941823943 16324.724112859141
3952 3650.123654425434 16395.485605399484
3955 3662.3075469186183 16408.886897458233
3959 2623.1022559328485 15395.612952819589
3960 3335.596012130811 14426.843201874075
3961 1901.816025572881 15384.73555736647
3962 3909.2869316812994 16087.84236986067
3963 3658.0910888191097 16408.197611885545
3964 1954.393695221177 15387.811584638592
3966 3756.2620825007593 15833.727177482491
3967 2002.3145005710087 15381.555829849573
3968 3447.770639481196 15402.54996197583
3969 2910.000040532441 15399.549420705955
3970 1830.9657036918497 16629.933154325867
3973 2849.236615556718 15387.75933075146
3974 3796.9748799202553 15239.8604113925
3975 2117.892118628869 16362.631695387892
3976 3635.355710707811 15212.843626733977
3977 2787.398709540177 15399.776605316516
3979 2852.436615008091 15387.839351378256
3980 1727.0956494528557 16291.03704929464
3982 3735.390950649174 16525.50414850465
3983 2832.1263577496384 15434.372383154936
3984 2852.6360516322693 15380.341101427528
3985 2792.2337656415393 15416.190910890662
3986 2615.5962438512447 15395.413810939903
3987 2078.683022764822 16352.919784107955
3988 2331.6358184532332 16605.306935088996
3989 3714.5442548821297 16492.239628385734
3990 3674.405965141687 15306.712179231097
3991 2980.326637943687 16370.443333577245
3992 1574.3170326526783 16929.492477828153
3993 2145.479608930535 15385.543399419808
3994 3610.5939768475146 15926.672243986974
3995 4039.0957073625755 15091.824087575107
3996 2250.9146667133496 16644.30936915548
3997 1449.1517590917247 16567.71749980004
3998 3685.4287596044105 15279.311570740882
3999 2795.0552077261755 16828.469171469376
4000 2849.4360516738693 15380.261099863492
4001 2849.635486637495 15372.762912344793
4002 1965.6214993719027 15379.845139742965
4003 2861.6033322991557 16356.143054667094
4004 4215.529738711698 15869.946854919388
4005 2878.1093088017656 17523.659240513316
4006 2482.1290111644817 15389.038508922267
4007 2336.5762399262576 16413.131222717573
4009 1994.7333556768285 15390.468839004185
4010 2339.594555794639 17105.236163914025
4011 3066.671911795037 16272.744210338711
4012 3770.5839826853007 15113.348552020878
4013 2506.8558890875506 15218.04088273137
4014 2901.713883979235 16586.34157962319
4015 3181.597441668357 16640.953572980423
4016 1918.0038607983495 15749.991956143247
4018 906.6849653886427 15902.118658367574
4019 3609.259653517855 15920.380752270648
4020 1899.9762292216358 15387.902691622692
4021 2152.9858289550534 15385.698691523932
4022 4111.248379828719 16959.347394955174
4023 3654.1073517805416 16401.841576985124
4024 4045.777554148614 15300.148301867139
4025 3498.3778289087686 16464.848397249156
4026 2842.815402401107 16813.069607187925
4027 2076.8773989514843 15411.403458487079
4028 2600.507402668808 15395.01348914949
4029 1522.0045426451368 16821.144282919875
4030 1146.645778441873 16699.222282858747
4031 3689.8917343255266 14982.650777596013
4032 1669.4748970545709 16289.483440955712
4033 1728.213139660619 15381.084936797932
4035 1759.7196491471243 17238.88609547176
4036 2855.6366143285704 15387.929376926315
4037 3662.074790487902 16414.55359035365
4038 5033.831833482012 16282.618538064587
4039 3038.466466124924 15618.939364780805
4040 2161.7478236350403 16363.558798909924
4041 3804.1631523594415 16642.05010130499
4042 1242.2144551198705 15681.451124394654
4043 3777.698644741334 16599.47054333706
4044 1487.6117443429957 15732.007693345971
4045 2499.551848448246 16841.838619984217
4046 1786.918736659695 17291.32071216423
4047 2855.697713216726 15255.173548245406
4048 3123.7228952254886 16586.243339281995
4049 2348.9252531336083 16115.59758194333
4050 3623.155699397965 15919.423759249607
4051 2493.3418253214627 15597.885447375109
4053 2822.5363552745866 15433.912435228498
4054 2354.794711356956 16359.667824529703
4055 3576.2610552106607 15352.739785025416
4056 3151.80479356969 15424.255287976892
4057 2737.1463511788697 16889.44995112067
4058 2516.908855606742 15396.349496842013
4059 937.0613498279655 16818.858584192574
4060 3818.889230229083 15807.254392476681
4061 3831.8075707795947 15556.203190256088
4062 2811.7296190735356 16416.229093283135
4063 4863.780466637684 15725.460508095835
4064 3032.794009295815 16290.80869190276
4065 2295.057249991092 15386.51561207678
4066 3491.2307006899705 16038.050377528141
4067 3065.959034955465 16499.292132911793
4068 1608.3725954258866 16433.775986198933
4069 1551.6071585666434 15507.794311643172
4070 2019.410725006629 16346.960432220829
4071 4249.276146121995 15934.732748719785
4072 3469.2632859903065 15416.620281218304
4073 1483.4292435971472 16748.546758325654
4074 3718.3314850362694 16504.3108987478
4075 3757.8921817098385 16567.603317505418
4076 2949.6009979043865 15398.910754165952
4077 4038.129927554031 16381.500271978186
4078 3104.863621947689 16252.379506710207
4079 1746.9170076443595 17415.63796788072
4080 3840.438101788081 16692.668091197913
4081 2794.8921278775433 16839.520137963864
4082 3045.1439295333857 15425.445465544057
4083 4249.040244999855 15835.280954163109
4084 1268.4456889040994 15569.092194749644
4085 2811.334022323071 15413.223252873235
4086 1398.9501477521094 16166.110169994523
4087 2997.192711417857 15421.454255909885
4088 2917.4999025434595 15399.593347148066
4089 1719.504550089701 16298.728323918203
4090 3622.7254977744533 15973.043474445545
4091 4078.2879199178333 15154.145283257598
4092 4335.3697718755875 15680.7395943989
4093 2592.873661086647 15394.810958480582
4094 2957.1009290039738 15398.966757235692
4095 1121.6853974642559 15361.660739651768
4096 3169.2027558128907 16696.402142013274
4097 1599.3614521214317 15440.923032235709
4098 3182.5924371385186 15595.412218195474
4099 2357.2080095515225 16367.687466354435
4100 1380.0211439066043 15656.63600280036
4101 5014.255314719402 16294.685930826961
4102 2965.9322946867815 15871.272058486844
4103 846.4333691515944 15771.43626367167
4104 1137.4532977991278 15543.14632727023
4105 4246.307372217395 17035.567283241002
4106 3665.4246219047877 15645.262435790062
4107 1457.7986128413672 16422.178508547535
4108 3130.833543521974 16245.365673259495
4109 4318.21914286737 15648.657217724332
4110 3810.5022387856175 15517.166458306507
4111 3005.2135120753433 15039.520281161162
4112 4000.89958843631 15321.266668221793
4113 1433.2633285266481 15989.730496985012
4114 869.2297442850859 15120.697106339156
4115 2572.375185009986 15416.494292126088
4116 2855.9502619838167 15376.137116978109
4117 1828.044069590037 17037.155520101373
4118 3312.3169078080346 15409.061491001647
4119 3389.4061341832644 14515.131381379288
4120 3280.841005175117 15158.559175372935
4121 3245.549180775497 16820.918615829953
4122 938.2292832099711 15443.194423638743
4123 3054.3349618843436 16836.755045517017
4124 1892.8624222875792 15396.092913482675
4125 1102.7902659889835 16244.995381533206
4126 4257.741854311361 16495.550943862774
4127 1026.3403201462922 16837.898799372673
4128 3434.339393215056 16911.465140429933
4129 3905.950517833411 17244.510510146163
4130 2701.6944613947276 15576.65394396652
4131 1800.6816283732667 15873.841215982418
4132 3198.639712606607 16408.962713085533
4133 3354.635399229389 17387.63617136651
4134 2805.9461025190712 17318.74298601798
4135 3135.4396392421754 15848.168068629517
4136 4447.880829280245 16929.69657069247
4137 3635.0731303996768 16397.337642442355
4138 4463.190203102961 15943.31851057828
