3137 2872.5811174380824 16355.810449587554
3192 2998.498910592459 15599.123586230144
3195 2832.206279432202 16019.200280495303
3206 2947.271651158275 15599.233539231069
3236 3156.8142791342902 15573.697477446041
3292 2853.429377643837 15473.588473821017
3299 2828.680671371954 16049.033375016888
3337 3163.764722931594 15407.183915262343
3338 2847.3464196679506 15402.467773762784
3342 2757.384830480593 15399.046971391024
3347 3202.5708614186156 15406.625440238828
3362 2765.2886743737795 15399.239112921108
3369 3142.8685008296866 15405.308730933772
3383 2649.263816206366 15446.790725448458
3390 2775.872408692666 15399.496402277213
3403 2785.7662363120908 15399.73692008132
3430 2847.676100659974 15555.96337109897
3444 2704.2384088469025 15397.75275250161
3490 2741.15366602104 15398.652393661954
3498 2721.6384331047693 15398.177980608869
3505 2830.904950236027 15400.75517429402
3507 2731.286990405143 15398.412535919912
3511 2749.1827934469165 15398.847580820215
3525 2661.487464112697 14770.779899078456
3530 1033.8426149625814 16335.049775134468
3558 2863.8198136600067 15419.651347292971
3563 2712.9301512172337 15397.966283284266
3568 1885.0389344892378 16355.7880016019
3575 2290.6239521455236 16618.06866078947
3576 3593.1378800367193 15143.193606137327
3580 3135.9771253121844 16612.049382671306
3581 3153.532213213297 16633.921558802045
3594 2896.1889379408926 14507.892737076101
3597 2675.2474505042537 15396.996416095515
3628 2683.0038478087304 15397.202200941318
3632 2692.62958543858 15397.456527352571
3633 2863.9210782609084 15416.461015608611
3636 976.6331503057842 15717.250838979395
3641 1459.8498121649016 16815.178320679242
3643 3014.3585237977522 15399.3943079734
3654 4101.505649186709 16946.975559850038
3663 3612.736709274393 16390.3549471814
3674 2912.8785683919605 15399.567719540899
3681 2872.5006904782567 15399.329788261124
3682 4308.650360854629 15177.408209825799
3684 3390.8438603176587 16726.932316516166
3697 2865.00084621765 15399.285861922977
3702 2320.136885829203 15406.547089023623
3706 1577.5590552741492 15587.184978097224
3711 3467.7729200252675 16433.815286903824
3715 3939.445052122419 16825.497288652896
3716 2354.236267427182 16617.96165072647
3723 2620.2419780780438 15395.537066836161
3726 3130.7995295889964 16597.639381737154
3734 4190.739100191891 15418.011294600541
3740 2368.0945778009436 15387.648463439338
3742 2831.734848050727 15442.609504935548
3746 2663.8596628825417 15396.694286894575
3747 2822.8924754251893 15426.419887643591
3749 2676.242334287062 15578.979481789847
3752 2871.4224275783754 15416.693423926292
3755 3074.728422365774 14358.592138818212
3756 4364.581899340564 15483.716988552855
3760 2945.481877663606 15076.292389089544
3763 2814.6594404678367 15400.439310529628
3764 1372.1405907293495 16022.155507149828
3765 3504.2695921792683 17152.19626563327
3766 2871.3116818807935 15419.886240851049
3770 2586.9136219860648 16967.504293247188
3771 3757.6598903069803 15832.880629012834
3773 2402.497406942658 15388.12435991119
3774 1623.07544195196 15428.46838548632
3781 2138.0546168490196 16363.057927804182
3783 3639.5583084977557 15226.925825382967
3786 2649.203101731444 15396.30543391837
3788 2901.268764623549 15421.05375268543
3789 2878.923774643594 15416.925832174193
3790 2800.061673773749 15400.084440511153
3791 2634.679746843679 15395.920115035286
3792 1544.1184125375162 16028.531073318834
3794 3851.635381772555 15209.395020295155
3795 3132.0206195948354 16605.677819250006
3798 2609.822008213951 15090.526570823085
3800 3510.9152283489507 16152.134882642622
3802 3609.038533454185 15916.818042584131
3806 2880.000613509977 15399.373715060632
3808 4023.7764236903618 17166.10096921718
3812 3158.4079372871756 15576.499881474929
3813 3171.073550507561 15582.607188681424
3814 2831.231686436662 15453.195713915577
3815 3648.289116366648 16388.09386075094
3817 3147.135086330515 16623.945770988383
3818 2051.757130721638 16361.233610914967
3819 2961.1164602184353 15424.060431041453
3821 2605.1290047618318 15395.136104796517
3829 2809.531476522246 16968.972254485172
3830 855.1117053763509 15767.186634710059
3833 4146.994483716896 16526.414805998276
3834 3666.058625343282 15887.903758304976
3837 2431.2180229841083 15388.454064718826
3838 2830.6621329165077 16328.87365915391
3839 2364.5118122001895 16367.778755678071
3840 3809.5077552729244 17293.66811105866
3843 2721.8732783742034 16371.56341259391
3846 1874.7601915913158 15485.311896521385
3847 3133.692747488993 15587.27920658786
3848 2594.16057583865 16942.792430633028
3849 2832.4824750178072 15426.879896214661
3850 2336.360895616003 16367.637713587737
3851 2887.5004623136992 15399.417641425389
3855 3582.311086909831 14809.012073700133
3857 3315.8309257384817 15489.064377775985
3858 1687.0146310624468 17470.058326900016
3859 3461.8710668083163 16053.741558177488
3860 2895.0003116732123 15399.4615677934
3862 3484.585833798846 16041.601709509996
3863 2044.0531508253523 15432.748675405539
3865 4147.548154366259 16492.23513489732
3866 2886.4251953754774 15417.158242704449
3868 4001.065548337203 15691.783922492283
3869 2479.756197811689 16361.205686349605
3870 2518.7069273676243 15392.331247624405
3871 2555.3823203938027 15406.008374080158
3872 2349.5110287091647 16367.591262745309
3873 3802.3000023410095 16632.99239361451
3876 2926.612817209312 15987.074420751325
3877 3462.8293233311115 15419.117436208406
3880 4452.109538754231 17030.62407061564
3881 4055.201343164893 16575.561643756577
3882 3466.4095145782967 16469.761409542145
3885 2878.803534458694 15420.121133918672
3887 3149.1349835158817 16635.54303793616
3889 2131.8250880223404 15385.260908462215
3890 3471.8487301823325 16092.43486087226
3892 2786.360078901127 16861.44845084787
3896 2219.275123359691 15646.165310674509
3898 2886.2953989488115 15420.356027359781
3900 2497.8572550596573 15390.408289606608
3903 2372.012647065364 16367.87250768295
3904 1852.394302303322 16872.29183252883
3905 3139.933667351882 16618.421004586173
3906 2436.4548760517196 16357.68572498557
3907 2592.9619821310525 15394.81330172472
3908 3134.75698783321 16604.012377691015
3909 3144.3923399067758 16625.601258322127
3910 3142.671848688004 16616.758280007667
3913 3531.54804167756 17264.95618448684
3914 2284.6782727025757 15386.35462811261
3915 1602.8137517292114 15441.319442551201
3916 4200.946279120698 16077.655662964893
3918 3144.7231972482027 16642.54903713856
3921 2792.885191270991 16357.663032970886
3922 2099.6099798946693 15384.71531491486
3923 2902.5001690996583 15399.50549420866
3926 2863.062744622161 16818.260431581548
3927 1993.5047367342647 15406.092210398816
3929 2553.906897657181 16967.68599153371
3930 2893.925686368729 15417.409631860288
3934 4236.195718598517 15910.453128654706
3935 2901.417386321616 15417.855652719052
3936 3822.6036248272335 15539.717832417138
3937 2328.1441101098335 15387.028808488702
3938 4289.099557506532 16728.19171280778
3939 3138.7144243067287 16610.38533858587
3940 4115.01237403744 15697.56350443349
3941 3228.648865693058 14295.812395641504
3942 2810.960694803173 17314.714197931888
3943 3382.7845823140874 16308.239075315087
3944 2357.0114474849615 16367.685009549537
3945 3026.28344332293 15421.933761811026
3946 3126.842063167425 16591.266372614675
3947 2379.5429300153996 16367.96662775579
3948 1253.5363433267878 16250.342972314038
3949 2893.786406233615 15420.60956131021
3950 1408.6532405996181 16160.968514755968
3952 3650.1247532377156 16395.48735854964
3953 853.2404222320276 15779.4142722608
3954 1163.0127998553771 16700.593298300624
3955 3364.7917347791204 16526.460161488354
3957 3723.002745613386 15259.086117018544
3959 2480.4932919045973 15389.01973131307
3960 3045.696227923768 14376.622354208837
3961 1440.2690566840163 15644.20500040436
3962 3612.6595091599456 16326.082164439276
3963 3920.4924289299274 16807.70799215365
3964 1516.0379970162646 15530.025022361227
3966 3465.599090578305 16081.878980220386
3967 1430.0757718711434 15613.665561628735
3968 3761.6678354007863 15238.290121142443
3969 2910.000040532441 15399.549420705955
3970 1828.2497159813606 16925.79444169263
3971 994.6097392036953 16141.034039838805
3973 2849.236615556718 15387.75933075146
3974 4102.5480037495745 15643.20450005379
3975 2390.563477094058 16368.104372207183
3976 3602.871895261444 15154.404742718947
3977 2773.256005720479 15396.23104875015
3979 2852.436615008091 15387.839351378256
3980 1488.118027987888 15906.189463963223
3982 4028.9251969479055 16175.08948845684
3983 2832.1263577496384 15434.372383154936
3984 2852.6360516322693 15380.341101427528
3985 2932.2652213117985 15422.893862181098
3986 2466.665317797376 15388.86098995681
3987 1431.5341844571628 16536.583991451585
3988 2839.092110278738 16606.41714833153
3989 4138.657399919112 16111.868690953212
3990 3735.8726558145636 15056.667702892044
3991 2382.2271303718226 16360.126315802563
3992 1428.463359768136 16169.897776256257
3993 1977.3155035713426 15384.302856439384
3994 4110.03902017546 15638.996074103337
3995 3331.6095323324225 15407.608588492834
3996 2719.7137701335346 17203.430412902453
3997 1504.3748735221384 15823.35792623534
3998 4026.7397713777577 15567.380471323871
3999 2201.818698747295 17174.056329979245
4000 2849.4360516738693 15380.261099863492
4001 2856.82256138472 15157.336842004697
4002 1238.6638807960253 15678.004134381948
4003 2263.0713795259494 16356.28959451505
4004 3833.6057269235775 15202.910725948059
4005 3530.6178064430087 17277.984832725495
4006 2215.459955692917 15403.962011983285
4007 1953.1548423291297 16347.909265687962
4008 3690.515058448671 15695.485453683159
4009 1632.244261408997 15407.04046119732
4010 3085.2570497842503 16695.4167396341
4011 3598.6556577214583 15921.88592081004
4012 3586.8501362325046 14816.629581675154
4013 2195.805375590667 15300.617108966397
4014 3240.2129220996862 16180.55095819589
4015 3952.7471981545655 16216.766757542058
4016 1932.3570921226376 15688.959778348604
4018 1023.4153230188557 16374.281311025841
4019 4092.515112366729 15648.90957682381
4020 1906.7261231041887 15396.302824988501
4021 2029.7187463324992 15384.736748357234
4022 3955.256539234686 17202.96790110304
4023 3735.2872851607854 16531.36380317213
4024 4271.4087975654065 15561.092666621018
4025 4258.887211859914 16045.829440601385
4026 2520.568951232223 16992.005553400348
4027 2187.5187488892316 15422.594311753353
4028 2191.5556492351257 15385.655305061888
4029 1761.0310297516673 16743.9436979791
4030 1001.5694529519568 16576.83177438476
4031 3417.0929470507535 14552.841397092863
4032 1501.211885627345 15865.950543796409
4033 1438.9579557163022 15913.598630317301
4035 1451.782707551958 16601.508405644865
4036 2855.822016363581 15249.417803702727
4037 4030.1990973894144 16908.636422421798
4038 4746.861286312337 15768.358674399384
4039 3757.520259190582 15257.75092089013
4040 2546.3131593092558 16371.051824854574
4041 4253.060273393398 17193.57507521556
4042 926.7319132244489 15944.277691881567
4043 4234.183675415988 17161.27943384652
4044 930.4875033036213 15720.200569046427
4045 1945.6125556963088 16801.72621347327
4046 2200.98443941589 17251.785470556693
4047 3174.9607114933347 14994.980785510594
4048 3456.510037670275 16068.440757461623
4049 2485.622063920824 15583.741872400988
4050 4116.644916902463 15635.284905200295
4051 2508.3293624590096 15228.322647555553
4053 2800.298397052812 16103.48214606163
4054 1812.595187985313 16349.762510010212
4055 3850.044750056097 15633.743191035093
4056 3724.798561757677 15357.679218517129
4057 3072.248839317648 16871.65318690513
4058 1849.5894277205252 15408.755087387322
4059 804.1662767720551 17183.352508722022
4060 4279.560457125276 16020.923893582742
4061 4018.2442972289855 15898.042333455767
4062 2467.1977016722844 16714.581102679902
4063 4857.704259683208 16413.399046569215
4064 3384.421529918601 15937.283897375608
4065 2195.4115009769816 15505.662832128386
4066 3393.4255648214607 16299.486018920514
4067 3313.710609259585 16541.409033327473
4068 1019.313284719404 16769.507605647716
4069 1841.6520946541239 15789.124285688904
4070 2037.5333728148132 15781.648911275106
4071 4476.022650603513 15609.641569346042
4072 4039.741982999469 15092.078238312135
4073 1203.7467162427758 16941.674685496768
4074 3357.629175642379 16744.64760078407
4075 3929.910226353856 16642.482530794656
4076 3014.400047182097 15399.394618034514
4077 4250.0474678087685 16664.026044765855
4078 3599.620870447347 15938.328469108774
4079 1548.0871492233741 17575.138549890922
4080 3890.3528111155047 16663.646989135916
4081 2210.894904696294 17161.491736610184
4082 3788.181279415727 15244.660248734575
4083 4340.033691030675 15822.616304694666
4084 1182.646090746875 15603.357456388874
4085 3392.262773737123 15428.243243505734
4086 1055.9371643045897 16356.174033565112
4087 3677.6938455748978 15304.926523150834
4088 2871.1043774888976 15399.322343971788
4089 1447.0262420068864 16423.595376291196
