3137 3081.6332062971014 16518.46311250839
3192 3053.129726157852 15681.76932539504
3195 2830.662255118248 16327.76180661864
3206 3104.5530381936674 15591.73028624216
3236 3315.2762697083917 15815.754012629342
3292 2936.6929111846034 15599.266992058958
3299 2830.660017333444 16348.122291658232
3337 3437.1780466741284 15403.07130338055
3338 2843.9511210536016 15517.499030261675
3342 2772.3744435380877 15399.411367149234
3347 3554.732017667073 15347.846038814941
3362 2779.9004046659275 15399.594322393037
3369 3392.7077154677513 15408.074675951206
3383 2640.8162556223992 15761.219275724508
3390 2794.896259537693 15399.95886988903
3403 2802.3939367000944 15400.141137552906
3430 3008.8787822921086 15599.284287973558
3444 2718.8881955138177 15398.111122651404
3490 2757.172736271189 15399.041815405346
3498 2740.8687079379038 15398.64546636394
3505 2853.383773311994 15474.241432502047
3507 2749.261331964162 15398.849490082477
3511 2764.830958425663 15399.227985899395
3530 1057.8020831343115 16507.491626104274
3558 2843.4664202913336 15420.281262829314
3563 2729.7857514398725 15398.37604097445
3568 1622.7192798606206 16437.958524928945
3575 1975.893045061968 16800.39403613346
3576 3576.3021571448835 15114.282356192722
3580 3200.5686178675874 16720.984102389863
3581 3288.251776654015 16855.646572721176
3597 2690.4970576877604 15397.401003165985
3628 2699.5924406002755 15397.63420020842
3632 2708.938347370798 15397.869242994855
3633 2835.85857445022 15416.584037350747
3636 884.6214105546936 15847.65817621405
3641 1290.750545285389 16898.45914285733
3643 3274.5804996808047 15407.173542546818
3654 4291.067646272031 17252.269189073966
3663 3742.1477131285874 16536.28573537802
3674 3174.2407564084647 15406.753958109352
3681 2872.5006904782567 15399.329788261124
3684 3351.2320626718256 16611.41159764754
3697 2865.00084621765 15399.285861922977
3715 4147.895802734249 17010.247641845395
3716 2552.321746161582 16930.28562837884
3723 2657.4466866397447 15396.524144330257
3726 3175.5951400952304 16667.770934485707
3734 4175.332356838422 15225.601199187411
3740 2628.552370582239 15389.353039452119
3742 2831.77023917549 15441.864897572217
3746 2682.3616220550534 15397.185162060701
3747 2822.8924754251893 15426.419887643591
3752 2855.4140361583827 15416.683824864209
3756 4678.177007637814 15304.676067027036
3763 2817.3893999176944 15400.505675527831
3765 3335.970102440113 17263.62019795358
3766 2858.5108975579296 15419.767231122902
3770 2774.6742032851084 17259.110314948757
3771 4063.2885893669322 15653.778795969056
3773 2669.6222508896153 15390.442663752478
3774 1431.8594516368591 15631.725194921088
3781 1858.0253724190222 16355.319705354486
3783 3623.380249740221 15197.979488097431
3786 2674.2401584218655 15396.9696916463
3788 2900.39011763596 15421.00159166969
3789 2869.075841182021 15416.62072151322
3790 2809.8917181849047 15400.323407752849
3791 2665.820996918313 15396.746323014733
3792 1460.6875863123305 16054.323477166072
3794 4003.2102656231673 15496.695898450982
3795 3184.907152436871 16695.31370043101
3798 2443.9639386859612 15082.011434110185
3800 3647.9841926104245 16363.827868792854
3802 3653.380655145164 15824.593025613636
3806 2880.000613509977 15399.373715060632
3808 3775.6920493817875 17314.22146606477
3812 3091.5997511810674 15488.252570473767
3813 3091.658724541454 15543.82041798883
3814 2831.4141183893967 15449.357458527453
3815 3816.3035664951017 16655.5205102163
3817 3268.973666851615 16822.840322252978
3818 1791.5432201484489 16367.777074982816
3819 2915.693686890604 15421.910090450254
3821 2648.1734335425153 15396.278115809051
3829 2789.039092958703 16943.459140025825
3830 943.279953457359 15971.780344030773
3833 4281.171472055066 16459.42724756067
3834 4013.644713449568 15687.851700796014
3837 2708.579308636412 15391.457339202148
3838 2998.7056370623854 16383.023968810414
3839 2338.285974777948 16367.330777527754
3840 3541.2347816448887 17446.370957092375
3843 2402.830613195768 16368.257697620196
3847 2969.301663188083 15641.29936728098
3848 2849.403251349611 16805.780381844288
3849 2832.4824750178072 15426.879896214661
3850 2395.637342713336 16678.09716402281
3851 2887.5004623136992 15399.417641425389
3855 3426.9874815018334 14573.516986044075
3857 3418.572329068026 15631.052628845748
3859 3608.9041115397367 15956.392467221272
3860 2895.0003116732123 15399.4615677934
3862 3601.139606100359 15926.252934287591
3863 2015.7440014526683 15582.234026592552
3865 4257.91924577811 16670.601128020484
3866 2880.7905069459343 15416.98366765093
3868 4002.777789119613 15523.843142750698
3869 2795.9797475960713 16360.831942540372
3870 2629.608506446885 15395.785570042022
3871 2124.259674924331 15401.155326024593
3872 2333.153288440299 16311.091763425353
3873 3769.777111287004 16730.73539194669
3876 3041.7054322129343 16096.425364374467
3877 3134.533463893397 15423.793100464281
3880 4473.94694619839 17019.164631090178
3881 4156.397597236726 16521.412271395453
3882 3644.974007102058 16385.06478967511
3885 2872.5863935682028 15419.92620705907
3887 2943.5992443453288 16770.45694833
3889 2167.998272752218 15386.009275809722
3890 3578.2750334710126 15991.527729695603
3892 2595.286596622115 16968.605294084893
3896 2187.3594417259746 15430.123050283577
3898 2882.7340961696445 15420.244369351854
3900 2621.0402114690414 15395.558244752767
3903 2355.311119126568 16367.663757356226
3904 1630.587864315137 16990.648010136738
3905 3019.941440916848 16727.008168538076
3906 2784.17210180324 16357.75200862751
3907 2639.243143804812 15396.04118644294
3908 3205.2528106436666 16610.714774563934
3909 2982.4701708167 16749.145365828055
3910 3302.6016373790267 16561.009206125527
3913 3834.4136273283157 17088.287911756823
3914 2553.9626896068066 15393.778612153841
3915 1421.6364466760674 15591.573893124372
3916 3820.12036765579 16290.010045711248
3918 2980.941861610783 16390.72425600953
3921 2796.018959030176 16357.6310318024
3922 2160.4919463105357 15385.853981503991
3923 2902.5001690996583 15399.50549420866
3926 2593.7769994087203 16965.782777308323
3927 1893.338649650784 15402.504958299634
3929 2552.354746700925 16964.887315199103
3930 2891.3742692136584 15417.3115759084
3934 4226.6370660939565 16067.196362476567
3935 2900.4063046792967 15417.795457635797
3936 3695.0484368392094 15302.592598578403
3937 2590.885678593438 15388.353705083526
3938 4174.856280883583 16543.43697944831
3939 3238.919161881569 16592.261402943215
3940 4305.031329909621 16040.485533742192
3941 3045.721387835363 14380.618806059369
3942 2986.652417839588 17489.100102379776
3944 2310.4972146562013 16366.70334040792
3945 2908.160047881928 15418.25707932695
3946 3155.7648294776454 16632.723185610106
3947 2368.8865343682924 16367.833434787986
3948 1093.1830795831988 16339.194888462931
3949 2892.316874196827 15420.54481948802
3950 1442.899839425194 16284.021904711926
3952 3650.123654425434 16395.485605399484
3953 958.9812880921779 16005.3685910469
3954 1040.4261213279012 16865.25229258586
3955 3633.77201748451 16379.366311536105
3957 3589.8943595095725 15330.741039010178
3959 2612.531316924068 15395.332495415394
3960 3202.810169315066 14300.440146076
3961 1571.3443749623566 15470.882231933321
3962 3764.187649850693 16298.981798276669
3963 3712.7111618321005 16495.34369782778
3964 1821.1354647147762 15385.97942687919
3966 3603.351252894408 15978.121512475383
3967 1754.1726704351884 15378.358811511805
3968 3606.6388082846693 15321.733621027206
3969 2910.000040532441 15399.549420705955
3970 1827.4469207848476 16895.95077206804
3971 829.4834052591076 16205.139308160044
3973 2849.236615556718 15387.75933075146
3974 3980.45039681594 15483.926587331716
3975 2381.868290517465 16367.99569214836
3976 3616.9441716909837 15179.900438486338
3977 2787.398492291212 15399.776600035219
3979 2852.436615008091 15387.839351378256
3980 1426.36681162716 16260.598011249427
3982 3735.4803198989653 16339.299709716388
3983 2832.1263577496384 15434.372383154936
3984 2852.6360516322693 15380.341101427528
3985 2907.998421479646 15421.453259816455
3986 2602.7864324700117 15395.073954050631
3987 1717.4581508170886 16387.183822605155
3988 2550.253278876247 16667.196858553627
3989 3775.279566315886 16316.941297388386
3990 3824.761811641883 15198.636218754764
3991 2751.984229971992 16361.281151419522
3992 1444.9817383572497 16516.995150023628
3993 2145.473691902565 15385.543277005634
3994 3929.8927816795153 15744.880632183134
3995 3691.3478986502364 15277.944491726865
3996 2473.114417669094 16829.537327420436
3997 1436.7485185356863 16048.801753910546
3998 3843.4634295942137 15246.630870469335
3999 2476.8010611951145 17014.160334256805
4000 2849.4360516738693 15380.261099863492
4001 2849.635726513644 15372.75389368371
4002 1581.1052229504398 15451.077034991602
4003 2522.2348139447054 16361.519284207236
4004 3974.9521709079686 15428.846403355996
4005 3190.380412789846 17411.602949684922
4006 2278.0293594759546 15386.251499607855
4007 2308.976239819051 16357.128534015728
4008 3583.2487164370104 15672.70100709244
4009 1837.1593247276621 15386.271916807844
4010 2758.8967844822455 16873.500415867777
4011 3504.9099922733203 16039.695815581252
4012 3668.299648101154 14947.863178452864
4013 2303.10345467775 15180.63605653091
4014 3019.8152513456616 16422.44337725705
4015 3599.8309251181886 16409.332187628843
4016 1917.540303036875 15713.567223332806
4018 1003.8250976506703 16191.170776581066
4019 3890.587266978188 15766.966707089396
4020 1893.6683397561808 15396.10511594951
4021 2152.9857256949335 15385.698689387638
4022 4173.405072822024 17075.940251189408
4023 3654.1073517805416 16401.841576985124
4024 4177.380967616299 15369.63318219983
4025 3941.4212356472854 16219.365541757583
4026 2555.4688996659443 16970.48482314534
4027 2187.5187488892316 15422.594311753353
4028 2517.712591042769 15392.239540331359
4029 1632.522924573045 16724.50128797453
4030 1033.305575915481 16690.441489488887
4031 3539.470678762573 14740.290553060926
4032 1429.3842716915826 16213.769537565933
4033 1438.3912460647193 15648.055419530585
4035 1578.4920149669897 16952.80518474901
4036 2855.6366143285704 15387.929376926315
4037 3781.1203379411572 16604.9758104689
4038 4905.882559776254 15806.490018430415
4039 3402.1379566657056 15442.794488329766
4040 2393.5278954558307 16368.141424104699
4041 4103.052727553021 16952.337642755
4042 848.2220013117759 15753.54849901617
4043 4060.6167561084744 16925.66517758799
4044 1265.0839837268652 15685.58088492833
4045 2292.4653245972036 16602.056671641978
4046 2027.0447059964274 17278.671748840603
4047 3013.3545851071235 15035.202610234584
4048 3182.231088424384 16211.290463501167
4049 2412.201621352041 15746.265447339129
4050 3978.7287475091935 15716.110219884813
4051 2505.3227518157473 15379.911856245322
4053 2812.2510001260794 15662.218732180449
4054 2081.599560525318 16352.973085625852
4055 3767.767211162252 15437.24183096051
4056 3639.163132676084 15325.852649621147
4057 2998.3535325485523 16752.726155229277
4058 1999.4997500716224 15390.52571426804
4059 835.8495552238943 17033.125390213252
4060 4090.516891059796 15683.55436710569
4061 3939.4367723129917 15746.110205474824
4062 2728.4368280904846 16621.00983016431
4063 5036.4085246959075 16104.678901276824
4064 3409.37536574744 16090.868216130792
4065 2193.909663767537 15422.717257553468
4066 3539.672029562791 16219.648997518998
4067 3232.5912958305858 16409.152479096
4068 1311.0719920845213 16605.565821266853
4069 1843.103684725293 15416.854329064192
4070 2031.2831114640858 16084.685427352993
4071 4475.258076830503 15737.541635128071
4072 3859.6495581079985 15202.604562594825
4073 1364.2587380695963 16858.689880238016
4074 3548.229453293471 16646.25931953958
4075 3922.73923930736 16649.94713124692
4076 2949.6009979043865 15398.910754165952
4077 4151.728692068522 16505.56952421701
4078 3553.880053457997 16013.199780624696
4079 1427.7068099475666 17673.772386759632
4080 3960.3108944388337 16629.845116869823
4081 2514.3191699943554 16995.859423168335
4082 3520.932201798406 15390.158579893065
4083 4396.657691589611 15930.648974286785
4084 1347.0939913575646 15526.104387418365
4085 3093.8256567609833 15422.856608945354
4086 1203.1985042008012 16274.576366520716
4087 3480.924279005975 15411.395308426696
4088 2917.4999025434595 15399.593347148066
4089 1573.6262308882342 16365.579134362451
4090 3766.4857145419282 15838.950587904437
4091 4257.703838300316 15182.870126038322
4092 4328.433370477436 15808.37806230124
4093 2511.71 15380.95
4094 3126.3394220403093 15403.825445134053
4095 1310.8209947048367 15269.732290126753
4096 3170.286652066893 16846.98783810537
4097 1420.1312842537488 15545.39930679718
4098 3178.471056264026 15594.791803278797
4099 2727.685059305192 16371.481935333002
4100 917.7520987840223 15722.120107632389
4101 4643.124352682355 16572.78247650723
4102 2977.2900555066285 15602.030097358263
4103 988.7642389926853 16100.643715060165
4104 1339.9911215260872 15457.789999260165
4105 4401.190534276168 16938.50105029758
4106 3679.734886495613 15524.40115179214
4107 1704.8680280332462 16308.959526092618
4108 3212.855632852961 16376.606568225807
4109 4335.599158177363 15787.581185032705
4110 3666.9111268819893 15622.048726183466
4111 3309.366399369877 14866.20547840995
