3137 3252.3517425739924 16793.577829521382
3192 3153.0785146542053 15887.68
3195 3040.1187443648573 16456.497987583254
3206 3317.383447868703 15819.327987132147
3236 3517.5085810450064 16163.269970965324
3292 3233.453442494046 15679.183986988342
3299 3048.694032224574 16464.628617095776
3337 3852.7159501554024 15210.484681924961
3338 2832.8394117117823 15951.539487273001
3342 2772.4033396885784 15399.412069611308
3347 3880.2612851368294 15258.879254733885
3362 2779.9010134032937 15399.59433719137
3369 3825.878878508208 15205.56470494442
3390 2794.8963769857382 15399.958872744177
3403 2802.3940504076472 15400.141140317122
3430 3332.688065123466 15502.599531974181
3444 2727.417100676184 15398.318459348584
3490 2757.4079471341524 15399.047533354196
3498 2742.4125436355735 15398.682996831034
3505 3054.7280786747706 15597.426004028985
3507 2749.9102425823994 15398.865265024488
3511 2764.9056634729386 15399.229801970447
3558 2527.0173275852985 15415.806932154665
3563 2734.91484350646 15398.500728608838
3568 1329.9629507319707 16606.19957745228
3575 1854.6250357884117 16871.01623376541
3576 3567.9775295954496 15093.870064608604
3580 3304.789925092928 16988.66511797964
3581 3471.976808194764 16885.117611720303
3597 2690.589328990302 15397.403451214353
3628 2712.421577291645 15397.953919911008
3632 2719.919343768948 15398.13618974612
3633 2526.9814035907084 15412.605179390608
3641 1356.1221471091778 17029.743059866538
3643 3748.943998884184 15246.946007836596
3654 4547.483056541589 17220.977840174735
3663 3929.7438431867504 16508.16137999635
3674 3212.9085737895302 15313.617909477047
3681 2872.5006904782567 15399.329788261124
3684 3393.26748782949 16677.60592192865
3697 2865.00084621765 15399.285861922977
3715 3974.079911287175 17195.53416886289
3716 2564.500593330722 16949.326663894026
3723 2660.596018746271 15396.607699207152
3740 2802.5497955002106 15393.741140761289
3742 2831.77023917549 15441.864897572217
3746 2683.091004849356 15397.20451330329
3747 2822.8924754251893 15426.419887643591
3752 2537.312504195971 15415.96294684986
3763 2817.3893999176944 15400.505675527831
3765 3332.38821025529 17412.580669815823
3766 2546.792704406103 15412.905481363068
3770 3051.4743190404683 17460.603049675923
3771 3894.520479600601 15318.197251229823
3773 2810.0494684215196 15393.923408250606
3774 996.8396072712364 15703.012319951777
3781 1491.4529470241182 16513.06019038543
3783 3600.133240403525 15156.07268806577
3786 2675.592647306539 15397.005574506044
3788 2710.933738959794 15415.199874426771
3789 2527.39159645721 15409.410039893992
3790 2809.8917181849047 15400.323407752849
3791 2668.094333136136 15396.806636859508
3792 1691.3344352345873 15978.000485714398
3794 4022.5785090756876 15546.451512370304
3795 3375.893761793723 16993.19775720346
3798 2414.432812835481 15182.546912484597
3800 4007.4231482671826 16166.062603996144
3806 2880.000613509977 15399.373715060632
3812 2867.6887235233244 15419.772649747432
3813 2949.2095687393316 15420.663344215234
3814 2831.4141183893967 15449.357458527453
3815 4119.258270213482 16963.169986672885
3817 3475.9772726800397 17096.647542349405
3818 1451.5918204672353 16536.55351228414
3819 2815.767127033232 15416.477779422064
3821 2653.0977266786567 15396.408762147026
3830 903.2970158970721 16176.776584198438
3834 4252.603810926982 15527.997129230513
3837 2817.549170363687 15394.105676445231
3838 3197.354473337604 16406.017586890972
3839 1907.09121540662 16356.311830326149
3840 3356.7042998415423 17369.98208755366
3843 2342.2882542518546 16366.515718456718
3848 3262.944133293993 16582.745007687667
3849 2832.4824750178072 15426.879896214661
3850 2572.570624985485 16944.126708148066
3851 2887.5004623136992 15399.417641425389
3855 3259.398806615998 14316.991225422978
3859 3894.4667932428383 15754.381972550513
3860 2895.0003116732123 15399.4615677934
3862 4034.2825708438218 15675.246599786518
3866 2550.5329441997646 15409.7609413761
3868 3806.080055534174 15214.40754211358
3869 3013.066808484552 16404.871844193505
3870 2638.101139325744 15396.010887941406
3871 1861.0874612028258 15395.138545024369
3872 2336.0728327921834 15874.881365210833
3873 3534.3097553692864 16853.147789997027
3877 2825.360756858836 15414.224227515002
3880 4453.6014378114105 16944.116205448026
3882 3817.634043512623 16657.660903980126
3885 2583.7277513727913 15416.666330668775
3887 2593.0052615658983 16989.288226238434
3889 2167.998272752218 15386.009275809722
3890 3735.03176788115 15846.584803739544
3892 2773.906193642074 17257.920440853915
3896 2089.5190650517493 15408.29381289661
3898 2612.0213768369904 15417.095096635572
3900 2630.60265674968 15395.811945826905
3903 2017.5284374146504 16359.901893190625
3904 1799.567750379671 17287.61318633964
3905 2534.4353002470843 16994.83665783675
3906 2956.2186115805307 16323.450068355292
3907 2645.5994398174353 15396.20982522503
3908 3614.3585638747923 16389.4778457075
3909 2595.0908201827447 16968.714534025785
3910 3657.5284468683058 16401.26101412639
3913 4139.474512575821 16995.241366750604
3914 2608.0874155907713 15395.214594344221
3915 1245.8001847442267 15103.743402173886
3916 3700.900584506234 16470.468785045072
3918 2622.955029843261 16372.52427765662
3921 2971.718820100207 16312.521647096954
3922 2160.492048976185 15385.853983627985
3923 2902.5001690996583 15399.50549420866
3926 2287.951350785523 17138.285698485233
3927 1706.2912678448422 15390.942091386969
3929 2887.8483423569737 16784.651042064233
3930 2643.132742360036 15417.56183479503
3934 4015.5639533574376 16260.141507717995
3935 2826.479401952109 15301.622298046559
3936 3337.365569146779 15427.964678495127
3937 2795.0501307177374 15393.55887346977
3939 3640.1697149486386 16381.474904400597
3940 4519.705441359831 16124.333934642878
3941 2839.236563168015 14563.344482044271
3942 3352.86046380012 17357.190358688826
3944 1870.6958299091766 16355.447296248014
3945 2749.32769466826 15418.868379212234
3946 3506.602739638106 16447.752361953317
3947 2049.1997242262623 16361.17954769631
3948 1001.0588021395189 16172.738482251778
3949 2679.617726238476 15418.018624010048
3950 1816.8099768435854 16330.46505184251
3952 3650.123654425434 16395.485605399484
3955 3668.718959554094 16419.1174187354
3959 2623.104375224434 15395.613009046478
3960 3341.9360081242494 14436.437906048948
3961 1910.818071672349 15384.910153263862
3962 3897.2674736891295 16068.836087558093
3963 3658.0910888191097 16408.197611885545
3964 1977.4655453925222 15389.88842201783
3966 3777.2409370248906 15821.820444882822
3967 2028.177876657807 15381.537886305328
3968 3442.924690420838 15403.358529007723
3969 2910.000040532441 15399.549420705955
3970 1828.1952713641228 16602.760568697082
3973 2849.236615556718 15387.75933075146
3974 3786.0848175055744 15245.804566827876
3975 2094.2766319110037 16362.132467273614
3976 3636.1765937611567 15214.312473096887
3977 2787.398709540177 15399.776605316516
3979 2852.436615008091 15387.839351378256
3980 1749.5855701353337 16295.746086094561
3982 3747.2048069360353 16544.381722698847
3983 2832.1263577496384 15434.372383154936
3984 2852.6360516322693 15380.341101427528
3985 2775.189442191241 15415.983142864856
3986 2615.602149055964 15395.413967610788
3987 2106.1501107734266 16353.421762002057
3988 2325.6223610950947 16602.171586592933
3989 3726.590024143141 16511.46074325249
3990 3650.771311723923 15319.548218569404
3991 2994.088633582665 16379.652970277792
3992 1582.9205234003398 16947.269701557023
3993 2145.479608930535 15385.543399419808
3994 3606.9697402902184 15930.57649274454
3995 4041.3791897056153 15094.211927400762
3996 2233.6388714103045 16654.125533110688
3997 1451.2164424923044 16596.719099194226
3998 3674.2945050305498 15285.307139640485
3999 2814.8570545381494 16815.786844165745
4000 2849.4360516738693 15380.261099863492
4001 2849.635486637495 15372.762912344793
4002 1990.4427569847328 15381.564066251332
4003 2879.493079376915 16355.601030873182
4004 4230.891430946184 15893.896327034176
4005 2859.770118314277 17527.945296679223
4006 2482.1290111644817 15389.038508922267
4007 2336.327444252019 16430.528715352724
4009 2021.238257504157 15390.785110206276
4010 2316.755125472437 17118.22559071773
4011 3045.3764848230153 16284.099424786933
4012 3775.5570390119346 15121.819674137927
4013 2508.2055599329433 15234.07139093986
4014 2905.270276444535 16592.301743446693
4015 3174.0220554577636 16645.194128506522
4016 1918.0264406726697 15751.76620297365
4018 899.4300736068566 15886.86151158025
4019 3613.01002048925 15914.54719231471
4020 1900.121490105541 15384.702691622691
4021 2152.9858289550534 15385.698691523932
4022 4107.6584921900185 16956.20938128498
4023 3654.1073517805416 16401.841576985124
4024 4035.7622184583456 15305.585280431673
4025 3474.790693067541 16477.68194661295
4026 2868.281786482029 16799.003851592406
4027 2053.679495595505 15411.237349555026
4028 2600.565198179996 15395.01502252122
4029 1527.7397124797428 16833.086930693113
4030 1166.8497674708722 16687.7141779126
4031 3698.079490722672 14995.841470128606
4032 1695.6212897842702 16290.1136933455
4033 1755.8834800399327 15381.589184407218
4035 1773.9880412149782 17260.493330706282
4036 2855.6366143285704 15387.929376926315
4037 3662.074790487902 16414.55359035365
4038 5012.300704279811 16300.220482676448
4039 3037.984830258953 15628.935725797939
4040 2137.045008104652 16363.036584815336
4041 3791.3483959648065 16621.432046715643
4042 1268.0326793046365 15682.319461031942
4043 3765.290834924338 16579.507237577443
4044 1489.38416115834 15753.972198289192
4045 2515.4679764849584 16866.72461607834
4046 1775.000284497855 17273.36564860521
4047 2855.171561638034 15279.536520175718
4048 3133.8390153317523 16602.534096765095
4049 2348.5720735598406 16142.24332525484
4050 3618.2463812436577 15922.256580749163
4051 2483.63775080115 15620.804167795151
4053 2822.5363552745866 15433.912435228498
4054 2368.4642891887565 16359.896290788407
4055 3555.0290991495744 15364.294816661753
4056 3121.151785231395 15423.435001528575
4057 2715.9454847608495 16901.279675891452
4058 2544.3494267996916 15396.651671982407
4059 959.8924273233742 16804.786048374473
4060 3795.151119606906 15820.593021758563
4061 3823.7053783146007 15541.72073109793
4062 2810.115764812697 16390.75365980043
4063 4858.644355948772 15727.901262791074
4064 3012.7141208216353 16301.51575309577
4065 2319.241584273928 15386.890725143843
4066 3505.2457453739476 16030.560073022594
4067 3070.9344902929647 16507.30461450476
4068 1633.479579408585 16421.547226297353
4069 1534.0850728039647 15527.268111899173
4070 2021.8838974996397 16350.325505428753
4071 4258.802574068297 15952.415507994923
4072 3447.030905576532 15424.811044719821
4073 1479.2186340333867 16736.102309227987
4074 3710.5750744585257 16491.935579830693
4075 3745.527071726258 16547.727314762014
4076 2949.6009979043865 15398.910754165952
4077 4026.965565836684 16387.934677747373
4078 3083.0324585149506 16264.02038823649
4079 1769.9385920984791 17403.303936158973
4080 3835.604869887254 16691.211732566662
4081 2817.508941324862 16827.047033090046
4082 3020.273790256774 15425.035528159728
4083 4231.368542628443 15844.28588851853
4084 1257.2277965505987 15574.027083359539
4085 2798.63137697645 15416.26889691814
4086 1404.076970674105 16163.269391891597
4087 2979.660978306827 15421.165278323779
4088 2917.4999025434595 15399.593347148066
4089 1719.5167367647994 16298.722739201356
4090 3615.745152173219 15979.639853985322
4091 4068.9468148906108 15137.681775027964
4092 4329.266047521333 15669.321821688809
4093 2592.970157538191 15394.813518626308
4094 2957.1009290039738 15398.966757235692
4095 1111.8763733625292 15367.35342647947
4096 3161.9214012089938 16684.573659330017
4097 1618.2741477777406 15420.699322861228
4098 3187.6507415901015 15603.743265456313
4099 2354.796786369673 16367.657328774874
4100 1402.6076219687668 15643.62780861641
4101 5033.971858497892 16277.5482144962
4102 2965.6944777498134 15887.595753955356
4103 844.0987498479114 15759.829756185702
4104 1126.677406537435 15548.174832506409
4105 4227.33005204154 17047.11681204465
4106 3670.2484627464823 15653.679883345942
4107 1449.90716594688 16425.794745655625
4108 3129.454830464816 16243.732692219033
4109 4312.499615807523 15637.958133658878
4110 3804.3118342529397 15505.567891268463
4111 2980.272282663108 15052.74802407489
4112 4009.694948661132 15316.278761133
4113 1431.9238215658447 16017.143964191908
4114 859.6021141947328 15127.310733623319
4115 2559.449202402596 15416.298409790808
4116 2855.856907889961 15379.646965445212
4117 1830.6518820186757 17015.124404684186
4118 3296.635413445146 15408.94186473003
4119 3381.9098535341245 14503.012296492718
4120 3274.7064662947114 15148.908709990385
4121 3232.8355485092575 16799.772933224784
4122 927.6075256812935 15451.396117810387
4123 3061.585167751777 16848.42351947771
4124 1892.8074913550681 15396.092081768626
4125 1114.9248445868304 16238.386655960807
4126 4254.076186678083 16489.040169870368
4127 1021.9037180449502 16822.313731363323
4128 3421.585917477803 16919.124345983688
4129 3908.518638303225 17243.62659007328
4130 2716.033307533077 15577.14888983475
4131 1789.1681073733428 15877.137401445383
4132 3190.6744683625757 16413.43830245665
4133 3353.531437028594 17388.873980935976
4134 2810.7220768858538 17325.94083353862
4135 3137.865235433144 15853.057359380944
4136 4450.141381329588 16933.108632914897
4137 3631.9111774305543 16399.06811712169
4138 4461.622889405333 15944.153930169266
4139 2983.9888039399625 15598.898939962477
4140 4588.799523182909 15873.93203343912
