3137 2817.38937251508 15400.505674861677
3192 2787.398602446239 15399.776602713075
3195 2794.896297675199 15399.958870816146
3206 2779.900893345821 15399.594334272788
3236 2802.3939600603535 15400.14113812079
3292 2734.914706330936 15398.500725274118
3299 2809.89166071158 15400.323406355677
3337 2757.4078677065336 15399.047531423319
3338 2727.417016992796 15398.31845731425
3342 2675.5927102935943 15397.005576177151
3347 2772.403222714884 15399.41206676769
3362 2683.0910538203243 15397.204514602538
3369 2749.9101020565577 15398.86526160832
3374 3305.911282924834 14387.653668695593
3383 2764.905532373977 15399.229798783446
3390 2690.589337521194 15397.403451440687
3403 2712.421662982732 15397.953921994147
3430 2742.412412582948 15398.68299364516
3444 2623.104562626907 15395.613014018449
3463 2615.0283109654797 17017.538442168578
3477 1028.1599896389741 17031.5897212149
3490 2660.59607477196 15396.607700693568
3498 2645.5994663506176 15396.209825928983
3505 2719.9193385465037 15398.136189619163
3507 2653.0977521222962 15396.408762822071
3511 2668.0943702112922 15396.806637843149
3525 2817.549139172051 15394.105675687168
3528 754.6721963474236 16562.281218525553
3530 1164.1663574941192 15693.470051077538
3538 3222.523764543496 15406.777111553472
3549 2526.9011938640588 15415.80517224633
3558 2863.8198136600067 15419.651347292971
3563 2638.101189909634 15396.010889283447
3564 4244.669266565303 14970.120869331251
3567 1405.6711516735318 16563.394112778635
3568 2349.411897176519 15890.913133018912
3575 2383.2904963641754 15787.458171041411
3576 3651.5625577993596 15248.405618216131
3580 3035.3882576180913 16448.563644331967
3581 2998.451406658004 16382.838348348163
3592 2856.7586574871275 15151.651302698026
3594 2842.783671531132 15083.267058724863
3597 2593.111388534095 15394.817265623475
3606 3697.6891435833204 15307.482245569168
3611 1021.2172316277329 15918.868949135875
3619 2350.3149958894423 15754.336882413489
3622 1262.4349763406433 16827.356056082226
3625 3573.9553706028646 15103.92492187054
3627 1427.904092778581 16447.290858119475
3628 2600.609667460205 15395.016202334942
3632 2608.107967362676 15395.215139602935
3633 2863.9210782609084 15416.461015608611
3636 2003.4146852258627 15406.46862579287
3640 992.4358569002351 15620.35024893386
3641 2294.291148114844 16612.3023372574
3643 2630.6029115213355 15395.811952586246
3644 3449.7880958549486 16048.918512374292
3654 3473.5770133485853 16089.076778365894
3655 2926.7628451672635 15399.647790341218
3656 3412.2598272649043 17506.477507659907
3663 3142.6718589160823 16616.758296478718
3665 3174.3102774678323 15406.73137483529
3669 2606.5173694025634 16998.43226517818
3674 2615.6062697090547 15395.414076935765
3675 3326.055719062476 15840.319015360128
3681 2872.5006904782567 15399.329788261124
3682 4045.454890438053 15668.42281889176
3684 3150.586698348133 16629.504164296697
3685 1008.9659758567838 16203.88732950377
3686 2810.0494475270502 15393.923407742801
3694 4612.25324321093 15103.198891438544
3695 2837.6551204334846 15153.793844600996
3697 2865.00084621765 15399.285861922977
3701 3430.030944819959 15639.43193330668
3702 3278.505579913752 15508.425939573717
3703 2325.9815234449748 16597.085515982348
3706 1850.7570956187799 16010.57691571212
3711 3334.7561084373033 15848.774421080176
3712 4103.890401626504 16920.4764883355
3715 3379.1948265178744 15927.650544057999
3716 2396.1592989109577 15759.920435336307
3717 3950.8167890419554 16153.513234012496
3720 969.4431789851116 15603.007898113636
3723 2548.1214744296276 15393.623638972691
3724 871.2158513742186 16189.106760958071
3726 2791.557068301778 16360.877099568084
3728 3237.514673781684 15403.690849855018
3729 1845.0002936212043 15401.060492119257
3733 804.6536705399735 16915.14460230234
3734 3611.506908754322 15961.248271535458
3735 3033.1995967766625 16082.836905169153
3740 1826.0929912553115 15382.868640232267
3742 2837.0616005630973 16368.217104104828
3746 2585.613082000451 15394.61832817955
3747 2828.306726069835 15447.438911125477
3749 2800.7873213144094 16328.88204123512
3751 3635.3070954425575 16379.507553575828
3752 2871.4224275783754 15416.693423926292
3753 3370.0193784619487 15407.901597984119
3755 3488.2248221994305 14665.668685463272
3756 3596.6715702654433 15981.692596089466
3758 3667.565798687468 15831.689289613814
3760 2802.549723138548 15393.741139002654
3762 2657.596717078769 16907.84310553928
3763 2578.1147749652305 15394.41939072232
3764 1451.3796132215073 16535.481819126384
3765 3147.8466730079153 16631.1641221228
3766 2871.3116818807935 15419.886240851049
3767 3377.4265323030263 17398.81477356084
3770 2286.6862561994585 16356.721170882314
3771 3470.6880642774136 16090.474451705446
3773 1838.4540363514047 15383.076564413861
3774 2483.646816536333 15408.346127171159
3778 2860.1583499887292 15197.27973176047
3779 1244.8357043260326 17573.495160419025
3781 2455.4992164465766 15672.723905192888
3782 2257.5424630685498 15180.240393173432
3783 3147.762746322061 15405.747930536587
3786 2570.616485278867 15394.220453725371
3787 3283.432228014705 15762.117208347508
3788 3715.2386594992777 15339.977689404124
3789 2878.923774643594 15416.925832174193
3790 2563.118111511508 15394.02151449767
3791 2555.6197570715017 15393.822575782744
3792 1862.491282995692 16355.252405870968
3794 2780.2256805535703 15402.16681517516
3795 2930.885789333749 16359.857219839068
3798 2856.572374107298 15107.877382417964
3800 2869.301072614084 15599.480103221767
3802 2872.322712431272 16352.615428509367
3804 1854.3590223768035 15378.512749559839
3806 2880.000613509977 15399.373715060632
3808 3771.8252237661977 16583.966348702477
3809 2254.308839184013 16926.625645394524
3810 2848.7882045317924 15540.040368875992
3811 4507.1096291647455 15201.294179950248
3812 3466.86508010254 16084.017285014112
3813 3474.8710681235684 16097.539705410298
3814 2844.607047156788 16368.002038147659
3815 3146.6292783673816 16623.1312299614
3817 3023.685132386676 16295.665755854641
3818 2414.448572949112 15732.002588319641
3819 3374.6421428825624 15925.96494159398
3821 2540.6231720085807 15393.42470163788
3824 1849.9086061156304 17313.86341591876
3826 1161.0671463765773 15616.348686062858
3827 3647.650280147068 15635.795379930343
3828 4179.73020016572 17065.723060107513
3829 3176.6430187578126 16643.72696365225
3830 1951.9057973993745 15401.636618551545
3831 2420.3758771112343 15584.17919414201
3832 3450.3705261920113 16404.751303194433
3833 3608.3717474190507 16392.715525297277
3834 3479.445537077208 16105.26615867477
3835 3833.4582969390667 16683.118039206875
3837 1854.751942415468 15381.638170347074
3838 2817.469261441156 15397.30567649336
3839 2985.8854668758227 16394.70947686616
3840 3976.253605795076 17223.690883275565
3841 3805.725238705205 16638.50271394098
3843 3170.0981292608226 16647.390666934516
3844 2110.5327919624588 16353.501858191108
3845 3882.293194902276 15262.504762675588
3846 2336.072459408577 15874.14438064836
3847 3463.043172802194 16077.561937205099
3848 2188.595396950325 16662.72863703495
3849 2832.468226213308 15427.179682243504
3850 1443.5703759931587 16284.038067831587
3851 2887.5004623136992 15399.417641425389
3854 2845.0539120781073 15593.50762903763
3855 3939.452647653215 15746.140822789026
3856 1991.425575840975 17293.020727409017
3857 2809.9702029318755 15397.123407710149
3858 2595.2742068744083 16968.612207354498
3859 3613.09900984895 16333.219205067548
3860 2895.0003116732123 15399.4615677934
3861 2123.3322784174925 16362.746699611396
3862 3484.7820517544687 16114.279736352728
3863 2646.269113917052 15423.331082681285
3864 1436.3388178196824 15651.481969438037
3865 4251.899666066931 15939.602472387598
3866 2886.4251953754774 15417.158242704449
3868 3459.2214725770737 16071.106939154073
3869 1853.0159908751514 16343.112923364306
3870 2470.2097405409672 15388.901678959342
3871 3728.8866092794974 15365.248824384102
3872 2729.507676172949 16371.456383470013
3873 4287.682227193918 16006.021325101645
3874 3091.036766510096 15436.8527171229
3876 2802.471191025948 15396.941140059658
3877 3657.362193252003 15252.220906742046
3879 4307.463435194039 15175.813082218445
3880 4373.102795195809 17070.84664445653
3881 3830.5588737644784 16695.527374704587
3882 2576.3933445578036 16948.45817054976
3883 1422.6692878235071 16126.24329982925
3884 3973.139691828137 15719.427392527863
3885 2878.803534458694 15420.121133918672
3886 3078.0946062360463 15598.926634739584
3887 3143.8901585854833 16624.792544682823
3889 1334.5473936699475 15667.946581056567
3890 3715.2605268499983 16499.411198486283
3891 3476.796082214717 17066.077666696514
3892 3828.6242899879844 16281.657757928766
3896 2529.245713149956 16910.744332860595
3897 4308.266000769134 16753.97305225763
3898 3003.1713117294507 15421.552801870823
3899 3541.820098425358 15375.13102269352
3900 2449.8669148358267 15388.668148890689
3902 1616.6229708177023 17022.18868659493
3903 3120.3973465651334 16613.117968574115
3904 2527.4521863191944 16913.863392919884
3905 3134.2037454200067 16609.19352872839
3906 1617.870666657088 16428.89707499632
3907 2533.124861043947 15393.225764076396
3908 2808.9640527679157 16359.586968420817
3909 3139.9336574113886 16618.420988577986
3910 2863.7451909301603 16356.078160605924
3911 3259.8070137947393 15846.532312569638
3913 2666.4181813320874 17097.256004758558
3914 1849.139630439392 15451.516497091432
3915 2732.7626021433166 15412.852035579728
3916 3827.869098952464 15200.860500581965
3917 3486.6396209939494 15740.978749061023
3918 4171.518016218804 16097.468447177793
3919 3694.2602918127386 16459.873045923316
3920 2482.106305621335 15389.03824826885
3921 2158.5110392781944 16676.602581865885
3922 1022.855620677788 15681.26586156398
3923 2951.7217206594532 15398.926589909344
3925 4028.893324471747 15095.226793095755
3926 4064.9797450257333 16151.880649021421
3927 2646.2033615127734 15430.83199367563
3928 3886.627913010502 16052.011826932936
3929 1530.222666975546 17582.45034075053
3930 3350.086059807558 15428.029226109933
3931 3175.8693445377116 15584.339258326718
3933 1852.108058928595 17243.90774342407
3934 3667.621448581014 15270.578296159163
3935 3628.3662759957674 15331.716449467454
3936 4292.8107233993405 16020.530053021188
3937 1736.9403908544532 15381.24397696476
3938 3343.2169962957546 17338.328837393514
3939 2838.8862315567762 16356.831337686275
3940 3363.8214573206337 15404.654088290921
3941 3603.800945411687 14850.011231746992
3942 2556.9916916282714 16973.301603525266
3943 3354.7091289985933 16981.39176678407
3944 2901.7645409931715 16369.787067614126
3945 3814.880620598381 15525.369953684785
3946 2776.4872304029127 16361.03096762913
3947 3023.027331050654 16421.578413566236
3948 1582.3102933660066 16968.57779275527
3949 3581.4611455477743 15357.19453745886
3950 975.0366091605069 16041.392316914911
3952 4099.1279196028345 17118.741831058003
3953 1943.4122117060906 15403.927081674787
3954 1817.025036200192 16884.655529506737
3955 2335.1018594482994 17097.838293196164
3956 2332.0201106465497 15828.682391979146
3957 4033.895986538652 15671.731463836928
3958 1843.0959997452292 16704.577859913454
3959 2193.909662163435 15422.717336216163
3960 2684.8505816526913 14708.486402691891
3961 1432.3444254582091 15921.894657737208
3962 3017.7251255374817 16058.445417000768
3963 4562.880558941144 17215.941756672622
3964 962.9489934738743 15424.106857099137
3965 2686.364714716096 16917.785245109124
3966 3289.0200483589474 16564.79985030386
3967 1014.2391105434249 15400.910643185993
3968 4231.460141110371 15570.782127260332
3969 3185.520839754493 15408.09591109356
3970 1309.2844398467917 17736.4125317068
3971 1400.6899204132703 15652.292587043137
3972 2680.811992259279 15418.033181953293
3973 2849.2366439231037 15387.758264256014
3974 4634.720313669985 15425.85132075514
3975 3233.7314568842 16795.124024772966
3976 3572.130878158341 15107.14459638648
3977 2384.1017772821265 15181.900633781825
3978 1179.4992817015936 16287.708131232786
3979 2857.713603950249 15114.74924947806
3980 1331.6024048302786 15221.937281729686
3981 3056.698818031419 15264.867051629431
3982 3942.1520635670736 15369.308744647637
3983 2758.5699544238987 15578.61716262489
3984 2775.5622151077746 14940.78748258817
3985 3269.91504466019 15731.906345919924
3986 2193.7572652472763 15430.190646527793
3987 855.0175175975891 17066.48030948463
3988 3463.981333555904 16433.724459874044
3989 3833.1822339638416 15202.934994549172
3990 3826.899877319636 15201.47504477776
3991 2036.7710620370083 15827.335063488636
3992 1052.0747910454947 15684.481956964979
3993 1015.0928489679033 15653.074162962354
3994 4531.825947087356 15725.646714009166
3995 3540.9334101550244 15379.259331766429
3996 3464.5552439272947 17337.036504803513
3997 1627.8803884625513 15779.464348752388
3998 4252.649397337227 15558.878079704418
3999 2643.3157236328534 17268.958636919633
4000 2835.8456722690075 15123.755633130342
4001 2929.3018075186847 14482.132561743383
4002 1365.116969666988 15448.515027329162
4003 1968.7265860201733 15982.447605877447
4004 3238.83315122658 15088.228030002598
4005 4302.8863166533465 16766.111283632
4006 2303.6623844394844 15475.69617187849
4007 1998.1334122263827 15582.058505769697
4008 3391.057982461399 16090.659914267479
4009 925.6318970869934 15941.96434136134
4010 3324.819547214119 17264.926766222812
4012 3964.4472744763066 15451.236202212325
4013 1841.469950525665 15597.670525664811
4014 3515.974626287662 15788.592761985903
