3137 3172.679353170897 16662.991852456413
3192 3116.0073249677653 15809.012664257849
3195 2917.876285266391 16359.191162561783
3206 3202.2548358271497 15627.796265914307
3236 3450.666071590566 16050.321800948832
3292 3159.692982872564 15572.513567630907
3299 2947.295491027126 16358.36814306783
3337 3723.8517527192134 15260.448205969142
3338 2838.683365128917 15758.056315007649
3342 2772.4033396885784 15399.412069611308
3347 3814.8235460410597 15211.51922063829
3362 2779.9010134032937 15399.59433719137
3369 3647.11839541386 15301.765354421144
3383 2717.999497264901 15807.575748569365
3390 2794.8963769857382 15399.958872744177
3403 2802.3940504076472 15400.141140317122
3430 3231.6740816355245 15533.730078221366
3444 2727.4130956101626 15398.318361985892
3490 2757.4079471341524 15399.047533354196
3498 2742.412168265219 15398.682987705824
3505 2871.1032607877887 15599.47440421688
3507 2749.9100652239026 15398.865260712922
3511 2764.9056634729386 15399.229801970447
3530 1051.7481250635688 16446.066475802247
3558 2658.0596208839197 15414.555345991197
3563 2734.913948119639 15398.50070684209
3568 1451.7971280668637 16536.430772663432
3575 1854.6272190519053 16871.014962310004
3576 3563.8076877017766 15093.139213462782
3580 3328.4602019160334 16929.166943937136
3581 3383.175920334605 16938.456041712998
3597 2690.589328990302 15397.403451214353
3628 2712.389435696996 15397.953138552562
3632 2719.9058647307334 15398.13586207226
3633 2616.6364564862893 15413.964180976445
3636 931.5827201416653 15954.479011956215
3641 1287.8796189744467 16981.551478238805
3643 3543.0866369981113 15354.116073388253
3654 4386.700249019385 17311.888723452805
3663 3864.9616802494747 16476.582387736977
3674 3247.113786343252 15370.271900360154
3681 2872.5006904782567 15399.329788261124
3684 3344.4301274978698 16593.285025616922
3697 2865.00084621765 15399.285861922977
3715 4132.867672684452 17102.990220837233
3716 2564.500593330722 16949.326663894026
3723 2660.5949929755598 15396.607671992446
3726 3267.7228472577963 16792.60134410577
3734 4209.879763057666 15210.013340088182
3740 2802.254931596414 15393.73397456831
3742 2831.77023917549 15441.864897572217
3746 2683.091004849356 15397.20451330329
3747 2822.8924754251893 15426.419887643591
3752 2708.2001434195495 15418.367039856988
3763 2817.3893999176944 15400.505675527831
3765 3343.2996760699602 17340.693559698266
3766 2740.5098078141236 15415.56040275486
3770 2934.9753128553757 17499.72328273378
3771 4010.587604815911 15531.359277045334
3773 2810.0099687524917 15393.922448274674
3774 1210.6154406765345 15690.021947106117
3781 1670.4558118638586 16417.623573134813
3783 3611.236024141234 15176.246603480167
3786 2675.592647306539 15397.005574506044
3788 2857.86820157462 15419.789190417807
3789 2698.720509468704 15411.850509196256
3790 2809.8917181849047 15400.323407752849
3791 2668.094333136136 15396.806636859508
3792 1585.5061264977173 16010.657977322044
3794 4073.5738274959326 15639.50515535525
3795 3311.903513924543 16903.464619657756
3798 2373.0988732255596 15104.061017861202
3800 3806.425608049295 16275.60573702779
3806 2880.000613509977 15399.373715060632
3808 3592.4028362835165 17420.005999351422
3812 3029.2182882183943 15425.182961354923
3813 3081.921507258854 15426.05167461458
3814 2831.4141183893967 15449.357458527453
3815 4005.014431702619 16887.433655028235
3817 3360.969710407961 16965.39646371856
3818 1534.1434469833766 16487.954133785217
3819 2886.052378583043 15420.348407909369
3821 2653.0857364906738 15396.408444035551
3830 995.8185467471852 16139.785599261104
3833 4411.243586937657 16394.131757862695
3834 4158.277542825125 15600.295415957842
3837 2817.542146397236 15394.105505739022
3838 3072.0410939121048 16476.425281070875
3839 2150.1436330741276 16363.313487930705
3840 3415.6172422656964 17468.741456641103
3843 2350.258828080606 16367.600609396924
3847 2967.071013902556 15793.84636179099
3848 3076.631826608154 16682.82260014279
3849 2832.4824750178072 15426.879896214661
3850 2560.924264618276 16931.854196450713
3851 2887.5004623136992 15399.417641425389
3855 3334.744668392121 14431.3598201883
3857 3499.318259098376 15761.557065403087
3859 3696.4656838153587 15869.941419220788
3860 2895.0003116732123 15399.4615677934
3862 3804.317983008742 15807.084102458519
3866 2756.8520116394347 15412.559124441581
3868 3860.67816396427 15277.058236395196
3869 2856.8851563981184 16356.286006023036
3870 2637.90074380842 15396.005571251322
3871 1894.7854128767208 15396.122029651266
3872 2338.069625627448 16075.434584479097
3873 3640.0705182796896 16798.16594949078
3877 2902.7750568258666 15417.936482085956
3880 4490.711142340352 17010.35152978416
3881 4240.728086640556 16479.741840239694
3882 3719.0490571091677 16499.42782194828
3885 2767.5068688766582 15415.889493322513
3887 2698.008055589369 16911.288457891686
3889 2167.998272752218 15386.009275809722
3890 3600.4734783184554 15927.188685219313
3892 2651.4809063860876 17068.17794077429
3896 2187.471183925906 15424.842196686812
3898 2791.986459826681 15419.388383860474
3900 2630.226213527277 15395.801958418133
3903 2202.528090899803 16364.420888104596
3904 1667.1693035649073 17087.116566159344
3905 2756.4989582516755 16874.874584227753
3906 2839.0377098016847 16353.623731022397
3907 2645.542844588173 15396.20832369796
3908 3431.9661650743165 16488.979453211097
3909 2731.308343320048 16892.707460734564
3910 3586.241457857474 16404.683620086736
3913 4050.290626130201 16951.287471861364
3914 2606.236884956515 15395.165497947239
3915 1344.9963216962685 15344.579448771925
3916 3658.665553878787 16382.452692905237
3918 2808.607885154466 16370.791763901841
3921 2863.9632252153287 16352.86866243761
3922 2160.492048976185 15385.853983627985
3923 2902.5001690996583 15399.50549420866
3926 2501.4436421031646 17016.888936409556
3927 1874.2901531402717 15401.945139166784
3929 2655.391195978303 16909.058208987164
3930 2812.8843827003357 15413.242151559112
3934 4008.2073602328396 16189.971267258401
3935 2841.6170640332516 15413.896743869242
3936 3557.8303282136017 15370.051702946597
3937 2794.3407312947616 15393.541632657658
3939 3489.4493100779227 16457.02896316404
3940 4398.360249802117 16184.737372880389
3941 2932.107543929898 14479.565396931208
3942 3221.2861825744803 17391.74794416249
3944 2069.9379256221137 16361.617950397896
3945 2863.7607685042344 15416.456048859392
3946 3302.659110121491 16560.977706005833
3947 2241.485360347555 16365.244439378224
3948 1029.3424738007686 16328.585696459424
3949 2827.1461527943816 15417.913214337426
3950 1649.4300974201292 16289.000265972338
3952 3650.123654425434 16395.485605399484
3955 3643.8648914780956 16384.052402330286
3957 3619.335287006059 15316.722576385335
3959 2622.445147613538 15395.595519089873
3960 3282.3255532484077 14345.997674574865
3961 1801.7913504562648 15385.626331021214
3962 3969.390976459404 16183.648622399809
3963 3658.0938628442964 16408.202037830513
3964 1840.5007335002776 15386.216659502623
3966 3624.938044574772 15911.41602992828
3967 1859.6332018230933 15377.749048376016
3968 3544.287793267044 15355.288548730447
3969 2910.000040532441 15399.549420705955
3970 1827.9402528871087 16822.120879720125
3973 2849.236615556718 15387.75933075146
3974 3842.980147314374 15252.288037310844
3975 2296.9355569892396 16366.416648845536
3976 3628.120615475582 15199.896691462833
3977 2787.398709540177 15399.776605316516
3979 2852.436615008091 15387.839351378256
3980 1538.3428581280016 16286.322535290223
3982 3662.4504172838974 16409.114871914873
3983 2832.1263577496384 15434.372383154936
3984 2852.6360516322693 15380.341101427528
3985 2872.7468387341182 15419.931237518067
3986 2614.3283611669995 15395.380172765834
3987 1880.1067598006348 16344.826952359805
3988 2407.4264620363865 16720.904813894464
3989 3653.6743214024514 16395.111088232505
3990 3812.5765832721536 15227.699362360938
3991 2833.7721863135384 16357.176684988573
3992 1498.0558015647375 16763.30861905976
3993 2145.479608930535 15385.543399419808
3994 3690.6002089524063 15880.506286254862
3995 3909.8183195153924 15160.317596113748
3996 2331.9980533730904 16605.888375436945
3997 1429.3294436021704 16339.776560910615
3998 3779.6377827832303 15228.626819303068
3999 2637.7358126144145 16918.785215087733
4000 2849.4360516738693 15380.261099863492
4001 2849.635486637495 15372.762912344793
4002 1828.2778391263657 15379.706947205337
4003 2780.7809052066773 16360.987127780205
4004 4106.729411503447 15675.911055063238
4005 2960.879822603832 17505.781260537635
4006 2480.896173595444 15389.02435628456
4007 2319.8989498250985 16357.328153246024
4009 1857.9112651587393 15385.673468600164
4010 2521.593583269892 17001.97285042633
4011 3236.381671635741 16182.582124450857
4012 3727.678771862269 15043.48759802416
4013 2420.6608124688414 15182.95132226758
4014 2992.3550388614008 16525.484099142686
4015 3341.8617933415103 16549.73490716021
4016 1917.804590781773 15734.334021546605
4018 956.5071184316917 16007.639526006456
4019 3658.8042842602285 15898.85347342733
4020 1889.8594750067145 15389.716231075105
4021 2152.9858289550534 15385.698691523932
4022 4126.589305279868 16978.822962008726
4023 3654.1073517805416 16401.841576985124
4024 4122.824598335453 15258.322132414665
4025 3686.167432179696 16363.327299788743
4026 2653.7902599833437 16917.247719542123
4027 2182.5238649926546 15414.224131433723
4028 2597.265311384144 15394.927473280408
4029 1513.5844184880257 16788.32857549989
4030 1027.0679202346205 16764.74511577801
4031 3626.389387798824 14880.336264231026
4032 1485.205989498565 16285.041684092668
4033 1549.2610075230987 15489.806097526618
4035 1649.4042926799184 17071.830841745075
4036 2855.6366143285704 15387.929376926315
4037 3662.939857035903 16415.93380022118
4038 5024.578233511032 16071.926138317764
4039 3141.3950245451947 15583.919922310595
4040 2321.2885984219656 16366.934688717027
4041 3918.499629400172 16805.273694058018
4042 1035.8916004927498 15684.208169599913
4043 3858.795362831283 16726.865538318503
4044 1437.2426028876102 15629.580246164225
4045 2383.1078768134125 16658.07322956358
4046 1832.9485432885338 17378.812811497428
4047 2859.689438042533 15127.659397157926
4048 3018.4680899765117 16413.931296983075
4049 2354.7690123974944 15919.64464446161
4050 3728.625468586706 15858.56458892898
4051 2502.9060700907594 15426.001658808835
4053 2822.509239292916 15434.482938702207
4054 2303.5842611936455 16357.029992296468
4055 3685.0414177970038 15300.936038314147
4056 3393.226027385759 15428.248131345923
4057 2902.7993224254565 16796.47305406636
4058 2299.687052461292 15393.957453746383
4059 809.2041749301669 16901.175840521006
4060 3993.5420308708945 15707.318355726484
4061 3906.783066089125 15688.78766275181
4062 2814.9240449776225 16570.21176652677
4063 4913.259466346288 15831.857598088309
4064 3194.6816305687084 16204.68971492115
4065 2194.8808678822274 15412.115636359387
4066 3472.3741661041277 16093.322342268324
4067 3135.8125328759543 16444.26466355997
4068 1455.2231650927372 16522.405953130616
4069 1714.6804587316087 15397.395298998461
4070 2021.5464755192256 16307.242661672082
4071 4251.546673534309 15834.003758342074
4072 3633.285806004392 15325.403693601269
4073 1480.5016882800378 16801.438140899012
4074 3730.4109068590847 16549.938169705485
4075 3826.5938949750557 16678.139611045648
4076 2949.6009979043865 15398.910754165952
4077 4081.8462134207666 16387.55101369782
4078 3297.588930243979 16150.132635853348
4079 1571.7648703878588 17521.339395509844
4080 3849.826471097699 16688.957750015135
4081 2624.9676532640237 16933.124985290095
4082 3248.5480890303475 15426.598659491434
4083 4325.817669891936 15803.69023117509
4084 1353.9014604342576 15526.129813136653
4085 2881.0070304173155 15416.990376024796
4086 1317.8786281150146 16211.03198634356
4087 3179.7662093886634 15425.001752648242
4088 2917.4999025434595 15399.593347148066
4089 1680.6010679630879 16316.556396818301
4090 3627.2039760918788 15917.087784090894
4091 4136.865769061994 15248.818189489319
4092 4377.17173874708 15758.935353065612
4093 2548.3906676709157 15393.630780934027
4094 2972.292560718139 15399.080195345865
4095 1203.5437580839296 15314.15407574676
4096 3231.7899845789225 16798.074425801784
4097 1476.9783176452938 15567.105474580692
4098 3168.6324518097304 15578.586394672413
4099 2481.2986342534264 16369.439251106183
4100 1175.8446189573974 15677.136524167201
4101 4848.310470666182 16420.722484023645
4102 2967.8442588607413 15741.141814558214
4103 905.6672302669028 15899.978346063814
4104 1222.0737820405552 15503.90230825974
4105 4392.706508515821 16947.061078286122
4106 3703.0663971212834 15607.65027756264
4107 1566.3670912950704 16372.427256869294
4108 3139.89385737329 16259.862788709992
4109 4363.725458069909 15733.782418945808
4110 3781.422433563358 15562.848843365391
4111 3195.90841351471 14931.663838383683
4112 3945.393590088877 15356.420555404156
4113 1499.0831083952157 15883.331537231892
4114 952.9004829911179 15073.045441137245
4115 2741.200823277335 15418.769313735696
4116 2855.9636432293223 15242.859900059797
4117 1831.1225063189993 17225.74950924778
4118 3418.780778071664 15407.81713959732
4119 3451.3907159663604 14610.236016236773
4120 3332.7319883943696 15238.932564756482
4121 3318.9545039496506 16937.54259869003
4122 1020.0067944624326 15403.366191474997
4123 3006.6979867494824 16760.088146108803
4124 1925.2091665877954 15396.582678365403
4125 1036.006229730428 16281.360412438886
4126 4288.598351716446 16550.356698475647
4127 1050.3055985037406 16894.668915211972
