1007 2342.958589920743 16082.816082386411
1010 2802.3940416574223 15400.141140104406
1021 2787.3986208841816 15399.7766031613
1025 3502.8061481680074 15767.218153293577
1030 2749.910212022368 15398.865264281576
1035 2809.8917362039156 15400.323408190889
1036 2742.4125201052616 15398.682996259015
1037 4135.5691448897505 15479.291150707148
1046 2794.8962851767083 15399.95887051231
1052 2712.421674919488 15397.953922284329
1053 2942.570621221494 15400.870590767883
1054 2035.1056122630105 15407.672360887833
1067 2593.724163186498 16965.812257470683
1070 2075.6833790892792 15408.19472536819
1075 2942.216873934853 15599.249523799448
1079 1145.3547796378639 16310.286493271082
1083 2817.549110243624 15394.10567498411
1086 1853.8782393293402 15841.183292678708
1090 1857.2098707363095 16353.607071428794
1091 3144.637944247418 16619.92443319788
1097 2357.0114580783184 16367.685009681943
1101 1139.8967406222525 17090.217189208233
1104 2030.9446260680418 15410.716101453952
1107 881.2363393620035 15840.296697634294
1109 1873.6442497634862 16355.517332858586
1113 2734.914770308903 15398.500726829414
1115 2341.93887283917 16159.756922807012
1125 2006.5255870610881 16782.682521679377
1126 2886.4251829576388 15417.158242319716
1127 2344.398465441202 16029.254199586183
1128 4386.797229206129 14913.889290651481
1129 3148.967247403041 16633.219210271793
1132 1433.1371902187702 16545.10858325932
1134 2913.196482494276 15599.341294101256
1135 2508.5727241963154 16361.418423998834
1136 1995.831946904383 16358.419773007614
1138 2343.16773069228 15387.261833567216
1140 2865.000934477041 15399.285862439909
1141 3594.2381635007837 14828.150190109709
1146 1893.3695743855253 15402.505416914228
1147 3442.716497268934 15401.945799531606
1149 2686.5767101801093 16637.048114971414
1151 2719.9194236388194 15398.136191687747
1156 3530.7265639193033 16655.170259652812
1157 2871.422423944707 15416.693423813713
1159 2727.417092312833 15398.318459145272
1163 2985.2978420975815 15978.711728016035
1165 2444.7220554527253 16357.746760186978
1169 2348.3184729424756 15921.085175391088
1170 4019.1917570328487 15684.463701580029
1171 3161.6262077623555 16646.04362959941
1173 3414.596806610559 15751.177029876251
1174 2878.9238309400926 15416.925833918382
1176 2540.6377453431514 15416.013338067385
1178 2764.90555467394 15399.229799325556
1179 2595.2741873831446 16968.612218230293
1180 2180.31597914413 15385.842018707115
1183 1759.0056533674674 16302.579118412885
1186 1834.9535286262021 16356.265712193983
1187 2990.6312575702186 15399.217133046372
1188 3931.4167298548537 15737.827655852969
1189 3712.351024061141 15263.008332778938
1192 2912.2575204850527 16962.171846500452
1195 1037.7912334687603 16771.393651098315
1196 1455.7868845189566 15688.289040275276
1197 2863.81979497193 15419.651346707042
1198 2683.0909825737517 15397.204512712296
1201 2187.5185529261194 15422.60357282487
1202 2690.589354130562 15397.40345188135
1204 4110.850070718458 16958.999222655995
1207 3132.020616203719 16605.677813788945
1208 1244.5877336878648 16255.30140655307
1209 1898.6947870420688 15863.222180903582
1213 3363.047400727332 15544.149678263908
1219 3156.2187230003447 16646.5991259232
1220 2300.395148340658 15406.329878125869
1221 2474.6281659519846 15388.95240127317
1222 3108.7099967043373 15402.243416480715
1223 1851.4054866689075 17109.650097578146
1224 2816.0289498080574 15791.34883008418
1226 2795.028556957019 16357.641145514088
1228 2884.6902606079575 16806.402166941072
1229 2840.669119275506 16353.574310738717
1230 2034.4509567686603 15774.541998218443
1231 3091.5923980137777 15487.581234752128
1232 4403.776691395193 17302.233247947956
1233 2660.596109973037 15396.607701627487
1234 4102.537541276029 16131.495795150975
1235 2206.7199462026806 15385.403395429203
1236 3150.439913534522 16659.642181888445
1237 2961.3167942455298 15968.529338705395
1240 2348.0656297944056 15406.8543784683
1241 2363.2694856903017 15394.657622505718
1242 3015.6381624592464 16409.18472067915
1243 3859.130703142918 15260.82528581
1244 2893.673406501948 16355.17139513413
1245 3748.675846375729 16307.637990836334
1246 1124.9474230710348 17056.932508322396
1247 2441.8530041037975 16775.127390802278
1248 2837.0616034313066 16368.217104023077
1249 3468.49791793091 17085.077664737673
1250 3142.2694236577436 16622.18251044581
1251 1021.8011736015835 16779.068094388447
1252 2349.5110865416136 16367.59126346815
1255 2988.7950255034193 16749.322017132123
1256 2664.0652207603753 16372.373842692485
1257 3591.0868590814052 15910.49581266016
1258 3254.7393114895594 15402.749055518632
1261 3728.8058899909897 16514.99654167831
1263 2555.5921533448154 16361.765544352327
1265 2814.7477956464695 16370.927336017709
1266 3128.064061236601 16599.306171055738
1267 2372.0121397698867 16367.872501342326
1268 2880.000749564259 15399.373715857497
1269 2849.226073291794 15388.155689934587
1270 2306.6971167520537 15386.696153168788
1271 2017.6245459702457 16319.105531599538
1272 2812.1758071899208 16356.068135587713
1274 1340.9655126702057 16201.898375415216
1275 4024.092784799427 15534.368785916906
1276 2269.48871963077 15386.119029324838
1278 3485.0372151405595 15386.004464897242
1279 3759.689439345814 15831.709662263258
1280 3124.1075459990075 16592.93459230302
1281 2871.311651288176 15419.886239891874
1282 2482.1289434869427 15389.038508145348
1283 3136.3844217462492 16612.705293529598
1284 3984.5091936159347 15450.637602337947
1285 3944.2193872030502 16208.438566574916
1286 2154.6969044416237 15385.734091034172
1287 2886.447708273116 16366.932802323096
1288 3095.492699149787 16546.853195101678
1289 3986.5477356425595 16203.644274159407
1290 3183.586035592543 15403.280968783005
1292 2105.23997071574 15384.774453473905
1293 3046.9476875664855 15247.55192397177
1294 2717.172197901233 17175.930306607544
1295 3674.303284839569 16369.991991669858
1296 1421.3529337608663 16445.85514149849
1297 2353.889676600079 15943.909112097284
1299 2590.6533118822717 16652.65881154737
1300 3034.9002533646626 15399.621624358066
1301 2861.2999618292656 16367.526244219838
1302 3405.1457734618343 16698.11455884852
1303 1428.3896576197403 16089.629069636154
1304 2187.366486376918 15380.239626481476
1305 2675.592698655186 15397.005575868374
1306 2668.0943938066785 15396.806638469157
1308 4378.477641055219 17401.80722446133
1309 2872.5008309383793 15399.329789083795
1310 1857.125511626962 16331.538498048592
1312 2696.6610510580167 17155.956013374907
1313 2675.324189109574 15396.493361027415
1314 2552.354726969939 16964.887327364442
1315 3026.741592253761 16459.607242933933
1316 1426.8530669791028 15643.733580136353
1317 2481.258660573483 16369.438259627635
1318 3786.732681145671 15241.805816984135
1319 2319.6232684536035 16357.323114999732
1322 2763.246511322414 16849.643691058092
1323 3202.278180514581 15406.623215434887
1324 2604.109234235466 16372.337797520171
1325 2760.9703761229357 17082.737911889784
1326 2852.1962095507 16367.785726170086
1327 3609.4893321270615 15937.872227476193
1328 3459.3942568218326 16071.398778361092
1329 2417.480740848057 16360.715526427095
1330 3034.556723431149 16447.168929999687
1331 3634.495014293792 15912.880639814792
1332 2844.6071160253514 16368.002036184716
1333 2343.9608181840854 16355.72386439804
1334 3499.8812817428297 17170.96664591419
1335 3831.2387804789046 16280.213903169348
1336 3120.151012421134 16586.562984015087
1338 1760.5795005741338 15812.130509562941
1339 2852.4366145420163 15387.83936890134
1340 4225.77702458449 16064.016448178014
1341 1148.9150123919019 16304.65490779809
1342 3650.1236676566805 16395.48562650988
1343 3603.5293230619986 15155.612324219108
1344 4410.429743295137 16265.109559261577
1345 2681.846821874169 16894.482822591996
1346 4259.02551928625 15952.82933431501
1347 3289.8260491047126 17370.519387178418
1348 1569.1413503718811 16956.364384846423
1349 1921.9206745129588 16346.58713344918
1350 2748.842084333379 17242.63927007571
1352 1893.6683118548124 15396.105115527052
1353 3447.2378066342367 16050.87378174304
1354 3120.6711076084193 16607.39064713746
1355 3623.011226752809 15972.625050992496
1356 3761.584186697717 16573.54349756347
1357 833.2137138271531 15146.78660795361
1358 2887.5006191285597 15399.417642343848
1359 2855.6366144720914 15387.92937153034
1360 4237.546198031817 16637.92750752823
1361 1832.5528469325848 16324.448343227084
1362 2188.7615152265803 15411.414770801264
1363 3654.107355881819 16401.84158352869
1364 1880.5156308843598 15388.18226505398
1365 2928.91484858389 17509.480070490103
1366 2780.7604669184448 16357.78684729813
1367 923.1784134979957 15726.769213538671
1368 4141.2943539825665 15621.436940548467
1369 3658.0911007500117 16408.197630921248
1370 1010.4133367482365 15698.605762021458
1371 2613.8099393877683 16358.995107725024
1372 3480.6815972646305 16255.321555110075
1373 3328.043380274765 15843.687932669092
1374 4056.7404872722677 15657.778302333198
1375 2977.053161861276 15986.410591706534
1376 3285.6945907757313 17284.91104870359
1378 956.463861065139 15709.241283744464
1379 3492.9159457866485 16121.737054661053
1380 2364.5118094924724 16367.778755644227
1382 4101.8171167676255 15680.240080883077
1383 1909.4837469175072 16831.66567875674
1384 2192.1264399404504 16354.993032194385
1385 4055.656697602115 15114.258212749808
1386 2363.9252894714864 15836.940387549485
1387 3226.0828973400526 16776.600532789987
1388 3333.0220875665996 17322.489424823387
1389 3099.9072209944516 16189.677143060555
1390 2591.9400318608077 15394.528168405759
1391 2626.3733825229288 15414.111774419287
1392 3426.848350963095 16742.643259495973
1393 4242.540225578222 15564.55737585723
1394 3755.687512487298 16558.004940779705
1395 4468.627011828461 15432.557071762081
1396 999.8774243481838 16164.866762445925
1397 1106.7342929879806 16628.162767759633
1398 2848.41250591132 14555.103256974699
1399 2544.6279093431 15396.654738627816
1400 1074.886497324408 16263.833315851405
1401 2104.553550559163 17543.198243840965
1402 2233.2227400944903 15385.556522924835
1403 1374.272094900421 15652.527112515983
1404 3708.5211518447613 17503.490413598116
1406 4177.82897887579 15600.91192034435
1407 1472.207602195926 15682.211039308695
1408 4204.968194310672 16079.097183036598
1409 3315.2942126111902 14401.908354519903
1410 3284.5465845657004 16497.664543389077
1411 4238.301260968108 16480.933459165426
1412 2894.231899916542 15602.60129684703
1413 1776.8105019051811 16892.317694708436
1414 2840.23647429543 15630.059374247401
1415 1532.1429877302905 16489.130593261736
1416 2918.944976323667 17499.66024269651
1417 2856.9998063950065 15195.335443426364
1418 2749.178604477626 15811.218613870535
1419 1447.8930673782863 16284.142265248185
1420 3900.7991737060347 16965.005104137235
1421 1228.568104940307 17564.01724095163
1422 3321.524269768181 14405.547572455032
1423 1852.676709712801 16761.22930858482
1424 1824.8064772462405 16614.979236451334
1425 3231.2025277954217 15337.823749193896
1426 1046.470574337076 15230.422889149517
1427 2102.8536391035486 15300.96737268916
1428 3187.9948288032824 17054.809336471157
1429 1901.2600092599657 17330.870156339697
1430 2546.547952861299 16173.9901022426
1431 1152.753584579896 15625.452651641379
1432 4279.379535620745 15569.208343897042
1433 3954.0845541752774 15197.049999032723
1434 2856.342249180311 15225.3288946801
1435 3926.3523088279635 16442.22942432693
1436 3827.4426332760722 15205.011467357295
1437 2702.0280912471517 15954.95767880492
1438 2490.4959636355784 15188.517362347195
1439 1996.7773475001143 17305.89860491835
1440 903.3178017262104 15858.39043976486
768 3904.4619221670087 16804.67351714087
791 1175.8525402595023 15609.841832017653
837 2781.385923594642 14949.787322518781
897 2817.3894306919083 15400.505676275949
905 3616.754850342258 15976.578001431413
929 2863.9210713706548 15416.461015395136
940 1854.654443811642 15221.252764193712
947 3710.8815726675894 15588.477335211532
964 1550.3441616685702 16879.94936884265
973 2757.4078907033554 15399.04753198237
977 2772.4032424874026 15399.412067248359
982 2779.900958920799 15399.594335866908
989 3549.8562992240727 16213.10508555454
997 1027.9622478447793 16831.896826416218
998 3165.1604582013592 15407.30916569718
