3192 3075.157370896916 15736.040361083982
3195 3143.8894632833467 16624.791424967098
3206 3471.855793916172 16086.169921826255
3236 3372.6309510516717 16313.988143657849
3292 3448.3473587181707 16046.615749460767
3299 3146.6289329080887 16623.13067364203
3337 4028.860150775224 15536.349064108916
3338 2942.8457390841772 15986.77217288717
3342 2772.4033396885784 15399.412069611308
3347 4038.6987590477056 15529.190877148352
3362 2779.9010134032937 15399.59433719137
3369 3682.591945305469 15298.625406122219
3390 2794.8963769857382 15399.958872744177
3403 2802.3940504076472 15400.141140317122
3444 2727.417100676184 15398.318459348584
3490 2757.4079471341524 15399.047533354196
3498 2742.4125436355735 15398.682996831034
3505 3252.0358475144335 15709.79367173053
3507 2749.9102425823994 15398.865265024488
3511 2764.9056634729386 15399.229801970447
3558 2367.2293367926204 15417.734827467146
3563 2734.91484350646 15398.500728608838
3568 960.5292299539179 16815.497560845462
3575 1842.7817106021814 17076.33030694146
3576 3585.8778618669317 15124.331410983194
3580 3169.9242130266116 17069.44119678584
3597 2690.589328990302 15397.403451214353
3628 2712.421678212777 15397.953922364388
3632 2719.919343768948 15398.13618974612
3633 2356.477442360507 15414.393707107465
3641 1530.7133762883361 16934.167118915495
3643 3934.0961738744036 15354.935901116834
3654 4529.3560362080125 17063.70940124025
3681 2857.140487841326 15420.114379089558
3697 2855.7772872617084 15439.97131717576
3716 2564.500593330722 16949.326663894026
3723 2660.596018746271 15396.607699207152
3740 2802.5497955002106 15393.741140761289
3742 2831.77023917549 15441.864897572217
3746 2683.091004849356 15397.20451330329
3747 2822.8924754251893 15426.419887643591
3752 2507.2025231412454 15507.922652642223
3763 2817.3893999176944 15400.505675527831
3765 3174.2987222367656 17540.397028424857
3766 2398.7143588159893 15414.908715096195
3771 3663.805231957728 14939.775545203574
3773 2810.0494684215196 15393.923408250606
3774 902.0641793886933 15735.56989693532
3781 1479.4374555141376 16706.277471903602
3786 2675.592647306539 15397.005574506044
3788 2426.2492241383015 15418.269149702472
3789 2373.588130980648 15405.017784145322
3790 2809.8917181849047 15400.323407752849
3791 2668.094333136136 15396.806636859508
3795 3372.878011958505 17124.108849482538
3806 2859.2557209532615 15402.235184239868
3812 2779.0895524794337 15416.03068468823
3813 3147.3414808838984 15405.710127035842
3814 2831.4141183893967 15449.357458527453
3815 4316.714214449956 17296.14745406706
3817 3666.2456731336624 17395.944228618446
3818 1176.4735078472986 16692.982605492387
3819 2490.339451096531 15414.894738914903
3821 2653.0977266786567 15396.408762147026
3830 792.3511717198859 16096.279480451756
3834 4130.800301451816 15244.879194894509
3837 2817.549170363687 15394.105676445231
3838 3293.994164287163 16507.437637348947
3839 1660.0840325693189 16421.901723199768
3840 3146.2302272745355 17430.428477707734
3843 2338.340971426947 16053.105840133707
3848 3594.429224443822 16400.255663265532
3849 2832.4824750178072 15426.879896214661
3850 2572.570684601452 16944.126801355313
3851 2877.3584260566176 15399.358239856681
3855 3077.672391865113 14356.356617759964
3859 3839.2079591781 15569.248807282303
3860 2890.4172818275733 15399.434725140174
3862 4299.271694704309 15521.2933790107
3866 2414.1031839913817 15411.80443199798
3868 3587.0197932021406 15332.287367623236
3869 3142.66139037789 16616.741438195593
3870 2638.101139325744 15396.010887941406
3871 1529.0515469276163 15523.295971372207
3872 2196.3184229121343 15567.977438292728
3877 2586.90749221418 15416.71451695221
3880 4276.69178456296 17017.075439170552
3882 3932.510507730172 16641.09129866958
3885 2509.681882265219 15423.58571504709
3887 2765.4819447198065 17262.56905203048
3889 2268.7427308966226 15386.107458606422
3890 4057.68829431142 15657.199392562052
3892 2951.8887713212466 17560.296873855794
3896 1900.5574359604436 15396.209424357281
3898 2525.057114327312 15415.845329087453
3900 2630.6028352320736 15395.811950562218
3903 1765.1008504528081 16378.584400926453
3905 2147.268126219937 17213.849043000144
3906 2955.7133380612845 16180.247002733915
3907 2645.5994398174353 15396.20982522503
3908 3735.918501684935 16526.345947715366
3909 2595.0908201827447 16968.714534025785
3910 3774.552767287242 16588.354261508273
3914 2608.1078690368713 15395.215136994255
3915 1079.3359962007635 15002.580956794143
3916 3854.2625540507584 16714.51260264339
3918 2320.126457132669 16366.907607410387
3922 2231.287442414183 15385.526505334106
3923 2901.113416068406 15399.497372042324
3926 1869.5997837377383 17364.531196076376
3927 1442.7904121073893 15614.270717224257
3929 3336.2806212748255 16542.36824918211
3930 2545.90239206503 15416.093119336294
3934 4121.132875040307 16447.62464051702
3935 2786.6587767156166 15086.59560872306
3936 2953.9326574461684 15420.741195433071
3937 2795.0501307177374 15393.55887346977
3939 3753.0448903993283 16537.761893760413
3940 4632.2384893001345 16214.616810430962
3942 3447.0897117260897 17485.884892934653
3944 1589.046152975148 16455.78828351455
3945 2648.245063690425 15521.376563671656
3946 3690.824244036122 16454.39023552151
3947 1799.820960189469 16364.846827497766
3949 2654.480640684503 15575.024225280762
3950 2093.0620136713774 16353.182568993354
3952 3632.2205806536467 16366.147340186575
3955 3804.1105495790857 16509.846763174897
3959 2623.1045127494885 15395.613012695152
3960 3447.6772886442172 14598.861008305741
3961 2256.7213565589695 15393.484316175734
3963 3651.4924839701166 16397.66956690962
3964 2403.172963906848 15395.09703898315
3966 4073.2414209101703 15651.623249347418
3967 2195.505916400535 15297.85734037411
3968 3324.1915156975333 15225.728241826524
3969 2909.861185407175 15399.548607436109
3970 1836.7665191099782 16156.025159668308
3973 2849.236615556718 15387.75933075146
3974 3464.9491859838845 15418.294673335491
3975 1848.3266035703332 16355.605442699934
3976 3653.0778647811867 15244.554747395448
3977 2787.398709540177 15399.776605316516
3979 2852.436615008091 15387.839351378256
3980 2029.228039417664 16351.10999983543
3982 3946.676337048408 16834.19599191599
3983 2832.1263577496384 15434.372383154936
3984 2852.6360516322693 15380.341101427528
3985 2455.6896159912008 15418.425303254919
3986 2615.6062163044653 15395.41407551889
3987 2389.8892554820154 16357.053562995554
3988 2029.4646671098023 16769.731115956612
3989 3800.3109407279017 16714.861772145116
3990 3251.1386927233066 15426.65880545992
3991 3138.026059293918 16609.27681205932
3992 1727.020163200428 17177.751277974327
3993 2183.2673933016767 15385.792989750618
3994 3475.9591674032054 16055.360122490873
3995 3948.5509007021674 15187.263307062829
3996 1854.6389392933079 16871.008136856122
3997 1565.2549376362815 16756.969724641975
3998 3486.885998526755 15386.776932159337
3999 2816.191185040548 16436.05663740831
4000 2849.4360516738693 15380.261099863492
4001 2849.635486637495 15372.762912344793
4002 2102.910760453845 15267.259508069124
4003 3101.5362660357086 16550.514523125054
4004 4396.491281944316 15953.038347900687
4005 2585.565624752799 17791.72479214723
4006 2585.4269506905907 15394.613389932914
4007 2464.4343136284997 16781.000070962797
4009 2442.2779974694 15395.52766300055
4010 1950.9306239261748 17319.713228165045
4011 3106.893397266988 16565.212898408132
4012 3781.332194243325 15227.71565306365
4014 2999.4790420547874 16723.33682475486
4015 3170.098128479816 16647.390667371707
4016 1918.1812882467389 15779.729237159288
4018 897.6329387442677 15733.922246212767
4019 3638.5167632101466 15831.574550613415
4020 2110.022576745435 15384.8246909322
4021 2205.7354015093924 15385.419750707168
4022 3896.2453388785466 16777.20268037119
4023 3639.24554303345 16395.054163059518
4024 3951.5682265002997 15199.110336663483
4025 3177.3536323478556 16643.329175829636
4026 3176.604193009411 16681.704481875197
4027 1893.5071338555163 15399.304976824666
4028 2600.609569217133 15395.016199728458
4030 1433.0548375051694 16535.671410192317
4031 3816.499893859676 15191.549913738314
4032 1934.6796899202268 16347.127218451744
4033 1837.2391702698267 15383.071761482084
4036 2855.6366143285704 15387.929376926315
4037 3658.690626832664 16409.154172145772
4038 4653.749258931215 16570.097960938416
4039 3122.384303145571 15821.86162751182
4040 1865.0811214590071 16355.313924757986
4041 3678.0234216320214 16439.99956110539
4042 1592.3385115652172 15443.75092786303
4043 3674.0264428414353 16433.622399047938
4044 1436.0246613102659 15999.268909038397
4045 2569.880632335403 16945.85674288851
4046 1594.2683081407254 17002.799500569177
4047 2852.8354861643456 15372.842930133866
4048 3150.5866911472635 16629.50415270059
4049 2340.894242083063 16558.800223411738
4050 3518.17890761524 16032.516456678488
4051 2346.8053876216736 15962.837381891184
4053 2822.5363552745866 15433.912435228498
4054 2707.7114250331406 16361.733191494453
4055 3108.252915458465 15413.638436452828
4056 2863.921077682495 15416.46101559069
4057 2593.7241987452694 16965.812237630536
4058 2981.3636227996108 15406.33985980992
4059 1051.9600764550914 16570.43226725999
4060 3596.594344732697 15924.108151960103
4061 3698.4988657076065 15308.981562127965
4062 2810.1586186365594 15983.217495566816
4063 4579.200572657308 15879.25185184706
4064 3124.913553090487 16594.23258747054
4065 2500.467764963632 15404.330634717991
4066 3571.1588679502916 15884.298546060782
4067 3147.846698999053 16631.16416397897
4068 1822.1565387193405 16347.564147215688
4069 1535.260203370384 15600.56334423939
4070 2300.0356990276314 16356.96514014459
4071 4174.564121903919 16092.147048628107
4072 3070.0046686298115 15422.654423828337
4073 1478.40719799597 16508.73908768307
4074 3665.00768422401 16419.233009392974
4075 3669.94146257949 16427.104831030494
4076 2949.6009979043865 15398.910754165952
4077 3762.8232704938177 16536.06216613868
4078 3076.7269623065276 16510.562214717163
4079 1831.1986432657538 17228.482684641916
4080 3688.2020368910617 16456.239496923972
4081 3174.032084260222 16627.82763785439
4082 2863.8199083817453 15419.651350262795
4083 4287.679097221398 16006.015515311141
4084 1157.966460118632 15671.027447137529
4085 2566.795819112906 15416.40974155423
4086 1441.928986768899 16283.998502546547
4087 3071.8299825474737 15400.527523920178
4088 2917.4999025434595 15399.593347148066
4089 1850.0667986245344 16342.463660891222
4090 3301.47249784745 16148.073733273295
4091 3853.1640745217533 15206.069548955325
4092 4241.49942940737 15565.14209138387
4093 2593.1112657340896 15394.817262365468
4094 2957.1009290039738 15398.966757235692
4095 950.204392895332 15433.947725336127
4096 3023.3422199713696 16454.20752220371
4097 1837.1595487561638 15386.271920897125
4098 3361.193861845401 15894.472910002154
4099 2093.45050059869 16362.115002972236
4100 1713.160301686526 15384.00851302291
4101 4941.153201690305 15897.037062707595
4103 1232.3187009221574 15683.99437670971
4104 996.2523773939388 15609.036892641374
4105 4139.26197045106 17001.40565134379
4106 3759.032099365955 15815.952356042848
4107 1500.8074736924527 16495.534242986305
4109 4208.799971067 15583.512528881485
4110 3694.8011237940545 15302.134663031522
4111 2856.6362667860085 15222.03246236511
4112 3933.2167390269724 15168.20356078632
4113 1425.4741921071789 16060.986122860286
4114 911.3213302544381 15227.757152564516
4115 2508.81822890244 15444.833381931985
4116 2855.8360505525825 15380.431142020683
4117 1827.446918251088 16895.950677876284
4118 3099.047459317998 15401.429655819415
4119 3252.917665477526 14307.144979761959
4120 3170.6253186231115 14988.247614120026
4121 3151.744979335743 16667.904094537764
4122 982.8088791089019 15607.42332392146
4123 3202.4598883941603 16829.150850615224
4124 1892.8074913550681 15396.092081768626
4125 1278.0418843497423 16117.923632161264
4126 4137.411696500121 16481.390781207487
4127 1207.0032527802518 16664.84292599147
4128 3265.9420010437047 16855.693776463682
4129 3942.9219820384665 17231.785320763964
4130 2819.644565029245 15494.75391241565
4131 1608.1709798351235 15933.0652043211
4132 3064.9715049896545 16484.362286598796
4133 3242.074590038143 17506.64183035349
4134 2911.7237958780315 17493.55589326864
4135 3065.962437146924 15940.82344876521
4136 4455.69974595348 16947.283377796317
4137 3505.5599673599545 16498.03386901965
4138 4284.968290514074 16019.475161822065
4139 3091.537996513231 15557.862336581797
4140 4375.614016621204 15989.9989307146
4141 2850.74156287353 15599.538793395323
4142 4556.139781090722 15557.4816708449
4143 1156.783603519103 15645.479345466314
4144 3228.6887361273284 15408.42405039
4145 1054.7924428016706 15069.11999694192
4146 994.1634311505476 15812.139764078713
4147 3712.9318948460227 16559.245987976712
4148 3948.9298889446263 16939.924652132777
4149 1625.6663346041896 16291.629374673174
4150 3316.689671798273 17299.8811477004
4151 4015.393134930184 15102.593197681132
4152 2931.5924137007123 15170.33512891517
4153 1367.321411480649 15196.773120351078
4154 2025.269527375511 16245.916886151694
4155 4085.2213200241563 15673.959653153308
4156 3098.6939680118016 15370.567921302738
4157 1866.923215779878 15374.14490364412
4158 828.1584350995176 15778.884342847254
4159 3863.776837507585 15222.918129625841
4160 1865.0073922733131 17152.77293124868
4161 3296.4078442312575 17262.756443973478
4162 3601.6130769230767 15152.035
