3206 4151.168723178619 16524.179882251734
3292 3856.22837798166 16681.90463158117
3342 2772.4033396885784 15399.412069611308
3362 2779.9010134032937 15399.59433719137
3390 2794.8963769857382 15399.958872744177
3403 2802.3940504076472 15400.141140317122
3444 2727.417100676184 15398.318459348584
3490 2757.4079471341524 15399.047533354196
3498 2742.4125436355735 15398.682996831034
3505 3838.46238946386 16690.94834553221
3507 2749.9102425823994 15398.865265024488
3511 2764.9056634729386 15399.229801970447
3563 2734.91484350646 15398.500728608838
3597 2690.589328990302 15397.403451214353
3628 2712.421678212777 15397.953922364388
3632 2719.919343768948 15398.13618974612
3633 715.6207615002169 15832.885588754643
3681 3190.67645799095 16692.489769299056
3723 2660.596018746271 15396.607699207152
3740 2802.5497955002106 15393.741140761289
3742 2831.77023917549 15441.864897572217
3746 2683.091004849356 15397.20451330329
3747 2822.8924754251893 15426.419887643591
3752 1760.1143529495926 16915.03711413596
3763 2817.3893999176944 15400.505675527831
3766 879.0045865978876 15835.443328463263
3773 2810.0494684215196 15393.923408250606
3786 2675.592647306539 15397.005574506044
3790 2809.8917181849047 15400.323407752849
3791 2668.094333136136 15396.806636859508
3806 1993.0206075338158 15406.073821435048
3812 2000.488981681672 15406.357497076771
3814 2831.4141183893967 15449.357458527453
3819 1447.5167734215772 15612.715862439369
3821 2653.0977266786567 15396.408762147026
3837 2817.549170363687 15394.105676445231
3839 1003.4311119687566 16188.545583422458
3840 2497.383906542451 16861.30084005983
3849 2832.4824750178072 15426.879896214661
3850 3502.6546899296486 17462.18315941579
3860 2340.160524472284 16230.14713846839
3870 2638.101139325744 15396.010887941406
3872 2443.0619259480236 15183.234127562126
3880 3599.3328075675036 16309.512601866852
3885 1974.6296185534543 16736.930200965446
3889 2787.5504334424195 15393.376605388567
3896 1148.0536283273157 15456.47886521657
3898 2050.153227725104 16750.704876450578
3900 2630.6028352320736 15395.811950562218
3903 1270.568704331957 16080.106428851428
3907 2645.5994398174353 15396.20982522503
3908 4445.585995188752 16331.445786888176
3914 2608.1078690368713 15395.215136994255
3918 1343.4853168403265 16200.502149210597
3922 2578.1147155053004 15394.419389144789
3923 1992.6516472705562 15409.263854933713
3927 841.844742774492 15136.444515910287
3929 4289.986323499632 17250.419172852646
3930 2081.7444307974824 16740.22411279714
3936 3072.6744646861775 15369.69001366317
3937 2795.0501307177374 15393.55887346977
3947 1150.441005461383 16858.242098719325
3950 3206.2802193784155 16718.064908214015
3952 3635.3406830550434 15593.070705462465
3959 2623.1045127494885 15395.613012695152
3963 3091.335382332266 15464.115998450425
3964 3983.3604088859965 15448.018230447511
3969 2342.2838737822867 16133.725523520889
3970 2107.190830537525 15201.63927408194
3973 2659.1136002817057 15417.768681453905
3974 1864.0953540577584 15655.51329464617
3976 2939.285779311677 15417.093136539435
3977 2787.398709540177 15399.776605316516
3979 2734.179471588803 15418.683724396638
3980 3155.2298933908723 16642.22200552746
3982 4308.214434724564 17102.503200611267
3983 2832.1263577496384 15434.372383154936
3984 2840.259294199029 15570.358271832418
3986 2615.6062163044653 15395.41407551889
3990 1465.1326016593403 15675.44945667298
3991 4078.553652805333 16931.458933204172
3992 2358.5795874372297 17469.688002621522
3993 2563.118087064478 15394.021513849066
4000 2783.9949779053463 15412.88999357417
4001 2811.6226351447776 15416.427258619631
4003 4025.7490885274497 16902.199017269548
4006 2585.612990496144 15394.618325751851
4009 4009.6528949934645 15501.715718114998
4011 2593.7241244067163 16965.812279108002
4012 3618.417202599947 15189.09894547511
4015 2258.909817560144 16365.612789987319
4016 1854.2486219925609 15998.16657010267
4018 2283.1950323963747 15393.775843879612
4021 2570.616369482706 15394.220450653183
4022 3470.549638689763 16090.240645586215
4023 2600.2743915231235 16962.15753374649
4028 2600.609569217133 15395.016199728458
4030 2289.89985338457 16356.779901343547
4031 3782.3608235097527 16309.290604539186
4032 3149.6090865434007 16627.92984166547
4033 2602.2697351261118 15388.655735295006
4036 3082.4546186227403 15400.803752271591
4037 2770.1086753385566 16370.887184761144
4041 3451.571263751518 16058.055656611166
4042 2529.767334564527 15393.136685598114
4043 3424.520213184266 16014.563735763284
4044 1861.8332775678073 17359.195020337473
4045 3759.9053379937923 17133.230909028345
4046 1092.9859128335265 15691.250450227411
4047 2846.7563795531196 15477.333593870546
4050 2361.140118868535 16367.736613301207
4053 2822.5363552745866 15433.912435228498
4054 3199.274523383953 16718.86297740864
4055 1462.7629653202034 15596.966597613113
4056 2863.921077682495 15416.46101559069
4057 1836.377693709399 17351.856513103696
4061 3198.244070707444 15403.392376216018
4062 2831.0580001325015 15456.849966269916
4063 2932.411709539951 16780.236722382662
4064 2595.2742340863606 16968.612192170687
4067 2330.3163257655538 17467.735572235055
4068 3060.240648458252 16483.876115712355
4070 2667.4376248792514 17092.92937685483
4071 3903.178140779859 17051.09076187313
4072 2871.422498916886 15416.693426136515
4073 2297.3996465942078 16356.916964668222
4074 3809.063488185126 15804.501420828581
4075 3175.86212321264 15590.49456515719
4076 2405.6385252289538 15418.159829355476
4077 3695.576165879854 16468.004887249495
4079 2333.9223457176995 15833.214687238027
4080 3308.9604800983366 16569.658193257084
4081 4591.00510505831 16090.600866948827
4082 2863.8197778174713 15419.651346169196
4084 1862.5551810668694 15708.344922651533
4086 2312.3992064138997 16357.191090831446
4087 3106.8663793065743 15137.94814613982
4088 3398.8947211248055 15963.959481167736
4089 3073.9845030989623 16475.333370850898
4090 3451.2544921270432 17078.098804290337
4091 2878.9238463688243 15416.925834396397
4092 3032.736996584865 15412.014943761107
4093 2593.1112657340896 15394.817262365468
4094 2856.8448837678543 16356.287226203722
4095 1837.1517921387804 15386.271779312485
4096 2017.7884051206831 16316.407148820212
4097 3377.100269714349 15407.955614559367
4098 3923.9198453708505 15377.961822493106
4099 1788.5124037586304 16437.006631136624
4100 3143.80733946597 15406.598986777526
4101 3955.630624340163 15777.341804211137
4103 3328.671507648037 15407.586175773053
4104 1824.1636226297123 15386.034701057308
4105 3350.2708520676506 16545.17684959799
4106 4672.756871148475 15628.226714623119
4107 2319.898982606547 16357.328153845125
4109 3247.511171075677 15426.574585398283
4110 1572.4348400706112 15484.646718662676
4111 2852.711029047942 15437.970278156727
4112 1971.158821747541 15402.759043723956
4114 1461.735460596413 15583.406242529349
4115 2643.1720573154216 17055.28957987706
4117 1915.5045861272827 15385.001048843362
4118 2508.0844306927484 15473.486367524909
4119 2857.837497650099 15112.879580916691
4120 2848.1168432488016 15409.810237615506
4121 1977.6595739067034 16357.988107412584
4122 2309.0537799122767 15386.73270638277
4123 3846.090275058293 16357.76752806978
4124 2497.8575133462828 15390.408313428294
4125 1434.8116451877975 16283.82694077178
4126 3011.7870986226485 16735.046520521224
4127 2179.976333929969 17209.450576538497
4129 4108.363246593183 17174.842176413153
4130 2822.180234103953 15441.40500427422
4131 2161.0612144702636 16354.425296129446
4132 3895.0023764721072 16452.05297375468
4133 3334.2965224798877 17352.788873162503
4134 2479.6573497100208 16833.7925792784
4135 3171.7407460481727 16673.732900993902
4136 3613.3025968815878 16333.569799726909
4137 3513.6771221447934 16163.084616920754
4138 3669.7527860682867 15309.239332414967
4139 2871.3116325232404 15419.886239303534
4140 2899.350887366802 16798.363814685745
4141 3771.466515283192 15444.384785415123
4142 4041.230648522444 16164.770698760984
4143 2344.817537479049 15387.287423028418
4144 2508.848342775001 15443.657510493143
4145 987.9736842598544 15609.674563504439
4146 1608.6511077390385 15426.307379117543
4148 3217.0131980980896 16761.86731266577
4149 2304.899433436787 16357.054027876535
4150 2849.7713573556343 16367.854841119328
4151 2833.7255503624256 15913.417814158714
4152 2850.272228451892 15426.993988686665
4153 2268.7605751332076 15386.107735380894
4154 3050.3147657014138 16467.347038351872
4156 3039.233443652943 15399.694247658987
4158 999.1893218740447 16142.587739580149
4159 3038.1700902597195 15422.129690788322
4160 2552.3547386550417 16964.887320159873
4161 2903.7486123230506 16369.74232402013
4162 3727.691646821058 15258.381254636457
4163 3547.953165704683 17215.94479246136
4166 1402.8076006273159 15643.512247178478
4167 2809.9411638997535 16083.678645393562
4168 2552.502286161568 16371.205335527442
4169 3821.4892053054127 15198.315685629814
4170 3844.323091925647 15205.495040098638
4171 1429.193177233141 16498.47196054288
4172 3317.314749258091 16929.007150657722
4173 1425.1354132952192 16540.424051255093
4174 3289.7836849497344 15427.556025089028
4175 1422.0508002833578 15630.181006635072
4176 3831.3813862771194 15800.234952677607
4177 1082.6452134310694 16956.68441056011
4178 2809.657550702122 16214.704110088389
4179 4164.923462168258 15788.133075809796
4180 2314.3332947673707 15397.319273672776
4181 1465.4817081703654 15683.124607645696
4183 1015.8777189631168 16581.508222258613
4184 2082.557682727538 17236.180964222698
4185 1233.3365961325173 16649.8435672784
4187 2332.148905783613 16035.918313380564
4188 1073.9126186620595 15674.855521442263
4189 3533.835184934068 16445.44575619403
4190 2337.483817721006 16573.473052177196
4191 3803.1194093068407 15236.506524485307
4193 2809.970187128062 16356.28269219274
4195 1037.7689152056262 16758.9629265847
4196 3003.650040579894 15399.314346181152
4197 2562.899582096585 16361.819491354605
4198 2187.9003927341682 15486.089957327704
4199 2848.989254285763 15393.671592141773
4200 869.8572441040756 15745.21811399033
4201 975.7624227601129 16573.235030609005
4202 2854.542714053112 15410.976428347913
4203 2215.4600109563153 15403.962012094478
4204 3125.608964405607 15403.759895356558
4205 2878.803467251263 15420.12113181151
4206 4231.89747015071 16064.307281523079
4207 2128.3835643386033 17207.616926079463
4208 1801.68040872431 16316.471586823767
4210 3639.99262929402 16394.645297440766
4211 3415.613208089487 15428.535274343969
4212 3762.811187460244 16575.51765672217
4213 851.7142945481366 15755.436577551483
4214 3639.524126958462 15909.978693346386
4215 3774.3880616871184 15248.54391765409
4216 2837.9913462554346 15776.674586009329
4217 1877.2023087577018 15273.44012721166
4218 1909.4957990811295 15378.480156339665
4219 3600.123798810974 15347.055009409389
4220 2517.0505297642612 16891.819716646503
4221 3811.04995132314 17288.991800299067
4222 2916.7669908523635 14493.59406463676
4223 1239.8375463760797 15678.083397935918
4225 3066.553873669655 16483.180396650463
4226 3549.51579860842 16217.838365111256
4227 1839.9732128880914 17345.10904584552
4228 2336.5577471185643 16414.424366123814
4229 1425.3205108067236 15990.688696540692
4230 883.5454998411535 15743.100082895917
4231 2852.979723790157 15367.420005557735
4232 3607.0494281278757 16983.8915243759
4233 2415.313466511539 16747.31237876641
4234 1332.4377300827082 15259.298559674311
4235 1846.971064660687 16551.257642948527
4236 881.891336880607 15109.80854525171
4237 2268.456111281632 17368.337850445405
4238 2458.347766396902 17482.7151772414
4239 1747.7712160443343 16820.908575357673
4240 3792.400458811501 15483.250305100459
4241 3463.776360539669 16487.29607316465
4242 1785.5364547550298 15399.248990297016
4243 1567.609550891093 16556.085268556817
4244 1203.064035234222 15830.72795491113
4245 5010.454546725067 16041.82083243835
4246 1842.8063617418165 17388.96966703287
4247 3862.1974680027256 15609.7753731322
4248 4195.494835742507 15843.608448210962
4249 4551.971500570098 15046.236193935008
4250 2344.3433692178055 16326.586593778513
4251 2501.171717275957 16996.381228024915
4252 1305.7121134123113 15547.923425828314
4253 1012.4121798987123 16223.671918103139
4254 3109.1445954809456 16204.521114127516
4255 4132.691516879221 16953.430101262566
4256 3470.9014724895305 17335.30951622313
4257 4340.517147587771 15220.234473477745
4258 3711.959733733423 17502.20707881652
4259 3788.6322448596916 15670.68544904029
4261 4180.233494716164 15321.297195395622
4262 3529.155137798548 14729.772985229172
4263 2847.499218696701 16604.193684378683
4264 1053.807849503743 16439.76213453648
4266 3280.8026906479126 16789.257838284673
4267 1208.3743091971858 15595.52943659248
4268 4393.419985632307 15348.232376295251
4269 3075.310143495761 15932.415797550353
4270 2155.198320975543 17216.852321672835
4271 3007.687467079134 16395.849191037225
4272 4521.934840637326 15706.142677521208
4274 1582.3516551801342 17533.772576445015
