3206 4202.634904238057 16498.446338715792
3292 3918.3041964496174 16648.69212095457
3342 2772.4033396885784 15399.412069611308
3362 2779.9010134032937 15399.59433719137
3390 2794.8963769857382 15399.958872744177
3403 2802.3940504076472 15400.141140317122
3444 2727.417100676184 15398.318459348584
3490 2757.4079471341524 15399.047533354196
3498 2742.4125436355735 15398.682996831034
3505 3884.96452862188 16757.654471932095
3507 2749.9102425823994 15398.865265024488
3511 2764.9056634729386 15399.229801970447
3563 2734.91484350646 15398.500728608838
3597 2690.589328990302 15397.403451214353
3628 2712.421678212777 15397.953922364388
3632 2719.919343768948 15398.13618974612
3633 601.6528870404699 15898.997395343096
3681 3246.3199209626023 16783.691452013365
3723 2660.596018746271 15396.607699207152
3740 2802.5497955002106 15393.741140761289
3742 2831.77023917549 15441.864897572217
3746 2683.091004849356 15397.20451330329
3747 2822.8924754251893 15426.419887643591
3752 1648.6571796702547 16973.8678447615
3763 2817.3893999176944 15400.505675527831
3766 923.562079001603 15930.15681888553
3773 2810.0494684215196 15393.923408250606
3786 2675.592647306539 15397.005574506044
3790 2809.8917181849047 15400.323407752849
3791 2668.094333136136 15396.806636859508
3806 1964.182766924583 15402.963682970336
3812 1982.1384117787093 15404.904577044674
3814 2831.4141183893967 15449.357458527453
3819 1441.969752703451 15614.384749624349
3821 2653.0977266786567 15396.408762147026
3837 2817.549170363687 15394.105676445231
3839 987.7430693728677 16144.320319549188
3840 2435.226628332688 16764.844509898194
3849 2832.4824750178072 15426.879896214661
3850 3593.8034138286966 17415.67837212452
3860 2337.080213834405 16377.889925286854
3870 2638.101139325744 15396.010887941406
3880 3545.623749144916 16217.093439018476
3889 2787.5504334424195 15393.376605388567
3896 1095.38128510061 15494.592703638378
3898 1939.8982050160625 16813.95247426345
3900 2630.6028352320736 15395.811950562218
3903 1227.0624995670023 16103.13523983823
3907 2645.5994398174353 15396.20982522503
3908 4402.682503957059 16250.491316288359
3914 2608.1078690368713 15395.215136994255
3918 1294.079776878032 16227.877812115967
3922 2578.1147155053004 15394.419389144789
3923 1992.6513612734932 15409.263844087385
3927 898.5666647141173 15100.310735287285
3929 4337.907615826627 17332.40687385606
3930 1961.5149439581626 16808.76733345901
3936 3098.772802814991 15367.36824307567
3937 2795.0501307177374 15393.55887346977
3947 1090.934474532514 16889.3807959966
3950 3267.3803865946065 16819.971371546293
3959 2623.1045127494885 15395.613012695152
3963 3090.9841174878816 15432.045921910836
3964 4047.3665917060753 15569.449588886408
3969 2338.935022933185 16274.993968459861
3970 2106.331094289086 15253.889744580792
3973 2539.375259543033 15415.994206162733
3974 1855.1863638455757 15764.803977683336
3976 2812.1847886679325 15414.483026910144
3977 2787.398709540177 15399.776605316516
3979 2607.286867277755 15417.023349147043
3980 3192.152203462318 16707.188921996858
3982 4315.92466515792 17098.741673260185
3983 2832.1263577496384 15434.372383154936
3984 2834.7342653365477 15691.88837668093
3986 2615.6062163044653 15395.41407551889
3990 1493.6064591487282 15766.32346796938
3991 4100.482064373635 16946.19818251984
3993 2563.118087064478 15394.021513849066
4000 2676.743394576171 15411.582611101772
4001 2724.783676575223 15418.569190910663
4003 4089.896037299062 16938.610290962464
4006 2585.612990496144 15394.618325751851
4009 4073.3118243524236 15615.803602836859
4011 2593.7241244067163 16965.812279108002
4012 3614.3440743496303 15181.809161832593
4015 2143.438750079295 16363.17174763401
4016 1852.6901038053013 16120.46497795735
4018 2393.780336632231 15394.993607518643
4021 2570.616369482706 15394.220450653183
4022 3459.249337343096 16071.154003811103
4023 2600.2743915231235 16962.15753374649
4028 2600.609569217133 15395.016199728458
4030 2289.89985338457 16356.779901343547
4031 3649.99397567008 16383.47493987412
4032 3183.873422019883 16681.33934308559
4033 2733.861205762523 15392.071775053251
4036 3164.801845209324 15407.276984499094
4037 2659.351168626694 16372.439930533748
4041 3409.4099571519064 15989.790899975806
4042 2555.5793914403894 15393.821504842866
4043 3368.1903434845813 15914.074858199674
4044 1923.1652357841006 17329.94496604696
4045 3882.75621150008 17057.207622671012
4046 955.30792565362 15725.840695420979
4047 2838.595079727083 15594.405727497791
4050 2349.5231916353027 16367.591414768214
4053 2822.5363552745866 15433.912435228498
4054 3246.312587363875 16795.96214894355
4055 1448.7613073571574 15611.660582447763
4056 2863.921077682495 15416.46101559069
4057 1834.3372398110205 17307.779114736808
4061 3255.144778754102 15402.223603043154
4062 2831.0580001325015 15456.849966269916
4063 2818.8021723884185 16842.851522802626
4064 2595.2742340863606 16968.612192170687
4067 2322.2724451151425 17496.74770852251
4068 3092.556865576057 16536.054311730244
4070 2695.1739041320716 17123.37091088223
4071 3779.1858059858528 17129.576681539795
4072 2871.422498916886 15416.693426136515
4073 2297.3996465942078 16356.916964668222
4074 3920.758951098698 15743.712567062294
4075 3172.930955632196 15579.499720280543
4076 2279.8110772908726 15416.891597580769
4077 3652.8546356188244 16399.84287386614
4079 2278.175474561371 15724.688698447435
4080 3205.1913234404383 16627.746171674487
4082 2863.8197778174713 15419.651346169196
4084 1860.4171945005055 15833.141255970348
4086 2312.3992064138997 16357.191090831446
4087 3071.295405577574 15080.405580369452
4088 3448.033873324319 16046.114698630281
4089 3130.071451923702 16443.82075217889
4090 3407.099964911772 17104.9044647504
4091 2878.9238463688243 15416.925834396397
4092 2901.704818067556 15409.919150798838
4093 2593.1112657340896 15394.817262365468
4094 2938.3553143008357 16357.041162854595
4095 1837.1596137444574 15386.271922083382
4096 2022.678398423389 16235.880222592366
4097 3507.763736135364 15373.134413443848
4098 3870.049678808229 15273.9558450177
4100 3275.227690177082 15407.178479639182
4101 3939.4847506275873 15746.202736854448
4103 3469.216647418752 15393.989990193597
4104 1829.724844051539 15386.136212257205
4105 3236.5876901524666 16610.171089340864
4106 4645.795581265177 15682.014141199954
4107 2319.898982606547 16357.328153845125
4109 3122.9810138650364 15423.483952399643
4110 1473.727119939539 15594.34909380182
4111 2849.0951229797492 15535.645938415917
4112 1896.0924875116896 15402.545797784225
4114 1546.5447460106452 15492.710877677766
4115 2683.3268319414715 17117.576091850744
4117 2012.839289490622 15390.684889057475
4118 2502.0560083280593 15582.27627290084
4119 2857.0930693889673 15189.118795678985
4120 2809.806044418497 15416.405114621366
4121 1876.5543982689296 16355.586460373544
4122 2429.124730568052 15388.430034295094
4123 3895.361881807195 16446.1339884354
4124 2547.736278897716 15393.613419356545
4125 1496.8026905172194 16285.321219729045
4126 2890.847175703461 16803.026359538162
4127 2216.4631907376315 17272.173333501018
4129 4118.830394165724 17171.239494236077
4130 2822.180234103953 15441.40500427422
4131 2265.767061728097 16356.338859762047
4132 3865.22649477776 16398.6512391004
4133 3276.806742967405 17375.710224433453
4134 2408.6505096546625 16716.828031345995
4135 3223.5400311059975 16758.636096962244
4136 3560.683451713179 16242.955033957525
4137 3466.8521670044292 16083.995474296833
4138 3604.767394740367 15344.53306085498
4139 2871.3116325232404 15419.886239303534
4140 2785.680796456821 16858.150787383653
4141 3747.372434564454 15399.477979203346
4142 3929.0686659218577 16226.187259660566
4143 2464.495849749008 15388.836085057676
4144 2503.511027332829 15527.034335221355
4145 1016.2287217548858 15657.724142184064
4146 1712.980061134075 15380.80733835412
4148 3162.04345952031 16672.572040900857
4149 2304.899433436787 16357.054027876535
4150 2811.049790385007 16348.338890264049
4151 2831.8794967170375 16049.181144392494
4152 2851.732451550316 15497.88490749423
4153 2391.5103276982272 15387.998231250036
4154 3077.98825292975 16512.59336692204
4156 2972.6083303846876 15399.082553243614
4158 1008.4813426361914 16200.655080992536
4159 2948.855177870368 15420.657502749522
4160 2552.3547386550417 16964.887320159873
4161 2839.0596030546976 16371.362966648268
4162 3802.3927098004274 15218.204946352738
4163 3611.9434008031976 17322.48055451706
4166 1444.077153503034 15608.055209743336
4167 2810.6516836232136 15939.900299823461
4168 2431.2066991089187 16368.612366799402
4169 3834.707249482063 15203.05035556815
4170 3881.9483167203784 15261.889401398896
4171 1419.4877096493492 16390.257580185076
4172 3242.9197222433354 16810.230706468657
4173 1469.8644422576672 16513.774997255572
4174 3163.2586412542305 15424.561797404385
4175 1452.3570615361898 15657.609284393568
4176 3704.389865841694 15872.549247155
4177 1101.3041012852875 17002.094981978185
4178 2809.9142378146194 16096.11813285952
4179 4228.012995242035 15895.384600035768
4180 2452.3452924180256 15398.83913352292
4181 1495.5605978623162 15790.192944505976
4183 1051.8663131673234 16599.181224672164
4184 2198.7234634952583 17172.140883246917
4185 1362.1157348545933 16576.49152570081
4187 2332.883715385172 15896.361427251923
4188 1174.4193905949646 15673.855934197092
4189 3438.3430007971947 16497.4381030139
4190 2385.172165113931 16661.372266726434
4191 3706.2631719983287 15289.373855040862
4193 2884.216857904713 16352.255119186135
4195 1120.6657245281458 16714.020409432498
4196 2950.6143923210757 15398.918321328561
4197 2691.749346222645 16361.896169632197
4198 2187.504152948552 15423.28410509805
4199 2846.1862982491784 15439.601835950712
4200 947.202258189088 15709.648331941276
4201 1035.494656800647 16588.140716630995
4202 2853.997700670525 15465.451276346359
4203 2213.5853045089093 15403.35754402775
4204 3078.115940527702 15400.690951617618
4205 2878.803467251263 15420.12113181151
4206 4142.457708293865 16117.084501100579
4207 2235.3528792045195 17147.511778346066
4208 1830.7131449882675 16337.663489772463
4210 3582.7699445234784 16422.31867061741
4211 3272.433714369101 15427.15321134079
4212 3698.5592846284285 16472.764440075014
4213 897.5325355741121 15737.412583426189
4214 3608.7090423520717 15936.416511128227
4215 3677.5947251011926 15304.980355727825
4216 2833.155405582342 15933.604975796896
4217 1875.75677374043 15368.312633312242
4218 1996.4530440066123 15384.75979352684
4219 3491.0069501006315 15406.252778187725
4220 2455.6430665759417 16796.526957467246
4221 3896.1963085395055 17237.946102027352
4222 2875.649187884118 14530.64118514429
4223 1369.658946569039 15655.128405798485
4225 3057.44883867587 16486.031956400046
4226 3501.3917067700927 16244.075978360263
4227 1887.1064267895442 17345.783469614697
4228 2335.250636854232 16505.826442412614
4229 1457.950597440265 15904.564125321343
4230 968.2231146066454 15707.825647384905
4231 2850.901974409464 15417.483388123132
4232 3550.2996533585083 17017.835881889012
4233 2399.272775517969 16707.81597575999
4234 1358.9495881854034 15347.746988646802
4235 1843.882805191054 16672.147149850352
4236 932.1611348776303 15081.176245299786
4237 2232.302439858037 17305.969857675365
4238 2502.48487917136 17458.23823070577
4239 1715.8296729636331 16857.82696007952
4240 3760.326839345358 15423.464916221385
4241 3396.01833428698 16524.02372533365
4242 1676.9070509397013 15398.497402402774
4243 1625.081784969334 16525.10461242362
4244 1144.8093913004532 15860.111028973333
4245 5060.110440700142 16151.632989874912
4246 1841.1980313665688 17368.812111923293
4247 3829.449405142783 15552.046148202939
4248 4249.678710718989 15935.479980830443
4249 4478.1378722328645 14927.982560692984
4250 2358.969122555972 16356.536634670434
4251 2537.945504476225 16973.771481376334
4252 1365.7232149267372 15516.281929743993
4253 1033.578836454803 16333.67882104799
4254 3135.0519225696667 16226.396135730402
4255 4091.9051299863017 16943.909560353797
4256 3413.0246612291926 17355.965556471823
4257 4304.181031526459 15171.40180956466
4258 3701.300492855683 17492.04632214765
4259 3836.4339685489545 15641.930660353943
4261 4182.457682049518 15392.608546590467
4262 3496.54347404947 14678.188979977313
4263 2818.4265651424985 16578.04674367464
4264 1057.800662000207 16506.210236853334
4266 3262.347889833652 16799.09780584212
4267 1155.2417644630527 15622.590185332701
4268 4355.921433383833 15380.279243223344
4269 3124.2996523721336 15907.221956150453
4270 2096.1160926553425 17241.42946966522
4271 3032.39493962765 16437.290501110798
4272 4506.019771113871 15675.12010636968
4273 2649.2625452829125 15446.935769587577
4274 1564.662852288473 17555.822604915073
4275 3615.725688047069 15177.721179238188
4276 4287.48456879688 16775.256371300045
4277 4032.175978240376 15924.897335384057
4278 1805.26505042968 16631.853705846217
4279 3093.7976570445326 16179.859397700446
4280 1815.363442760963 16026.607918729253
4281 3078.94 15367.28977595864
