3195 3317.735807397637 17271.450122974253
3206 3959.3155344397946 16626.749768321508
3292 3690.5319070708642 16453.92376117128
3299 3309.2751728965427 17279.66720473283
3342 2772.4033396885784 15399.412069611308
3362 2779.9010134032937 15399.59433719137
3390 2794.8963769857382 15399.958872744177
3403 2802.3940504076472 15400.141140317122
3444 2727.417100676184 15398.318459348584
3490 2757.4079471341524 15399.047533354196
3498 2742.4125436355735 15398.682996831034
3505 3674.4619354239057 16428.2813331753
3507 2749.9102425823994 15398.865265024488
3511 2764.9056634729386 15399.229801970447
3563 2734.91484350646 15398.500728608838
3597 2690.589328990302 15397.403451214353
3628 2712.421678212777 15397.953922364388
3632 2719.919343768948 15398.13618974612
3633 1019.0967550592595 15696.090373642153
3681 3073.6862775098234 16505.665568761466
3716 2334.9061196989496 17475.581242915458
3723 2660.596018746271 15396.607699207152
3740 2802.5497955002106 15393.741140761289
3742 2831.77023917549 15441.864897572217
3746 2683.091004849356 15397.20451330329
3747 2822.8924754251893 15426.419887643591
3752 2143.403742174192 16698.04182751997
3763 2817.3893999176944 15400.505675527831
3766 1057.860216460411 15694.451026269764
3773 2810.0494684215196 15393.923408250606
3786 2675.592647306539 15397.005574506044
3789 2698.53169688788 15298.559943078368
3790 2809.8917181849047 15400.323407752849
3791 2668.094333136136 15396.806636859508
3806 2181.7503808583697 15410.307724819544
3812 2203.395242171697 15413.015694491502
3814 2831.4141183893967 15449.357458527453
3819 1782.1227995772072 15392.73929983207
3821 2653.0977266786567 15396.408762147026
3837 2817.549170363687 15394.105676445231
3839 1094.5389367965718 16338.443606520674
3840 2580.049084356991 16987.65967608114
3848 3692.6001431120667 16932.765763400985
3849 2832.4824750178072 15426.879896214661
3850 3359.616109546078 17368.61013967779
3860 2369.016039355414 15813.536298471628
3870 2638.101139325744 15396.010887941406
3871 954.8544211271212 15430.357160465514
3872 2272.2242244691415 15180.262813781323
3877 2326.6677543700475 15754.216781628942
3880 3675.9571527806597 16436.70283825301
3885 2219.6380486624425 16654.722833876498
3887 2274.1984264828043 17347.642033216613
3889 2787.5504334424195 15393.376605388567
3896 1338.3111066848226 15350.694384677063
3898 2328.848810357108 16590.028061531622
3900 2630.6028352320736 15395.811950562218
3903 1413.4458186503014 16003.718937933745
3907 2645.5994398174353 15396.20982522503
3908 4347.512626754681 16425.932969138306
3910 4454.287226784944 16376.78555550505
3914 2608.1078690368713 15395.215136994255
3918 1409.7791678682754 16303.873989202308
3922 2578.1147155053004 15394.419389144789
3923 2185.0909809486907 15414.063811833184
3927 942.6113477301184 15278.481444229548
3929 4096.681917795789 16943.340407764503
3930 2333.8611769666163 16578.102511885805
3935 2679.415397256305 15091.704200001846
3936 3222.640327580646 15329.799266130247
3937 2795.0501307177374 15393.55887346977
3947 1054.9493146324512 16897.15379041632
3950 3150.5716500600697 16629.47993089409
3952 3486.1506039174637 15608.243085844919
3959 2623.1045127494885 15395.613012695152
3963 3141.802838858131 15583.742057479261
3964 3825.019831769122 15206.027532683942
3966 4661.741914224741 15663.293072602628
3969 2396.3014235155088 15759.224024774006
3970 2102.8001584817903 15365.558593617829
3973 2849.236615556718 15387.75933075146
3974 1917.5429900436536 15402.863909275116
3975 1047.995515838755 16881.87914712826
3976 3377.656276913501 15428.169125725548
3977 2787.398709540177 15399.776605316516
3979 2852.436615008091 15387.839351378256
3980 2998.5659252154337 16382.92196142984
3982 4281.293482904953 17112.874507842596
3983 2832.1263577496384 15434.372383154936
3984 2852.6360516322693 15380.341101427528
3986 2615.6062163044653 15395.41407551889
3987 2987.765990460154 16017.203781813441
3990 1680.630226729698 15400.727779441446
3991 3788.723464808487 16611.15125251531
3992 2267.0071264741555 17359.516524520026
3993 2563.118087064478 15394.021513849066
3999 3363.7123764545067 15876.403586337849
4000 2849.4360516738693 15380.261099863492
4001 2849.635486637495 15372.762912344793
4003 3763.145461959642 16570.00285455897
4006 2585.612990496144 15394.618325751851
4007 3055.945510995088 16910.783937504973
4009 3843.5083508907533 15205.250037901313
4011 2593.7241244067163 16965.812279108002
4012 3631.9290130205973 15213.274352292476
4015 2350.175115555263 16367.599563084452
4016 1876.0233105804718 15862.680645368133
4018 1915.4337227122276 15384.999674437877
4020 2810.436382129504 15397.134738454537
4021 2570.616369482706 15394.220450653183
4022 3642.1729465310036 16382.457852461506
4023 2602.61498485265 16960.851591185332
4025 2635.7110694850253 16247.156668600946
4027 1694.9679876003522 15328.930761086269
4028 2600.609569217133 15395.016199728458
4030 2146.9243780518623 16354.166936765965
4031 4212.195630355655 16071.476536448923
4032 2957.956207661261 16361.404232597359
4033 2199.07000158858 15385.530476476344
4036 2855.6366143285704 15387.929376926315
4037 3025.162277194235 16457.098585582502
4040 1015.2046375347537 16752.7001018995
4041 3613.963844318194 16334.708525591646
4042 2177.9252686775726 15385.88173324164
4043 3597.4577754114052 16306.28363265629
4044 1668.856673476974 17089.671822452015
4045 3351.8855921197096 17337.526833419066
4046 1428.326252752187 15643.009797560882
4047 2852.8354861643456 15372.842930133866
4048 3584.2300668401017 17593.541429436573
4050 2770.410365688358 16370.882955265291
4051 1461.9740694847453 16530.396561913534
4053 2822.5363552745866 15433.912435228498
4054 3147.8466957158716 16631.164158691732
4055 1813.4670610492233 15393.695016331734
4056 2863.921077682495 15416.46101559069
4057 2001.4317942718492 17292.484145137354
4059 608.6597367459602 16064.435440482113
4061 2948.372425916828 15399.04195015867
4062 2831.0580001325015 15456.849966269916
4063 3179.1487615773904 16642.324297007257
4064 2595.2742340863606 16968.612192170687
4067 2211.341915086501 17263.31283223961
4068 2867.819370886147 16355.954721047654
4070 2572.5706889894673 16944.126808215802
4071 4084.534476714177 16934.999878856157
4072 2871.422498916886 15416.693426136515
4073 2199.4817889307615 16355.127455712283
4074 3609.8666502689275 15958.188189026869
4075 3353.315587143014 15886.848369305351
4076 2526.901221262516 15415.80517266153
4077 3752.3986701918548 16541.761522075692
4079 2331.2602892166833 16257.691466445904
4080 3624.8749514651254 16399.27997112148
4081 4379.965451140978 16165.776586623082
4082 2863.8197778174713 15419.651346169196
4084 1865.7987582424664 15397.081282732954
4086 2312.3992064138997 16357.191090831446
4087 3213.865094371211 15315.208607080962
4088 3174.262149957831 15581.692202553284
4089 2907.1099951444016 16355.43342931942
4090 3214.7776403278226 16744.273833456868
4091 2878.9238463688243 15416.925834396397
4092 3470.804685684973 15409.155184432368
4093 2593.1112657340896 15394.817262365468
4094 2832.110756909503 16027.964048036407
4095 1580.1098965806082 15461.509091004882
4096 2191.070513708541 16364.17867651168
4097 2906.1896552655076 15405.135378990903
4098 4068.909210613165 15644.653236511329
4099 1610.1205295898244 16533.169541787644
4100 2703.774889957584 15400.365117101033
4101 4093.280549888444 15920.924824309724
4103 2799.7078314503433 15405.827213233722
4104 1514.303411734275 15531.87989529628
4105 3651.6498020423473 16397.920567201025
4106 4655.17155426122 15454.878314739246
4107 2319.898982606547 16357.328153845125
4109 3645.81190512558 15322.241684687386
4110 2066.13595687955 15400.335874198217
4111 2853.0349206166966 15365.344761837649
4112 2443.0190936209515 15407.899115646806
4113 1425.5585688630463 15622.251794824726
4114 1089.3235583815958 15673.177566215143
4115 2508.798911556336 16844.42211510713
4116 2855.8360505525825 15380.431142020683
4117 1847.8975671399064 15594.195410207465
4118 2534.403528056941 15415.918863776513
4119 2677.88284006946 14794.848954285435
4120 2850.0343568771013 15357.766525563766
4121 2328.760743534166 16367.108811652772
4122 1902.1677547961367 15378.336992560588
4123 3880.3458289675937 16425.767100213863
4124 2161.50585346825 15385.874957677803
4125 1449.6990712886954 15921.214703089438
4126 3245.2898217157717 16605.299803433616
4127 1883.344975747945 17351.44507803604
4128 2033.1815315587742 17275.36286245655
4129 4071.9249260710208 17187.38386334343
4130 2822.180234103953 15441.40500427422
4131 1825.7833149143034 16336.023078826618
4132 3733.976176610524 16523.24663105448
4133 3283.570029338338 17462.514557597355
4134 2577.358918785176 16989.399399545946
4135 3045.085354168192 16458.575859332046
4136 3712.9992952007633 16495.803413348523
4137 3660.426920679474 16411.924421331616
4138 3782.5253542693795 15464.74795013563
4139 2871.3116325232404 15419.886239303534
4140 3168.4233199361065 16648.429313908884
4141 3606.5627534488763 15541.154758727327
4142 4283.79376963579 15998.803650298503
4143 1943.45229163498 15380.711303658254
4144 2699.39030604017 15418.259649116293
4145 928.3899772749993 15450.791940144087
4146 1304.8896965271376 15678.260370508955
4148 3458.028444812733 17097.226240769887
4149 2280.1457243823797 16356.601638648433
4150 3110.312147398692 16590.262295355344
4151 2852.827536752517 15602.73222860622
4152 2849.834921993815 15365.264710061918
4153 1874.6301410354804 15379.015661948213
4154 2822.0731852073086 16358.313324651057
4156 3243.060252742677 15408.533294984878
4157 1821.7081723822466 15498.50168472929
4158 880.473658928835 16182.118713139283
4159 3497.058239984472 15403.16639949697
4160 2552.3103730845087 16964.914674207714
4161 3144.3841176392116 16654.370751225826
4162 3661.5254670531785 15259.670457022965
4163 3336.5343616073505 17259.895922790824
4164 1963.440246561178 17565.651802133394
4166 975.6892453228204 15704.845255201613
4167 2841.6891008071 16368.085207634962
4168 2641.897855148626 16317.429315451689
4169 3695.1888231776543 14991.18452811045
4170 3514.8916208099317 15369.296661410266
4171 1522.898535237508 16845.0538684884
4172 3592.7680444403622 17316.387171348582
4173 1197.9069371043988 16670.02414813878
4174 3687.7785340675114 15299.448803940877
4175 1035.3119958413738 15687.582575846613
4176 4115.239351807769 15636.074546589829
4177 1015.1041687406454 16771.528071185327
4178 2904.9563130835368 16366.517336282017
4179 3962.3385265435154 15405.327364807252
4180 1885.5409537735509 15384.81145038109
4181 1231.9061715336936 15683.966494449645
4183 828.612351444299 16648.59688436388
4184 1684.4000831593544 17449.132001763606
4185 1013.2729442186112 16791.950284667473
4187 2323.481537754303 16512.139760576847
4188 958.0137527510688 15588.29997223382
4189 3668.292597512357 16424.47407407758
4190 2348.189004093582 16168.275396958341
4191 4044.2344514247316 15103.877496151556
4193 2480.8023770771374 16358.013135160889
4194 3759.9346223013185 15101.59273528579
4195 1061.9942135585607 16919.992659361615
4196 3211.9553166671603 15408.29685187096
4197 2344.594726140253 16303.592090132399
4198 2305.485782145839 15754.315188003968
4199 2853.7052972624438 15340.140506241854
4200 878.8200995664366 15842.710472737259
4201 810.0302069824555 16651.713043367236
4202 2853.2343549798884 15357.84659689357
4203 2215.460115328534 15403.962012304482
4204 3258.7375824897968 15403.616949714024
4205 2878.8040285529246 15420.121149410075
4206 4206.66750077814 15862.060846066219
4207 1841.0912909847568 17368.89006838192
4208 1444.9817246526052 16284.072088045185
4210 3846.2855411448936 16708.470386915073
4211 3794.020299535222 15241.473118867092
4212 3901.546216603398 16661.286063364725
4213 929.4373310539379 15729.870903241486
4214 4004.3346935015397 15700.912778958767
4215 3721.0197134953646 15261.97264573042
4216 2920.6932025142805 15602.517619074088
4217 1967.7579511748897 15189.961174345395
4218 1856.8096876386992 15186.514630337057
4219 3748.7003172037034 15401.936744215998
4220 2718.8933656661347 17213.953341576147
4221 3519.6012111528803 17453.612809359664
4222 3061.271411907542 14368.810801160736
4223 804.9125151729032 15767.080266103198
4225 3223.7418182337615 16390.948644752458
4226 3710.2596799336325 16126.203829624383
4227 1620.6893501387815 17016.729988429215
4228 2478.2894887733987 16369.364614415352
4229 1423.085705137861 16465.2672559102
4230 887.3381074042476 15747.305662714929
4231 2854.1122621529626 15103.482901563515
4232 3799.1522872634305 16869.089387882043
4233 2416.9172397662105 16860.864618437474
4234 1550.3072053769145 15058.05979479841
4235 1891.661387222518 16355.945310996773
4236 893.0298257264548 15215.784066822907
4237 2312.6855539601775 17437.598003657116
4238 2379.909709888039 17562.33593735743
4239 1709.4951040929095 16852.894724686856
4240 3936.657269909214 15741.340405085017
4241 3552.450860398837 16589.176670116645
4242 1842.74677187523 15450.77727313155
4243 1449.4217573520973 16571.51003350388
4244 1300.9935754596825 15723.801347687826
4245 4878.943564779687 15743.541501510665
4246 1959.3906853407257 17621.078771898137
4247 3723.5409217536985 15709.840673931227
4249 4742.74373493976 15280.18005163511
4250 2349.5124083661212 16071.299471940361
