3195 3180.756160560473 16688.50989075774
3206 3631.9010512504037 16359.217781218838
3292 3530.1823853084265 16184.673941959058
3299 3197.7337486314655 16710.189134780623
3337 4185.795465267339 15585.019929270753
3338 3036.0302712029757 16087.298728821206
3342 2772.4033396885784 15399.412069611308
3347 4067.6714958585567 15517.861928900867
3362 2779.9010134032937 15399.59433719137
3390 2794.8963769857382 15399.958872744177
3403 2802.3940504076472 15400.141140317122
3444 2727.417100676184 15398.318459348584
3490 2757.4079471341524 15399.047533354196
3498 2742.4125436355735 15398.682996831034
3505 3447.5920546051248 16045.408529728897
3507 2749.9102425823994 15398.865265024488
3511 2764.9056634729386 15399.229801970447
3558 2007.01833265685 15409.808705961625
3563 2734.91484350646 15398.500728608838
3568 824.2184458648657 16963.644905522528
3575 1860.3127724489318 17362.576046532657
3597 2690.589328990302 15397.403451214353
3628 2712.421678212777 15397.953922364388
3632 2719.919343768948 15398.13618974612
3633 1998.9599961716074 15406.29942072211
3643 4077.5430716697747 15641.437845944882
3681 2839.6914944726404 15730.933318734824
3697 2838.244310433042 15769.868766409778
3716 2554.014572676307 16983.95637920525
3723 2660.596018746271 15396.607699207152
3740 2802.5497955002106 15393.741140761289
3742 2831.77023917549 15441.864897572217
3746 2683.091004849356 15397.20451330329
3747 2822.8924754251893 15426.419887643591
3752 2361.699148289345 15834.294859273856
3763 2817.3893999176944 15400.505675527831
3765 2983.278713190707 17564.434689880134
3766 2020.9019760799404 15407.132855832346
3771 3557.8983257818636 14769.981662841812
3773 2810.0494684215196 15393.923408250606
3781 1603.1948518044119 16649.801475306685
3786 2675.592647306539 15397.005574506044
3788 2306.6186376583382 15491.78322154797
3789 2215.459946100036 15403.962011963984
3790 2809.8917181849047 15400.323407752849
3791 2668.094333136136 15396.806636859508
3795 3268.7439539134225 17178.88027460143
3806 2695.7241829576787 15411.813984376384
3812 2526.982769106705 15412.605200089256
3814 2831.4141183893967 15449.357458527453
3815 4486.438600994529 17255.494001812513
3818 1020.3279486592277 16731.16966240382
3819 2142.6693767534684 15408.67446139034
3821 2653.0977266786567 15396.408762147026
3834 4230.9937827569875 15175.30161393837
3837 2817.549170363687 15394.105676445231
3839 1434.138148915242 16518.266163975455
3840 2900.664051867607 17476.545867286026
3843 2245.546913404252 15676.13426640589
3848 3727.5916714787804 16513.059045368125
3849 2832.4824750178072 15426.879896214661
3850 2607.1109559290253 16999.35301332413
3851 2848.802559864236 15539.834830529975
3860 2833.1970790350506 15416.24816173126
3862 4695.189175665871 15295.00584221176
3866 2215.361018567541 15410.362011978677
3869 3181.2139183352792 16676.98031871386
3870 2638.101139325744 15396.010887941406
3871 1410.281415036464 15566.328443072329
3872 2193.909663376844 15422.717276712456
3877 2526.901209503898 15415.805172483339
3880 4148.350442541486 17017.601308608926
3882 3942.6439959877976 16639.29746187349
3885 2426.357901156624 15715.16131351691
3887 2677.7285888793385 17364.70998786839
3889 2482.1289972178492 15389.038508762163
3890 3968.7924517241177 15465.160626575338
3892 3114.981446998429 17549.561653742952
3896 1888.4127944855093 15395.961747505953
3898 2470.8020400332825 15654.737300303903
3900 2630.6028352320736 15395.811950562218
3903 1491.348716525561 16513.121487788805
3905 1837.2443048325122 17381.70596636693
3906 2838.415546164208 16160.714031507016
3907 2645.5994398174353 15396.20982522503
3908 3858.128919254906 16680.887782366903
3909 2595.0908201827447 16968.714534025785
3910 3928.0404202223954 16643.482935743694
3914 2608.1078690368713 15395.215136994255
3915 890.1724544563781 15108.769520706861
3916 4087.3922041920277 16929.865233668177
3918 1991.463507370155 16358.316005324046
3922 2474.5817947958108 15388.951868944996
3923 2854.6668652075828 15409.099175934734
3926 1581.2204046093327 17515.619252015334
3927 1344.6091361309404 15354.805276520668
3929 3646.9452178121405 16386.865918045165
3930 2496.286301076889 15590.931294613716
3934 4223.387189684957 16615.21975800381
3935 2603.894284450748 15090.153175996516
3936 3108.9304841681596 15402.26320257577
3937 2795.0501307177374 15393.55887346977
3939 3995.257185716654 16402.517173093718
3942 3691.6299914140914 17361.575848632336
3944 1454.9656096908486 16624.095923771427
3946 3839.7488187803115 16692.924553512825
3947 1518.2873743761463 16497.279005986624
3949 2809.753152392324 15580.383895604158
3950 2382.1358927142724 16360.124790903512
3952 3465.914140706828 16082.411111953856
3955 4043.369064929325 16374.788641807292
3959 2623.1045127494885 15395.613012695152
3960 3543.200926751761 14746.300826778508
3961 2637.018730532273 15398.791890154193
3963 3610.6753605774875 16329.04546924691
3964 2799.66988193009 15402.625052165255
3966 4358.459345941745 15490.934295598796
3967 2313.8927964995064 15180.803558215164
3968 3325.1968596713814 15108.835854875844
3969 2862.5016190671045 15399.573560346036
3970 1842.5872253962639 15735.017770568906
3973 2849.236615556718 15387.75933075146
3974 3081.659055873605 15419.069380308332
3975 1567.295896040846 16468.51957532873
3976 3667.757445165433 15270.821641526787
3977 2787.398709540177 15399.776605316516
3979 2852.436615008091 15387.839351378256
3980 2319.8775812666368 16357.3277627225
3982 4131.785150684167 16981.539347501923
3983 2832.1263577496384 15434.372383154936
3984 2852.6360516322693 15380.341101427528
3985 2307.030163521528 15464.707332885135
3986 2615.6062163044653 15395.41407551889
3987 2768.6411316487283 16357.910606593552
3988 1854.6249868288503 16871.016262277728
3989 3614.9425979093344 16811.229199717396
3990 2854.1166500268437 15415.34412763448
3991 3160.3005414096733 16631.592377370678
3992 1848.0977002733455 17351.373180460025
3993 2455.385990093002 15388.731506363363
3994 3139.026808254022 16234.195537648093
3996 1846.2191921266815 17238.258112576197
3997 1731.7326039714894 16667.63217649663
3999 2925.6550017614995 16338.543209006666
4000 2849.4360516738693 15380.261099863492
4001 2849.635486637495 15372.762912344793
4002 2022.3190251594071 15190.194275647395
4003 3148.700721133929 16626.467031770342
4004 4572.541615277537 15810.025774194755
4006 2585.6128904060356 15394.618323096362
4007 2591.453447184348 16974.915518533737
4009 2836.4776480432724 15403.492492263678
4010 1893.2472324831 17335.1964866522
4011 3148.980833847176 16635.0071843259
4012 3668.2720049346913 15278.304652616867
4015 3051.411077261188 16492.9551642515
4016 1918.7107463664656 15805.576092695355
4018 1204.7365362564053 15678.924344564566
4020 2436.4072457238326 15388.513635574922
4021 2466.1730370902883 15388.855338709092
4022 3707.45066049559 16486.950591112934
4023 3394.5527312647014 16521.17423992229
4025 3066.5036997223024 16524.003846768966
4026 3388.873130714581 17008.69109681126
4027 1842.5536500591932 15397.783391637982
4028 2600.609569217133 15395.016199728458
4030 1708.3030982651503 16390.818295955203
4031 3869.660257012644 15239.963989741305
4032 2307.634666523778 16357.10401594023
4033 1880.625836056155 15378.633805734684
4036 2855.6366143285704 15387.929376926315
4037 3608.2278033579655 16408.38883181438
4038 4330.968824666327 16836.080207193074
4039 3125.2862361755947 15834.910791530743
4040 1601.9880704615662 16448.21286366308
4041 3666.9663763533663 16422.358094059167
4042 1857.0499027342184 15381.304625184528
4043 3660.028626798924 16411.28894519931
4044 1430.2345090147103 16350.681967690734
4045 2603.2017505628874 16999.192714452354
4046 1459.1446405195925 16696.6860706474
4047 2852.8354861643456 15372.842930133866
4048 3214.3787733266863 16737.469655593868
4049 2517.998729159088 16858.80567202931
4050 3170.4343404140864 16217.544598202707
4051 2337.7548123696592 16343.681595247428
4053 2822.5363552745866 15433.912435228498
4054 2923.3561005863517 16359.471716751485
4055 2677.9546943800806 15405.324396144608
4056 2863.921077682495 15416.46101559069
4057 2593.7241987452694 16965.812237630536
4058 3255.2915991249643 15387.654109271134
4059 1030.2763565611517 16333.440197222895
4060 3458.928083836071 15704.103449834005
4061 3694.797993497136 15302.128866838157
4062 2824.399273875801 15599.453111615307
4063 4220.476074960712 16070.580057330733
4064 3147.9747949699 16651.827920759497
4065 2498.948813977893 15580.14714629752
4067 3084.1452396037025 16692.376561549732
4068 2104.409142278986 16353.389944734125
4069 1716.7811430362044 15534.283367216058
4070 2334.6628194083382 16546.930652592542
4071 3799.487536364269 16303.341749037752
4072 2871.4229166149976 15416.693439077722
4073 1769.9844603804286 16366.331351119998
4074 3650.1240413291753 16395.4862227027
4075 3654.7344938864435 16402.842179453117
4076 2883.3866983914886 15399.393547247053
4077 3752.3986701918548 16541.761522075692
4078 3141.4172908841174 16620.810234402656
4079 1830.7667731925956 16900.28890175353
4080 3672.6893281750736 16431.48903848649
4081 3520.219162563893 16440.388579395672
4082 2863.8197778174713 15419.651346169196
4083 4198.965379180259 15880.52114460644
4084 1402.511948230561 15643.683095489718
4085 2505.9162047048258 15558.150171788306
4086 1701.7493932938078 16290.261409778956
4087 3168.969283933367 15407.650961945712
4088 2872.900324042192 15399.332128901604
4089 2163.566951280964 16354.471090007813
4090 3004.679617180817 16390.80418936633
4091 3459.3389538723777 15420.47212133371
4092 4067.2280819156044 15634.59350152275
4093 2593.1112657340896 15394.817262365468
4094 2900.471517536698 15399.493612463995
4095 942.3810637474842 15568.915981260016
4096 2808.9070125986586 16370.798368776712
4097 1882.9386161385823 15384.892640671897
4098 3485.6675970380975 16041.02356393518
4099 1820.322758583384 16357.757742205611
4100 1854.3449827000688 15385.784732990312
4101 4833.622535794086 15741.427391788113
4103 1614.7561633361634 15424.461171316008
4104 996.2515707934165 15609.037269036686
4105 3965.417223900101 16860.885073354762
4106 3959.1063511145826 15717.412123442746
4107 1809.2697937559462 16350.945609536539
4109 4048.0842045057434 15606.329173016418
4110 3481.9003774634652 15410.897462589346
4111 2853.0349236085667 15365.34464935185
4112 3693.8527041045495 15296.14292299498
4113 1484.3096458407908 15763.910107540114
4114 1008.6704176011865 15382.214014683259
4115 2385.3399169924546 15783.714066991108
4116 2855.8360505525825 15380.431142020683
4117 1827.9623678272117 16820.71576626264
4118 2941.1391565153963 15399.40729924072
4119 3084.1168091696527 14351.463010473723
4120 3008.064440770191 15038.008272622306
4121 3029.8313286643297 16464.515123672238
4122 1079.983258239733 15674.174584765931
4123 3297.2858829387546 16776.835222631737
4124 1897.0044660795572 15387.845261545594
4125 1382.3948069283445 16016.666560220363
4126 4054.204160183772 16338.66725261176
4127 1442.3093415710862 16561.683596973904
4128 3108.684779491462 16682.779793776637
4129 3974.5747273081915 17220.89077853567
4130 2822.180234103953 15441.40500427422
4131 1447.2173085874915 15989.56001449579
4132 3140.625923477478 16613.463571059656
4133 3076.316115387042 17556.19381826149
4134 2739.90901835443 17234.70718800142
4135 2989.7999883960147 16014.428685077673
4136 4283.693408977313 17012.81427573459
4137 3591.685042743433 16623.811631875018
4138 4154.445378689885 15888.141905182234
4139 3060.43756831737 15425.697552362317
4140 4037.1306288941346 16170.63689393523
4141 3137.9598157139912 15581.926836217353
4142 4631.187547229953 15693.136245301783
4143 1331.1364467905973 15668.887531919836
4144 3060.2305798996467 15400.225952755945
4145 940.8224363631031 15079.922633578819
4146 1096.9360693704987 15713.856874916835
4147 3629.5048989269817 16607.29612580875
4148 3825.6455595641314 17007.070608298574
4149 1436.0518029475982 16283.85683447069
4150 3455.907870427638 17204.56138500104
4151 3902.5172479114453 15178.779245947027
4152 2854.9096218292357 15291.665405591295
4153 1370.2358661660467 15385.890526152323
4154 2021.5417649120402 16350.096742219293
4155 3877.7261253299794 15774.193482771658
4156 3179.9492052640194 15338.317418483877
4157 1645.1017192161312 15414.723398906688
4158 592.6871512952338 15907.901949979196
4159 3958.081921777256 15345.548850826603
4160 1854.2396059660234 17301.617238902527
4161 3303.808738207944 17159.201380847935
4162 3615.6334883800105 15177.556280038993
4163 4184.5874507677145 16950.80736178962
4164 1843.4705109084125 16689.214848219428
4166 1268.639939436719 15806.092118176979
4167 3450.3921258134055 17078.879974752617
4168 2641.2920224703294 15651.90190621847
4169 3716.9043363189667 15032.220186568591
4170 3038.226330356286 15395.951175090242
4171 1993.3309223272056 16770.330466481206
4172 3623.4855281038035 17403.871264404952
4173 927.4317575166408 17060.682701043686
4174 4181.02763947775 15226.084325746448
4175 1113.0585643088189 15743.978956755602
4176 4563.714606175361 15053.653658697449
4177 1018.1762251232698 16253.634440117492
4178 3422.5905906808107 17060.627092146708
4179 4444.492424068029 14879.459574876752
4180 1156.7430157696926 15644.069925147405
4181 931.2493226425045 15589.764346061873
4183 1027.461119408765 16375.683616574237
4184 999.2455994548607 17387.659164081946
