3206 4450.189345475073 16378.775407458323
3292 4107.957016654582 16431.647304581365
3342 2772.4033396885784 15399.412069611308
3362 2779.9010134032937 15399.59433719137
3390 2794.8963769857382 15399.958872744177
3403 2802.3940504076472 15400.141140317122
3444 2727.417100676184 15398.318459348584
3490 2757.4079471341524 15399.047533354196
3498 2742.4125436355735 15398.682996831034
3505 4298.518750388551 16890.917977289784
3507 2749.9102425823994 15398.865265024488
3511 2764.9056634729386 15399.229801970447
3563 2734.91484350646 15398.500728608838
3597 2690.589328990302 15397.403451214353
3628 2712.421678212777 15397.953922364388
3632 2719.919343768948 15398.13618974612
3723 2660.596018746271 15396.607699207152
3740 2802.5497955002106 15393.741140761289
3742 2894.0079530035696 15399.458855349027
3746 2683.091004849356 15397.20451330329
3747 2836.9247659533717 15139.623421963035
3752 1442.2415681637622 16701.61779270364
3763 2817.3893999176944 15400.505675527831
3766 842.687160421978 16200.066531597504
3773 2810.0494684215196 15393.923408250606
3786 2675.592647306539 15397.005574506044
3790 2809.8917181849047 15400.323407752849
3791 2668.094333136136 15396.806636859508
3806 1559.7550560963132 15489.173250785914
3812 1937.6784095100918 15380.098922220766
3814 2864.124138895534 15399.280739900703
3819 1361.3243923282475 15415.38940518563
3821 2653.0977266786567 15396.408762147026
3837 2817.549170363687 15394.105676445231
3839 764.7274533390558 16046.252690734033
3840 2273.2104547162903 16365.915103473622
3849 2995.5096507267103 15399.253560713312
3860 2171.2832940592943 16682.199693098773
3870 2638.101139325744 15396.010887941406
3880 3466.8647466301604 16084.016721766491
3889 2787.5504334424195 15393.376605388567
3898 1851.3950213528785 16865.49621656697
3900 2630.6028352320736 15395.811950562218
3903 1015.8023665912309 16215.235795380055
3907 2645.5994398174353 15396.20982522503
3914 2608.1078690368713 15395.215136994255
3918 1044.4375438330915 16365.827214765406
3922 2578.1147155053004 15394.419389144789
3923 1576.0277657033507 15480.653591528482
3930 1854.6249641349157 16871.016275493872
3937 2795.0501307177374 15393.55887346977
3959 2623.1045127494885 15395.613012695152
3963 2886.462275600329 15417.159391531455
3964 4357.99963825371 15776.163229745409
3969 1887.0643544867974 16355.836113322286
3973 2356.611787774789 15868.794942182236
3976 2146.098638010739 15404.632211770593
3977 2787.398709540177 15399.776605316516
3979 2362.696119869855 15832.387638522738
3982 4357.225878718523 17078.592386441334
3983 2959.390597260302 15398.983854519565
3984 2830.664112167132 16310.865447347667
3986 2615.6062163044653 15395.41407551889
3990 1421.7222396130508 16285.17177697049
3991 4348.137481001104 17333.693139958625
3993 2563.118087064478 15394.021513849066
4000 2215.2621940863573 15416.76201196262
4001 2424.5396701635696 15717.7325188171
4006 2585.612990496144 15394.618325751851
4009 4337.499983271274 16093.325182119426
4011 2128.2533001614333 17235.010243629684
4015 1862.4910611327875 16355.252400600848
4016 1618.368098030182 16439.84501591105
4018 2961.906160839006 15406.244016801014
4021 2570.616369482706 15394.220450653183
4022 3459.2214768106332 16071.106946304717
4023 2583.7007011546757 16968.075050743024
4028 2600.609569217133 15395.016199728458
4030 2297.399699645932 16356.916965637774
4031 3119.1682037173596 16677.125022016884
4032 3504.311016488434 17044.15599737714
4033 2780.0507167952624 15393.194336836561
4036 3700.4509820122867 15273.044452874832
4037 2364.511827149132 16367.778755864916
4041 3130.6671141220572 15588.598811494845
4042 2555.6197449986566 15393.822575462438
4043 3092.016792569912 15592.362968731033
4044 2065.70943765649 17268.732977467622
4045 4321.143524532579 16847.941089059037
4047 2827.4666120054408 16288.190996463783
4050 2349.5109975229134 16367.591262355516
4053 2587.872843074831 15416.729146028134
4055 1441.96006312842 15614.386096011769
4056 2863.921077682495 15416.46101559069
4061 3182.8581863215395 15263.675251575747
4062 2841.6865905995987 15400.897702877968
4063 2825.1875085435163 17046.837737255064
4064 2214.602628206456 17187.360568728487
4068 3499.4059162940907 16451.64441513791
4072 2871.422498916886 15416.693426136515
4073 2304.899503534528 16357.054029157613
4074 4352.4588988907035 15494.386386530605
4076 1736.2165720683784 15394.579966641275
4077 3474.5080566080637 16096.9265650573
4079 2292.4981180226314 15514.510994517945
4080 3042.8394382070915 16485.1778086988
4082 2863.8197778174713 15419.651346169196
4086 2319.898977942891 16357.328153759894
4088 3677.8107852856483 16433.62500417458
4089 3526.473971812339 16226.815534776659
4090 3377.859850180958 17117.642763158878
4091 2878.9238463688243 15416.925834396397
4092 2227.657745201856 15399.12864668423
4093 2593.1112657340896 15394.817262365468
4094 3150.1075018859146 16635.323128101656
4095 1866.8349508913795 15557.00325936014
4096 1901.2311892762666 16121.545249890929
4097 3926.6012466071766 15341.562994526803
4098 3548.096402967373 14760.156034054266
4100 3839.1495889722582 15203.96581589922
4101 4023.9850950154905 15555.685986461629
4103 3905.2062467532714 15303.388197987066
4104 2120.713346157073 15391.972102185013
4105 3054.823992869676 16498.513643823593
4107 2702.4897257955513 16358.586126430026
4109 3029.2412794555967 15362.623494592877
4111 3162.7973176460896 15571.678788532145
4112 1858.7678059207055 15742.58199874103
4114 2092.2595582092313 15384.693422543673
4115 2990.679928159643 17487.55080199021
4117 2719.491181043176 15400.735499292774
4118 2341.908960968258 16162.01386694192
4119 2855.621641961477 15388.49229535358
4120 2526.9012371899503 15415.805172902898
4122 2533.124818632711 15393.225762951186
4124 2548.1213772383217 15393.623636394112
4125 1941.9905011569629 16347.436682730882
4126 2597.5475974342376 16963.67895842598
4127 2077.608541987154 17496.30018473387
4129 4169.4076012940095 17153.83135114603
4130 2671.4838048479946 15417.919472594958
4131 2289.8998526785076 16356.779901330643
4133 2855.4838076385845 17418.8021956114
4134 2335.2865855045657 16041.083419479835
4135 3508.781890814247 17174.12726973743
4136 3470.6863866523713 16090.471618132497
4137 3463.043104756175 16077.561822272768
4138 3045.2713278987553 15422.24674131027
4139 2871.3116325232404 15419.886239303534
4140 2380.509974294441 17093.008900532008
4141 3455.5576031068526 15421.957714612501
4142 3346.033112499687 16551.11778253873
4143 2540.6230998357055 15393.424699723062
4144 2342.4297403919404 16122.71943198938
4145 1388.4218713210637 15651.825312064468
4146 2160.1085563046418 15385.84604975665
4148 3576.8174619532183 16406.143824988663
4149 2312.399228490957 16357.191091234918
4150 2816.9307781854473 15772.062718887713
4152 3154.6190734230363 15574.655613192048
4153 2482.129007910146 15389.038508884907
4154 3415.005787616688 16498.442681361572
4156 2873.431951855127 15399.335242628005
4158 1200.0759574606504 16276.306573032574
4159 3045.130095207014 15302.207603767907
4160 2985.590410438608 16731.071191223105
4161 2372.03210955057 16367.872750942139
4162 4074.732283178686 15624.8841871224
4166 1869.0803430023059 15420.852105154878
4167 2834.3805672048366 15371.94628081809
4168 2357.0114190924946 16367.685009194664
4169 4135.235374070343 15734.26052935353
4170 4203.788522103503 15858.624151579004
4171 1474.078411601399 15894.132462981124
4172 3077.062150392006 16473.60418558436
4173 1816.1047838405364 16348.513875740857
4174 2886.295308828022 15420.356024534212
4175 1431.6826573048677 16168.598067934343
4176 3387.9940322600046 16102.203690925387
4178 2829.9221083390025 15480.74842666225
4179 4056.796403780111 16163.602868878292
4180 3171.073590228387 15406.43
4181 1426.7817719115947 16282.415027585816
4183 1131.2280196703043 16708.004171708664
4184 2761.0871737161015 16847.17932425094
4185 1801.9613539054503 16353.636812593351
4187 2193.2091956431273 15257.905175417858
4188 1778.195684187944 15381.995788570566
4189 3107.295593859472 16585.27447909355
4190 2564.500567752536 16949.326623903777
4191 3124.026544796758 15423.51193121481
4193 3377.0891088407247 16097.917968189973
4195 1564.8494485347571 16457.78183568002
4196 2865.003345640192 15399.285876562011
4197 3049.1294461567813 16465.358927480196
4198 2130.406349913514 15411.786753336692
4199 2821.997319959827 16074.959609602853
4200 931.3153523988886 15547.544023700013
4201 1069.8014807783657 16741.65440948041
4202 3136.4869056407706 15582.569713458684
4203 2474.6265676301846 15388.952382924874
4204 2896.26296413192 15399.468963106814
4205 2878.803467251263 15420.12113181151
4206 4069.1933923618867 16359.530442160305
4207 2790.2779525951805 16831.100562304386
4208 2282.400071586557 16356.642838227428
4210 3145.6598367386628 16642.999344585896
4211 2938.798735880222 15406.416120538466
4212 3478.346610032773 16103.410028807906
4213 1453.8236369446952 15591.86717613148
4214 3202.2597345757354 16200.672126073712
4215 3173.6655509287984 15569.087561388353
4216 2983.5450209190844 16372.078100263414
4217 2459.4269275571355 15392.515917068142
4218 2167.9982753291965 15386.009275863034
4219 2894.9226775645047 15417.468988064102
4220 2311.2716572523136 16366.719712017002
4221 4137.8854559515175 16998.952702505605
4222 2663.855053933538 14728.352063455972
4223 1904.2429805498398 15378.377535050477
4225 2837.0616114639333 16368.217103794124
4226 3075.4672243401865 16478.172075963757
4227 2386.584061544414 17064.982786567954
4228 2147.8437079882187 16699.196867139875
4229 1440.2690799456634 15644.20505698535
4230 1459.2356285043818 15670.98174801844
4231 2834.3511640096767 15986.886061801448
4232 3248.2011191527736 16819.115710906706
4233 2216.856860343772 16364.723796303564
4234 1597.2924625077078 15443.135442640189
4235 1873.3710150629558 17144.47942785883
4236 883.7112267758207 15112.449409595132
4237 2471.1116951108065 17017.365357008835
4238 2734.151789857757 17328.132446320593
4239 1808.8783336536903 16876.013352547125
4240 3485.7093761511082 15405.358270236802
4241 3283.349962466971 16859.83964010147
4242 1449.6563589221048 15612.835334642277
4243 1829.4529953868425 16318.714331512698
4244 965.5617661686184 16019.44552961654
4245 4641.507684877619 16577.495251186105
4246 2346.2553249418525 17087.780674048267
4247 3562.0535390643417 15367.750350841634
4248 4144.50255993735 15893.471023720631
4249 4024.1765384441123 15114.805364277438
4250 2828.0611322794193 16357.731553773594
4251 2330.883415674782 16598.264632999944
4252 1157.217238513581 15618.484334466104
4253 1312.122750595747 16214.221324276357
4254 3606.737861296595 15952.351089269388
4255 3678.6423296008247 16440.98702604391
4256 3082.167108833887 17457.737762406694
4257 4088.4689331617406 15172.089112690905
4258 3401.6412595854777 17038.082703392116
4259 3706.77770264127 15324.311015195784
4261 4096.953227798913 15646.347624959559
4262 3317.2449438533304 14404.871934330675
4263 2577.7232052587688 16371.830897154041
4264 1279.620871100252 16350.038775915378
4266 3317.9534204838483 16912.856392959708
4267 1369.9072382283164 15662.330701917439
4268 4130.836678782063 15627.312024674982
4269 3354.434308132007 15882.334959757773
4270 1755.0364407560662 17243.290259754478
4271 3390.6265987018296 16300.57949975659
4272 4331.142384251566 15513.593787892189
4273 2646.268992107749 15423.344978458197
4274 1538.2369404410783 17576.048761549144
4275 3642.6854774064786 15225.959138270528
4276 4172.423908635705 16539.535748849157
4277 3845.743906472794 15580.770562725209
4278 1538.5345473191105 16774.939311592723
4279 3053.697815661566 16479.274185373964
4280 1523.6918484065586 16122.432202850025
4281 3288.519772473897 15314.931353146807
4282 2853.679505882832 15341.110188774845
4283 3202.8376601386703 15408.227544314886
4284 4254.671219845579 15525.199336230591
4285 4574.950373128232 15877.947502962035
4286 1883.2995466696898 17344.198222442476
4287 3839.556703668654 16055.625012305438
4288 1859.1431784316758 16217.505536223565
4289 3056.348534197985 15597.342137068961
4290 4250.16850286215 16057.920322396218
4291 1442.5705776458205 15937.189853308162
4292 2262.0170268184715 15700.958654071033
4293 2961.1102136497007 14453.144816354074
4294 1855.6227242554783 16076.87026889297
4295 3510.5025342511317 16036.669881282716
4296 2899.622444815563 16947.793996678032
4297 3970.2108938127044 16864.62824396637
4298 4466.343821295076 15597.953089360819
4299 2935.83 15396.51
4300 2882.7187074508515 14519.990358604475
4301 2856.6201148711166 15139.325145473542
4302 3445.1482739501175 16270.97533879896
4303 1408.9304533175637 16291.202163503942
4304 3678.008776934486 17548.414457788112
4305 2926.363859371898 15187.258625322622
4306 3391.5602270667664 17236.2654575915
4307 955.0851589209301 15538.383768286203
4308 831.9410222996767 17153.63188867785
4309 3524.5809576600127 15702.624940483036
4310 2540.648416503418 16370.911320628291
4311 1829.2011623685166 17260.314880444777
4312 2775.8649815071467 15811.598610947922
4313 2977.7873981197376 15598.828587242058
4314 2555.038153920473 17403.84775909476
4315 2007.01476091826 16762.360860119148
4316 1985.0901034436802 16759.331588112764
4317 1141.8280150629591 14966.778265348317
4318 711.3795420106386 16549.177064632433
