3206 4238.194097998809 16480.98607828175
3292 3960.850092078079 16625.928731835374
3342 2772.4033396885784 15399.412069611308
3362 2779.9010134032937 15399.59433719137
3390 2794.8963769857382 15399.958872744177
3403 2802.3940504076472 15400.141140317122
3444 2727.417100676184 15398.318459348584
3490 2757.4079471341524 15399.047533354196
3498 2742.4125436355735 15398.682996831034
3505 3928.300244515217 16812.090905791272
3507 2749.9102425823994 15398.865265024488
3511 2764.9056634729386 15399.229801970447
3563 2734.91484350646 15398.500728608838
3597 2690.589328990302 15397.403451214353
3628 2712.421678212777 15397.953922364388
3632 2719.919343768948 15398.13618974612
3681 3288.4067872728506 16855.88138665052
3723 2660.596018746271 15396.607699207152
3740 2802.5497955002106 15393.741140761289
3742 2831.77023917549 15441.864897572217
3746 2683.091004849356 15397.20451330329
3747 2822.8924754251893 15426.419887643591
3752 1608.7054795202355 16994.192504613373
3763 2817.3893999176944 15400.505675527831
3766 951.7300895237731 15989.856849252768
3773 2810.0494684215196 15393.923408250606
3786 2675.592647306539 15397.005574506044
3790 2809.8917181849047 15400.323407752849
3791 2668.094333136136 15396.806636859508
3806 1925.893808179182 15399.786590604359
3812 1950.589087078493 15401.494290315486
3814 2831.4141183893967 15449.357458527453
3819 1441.9600957909342 15614.386091473241
3821 2653.0977266786567 15396.408762147026
3837 2817.549170363687 15394.105676445231
3839 960.4584567453151 16154.806974305007
3840 2400.053830484579 16709.069776971137
3849 2832.4824750178072 15426.879896214661
3850 3617.19921959001 17403.621934638424
3860 2335.810727038637 16466.661111712867
3870 2638.101139325744 15396.010887941406
3880 3511.8881144913066 16160.062914475171
3889 2787.5504334424195 15393.376605388567
3896 1059.6558974066504 15510.989066595466
3898 1880.8793332591222 16848.324723836544
3900 2630.6028352320736 15395.811950562218
3903 1201.7916910003207 16116.683240587494
3907 2645.5994398174353 15396.20982522503
3908 4366.089278572413 16185.806522795594
3914 2608.1078690368713 15395.215136994255
3918 1264.4334558549258 16244.304870525457
3922 2578.1147155053004 15394.419389144789
3923 1986.7714106511075 15408.63285038455
3927 934.2064209586565 15080.011306372382
3929 4357.720549734312 17328.274617565115
3930 1896.3381008437887 16846.724020659727
3936 3132.820645910445 15363.622597814403
3937 2795.0501307177374 15393.55887346977
3950 3313.4044551806614 16893.96883115055
3959 2623.1045127494885 15395.613012695152
3963 3090.9812015778125 15431.77970267315
3964 4087.7124450083875 15641.556229000213
3969 2337.818266837782 16337.881386827885
3970 2106.0591500250857 15294.326344708967
3973 2510.17808859831 15421.802885213152
3974 1853.9157215068083 15838.98433826725
3976 2735.5277240207556 15412.908819332568
3977 2787.398709540177 15399.776605316516
3979 2544.9986488497198 15416.079423872136
3980 3224.5308797505304 16760.260177614087
3982 4320.914239396285 17096.307450297576
3983 2832.1263577496384 15434.372383154936
3984 2832.082932403696 15763.230603520195
3986 2615.6062163044653 15395.41407551889
3990 1499.2088968890587 15836.955712516543
3991 4114.341895232499 16957.9218952325
3993 2563.118087064478 15394.021513849066
4000 2599.9988304079334 15413.711985930044
4001 2651.2303850897997 15417.668678692156
4003 4102.801314412451 16946.728708270526
4006 2585.612990496144 15394.618325751851
4009 4111.313176359327 15684.228411628545
4011 2588.2802109289278 16968.798789698205
4012 3611.5035372009993 15176.7253785659
4015 2061.759096385249 16361.445051082048
4016 1853.147693961417 16194.66280992777
4018 2458.272804535046 15395.703797565558
4021 2570.616369482706 15394.220450653183
4022 3459.221548357772 16071.107067150575
4023 2599.337174748364 16962.680457254708
4028 2600.609569217133 15395.016199728458
4030 2289.89985338457 16356.779901343547
4031 3568.1997918516295 16426.641079033492
4032 3216.5681806543184 16734.92725519878
4033 2773.320297315304 15393.030764815016
4036 3200.2799189781276 15406.608025717765
4037 2575.4518788917544 16371.774560800428
4041 3375.825363063518 15928.145509487922
4042 2555.6194268614026 15393.822567021945
4043 3323.2036593865514 15835.48501590941
4044 1980.8792137389853 17298.75548538028
4045 3950.5198758229126 17001.21673818284
4046 875.9687930820593 15758.787932428564
4047 2835.4050051775616 15673.840068490414
4050 2349.5112193339655 16367.591265127905
4053 2822.5363552745866 15433.912435228498
4054 3237.952538905956 16812.863529891303
4055 1448.6675601579198 15611.740073686047
4056 2863.921077682495 15416.46101559069
4057 1832.0968000700543 17252.88465736729
4061 3252.9795848554613 15380.107316211748
4062 2831.0580001325015 15456.849966269916
4063 2768.703665484884 16871.56971660304
4064 2590.003757629465 16972.076834826712
4067 2341.9958587096867 17531.197466734648
4068 3123.6035981777695 16586.05122617416
4070 2716.395803351747 17110.26520196625
4071 3703.717690574181 17176.574552334558
4072 2871.422498916886 15416.693426136515
4073 2297.3996465942078 16356.916964668222
4074 3986.168326513153 15704.633609212822
4075 3182.84338755509 15595.825534515317
4076 2201.06535706273 15416.101134781056
4077 3641.887163930426 16381.989495422373
4079 2235.4446183556765 15660.519616655069
4080 3173.9063421213277 16645.258902607093
4082 2863.8197778174713 15419.651346169196
4084 1859.1365010618351 15907.271276763215
4086 2312.3992064138997 16357.191090831446
4088 3459.8047203509987 16065.780711647856
4089 3175.017175767891 16418.567863831104
4090 3370.7265823395155 17125.31617047277
4091 2878.9238463688243 15416.925834396397
4092 2823.9864778290407 15408.323188751332
4093 2593.1112657340896 15394.817262365468
4094 2997.2839221596682 16381.985936486652
4095 1837.1596137444574 15386.271922083382
4096 2024.5826374301614 16196.128527374443
4097 3582.825807758366 15336.36228769155
4098 3833.7290736591785 15212.433082428759
4100 3353.4757833167178 15407.77539517713
4101 3937.085038668351 15739.895246411377
4103 3543.9159330826465 15353.669568866902
4104 1829.7388677221497 15386.136468236877
4105 3190.8671996855514 16635.764540699736
4107 2319.898982606547 16357.328153845125
4109 3047.9510441617135 15422.2909113836
4110 1452.7324681338148 15641.780385095235
4111 2845.6071872473485 15585.585885419074
4112 1893.3360825310913 15402.504920229185
4114 1596.8117509366598 15438.967558729477
4115 2697.152560523965 17139.006361375155
4117 2092.15953152003 15391.631382217878
4118 2464.7240855215546 15659.256888620337
4119 2855.624806183162 15258.549442349246
4120 2764.0002159360324 15415.846747691641
4121 1858.4516227199308 16356.807187135335
4122 2496.0489515075224 15390.241510399586
4124 2548.11878622784 15393.623567652055
4125 1555.5972580348814 16286.738448371929
4126 2817.576263985798 16839.871838831736
4127 2239.529034590871 17312.080370825173
4129 4124.496459467295 17169.289294113776
4130 2822.180234103953 15441.40500427422
4131 2282.2074834738714 16356.639318561447
4132 3836.3791208098683 16346.91474222956
4133 3221.81854584199 17398.197808849156
4134 2364.9636041686513 16646.69370934927
4135 3248.1531204774606 16799.064691269305
4136 3528.047621711587 16187.356941077995
4137 3463.0845979004084 16077.63190578256
4138 3546.851479025487 15376.034401557232
4139 2871.3116325232404 15419.886239303534
4140 2718.2239847316578 16896.347129222464
4141 3722.3162757357745 15353.082910197669
4142 3863.345007642245 16266.139198834857
4143 2521.4784193878145 15392.586861368485
4144 2496.629138594217 15598.33602363052
4145 1021.1874516391691 15678.02394264785
4146 1781.5326699629304 15382.056599788506
4148 3156.498192555527 16649.693283307537
4149 2304.899433436787 16357.054027876535
4150 2809.54055686487 16303.448625749477
4151 2830.998408319882 16130.017094675919
4152 2847.520333996355 15558.193624040196
4153 2455.475425303704 15388.732533055092
4154 3104.330254039334 16555.0138944749
4156 2957.4635912829135 15398.969465287357
4158 1019.0639383604582 16258.244899866635
4159 2938.6704922068056 15406.810401619501
4160 2558.737119883759 16961.49790593157
4161 2813.081049208554 16370.89053347124
4162 3832.5974091072767 15202.969984070505
4163 3657.853150169228 17399.346174175025
4166 1481.3905655517367 15567.075136621956
4167 2813.659146680615 15852.983935500146
4168 2374.7432689195603 16367.90663738691
4169 3852.552794187161 15210.235791132643
4170 3914.5672966641664 15320.090987339107
4171 1411.5113441509561 16326.892531517498
4172 3199.216759335988 16739.059415129042
4173 1518.6111294087327 16485.03908158947
4174 3088.052878054197 15422.893673335126
4175 1475.567135864113 15702.731455350979
4176 3640.7200654195985 15909.288601549853
4177 1076.517407896472 17019.463430869586
4178 2810.0663791441175 16025.830894595281
4179 4260.4762460017855 15955.522143354183
4180 2536.0353132700825 15399.760771530602
4181 1500.8886750371316 15861.2718172754
4183 1046.9696990799603 16626.234867031377
4184 2266.598829859542 17133.32623340342
4185 1407.0691954901727 16550.886228551604
4187 2332.2007333999645 15837.371580514202
4188 1255.676590070879 15679.153088413395
4189 3381.6237892951845 16528.182261109312
4190 2422.389297185142 16720.850732872303
4191 3646.2560715114478 15322.000456813172
4193 2914.254656768366 16344.173009003276
4195 1184.0666195025287 16677.90753330701
4196 2949.6036558088276 15398.91077401291
4197 2761.1547874066055 16361.187516975631
4198 2187.5187086697433 15422.596212496579
4199 2842.517051906703 15492.13777180026
4200 998.0920227229601 15690.211100263867
4201 1051.8697583022372 16599.09348856969
4202 2850.137478574446 15520.721585689442
4203 2206.6393762230073 15391.814271504252
4204 3048.8477454345375 15399.930012116058
4205 2878.803467251263 15420.12113181151
4206 4082.7064362234 16149.541961158602
4207 2300.9813759188896 17109.98177332202
4208 1862.8990172396886 16344.654010223514
4210 3527.6985640252315 16452.452212404576
4211 3187.2531987577636 15425.175577856577
4212 3665.4950737433664 16420.010637224615
4213 948.0319080972165 15716.24316626473
4214 3622.1013343353848 15961.40130395995
4215 3616.467907322175 15338.17848323018
4216 2832.0345940662214 16034.951650906713
4217 1899.0362017875602 15381.478738338987
4218 2071.4136947472844 15384.70786373762
4219 3417.6018534389427 15428.65765251932
4220 2418.4673032903374 16738.615847177738
4221 3947.4013852285175 17207.620086708903
4222 2849.7094177597583 14553.938456502707
4223 1433.8778711089003 15609.734933618354
4225 3038.0262560715196 16471.518376856427
4226 3451.1305866719845 16271.367735723772
4227 1932.3994612126326 17321.328448187476
4228 2334.4059303667345 16564.89408874567
4229 1492.2967500425764 15867.898367412357
4230 1040.5475595171633 15686.549746915816
4231 2847.528685324504 15466.275789985317
4232 3515.8660963326065 17040.38459476446
4233 2373.8228947913944 16666.962140060106
4234 1381.1201461188639 15423.461394881277
4235 1842.1294109913592 16744.22878567704
4236 962.7000612186173 15063.784276880917
4237 2210.520730408685 17268.284546983505
4238 2528.3184414483585 17443.911812801856
4239 1734.1026394066002 16891.40167890969
4240 3736.9777631937613 15380.230755443628
4241 3333.9076827119657 16557.690266896265
4242 1608.5613457595998 15440.416696885713
4243 1660.6198890741764 16505.94764383599
4244 1110.893212422339 15877.218018709904
4245 5063.295706252507 16222.475793169857
4246 1864.9765302773283 17354.09342067227
4247 3800.176026183595 15497.818890876719
4248 4276.612468947754 15985.473867922075
4249 4455.138481535569 14886.43685281638
4250 2392.8353563764144 16357.102816438437
4251 2547.1385983680257 16968.10338498764
4252 1382.311033327087 15507.852190971571
4253 1042.383823598162 16363.09435662481
4254 3165.563596083076 16210.155224041571
4255 4054.4289122123782 16922.43409633889
4256 3379.5522898283293 17370.703045570182
4257 4290.792400152574 15163.494796819468
4258 3681.9294018531195 17464.229144070585
4259 3861.34576208819 15626.945147202257
4261 4211.852243694133 15452.322990234268
4262 3475.4865003989744 14646.496403291663
4263 2812.8343224434666 16533.938311169488
4264 1063.5977741692236 16518.073274266153
4266 3262.339198912813 16799.10243977884
4267 1156.8057167561676 15651.734627400914
4268 4369.854779351153 15410.035576737992
4269 3157.1641005645383 15890.177930891256
4270 2040.2236179938939 17271.56587268003
4271 3053.425364941869 16472.571725464706
4272 4488.928191608923 15641.804214126621
4273 2648.976878446979 15479.53749723855
4274 1541.0153199652714 17585.671696423036
4275 3618.828215173461 15183.270052189086
4276 4305.865924900043 16764.085448914473
4277 4017.9373415611853 15897.450639241411
4278 1785.2389480549007 16642.586150559877
4279 3103.149072416749 16194.88662642472
4280 1801.3345800647733 16031.21688906065
4281 3088.6955871692253 15367.327604603413
4282 2965.0284938491623 15148.416541038223
4283 3169.1959664050173 15344.225964495716
4284 4144.1450213034095 15260.696273454261
4285 4681.814459487392 16043.906770359654
