3342 2834.461363553646 15986.954310382656
3362 3118.754282917846 15588.699802554915
3390 3167.6086723222547 15573.009475757695
3444 2846.7322320132052 15569.477596650688
3490 2925.466961340548 15599.302491538949
3498 2858.932956919941 15599.5128899989
3507 2885.5433759634093 15599.428740679552
3511 3054.921334276309 15597.416002051406
3563 2845.11581003784 15592.621379672435
3597 2847.4163034321273 15402.596621952986
3628 2852.8156710603316 15482.375468939948
3632 2840.9736083560933 15560.130786613568
3723 2780.470640116351 15399.608184750825
3742 3361.4911066315854 15407.836540066883
3746 2816.9560440807454 15400.4951406976
3763 3207.7813245131424 15406.66504739687
3786 2803.826619729937 15400.175965911512
3790 3183.153541550354 15403.277681640448
3791 2789.9144193490697 15399.837761930748
3814 3289.411295935126 15407.286679268354
3821 2768.4306324435197 15399.315493558066
3837 3003.6434055352192 15175.296443935003
3840 1884.9879604674998 16355.786790767661
3870 2743.5604358444125 15398.71090195775
3900 2733.110123044918 15398.456856063336
3907 2756.0307469337404 15399.014053776751
3914 2716.1132792337417 15398.043664757863
3918 628.3011490151525 16107.461205716403
3922 2687.6032208625984 15397.324226830082
3937 2977.6427825357814 15139.907963107145
3959 2724.157234782687 15398.239212386079
3963 2886.425238246433 15417.158244032686
3969 1869.9900543894807 16355.430531293337
3973 2572.5706332862205 16944.126721125944
3976 1316.092590622707 15693.229439640676
3977 3162.5104142935465 15407.071356164828
3979 1966.942906827422 16720.468917662456
3982 4448.646955510739 17032.44110239389
3983 3420.143207083931 15406.03616358118
3984 3308.9530297975116 16986.17458873477
3986 2899.315429636893 15399.489500747617
3993 2661.5592476832758 15396.633254617802
4000 1451.7082069475825 15648.00625990734
4006 2699.284322036353 15397.62633787265
4015 1862.4910611327875 16355.252400600848
4016 1150.453589111068 16854.621898123136
4021 2674.615423376993 15396.979647794484
4023 1842.8098195066996 16969.5489765408
4028 2707.8528643467776 15397.842855028199
4030 2044.8384493896792 16361.087350951075
4033 2778.5002727717115 14945.327896783345
4036 3870.9905232288743 15295.285524842286
4037 1914.9840585760485 16356.499316508809
4042 2647.8442788751045 15396.269383012133
4043 2901.2687237371983 15421.053750258205
4050 1892.4869500137827 16355.964921372015
4056 2863.921077682495 15416.46101559069
4062 3256.255732249114 15407.033707879764
4072 2871.422498916886 15416.693426136515
4073 2758.623599976516 16361.213361241817
4076 950.7679648586377 15954.398089947896
4077 3160.265612481559 15891.727242878549
4080 2349.512521741284 16367.591281406532
4082 2863.8197778174713 15419.651346169196
4086 2491.4288943031393 16823.203884093735
4091 2878.9238463688243 15416.925834396397
4092 1397.7500662753216 15526.478647859007
4093 2873.81656831333 15399.338509347563
4094 3547.167758190497 17599.087016238867
4100 4576.920890413178 15325.391334960634
4101 3372.8303885376317 14489.006719516292
4104 3529.6078759397756 15361.373225407891
4105 2252.8747073289583 16365.485208593966
4107 3092.3650369160027 15923.64429526706
4111 3634.2087242204243 16363.191795714542
4114 2513.6950428287005 15391.869003258353
4117 4136.979052669687 15032.333764717006
4119 2855.621641961477 15388.49229535358
4120 2340.7675689966486 16355.364528934473
4122 2618.969375597021 15395.503303441244
4124 2833.923117349158 15400.809478437153
4125 2319.898998751195 16357.328154140178
4126 2190.8316836207177 17189.84179601395
4129 3804.6541648870425 16642.840106419906
4130 1893.5010542064867 15399.304886415792
4131 2617.126162206194 16362.21981841083
4133 1914.1861095962686 17346.8534387379
4134 2194.978599296216 15394.375756814054
4136 3095.73312734003 16159.586920859492
4137 4033.1008771204442 15672.217107636054
4138 2893.786326204572 15420.609556559273
4139 2871.3116325232404 15419.886239303534
4143 2634.317183211521 15395.910495865688
4144 1899.9859651169024 16356.143052583444
4145 1684.0822325203205 16289.835547197705
4146 2551.237205606955 15393.706302383902
4149 2722.3709736862293 16358.383104632518
4150 2832.1584163622297 15433.697889785382
4153 2599.2950607307253 15394.98132452602
4156 2872.5007385392432 15399.329788542616
4158 1554.8954100208664 16889.355034113414
4161 1922.4830109922045 16356.677446231175
4162 3503.0170293397623 16465.957268026697
4168 1907.485004935033 16356.321184381952
4169 3337.7509791655334 16581.75303924097
4171 1231.4194606153385 15585.387573757109
4173 2297.399231570199 16356.916957083404
4174 2886.295308828022 15420.356024534212
4176 3150.2503732792966 16861.758732734543
4178 2832.5145348947544 15426.205376243843
4180 4152.701439350392 15603.390769343367
4181 2289.873798471202 16356.779425174012
4183 1809.0376981335319 16351.028183872691
4184 3438.495872574021 16066.011773425456
4185 1847.7499264914002 15608.421332577767
4188 2167.9982738480307 15386.009275832392
4189 2357.7571031198054 16367.694329406857
4190 2627.099862373776 17392.786767920737
4191 2901.41747060522 15417.855657736904
4193 4118.766738108625 15625.88041347606
4195 1816.104761477286 16348.513883697191
4196 2865.0008600261385 15399.285862003853
4197 3793.6393454810814 16619.059634393958
4198 1302.246786289399 15697.793074557627
4201 1802.000380934306 16353.62131921464
4202 3611.385181402075 16323.887660691194
4203 2580.155104023557 15394.473522658083
4204 2880.000583858703 15399.373714886966
4205 2878.803467251263 15420.12113181151
4207 3487.113662906252 16040.250717759389
4208 2581.329697937914 16361.955551456602
4210 2370.6967396883356 16367.856060319817
4212 3177.237882722218 15592.760612654109
4213 2160.4920373098275 15385.853983386625
4214 2788.696595123323 16614.12764597965
4216 3316.904243225635 17293.7249462162
4218 2585.7268019158987 15388.216835013578
4219 2893.9257718534905 15417.409636949653
4220 1893.4963505262074 16021.95723733845
4221 3545.1789206188073 16216.335112293014
4222 2849.43605068624 15380.261136995538
4223 2477.136269394142 15388.981193613898
4225 2822.9464637446363 15635.419978646298
4226 2786.6742938042466 16370.654945928702
4227 2974.8965103819273 16740.296961701348
4229 1837.1590838523102 15386.271912411048
4230 1826.289243521312 16336.236208912747
4233 1877.4890168892741 16355.60866125523
4234 2768.6372084925893 15401.89371233827
4236 937.871052256155 15560.762931360156
4237 2824.0220634186085 16631.448665738142
4238 3521.518466374789 17269.243599412275
4239 2414.5293313674174 16702.25037060611
4240 2080.4785489842025 15403.738480561013
4242 972.4991280303844 15699.1924774898
4243 2049.8931322193116 15391.127036078362
4244 1428.4144389018725 16173.327672546498
4245 3719.8850764648114 16506.78964702993
4246 2829.0379605558164 16664.97905446237
4248 3721.940077391234 15352.38632504772
4249 2908.751097995829 15421.497942575474
4250 3495.641412093493 16873.933951866973
4251 2145.910619781271 15411.897771891707
4252 1425.5934476832724 16272.599977247619
4253 2156.7377363678615 16354.346281913146
4254 3641.967810439942 14904.7355089687
4255 2862.4874205350034 16598.83462975286
4256 2577.358888936061 16989.39935161075
4257 2841.074917666655 15415.07630634494
4258 2664.1047606474463 16372.373288369854
4259 2908.909187927985 15418.301679629789
4261 3151.955097612219 16227.341507788673
4263 1931.7689049934622 16356.898022870228
4264 1442.2531115137713 15612.40943220052
4267 2612.0452246728537 15398.20334532607
4268 3320.7319781665 15427.880274626434
4269 3656.8844139926214 16400.233347929796
4270 1419.2244790105744 16057.30805959551
4271 3712.2943974847426 15860.355141855738
4272 3471.3762839599344 15722.943152508826
4273 1893.3338034754338 15402.504886430734
4274 2826.346989552355 16744.73541398936
4275 3989.55540670561 15462.205670598278
4276 4197.730525107228 15873.56152517754
4277 2916.4122286056895 15418.748375662391
4278 1758.1818837902247 17429.176990904045
4279 2809.8363109443685 16132.119293849537
4280 1436.0222614191423 15619.70896628499
4282 2852.4366145778786 15387.83936755303
4283 2895.0003668338854 15399.461568116474
4284 4065.5602788681776 16151.565558714572
4285 4315.206222693459 15643.021177211564
4286 2579.753712060138 16976.34008535805
4287 3645.2357570719623 16381.323087667595
4288 2312.3992016504317 16357.19109074439
4289 3611.056907150111 15974.001925187058
4290 3116.5725535537995 16600.613762756766
4291 2268.16544788386 16356.382691741299
4292 2219.9639190039784 15385.35087091115
4293 2811.897563515766 15010.5878869805
4294 2304.8993968214645 16357.054027207367
4295 2838.482970301813 16371.37941356184
4296 2567.044815481766 16956.537490184957
4298 3822.26395770909 15226.119189542293
4299 2887.500482580932 15399.417641544092
4300 3406.4847643003973 14536.662487973497
4301 2852.636049417432 15380.34118469911
4302 3190.3000129259617 15614.275570207774
4303 1459.3285024990566 15590.66712951661
4304 3032.6912889955033 16720.13088499953
4305 2849.236616152679 15387.759308345012
4306 2881.0837614089082 16370.253448228232
4307 1498.9195493490224 15879.164929465478
4308 1562.4426980656322 17530.855174307602
4309 3683.927311937072 15301.54111199102
4310 2636.5584555980727 16267.075226881754
4311 2382.1848332557524 16644.521664167944
4312 2831.8022963279145 15441.190434923667
4314 2187.447850650583 17182.27062151182
4315 2564.500586743154 16949.326653594682
4316 2394.828481409086 16670.763167234876
4317 967.619691671892 15420.50033171153
4318 1335.2213762968715 16201.422350896977
4319 3939.456718653458 16129.565456016955
4320 3934.331788463084 15735.761422343603
4321 3567.1327222882665 14784.860365485985
4322 1793.9076302170433 15382.282113607185
4324 1448.5026942023444 15597.972377035228
4325 1611.9274528954545 16431.949948731977
4326 3136.0653764892572 16632.8447899743
4327 1458.9567718502935 16284.408953133412
4328 2036.809423415827 15384.731836215162
4329 2639.197405071851 16253.89027898104
4330 1817.148097509981 15382.705633878728
4331 3425.233423086229 14565.090199019676
4332 3958.668302584457 15783.20029593112
4333 3458.6577520749347 16069.65400553316
4335 3402.424397155645 15442.611870542492
4336 3210.1053994886283 15646.897512003114
4337 3048.2961916050513 15012.695671684734
4338 3844.6937249190555 16700.44709724986
4339 1130.5467526318557 16708.39221847327
4340 1604.6997249533883 15435.214714379963
4341 2364.0232657363686 16651.231125850838
4342 4084.73273878951 15653.404621578029
4343 3905.2325024849843 16788.64581682785
4344 4597.573932648756 15627.240909218825
4345 4405.770098885537 15481.805917977845
4346 3600.004942843855 15149.007665626821
4348 934.9930144443407 17336.37593013963
4349 2416.3418181992492 16745.517721751334
4350 3259.124593506753 15399.469078792725
4351 3927.490299743335 15725.524268785068
4353 3178.013877663535 16842.703829344213
4354 3452.5999689831356 15688.71527156113
4355 4652.298702915651 16254.64857943238
4357 3045.1351334356727 15399.833488462484
4358 2001.8590682381873 16765.27861903965
4359 2509.4155033130983 15396.266980163864
4360 3803.1180694559685 15232.862131330496
4361 3493.1648138654946 15405.152188913493
4362 3624.1913736315814 15192.862066597756
4363 3620.402984820311 16378.938139011963
4364 1147.139428061717 15678.915147884687
4365 1870.7956618329674 16344.733373485758
4366 2677.6671851719325 16918.975943045556
4367 3265.711073217807 16797.30458056037
4368 4139.103797914982 15771.447296628783
4369 962.8360705619172 16021.17840104144
4370 3805.6064310036654 15507.993494816868
4371 2508.5274573737324 15379.927472323514
4372 3209.684148720118 17527.743896474363
4373 3654.941694568286 16403.172767228472
4374 2349.543748077631 16068.935037611853
4375 2084.4539013243516 17231.507405376866
4376 1643.5681638212175 15670.862238616748
4377 2852.3854994013236 16160.740779894415
4378 4293.676070376827 17365.76194580919
4379 3353.8121383822267 15228.850524734367
4380 3652.4153640219683 15298.912024992958
4381 2852.8354846827788 15372.842985836562
4382 4549.738372475638 16109.384085568041
4383 3270.588438684216 15136.641973742528
4384 1504.6003951653472 16700.088154721914
4385 2769.5997065578817 17268.948031998025
4386 3218.3260904531617 15320.18694616992
4387 2850.475482597481 15991.642200771537
4388 1026.6009644854225 16838.81440092062
4389 1845.15 16613.115249302566
4390 4078.880182357425 16012.355549681943
4391 3019.224921499994 15418.239378110806
4392 3547.8470129970387 14733.52546297332
4393 1875.7396494953837 15367.864834304286
4394 842.6638883310516 17143.455696787714
4395 2969.132477797618 15399.056598549863
4396 2663.333374226621 17109.300141032272
4397 985.7420459375353 16801.042330680546
4398 3179.484004205303 15258.071293659952
4399 3691.887622625851 17501.266311168685
4401 1499.5189606672584 15799.304686298865
4402 996.4501859737525 15620.873073876397
