3206 4274.573261974896 16466.348575148855
3342 2772.4033396885784 15399.412069611308
3362 2779.9010134032937 15399.59433719137
3390 2798.84901672911 15400.054960958776
3403 2811.483180980125 15400.36209602917
3444 2727.417100676184 15398.318459348584
3490 2757.4079471341524 15399.047533354196
3498 2742.4125436355735 15398.682996831034
3507 2749.9102425823994 15398.865265024488
3511 2764.9056634729386 15399.229801970447
3563 2734.91484350646 15398.500728608838
3597 2690.589328990302 15397.403451214353
3628 2712.421678212777 15397.953922364388
3632 2719.919343768948 15398.13618974612
3723 2660.596018746271 15396.607699207152
3740 2811.8955388672225 15393.968274023924
3742 3160.579418248759 15406.898072520347
3746 2683.091004849356 15397.20451330329
3752 1288.3263981039308 16798.157433335502
3763 2845.439971693661 15400.70633153094
3773 2826.779380150792 15394.279482048627
3786 2675.592647306539 15397.005574506044
3790 2826.956833235455 15400.684138097986
3791 2668.094333136136 15396.806636859508
3806 1454.388453953461 15606.889145492016
3812 2102.8312899737016 15327.959534261881
3814 3145.0928941080665 15405.508343447262
3819 1227.0740217716736 15406.813567244348
3821 2653.0977266786567 15396.408762147026
3837 2842.769306174959 15394.491359852118
3840 1923.3949538756742 16356.699108474597
3849 3208.8436133278606 15403.472937343426
3860 1846.249715658023 16867.428565191254
3870 2638.101139325744 15396.010887941406
3880 3465.5174186710083 16081.741033240934
3889 2788.020185639074 15393.388021960247
3898 1831.5843051276904 16793.95720262379
3900 2630.6028352320736 15395.811950562218
3903 1116.9247440590061 16158.798732998703
3907 2645.5994398174353 15396.20982522503
3914 2608.1078690368713 15395.215136994255
3918 1000.003992565202 16165.710107858375
3922 2578.1147155053004 15394.419389144789
3923 1301.0656522483266 15707.75911387243
3930 1842.792563805249 17098.832872260562
3937 2798.3443325561852 15393.638933747692
3959 2623.1045127494885 15395.613012695152
3963 2886.425238246433 15417.158244032686
3969 1869.9900543894807 16355.430531293337
3973 2346.370019607576 16237.26966743058
3976 1893.3469602449454 15402.505081545954
3977 2788.1148523477987 15399.794014665267
3979 2341.6223340300025 16176.369676788532
3982 4379.925682695377 17067.51801787853
3983 3168.966185329151 15407.650683883292
3984 2983.917446334379 16372.26727248644
3986 2615.6062163044653 15395.41407551889
3990 1467.024024242147 16677.737024190315
3991 4587.8210056165535 17198.169689001457
3993 2563.118087064478 15394.021513849066
4000 2196.4729325886724 15415.654473998311
4001 2344.1428669735633 16036.307205689176
4006 2585.612990496144 15394.618325751851
4011 1897.5743895111837 17449.75114434829
4015 1862.4910611327875 16355.252400600848
4016 1414.5293137567055 16558.385702336847
4018 3288.5690392432866 15407.280254113617
4021 2570.616369482706 15394.220450653183
4022 3458.7507014025095 16056.428027332564
4023 2423.5987356244077 16752.694594435994
4028 2600.609569217133 15395.016199728458
4030 2297.399699645932 16356.916965637774
4031 2778.441458299025 16865.987677566165
4033 2780.0507167952624 15393.194336836561
4036 3895.062431095512 15285.28873075099
4037 2357.011409469454 16367.685009074386
4041 2849.2380510706907 15602.892377740483
4042 2555.6197449986566 15393.822575462438
4043 3082.2059649974894 15426.05636336441
4047 2847.1607056658777 16600.47751111031
4050 2117.6092749104773 16362.62571611091
4053 2509.242650780952 15428.260768630773
4055 1436.9254167740023 15614.499900303697
4056 2863.921077682495 15416.46101559069
4062 3112.2302333537223 15402.559315333894
4064 2235.3228461490226 17304.803094510928
4068 3701.312794249376 16471.126537211036
4072 2871.422498916886 15416.693426136515
4073 2304.899503534528 16357.054029157613
4074 4456.854734654689 15572.845056939814
4076 1444.9551324603108 15627.884655946236
4077 3474.5080566080637 16096.9265650573
4079 2287.4817522737967 15416.90699690466
4080 2845.415155681042 16371.181691435902
4082 2863.8197778174713 15419.651346169196
4086 2319.898977942891 16357.328153759894
4088 3925.9638860078503 16809.28043855346
4091 2878.9238463688243 15416.925834396397
4092 1895.0578002531827 15396.12615389234
4093 2593.1112657340896 15394.817262365468
4094 3292.884490547483 16874.285894768913
4096 1988.4501600389274 16181.856608914522
4097 4121.112259002066 15708.63246701036
4100 3981.295441813702 15443.30984900503
4101 3836.7212961948508 15217.234362927346
4103 4106.3584583663915 15675.237951270412
4104 2480.536803959132 15395.948968378674
4105 2837.1668720390912 16371.41695175971
4107 2906.920829197 16347.794652248394
4109 3061.2336212912624 15272.91768281133
4111 3262.4563543004483 15726.963204929087
4112 1852.9686206673762 16157.433728850157
4114 2156.802066079533 15385.777643578489
4115 3331.6845525758254 17345.67452626859
4117 3129.6167198206504 15406.693499021592
4118 2339.291558592831 15911.838038811205
4119 2855.621641961477 15388.49229535358
4120 2508.7235386489183 15448.53079960637
4122 2533.124818632711 15393.225762951186
4124 2548.1213772383217 15393.623636394112
4125 2274.6185871255166 16356.500626822217
4126 2593.724186689232 16965.812244357247
4127 2216.2122451943924 17611.849222303146
4129 4199.856257482625 17143.3512437236
4130 2442.914996017163 15415.157413623087
4131 2289.8999761720984 16356.779903587565
4133 2657.16655311514 17117.56381771929
4134 2248.620628905708 15680.884237186487
4135 3317.2832769616593 17271.644442490036
4136 3470.3399116380892 16089.88640856341
4137 3459.900020332471 16072.253032301262
4138 2893.786865290776 15420.609588562209
4139 2871.3116325232404 15419.886239303534
4140 2043.5472790818678 17280.682488498016
4141 3450.989728756576 15454.139447080714
4143 2540.6230998357055 15393.424699723062
4144 2336.594527364643 16357.187903331476
4145 1471.0129210372365 15693.877711192656
4146 2172.5076667123785 15385.971730563904
4148 3897.4825424668757 16226.4051377097
4149 2312.399228490957 16357.191091234918
4150 2831.6615206815027 15444.152267405629
4153 2482.129007910146 15389.038508884907
4154 3659.7521792062535 16404.80936490204
4156 2872.5007385392432 15399.329788542616
4158 1367.620808259543 16183.469790750636
4159 2994.5170695692022 15166.55357213025
4160 3324.7692171301305 16541.460324927328
4161 2364.5118957835384 16367.77875672277
4162 4261.871772161581 15958.112490259122
4166 1861.0861929378293 15794.108439469195
4168 2349.511020073297 16367.59126263737
4169 4286.377542736112 16018.395503704856
4170 4379.975880966435 16174.789329184063
4171 1434.2414030182497 15646.378403648103
4172 3246.627725590908 16426.74322934379
4173 1816.1047838405364 16348.513875740857
4174 2886.295308828022 15420.356024534212
4175 1447.031691335206 16423.592879059142
4176 2999.4143333138627 16308.926256390583
4178 2832.5145348947544 15426.205376243843
4179 4043.157681900342 16311.39247300486
4180 3570.453439924293 15339.385226163135
4181 1657.9089048290243 16289.204645547266
4183 1417.4394488351786 16544.979377006537
4184 2821.1011679560406 16512.888401507153
4185 1809.0377728092265 16351.028157304781
4188 1837.2391764235754 15383.071761594227
4189 2895.2697984251186 16369.933533177236
4190 2564.500567752536 16949.326623903777
4191 2901.436548262645 15417.85679353161
4193 3613.254857136533 15964.509261384283
4195 1801.9974907055612 16353.622466609402
4196 2865.0008600261385 15399.285862003853
4197 3169.6191815073707 16626.602347918866
4198 1923.1930483671558 15402.947699781853
4199 2810.0517813267447 16367.451834321293
4200 1062.8254986833194 15507.419862027733
4201 1385.0989582067352 16563.400380879975
4202 3213.1587419888415 15645.755042107065
4203 2474.6282540922903 15388.952402284998
4204 2880.000693763747 15399.373715530675
4205 2878.803467251263 15420.12113181151
4206 4150.846392330718 16497.805245452004
4207 2818.69641156531 16475.51631930129
4208 2282.400188065772 16356.642840356157
4210 2941.1877894599147 16372.685738441627
4211 2938.7987668576397 15406.416025299384
4212 3478.329681675079 16103.381436163407
4213 1766.576739702913 15381.784051927696
4214 3033.6117905187766 16445.58401443443
4215 3292.754042601469 15777.797444527572
4216 3146.8878527720976 16629.620036412183
4217 2868.508929770071 15401.046326956302
4218 2189.1119280242942 15385.695900212057
4219 2893.9257718534905 15417.409636949653
4220 2025.6278653188574 16360.681241867893
4221 3971.1598688923486 16865.346387269885
4222 2754.128473589255 14907.66421702366
4223 2146.472712084498 15385.563945190901
4225 2837.0616114639333 16368.217103794124
4226 3066.518076081194 16483.200510949726
4227 2553.906897916949 16967.68599137355
4228 1843.6610432778116 16880.727326084114
4229 1440.2690799456634 15644.20505698535
4230 1442.853740234 15935.739992060173
4231 2979.381281514767 15998.011641042176
4232 3117.7559515943162 16602.570489834183
4233 1879.0205971642038 16355.645042332748
4234 1837.1595920654015 15386.271921687665
4236 878.0876089950582 15200.347274722968
4237 2552.3547467563517 16964.887315164928
4238 2827.7929185157745 17345.875460328512
4239 2008.968521441544 16764.923752023253
4240 3130.625337709626 15421.618405425997
4241 3268.3573675445987 17010.46047420489
4242 1448.6134482538523 15614.138601040835
4243 1838.295240227935 15921.934758314952
4244 1030.2339704002636 16316.294319843475
4245 4356.417135291832 16801.221514416902
4246 2545.9221750903616 16968.853383243764
4247 3214.497514721194 15546.768950958474
4248 4015.9274936867914 15893.576414121106
4249 3640.870415304578 15324.925420158816
4250 3055.744811339119 16476.46347601292
4251 2329.4475269980185 16206.156560674212
4252 1259.1943616614108 15685.694146891126
4253 1429.312606175132 16214.881726850786
4254 3819.5083963524603 15795.175400267004
4255 3500.4815897116277 16463.697197038553
4256 2885.961009644259 17453.932402633774
4257 3946.3141009999104 15158.095207487018
4258 3204.633605579601 16753.959178542493
4259 3544.3276038389417 15377.409735557476
4261 3931.139042621872 15744.180348451075
4262 3219.2448970055175 14298.715854836933
4263 2379.5153074477585 16367.966282504742
4264 1410.4822297369235 16243.243443668527
4266 3510.666977490393 17167.7445640461
4267 1465.8041327012127 15583.742436148048
4268 4019.069307488961 15553.383321377594
4269 3481.8406306037127 16103.032668827494
4270 1598.475170976593 17008.225962948844
4271 3530.811627931328 16192.025453444343
4272 4095.936984826669 15646.933127132972
4273 2481.288944984217 15415.360976392096
4274 1864.1818784366199 17354.523420094705
4275 3657.2011912259377 15251.932817909606
4276 4289.4225787288005 16455.261434266133
4277 3701.6973017446016 15314.903924835722
4278 1571.492995253188 16938.341050631814
4279 3049.3022408260085 16485.81130186239
4280 1423.7327650299887 16101.501093590758
4281 3404.0811708172096 15345.173895314168
4282 2852.4366145778786 15387.83936755303
4283 3041.0051057602245 15399.726112480097
4284 4167.446793983818 15606.744594288406
4285 4315.152447730237 16014.979797758378
4286 2194.5150124600304 17181.91419236819
4287 3638.0984424619246 16167.321134731263
4288 1936.1705663331627 16347.19032676893
4289 3181.9558043488632 15594.363681495244
4290 3950.8593965712903 16217.8092976891
4291 1428.0732988997336 16283.213162241407
4292 2193.833329593236 15426.460568023993
4293 2841.0243017495113 14561.73885345353
4294 1862.1264463128964 16344.52446146581
4295 3096.199478963472 16256.999428241956
4296 2827.9971458000773 16837.97688705997
4297 3756.8014226811433 16565.84836185079
4298 4376.647131815079 15487.179108783863
4299 2905.4184029233775 15399.522586207011
4300 3024.021186922877 14393.542639042636
4301 2852.640180336471 15380.185873889923
4302 3499.407340844237 16138.982409772689
4303 1428.4268428778278 15937.373345795259
4304 3623.6843685452122 17367.63977050021
4305 2854.6439469742613 15303.967238934496
4306 3466.5851057671703 17121.4217985229
4307 1005.9533147332276 15636.99081488818
4308 866.6871260837808 17281.663403725965
4309 3650.4628250043556 15630.608003296282
4310 2372.0122348440373 16367.872502530647
4311 1831.7228546406786 16935.848220190062
4312 2657.2494105788055 15806.70344656775
4313 3162.7835747572426 15571.682484098892
4314 2474.286734437473 17261.997097266303
4315 2240.2571988392865 16636.260850343104
4316 1986.9471836652074 16755.746441248833
4317 982.3179975552421 15056.287421629875
4318 839.120715475884 16477.578492939032
4319 3852.9007798011407 15635.7571936358
4320 4432.271756331052 15359.353353294644
4321 3254.0104130771397 14302.97494673272
4322 1156.7864866098619 15646.29489976469
4324 1485.3753184145644 15776.982844386881
4325 758.402304333478 16933.901040979144
4326 4041.269363059261 16168.391051767408
4327 1751.7610980075556 15742.892692626272
4328 1847.4862986967883 15624.419614785204
4329 2796.8046232180473 15808.696066192182
4330 925.3906736998432 15718.885266297932
4331 3075.0890768180734 14354.302716495245
4332 4163.440115750978 16080.072459504985
4333 3522.874527551817 16232.410819861721
4335 3492.384575258614 15381.707359390735
4336 3137.699307560443 16224.986971928794
4337 3379.1695066951056 15191.278298282527
4338 3978.1904666471837 16602.290536222412
4340 872.9357874402838 15740.504747719
