3342 2951.050521472742 15986.619404459409
3362 3199.5098258211324 15623.275223673669
3390 3242.5795803941337 15694.216928296473
3444 2907.7341509702273 15599.358567466214
3490 3138.545728091094 15581.671104561021
3498 3049.2891410917437 15597.707497198222
3507 3098.8092757391214 15592.937776504254
3511 3091.801320284894 15506.655597964509
3563 2963.4384788025 15599.123790879004
3597 2850.8472344040465 15418.313611538626
3628 2858.5234414079414 15599.514184997355
3632 2831.6313294297584 15874.182854091128
3723 2802.3923258580794 15400.141098393522
3746 2838.473269741039 15400.891346709355
3763 3409.7572683734784 15407.362716500584
3786 2817.389402217632 15400.505675583741
3790 3247.3716820904474 15370.69631147168
3791 2809.891168659216 15400.323394393943
3814 3548.4936320056872 15351.204872234857
3821 2794.8813782907628 15399.958508127638
3840 1884.9879604674998 16355.786790767661
3870 2779.210049891974 15399.577539948397
3900 2770.710328967781 15399.37091271667
3907 2787.223352392148 15399.772342404547
3914 2745.226675190206 15398.75140804336
3918 580.2330339289502 16002.164936455882
3922 2709.318938442385 15397.878495119747
3937 3051.372531978293 15248.888866389527
3959 2757.15312567626 15399.041338674053
3963 2886.425238246433 15417.158244032686
3969 1869.9900543894807 16355.430531293337
3973 2572.570692494388 16944.12681369561
3976 1188.1595107510116 15694.996153101074
3977 3304.7416308178103 15407.403626720059
3979 1879.7322244470324 16524.667775179583
3982 4463.553208689537 17024.61886858292
3983 3678.098380351589 15285.077575883175
3984 3209.607099585357 17045.607142588025
3986 3029.289229053839 15395.734109533798
3993 2685.552831566019 15397.269827986305
4000 1497.798675330969 15862.939399876504
4006 2720.799044171612 15398.157575161073
4015 1862.4910611327875 16355.252400600848
4021 2697.7777337432926 15397.587893895517
4028 2732.7882405894456 15398.449031138105
4033 2704.002480293171 14833.193610985523
4037 1914.9840585760485 16356.499316508809
4042 2674.07926645628 15396.965423024281
4043 2901.2687237371983 15421.053750258205
4050 1892.4869500137827 16355.964921372015
4056 2863.0324597804174 15416.433484251602
4062 3494.3527713657445 15380.556259377405
4072 2870.59769706717 15416.667871959235
4073 2897.9164677013828 16358.27713254658
4076 1058.3456999230768 15900.144232205554
4077 3109.9963870767215 15804.091139968032
4080 2257.1358994980524 16365.57528960549
4082 2862.9278443672183 15419.62338125904
4086 2569.880635306962 16945.8567475343
4091 2878.6489512251005 15416.917317539604
4092 1326.950503460547 15295.614422417993
4093 3017.614887130505 15399.418661653479
4101 3302.72440808111 14382.812121206995
4104 3742.562345593134 15250.376604031606
4105 2025.870485001592 16360.686370814341
4107 3133.793654910915 15852.05532534399
4111 3720.723332206368 16502.0994183623
4114 2612.820849288939 15395.340176993674
4117 4376.941266109201 14898.151841994071
4119 2855.621641961477 15388.49229535358
4120 2338.6068930440165 16592.905449007696
4122 2654.838735192933 15396.454952814496
4124 2853.331550159243 15400.099866551009
4125 2319.898998751195 16357.328154140178
4126 1946.689553560686 17321.999749362814
4129 3667.572277821783 16423.324807183602
4130 1813.1803524422114 15396.889168197089
4131 2795.5285482238105 16360.836549436146
4134 2198.318557801128 15207.372431058011
4136 3114.692418067381 16147.80391844164
4137 4159.965914484959 15599.358183182845
4138 2893.786326204572 15420.609556559273
4139 2870.4707550775306 15419.859875159196
4143 2664.1983951813327 15396.70327379547
4144 1899.9859651169024 16356.143052583444
4145 1820.2653047954818 16333.66091377604
4146 2625.8430834768783 15395.68566966884
4149 2796.018500217885 16357.631036487664
4150 2832.1584163622297 15433.697889785382
4153 2645.054525261291 15396.195368106151
4156 2872.5007385392432 15399.329788542616
4158 1619.8912166218206 16977.791618057552
4161 1922.4830109922045 16356.677446231175
4162 3279.975588189345 16589.548982324144
4168 1907.485004935033 16356.321184381952
4169 3408.610603655432 16704.096814758916
4171 1155.1153008773995 15626.902320430456
4173 2297.3996080689208 16356.916963964148
4174 2886.295308828022 15420.356024534212
4176 3026.598107603906 16931.10348480809
4178 2832.5145348947544 15426.205376243843
4180 4372.571455459129 15479.120177350558
4181 2289.8998321012136 16356.779900954582
4183 1881.9356147946385 16344.894578781666
4184 3401.44787493634 15975.365483970512
4185 1849.5889180743604 15408.803538521579
4188 2167.9982738480307 15386.009275832392
4189 2349.5111320928863 16367.591264037488
4190 2525.3926268931114 17449.19172410266
4191 2901.41747060522 15417.855657736904
4193 4315.717374660515 15515.523992035161
4195 1913.1338119517832 16346.215188394066
4196 2865.0008600261385 15399.285862003853
4197 3942.5982570174647 16829.29036194353
4198 1303.1827019311343 15796.376428091227
4201 1856.3742893304518 16344.889947192125
4202 3669.8229822798094 16420.879078548627
4203 2635.7809697276834 15395.94933156101
4204 2880.000583858703 15399.373714886966
4205 2878.3903535266263 15420.108179401
4207 3611.0380234344548 15960.373514429408
4208 2783.1849709903195 16360.962581468344
4210 2357.0156870261976 16367.685062539038
4212 3103.4312399038417 15595.240350712835
4213 2160.4920373098275 15385.853983386625
4214 2587.743726811449 16653.391366653857
4218 2806.4245403295895 15393.83531020297
4219 2893.9257718534905 15417.409636949653
4221 3457.4486631554487 16065.41074353553
4222 2849.43605068624 15380.261136995538
4223 2482.128943083777 15389.038508140718
4225 2831.4202894444265 15449.227623348557
4226 2571.2421732114794 16371.670146273633
4227 3231.7169488828686 16599.860252314487
4229 1908.5577962233629 15384.86631491689
4230 1973.492753767887 16348.770162912468
4233 1877.4890168892741 16355.60866125523
4234 3092.1884942514826 15406.885757787926
4236 1005.6904129263032 15636.544921399542
4237 2810.7768111550854 16340.219464294072
4238 3706.4063184017823 17166.039409346515
4239 2550.3354318167135 16909.36284864252
4240 1857.4512205075941 15398.232769905622
4242 996.4824006150583 15627.218056974449
4243 2320.9384415727914 15394.191473710589
4244 1432.910708382701 16283.781119155903
4245 3631.9668242881003 16395.39949374599
4246 2813.090785673632 16387.044995551194
4248 3694.798156454693 15302.129168577429
4249 2908.751097995829 15421.497942575474
4251 1986.9150938798741 15405.420906815087
4252 1522.6191183156689 16285.94351839502
4253 2274.8964109895082 16356.505704223875
4254 3495.3707765375666 14676.423968231467
4255 2843.4231238088873 16719.297345918934
4256 2577.358888936061 16989.39935161075
4257 2574.3862605320787 15409.599664278783
4258 2432.3002518713765 16368.62603497978
4259 2908.909187927985 15418.301679629789
4261 3012.323659505527 16409.877892067012
4263 1929.9819645400203 16356.855575980422
4264 1582.647258760227 15458.795840803488
4267 2901.2744301131297 15405.019543018221
4268 3061.627774742939 15418.803083553768
4269 3768.3025640480955 16578.299299370992
4270 1483.2632444109474 15889.87101765054
4271 3939.490681232938 15729.393151745968
4272 3381.8928823924925 15585.522066296771
4273 1816.4362007110042 15400.191445327724
4274 2818.921587395459 16479.01575469838
4275 4108.621456345259 15685.966428557984
4276 4076.400105095907 15657.95571039433
4277 2916.4008973025016 15418.747701049471
4278 1554.6320885968232 17571.129754112415
4279 2814.691410195861 15823.151285836168
4280 1562.0518535705323 15476.137360374367
4282 2852.4366145778786 15387.83936755303
4283 2895.0003668338854 15399.461568116474
4284 3828.8102053902726 16281.555085978198
4285 4268.207947897505 15545.080346846908
4286 2686.7053744533982 17140.533299745137
4287 3744.3689802313233 16539.840787453213
4288 2312.3992016504317 16357.19109074439
4289 3621.908865345179 15913.14807951296
4290 2993.668560841204 16407.072504607444
4291 2282.4000713596024 16356.64283822328
4292 2420.3578057731593 15388.32939239908
4293 2856.843608624665 15159.209418084047
4294 2304.8993968214645 16357.054027207367
4295 2683.979471238271 16372.094658290793
4296 2453.746992218016 16787.667646676626
4298 3678.550287210313 15304.461387558244
4299 2887.500482580932 15399.417641544092
4300 3475.515559608789 14640.751557717724
4301 2852.636049417432 15380.34118469911
4302 3125.812779840946 15590.46275276472
4303 1613.4554252664036 15425.852075562192
4304 2808.161438402237 16845.267373865383
4305 2849.236616152679 15387.759308345012
4306 2837.162400759016 16371.417079291066
4307 1429.6411063099156 16062.982046378167
4308 1834.4908676534906 17368.728468390127
4309 3557.854224534851 15370.038681136617
4310 2634.827264441498 16040.091508240814
4311 2461.1402228504726 16718.261210586657
4312 2831.8022963279145 15441.190434923667
4314 2351.7764386676913 17084.635302836752
4315 2564.500586743154 16949.326653594682
4316 2522.3656914382336 16865.633247665195
4317 917.9978374952045 15527.638317511533
4318 1424.7470193715533 16165.653310950685
4319 4029.4137759580112 16153.859277144995
4320 3877.123012925587 15636.167901648529
4321 3635.0100575055217 14894.226114105964
4322 1914.2995279265824 15378.574004022406
4324 1590.5323037403552 15445.682360107276
4325 1813.7522008176902 16349.350871197032
4326 3019.7790366601403 16448.547596431265
4327 1676.08530433312 16289.642783203333
4328 2152.9856455606346 15385.698687729784
4329 2643.4249285361843 16353.261001724048
4330 1944.238541024049 15380.794693744974
4331 3493.9159207355956 14668.44570150753
4332 3904.762229914563 15685.202506779633
4333 3561.695824361546 16000.39128583651
4335 3168.779233379855 15571.669106173022
4336 3168.65696771134 15578.626775419985
4337 2863.80122766374 15110.662366851036
4338 3999.309542456014 16883.217741874992
4339 1373.5069348052316 16570.0031473758
4340 1854.7310454744677 15385.772688223906
4341 2325.042056444891 16392.599263935277
4342 3920.914097859758 15749.925824566688
4343 3756.887920337237 16565.987530582544
4344 4525.909721315382 15516.75063283822
4345 4319.41744294711 15520.399903269246
4346 3608.7810952016443 15165.25592920068
4348 1020.1226635380345 17404.649432080514
4349 2342.062689874644 16615.978553637684
4350 3258.6764128249647 15403.727917759841
4351 3860.4251058458085 15606.65100226329
4353 3276.4392774582625 16836.28332371589
4354 3542.50097895645 15692.355759378173
4355 4588.565585922513 16147.351713310707
4357 2935.8075459285337 15399.719549105403
4358 2245.830540665974 16625.59564934433
4359 2750.244457168349 15404.661550265675
4360 3608.0214033617344 15339.124853816642
4361 3180.0849805238313 15425.009153548157
4362 3635.668043219908 15213.402498637279
4363 3584.212855727685 16283.474723637844
4364 1405.881834027829 15641.735743451132
4365 2062.0213408951677 16352.43906756051
4366 2589.829634275309 16952.481168815542
4367 3170.148047271003 16691.841096252032
4368 4054.8047042633348 15670.958212651456
4369 878.3051491509445 15841.590615506053
4370 3717.776495943697 15344.676857292106
4371 2510.8401784649136 15396.99418713878
4372 3104.8877771391017 17553.66305761178
4373 3543.1670593339877 16443.98827804241
4374 2344.208035549983 16338.967118205257
4375 2285.0023801419425 17119.11944707368
4376 1523.5950111993166 15714.030431057481
4377 2830.6710051560503 16248.149587673899
4378 4316.854311498647 17355.736988405617
4379 3289.163155054561 15171.698003639194
4380 3838.017689963373 15203.675146969446
4381 2852.8354846827788 15372.842985836562
4382 4509.841307288111 16006.70372276683
4383 3222.491882642985 15069.006685551845
4384 1635.8442279508738 16633.149132291146
4385 2755.2953687966333 17252.63293925062
4386 3258.7257806082794 15392.024571354546
4387 2821.9853144410095 16076.061062675422
4388 1032.4520241354676 16761.83586224827
4389 1839.6870682782876 16879.27772593134
4390 4023.7058166236266 15908.570073342617
4391 2778.9317904046566 15407.397981509761
4392 3660.809609022822 14915.17571087652
4393 1875.7402772987 15367.881251361006
4394 784.1187787776205 17209.174654668554
4395 3156.118205641918 15406.49773240499
4396 2587.5115916855093 16987.543754818682
4397 841.5215613120135 16891.50258587481
4398 3116.245310792696 15153.120285817738
4399 3618.5568031086664 17369.85634611071
4400 2081.008657421486 16720.485526389642
4401 1562.200910078479 15800.628991217496
4402 1029.439732845625 15682.218329646803
4403 1827.4471271010625 16857.261414257246
4404 3186.0775799964495 17315.109844261853
4405 1895.4058736212523 17164.639171098795
4406 4495.538431441557 15654.689274743812
4407 1842.7692069121113 15724.825209352359
4408 1950.802339549482 17585.98959451544
4409 1400.5456932212787 16647.44802115243
4411 563.7892371141045 15958.43936109655
4412 3529.25663710764 14723.876870335002
4413 4430.488177637572 15323.027242932452
4414 4232.733327107142 17152.466022554723
4415 1895.4206514725859 15995.084066545973
4416 2189.7235076427996 15364.754102976669
4417 1842.3736457088214 15486.241219220656
