3206 4311.058268119701 16447.923895468375
3342 2772.4033396885784 15399.412069611308
3362 2779.9010134032937 15399.59433719137
3390 2794.8963769857382 15399.958872744177
3403 2802.3940504076472 15400.141140317122
3444 2727.417100676184 15398.318459348584
3490 2757.4079471341524 15399.047533354196
3498 2742.4125436355735 15398.682996831034
3507 2749.9102425823994 15398.865265024488
3511 2764.9056634729386 15399.229801970447
3563 2734.91484350646 15398.500728608838
3597 2690.589328990302 15397.403451214353
3628 2712.421678212777 15397.953922364388
3632 2719.919343768948 15398.13618974612
3723 2660.596018746271 15396.607699207152
3740 2802.5497955002106 15393.741140761289
3742 3137.4133989639145 15404.819201224547
3746 2683.091004849356 15397.20451330329
3752 1312.81746464092 16772.728679260992
3763 2823.2041926622705 15400.616618996764
3773 2810.9923704292705 15393.946323967522
3786 2675.592647306539 15397.005574506044
3790 2811.8383935860556 15400.3707312065
3791 2668.094333136136 15396.806636859508
3806 1454.3912004067963 15606.886816686694
3812 2102.8 15366.008751815034
3814 3109.170556732359 15402.284746197765
3819 1264.4389790394275 15384.938171545988
3821 2653.0977266786567 15396.408762147026
3837 2822.5620830140015 15394.20287722492
3840 1993.4377907925925 16358.36290234891
3849 3178.374895354703 15403.241361853945
3860 1876.6277955028934 16850.80079483682
3870 2638.101139325744 15396.010887941406
3880 3466.8647466301604 16084.016721766491
3889 2787.5504334424195 15393.376605388567
3898 1830.8971023225604 16837.619898747635
3900 2630.6028352320736 15395.811950562218
3903 1090.2511485032403 16173.177623176256
3907 2645.5994398174353 15396.20982522503
3914 2608.1078690368713 15395.215136994255
3918 1007.9385775552032 16217.059487433797
3922 2578.1147155053004 15394.419389144789
3923 1318.8178002033376 15692.698901641086
3930 1840.9857313667171 17019.884334169474
3937 2795.0501307177374 15393.55887346977
3959 2623.1045127494885 15395.613012695152
3963 2886.425238246433 15417.158244032686
3969 1869.9900543894807 16355.430531293337
3973 2348.471834317473 16149.805906220035
3976 1896.2050991750184 15402.547467818018
3977 2787.398709540177 15399.776605316516
3979 2342.859198466616 16090.315478198618
3982 4375.729537270936 17069.56515718514
3983 3164.224448430273 15407.225170090434
3984 2923.7922804175387 16356.291819318341
3986 2615.6062163044653 15395.41407551889
3990 1448.5632898889296 16601.51799379168
3991 4531.565131884524 17229.978258893807
3993 2563.118087064478 15394.021513849066
4000 2213.0928039323803 15416.701716884929
4001 2347.0270726603017 15956.720185865597
4006 2585.612990496144 15394.618325751851
4011 1882.189739688967 17388.006849791356
4015 1862.4910611327875 16355.252400600848
4016 1444.8949804883657 16540.557102995965
4018 3223.9411318682005 15406.787885622996
4021 2570.616369482706 15394.220450653183
4022 3458.5438968992585 16069.350391731357
4023 2463.1350203996476 16814.05043260134
4028 2600.609569217133 15395.016199728458
4030 2297.399699645932 16356.916965637774
4031 2838.542613555279 16831.704703378695
4033 2780.0507167952624 15393.194336836561
4036 3866.6672637669503 15234.623634098429
4037 2357.011409469454 16367.685009074386
4041 2873.3907092923714 15602.667202310695
4042 2555.6197449986566 15393.822575462438
4043 3091.0594285656516 15438.921736746799
4047 2843.2293661539966 16581.029031463786
4050 2198.578556174758 16364.337395488219
4053 2525.317908501527 15415.828209916801
4055 1441.96006312842 15614.386096011769
4056 2863.921077682495 15416.46101559069
4062 3051.4928436778255 15399.998781636434
4064 2218.5877605438227 17275.849127332487
4068 3669.8546070833713 16420.929541409794
4072 2871.422498916886 15416.693426136515
4073 2304.899503534528 16357.054029157613
4074 4439.428476586362 15539.433405454389
4076 1496.2628039955034 15569.303250750821
4077 3474.5080566080637 16096.9265650573
4079 2303.9043388567716 15419.663142124193
4080 2860.9332867328812 16370.739078076003
4082 2863.8197778174713 15419.651346169196
4086 2319.898977942891 16357.328153759894
4088 3864.4116433630616 16729.431049665152
4091 2878.9238463688243 15416.925834396397
4092 1924.2003058981027 15396.56740311752
4093 2593.1112657340896 15394.817262365468
4094 3248.711244859553 16800.024105609496
4096 1956.6291268926595 16181.15661330817
4097 4080.8676502755493 15635.845443120617
4100 3944.251861766269 15373.055405656894
4101 3876.7537665872555 15286.076342145285
4103 4066.270864600643 15603.224153232095
4104 2408.360289968222 15395.15416173653
4105 2841.4117705546428 16371.295877334696
4107 2860.1193019772254 16352.985106395989
4109 3066.09105632144 15289.771148413867
4111 3224.5789766259963 15664.564213322972
4112 1852.4949676777412 16073.676396163917
4114 2152.9857871592703 15385.698690659241
4115 3283.3425265694686 17365.577453427326
4117 3048.2808574752535 15406.669478808115
4118 2338.9770739485566 16000.761670411024
4119 2855.621641961477 15388.49229535358
4120 2510.3558357281368 15421.164253932535
4122 2533.124818632711 15393.225762951186
4124 2548.1213772383217 15393.623636394112
4125 2253.3734496821453 16356.112358894055
4126 2593.724186689232 16965.812244357247
4127 2175.8917205748558 17634.589223013085
4129 4193.1131291888805 17145.672157607085
4130 2490.56122334216 15414.880397746192
4131 2289.8999761720984 16356.779903587565
4133 2696.5048168986236 17179.276220990225
4134 2294.6280152110407 15748.908292483702
4135 3357.155176927083 17254.523189025953
4136 3470.6863866523713 16090.471618132497
4137 3463.043104756175 16077.561822272768
4138 2893.8244228692606 15420.611818173726
4139 2871.3116325232404 15419.886239303534
4140 2111.6478571107264 17243.963655104963
4141 3453.6915041977195 15489.300776412105
4143 2540.6230998357055 15393.424699723062
4144 2337.9955939708716 16321.672373329186
4145 1450.6936513983499 15654.279985563782
4146 2160.492040062344 15385.85398344357
4148 3832.673497381748 16261.42327092291
4149 2312.399228490957 16357.191091234918
4150 2829.412988250183 15491.459998263736
4153 2482.129007910146 15389.038508884907
4154 3643.0859081520784 16383.35131733687
4156 2872.5007385392432 15399.329788542616
4158 1334.1448387341425 16202.018861519971
4159 3015.3902366042767 15200.550424336765
4160 3256.0272374960095 16579.23992491927
4161 2364.512475484187 16367.778763968376
4162 4225.942431284283 15892.1521162897
4166 1862.6383663046768 15703.488342533132
4168 2349.511020073297 16367.59126263737
4169 4285.472061160962 16001.918860448666
4170 4357.822391010559 16135.163708814907
4171 1444.0490092721534 15667.062753363474
4172 3230.780368873434 16399.745356926916
4173 1816.1047838405364 16348.513875740857
4174 2886.295308828022 15420.356024534212
4175 1436.1422730710406 16421.866402873664
4176 3077.192097902811 16267.134603663724
4178 2832.5145348947544 15426.205376243843
4179 4015.2921051396434 16259.63659285838
4180 3496.9983803072537 15379.050953844622
4181 1596.719259443414 16287.72968413927
4183 1390.925272708326 16560.081737287495
4184 2825.0942671170314 16584.847924103302
4185 1809.0377728092265 16351.028157304781
4188 1837.2391764235754 15383.071761594227
4189 2957.7559803112676 16378.39617574998
4190 2564.500567752536 16949.326623903777
4191 2902.233207711154 15417.904222917945
4193 3607.444126324234 15975.933385576001
4195 1798.2231884684618 16355.12083058033
4196 2865.0008600261385 15399.285862003853
4197 3150.4362873477567 16629.261946024853
4198 1966.693967879942 15406.453847906105
4199 2821.0219260602685 16348.842128213202
4200 1031.6398922386782 15507.47667481117
4201 1326.1460295017139 16596.979714616813
4202 3185.5082075080118 15600.214503424153
4203 2474.6282540922903 15388.952402284998
4204 2880.000693763747 15399.373715530675
4205 2878.803467251263 15420.12113181151
4206 4133.998547304981 16469.35236836649
4207 2823.4823254010144 16549.893734821442
4208 2282.400188065772 16356.642840356157
4210 2999.551659567293 16416.417491713968
4211 2938.7987668576397 15406.416025299384
4212 3478.329681675079 16103.381436163407
4213 1681.5220010621665 15382.322981977988
4214 3005.013169507549 16385.114904198188
4215 3256.571112950436 15717.264343318295
4216 3131.367897908206 16604.626675154705
4217 2786.591340531437 15399.115698318114
4218 2170.2753691738644 15386.008813539407
4219 2893.9257718534905 15417.409636949653
4220 2077.04845354291 16361.768265972072
4221 4028.003962629094 16907.314584307613
4222 2715.6790737772217 14850.335308372532
4223 2134.554989499053 15385.317385909317
4225 2837.0616114639333 16368.217103794124
4226 3066.518076081194 16483.200510949726
4227 2553.8885128793518 16967.697326911664
4228 1878.8250783808937 16856.922985258192
4229 1440.2690799456634 15644.20505698535
4230 1488.619668701628 15902.31557088749
4231 2960.067905620391 15986.451505844489
4232 3141.5500626742405 16642.474075478665
4233 1908.7594197187402 16356.35145676388
4234 1837.1293095215815 15386.271368928275
4235 2053.2736269253487 17041.648991244252
4236 851.0249921928176 15179.684702952789
4237 2552.3547467563517 16964.887315164928
4238 2806.2775681387816 17313.44891660613
4239 1942.9366196488982 16803.29360170601
4240 3202.119964023833 15425.520739101272
4241 3303.0604578804714 16989.699751738888
4242 1449.6563589221048 15612.835334642277
4243 1837.4853608900512 16003.68985274684
4244 1018.3323036720057 16254.44505534379
4245 4406.494623771782 16748.21504928164
4246 2545.5964143915544 16969.05423434593
4247 3286.6785158298644 15507.684758967886
4248 4032.51832042871 15925.557241401164
4249 3717.1535320626854 15283.429537138469
4250 3021.387133352887 16418.827345392765
4251 2327.3323638712413 16287.30260328047
4252 1204.414970604258 15682.108404249957
4253 1428.3656803733368 16176.746187158278
4254 3744.635954993763 15840.768260244578
4255 3562.298289170718 16433.520196281806
4256 2913.2953595434674 17495.972978036352
4257 3998.294181542586 15129.195398919808
4258 3241.5040860057698 16814.085041197264
4259 3603.210542453373 15345.37859122289
4261 3995.87054697338 15705.936353049316
4262 3241.185678771839 14292.527948679524
4263 2380.3299836040524 16367.976465041
4264 1408.4511997028324 16279.597704603015
4266 3502.503998957892 17149.464807271503
4267 1440.1523704665794 15612.374572664354
4268 4046.1382796012103 15602.778455471034
4269 3459.968126739595 16066.059530940287
4270 1610.1307890254832 17024.990924274145
4271 3542.6265707390444 16212.103276526108
4272 4104.699904794955 15641.995569824923
4273 2535.0238966653774 15412.727088424059
4274 1793.7001268596619 17394.21089097734
4275 3654.110994555056 15246.403377239343
4276 4255.045998499784 16472.616854330325
4277 3726.36225063294 15360.574612570435
4278 1545.2499211674142 16876.770057794216
4279 3049.3022408260085 16485.81130186239
4280 1422.1548377875592 16137.495480528243
4281 3383.3958725792118 15312.73568766287
4282 2852.4366145778786 15387.83936755303
4283 3080.3415814072987 15400.74881572766
4284 4216.826101903937 15579.00347758917
4285 4354.118456797187 15994.207888802266
4286 2128.7905797814133 17218.323687775122
4287 3681.460766071071 16142.556892091818
4288 1891.9642197405583 16345.319086390995
4289 3167.3501034801843 15572.852324376649
4290 4016.999475580977 16181.560860344707
4291 1426.7753324826608 16254.258106918449
4292 2193.1973255007892 15461.081574305566
4293 2864.628623616014 14540.539012242834
4294 1857.1891292549706 16327.943005210456
4295 3181.926835015647 16211.451765734628
4296 2833.8154365318787 16841.12228096206
4297 3789.3375288105076 16618.196700878198
4298 4397.138629086584 15475.44224023787
4299 2929.776011949887 15399.667702108452
4300 2995.54238407132 14417.574706795293
4301 2853.2436798639537 15357.49600776898
4302 3524.7703094155936 16181.821435089276
4303 1424.6110909103315 16006.477672768415
4304 3661.105552705322 17427.30983631495
4305 2855.711309803545 15254.54397061712
4306 3488.4546597266803 17153.963562497443
4307 988.8552899740409 15610.334903470752
4308 825.9203319956385 17249.512487258427
4309 3636.682745058982 15638.397410255475
4310 2372.022281490239 16367.872628102432
4311 1833.639124395406 17007.155198182692
4312 2643.812704312804 15808.64888064165
4313 3144.8318079626897 15578.927435575311
4314 2491.4140670511633 17292.08354629918
4315 2170.133050110586 16673.512767667464
4316 1972.9993404789745 16725.87113398619
4317 1019.9371053503663 15034.854475073857
4318 803.4838224376697 16497.55427253261
4319 3874.2194331007163 15631.016674309636
4320 4417.374854697928 15335.45137455135
4321 3235.553592043296 14290.330369223158
4322 1155.2572233503545 15628.399185101092
4324 1489.977014319594 15837.140256638218
4325 711.9972294218862 16963.749820974073
4326 4086.035314304085 16144.099261819783
4327 1794.3088161406306 15729.179300849464
4328 1843.6014052385424 15668.648284826466
4329 2769.5336793378365 15808.307745253729
4330 891.696449663641 15732.877925739756
4331 3049.1140705984035 14374.026994686723
4332 4141.644512148491 16091.821373963608
4333 3536.2618355919553 16225.14151981292
4335 3480.9117241379313 15384.706724137932
