1002 1426.1276356031253 16214.54473792074
1003 2004.315343359784 15409.70619613021
1005 2799.973069363015 16253.858276190209
1007 2849.436050633243 15380.261138988059
1008 2855.8360495697025 15380.43117897418
1009 3205.3499634727664 15863.84070072124
1010 2802.393708201894 15400.141131998142
1012 3113.635176767816 16595.75686381244
1015 3750.206322163025 15583.10267081722
1017 1498.1960197458209 15868.691271591215
1019 2372.01214754626 16367.872501439522
1021 2787.3678921514997 15399.775856149365
1022 1968.0387083159342 15402.793005632797
1024 1586.2672950883866 16445.156127795355
1025 2852.8354874332626 15372.842882426185
1026 2075.155782752002 17247.489490159543
1027 1919.439111486751 15794.719071259522
1029 2916.4008815969396 15418.747700114436
1030 2160.492057140028 15385.853983796882
1031 1893.333768968814 15402.504885919
1032 2606.1495159663796 16537.20558903197
1033 2586.3532372443146 16966.589470013503
1034 2837.061627337207 16368.217103341693
1035 2809.8917362039156 15400.323408190889
1036 2152.985826272471 15385.698691468433
1037 2855.636614654518 15387.929364671609
1038 2402.598237462325 16368.254793184718
1039 3491.737886485366 16037.779313387136
1040 1433.755850118148 15978.81077259932
1041 2349.626780301283 16356.380447717876
1042 2796.0689978875957 16360.831031265187
1044 2908.909181839156 15418.301679267288
1045 1956.3026776982629 15387.983423747084
1046 2794.893994625288 15399.95881482927
1047 2579.3581311685616 16949.599418883383
1048 2845.404891403839 16356.63383524389
1049 4030.5846693786843 16908.868601220292
1050 1656.2778722418348 17094.511177488388
1052 1455.020385688574 15585.890962025289
1053 4091.426195800057 17180.67173127533
1054 2849.8349219516017 15365.264711649019
1055 4190.986813953753 16065.223418996422
1056 2849.6354866932566 15372.762910248326
1057 2334.928817411424 16528.33025564508
1058 2643.0139800006245 17076.670784031
1059 2600.274391528406 16962.157533743542
1061 2237.9018337035286 16633.928015987913
1062 4231.1813050451565 15932.775546699031
1063 2387.0128791874563 16368.05999372422
1064 1765.7419265715864 15384.968306462117
1065 1570.9201106729206 17516.510627353346
1066 4481.495801912907 15926.086891382252
1067 3634.4821056715095 15912.888088470914
1068 4189.894807521417 16083.726096696877
1069 2916.238451547702 15421.942430489264
1070 2830.5011460286933 15054.364622069454
1071 3452.347077094187 16059.379285995197
1072 4146.969007695424 16107.304696243114
1073 1272.1311780246936 15695.2458842816
1074 2385.8531750511324 16773.264126773982
1075 2825.059813217762 15583.651385482264
1077 3524.1636433289664 15388.397672130877
1079 2815.0613408616073 16364.589174295788
1080 2601.824881229378 16964.957041893125
1081 3844.465278999112 15206.526528475646
1082 4002.8763325788514 16889.83238134566
1083 2483.811680278434 15389.01242460569
1084 2837.167212155588 16371.416942058793
1085 3180.5533738968447 15406.45807505609
1086 2917.5000325092537 15399.593347909271
1087 3201.6134284666164 16742.952490508498
1088 2492.883861171897 16358.102330735253
1089 3822.565254582687 15211.885967414211
1090 3810.4813100300266 16652.21557895783
1091 2855.1851441975514 15278.907592068923
1092 3095.279906505336 15119.204904015181
1093 1418.3349814085864 17079.878006010185
1094 3455.09060420017 16057.737044928961
1095 3874.292804821196 15248.229779470668
1096 2828.352445087217 15513.773170098912
1097 4116.313682560785 16964.634748182565
1098 3596.76458440786 16305.089897178099
1099 1995.4684502322912 15390.477610560489
1100 3054.112974009839 15046.469101236806
1101 3640.5055466102262 16390.78340940513
1102 2052.5272095424357 16361.249890274446
1103 3214.2292883750106 15425.801880922687
1104 2853.0349227045167 15365.344683341556
1105 2215.262941975776 15416.762013464051
1106 3687.3467629659576 16454.874911143143
1107 3099.369119407586 16578.347413860516
1108 4066.678449763565 15610.49545887902
1109 3550.0521650089977 16217.539634727902
1110 3091.336226366269 15581.330291950879
1111 1068.648145779007 16349.130865039768
1112 3652.5488727148995 16399.355030499522
1113 2106.0267256538536 15333.478772971459
1114 3091.8536355054616 15514.484655584922
1115 3114.7525175735586 15150.705419341262
1116 1965.8004575419602 16798.867152199145
1117 994.2048772419016 16129.51776221527
1118 1037.6798051309252 16364.809769514692
1119 2195.502712960793 15582.975389785775
1120 1518.4373169864764 15527.45931762391
1121 1820.6735660172296 15938.910704739701
1122 2637.1633961932894 16205.985173998342
1123 4204.185641660741 17111.610151876117
1124 4396.906801182324 16944.650848666195
1125 3153.635178090843 15406.274910579665
1126 4266.886641653894 16930.17628139652
1127 3106.2132737350844 14984.013890138038
1128 2106.9876830561393 16705.78322768895
1129 3170.347140578835 15572.808801537643
1130 4201.742424539009 16862.67174752492
1131 2400.1387628905245 17053.672503075275
1132 1044.8073757009201 15021.190461684158
1133 4513.11222623841 15727.867119695036
1134 2655.9771383165694 15575.075881133169
1135 1049.330600976623 16613.695244683597
1136 4398.545297209319 15463.802465407132
1137 2457.890917977047 15395.69959223676
1138 1187.5821988471694 16450.851899577847
1139 2246.213490617342 15688.953480394564
1140 3280.635627041639 15323.55201531225
1141 2689.5277754630774 16912.358283554575
1142 2194.673516119838 17240.8667175673
1143 1687.7886182808313 16606.65564581143
1144 4252.448400233045 15521.41929711368
1145 1845.9698531836727 16479.130136177842
1146 4707.360584425714 15545.273653778879
1147 1251.8275953238785 16414.105884538134
1148 3289.6127839633377 17167.168367696126
1149 2831.793581430674 14570.029276119618
1150 1848.4869015303411 16013.723449825122
1151 1897.9593387836042 15399.371184401953
1152 2640.7643053628885 16645.762044003204
1153 4288.472497720393 16051.185832427294
1154 3678.127739283146 14969.765779277546
1155 3135.9235708615333 16225.932170260736
1156 2462.422719928372 17484.108936439432
1157 3094.682128129819 15564.38692255366
1158 2149.5049728222943 16990.27866459247
1159 2380.667960767495 15650.670627621354
1160 1075.5307641756986 15774.302134767979
1162 3085.512165676331 15400.883244987952
1163 3789.0824094562217 15151.17295069954
1164 3212.955455221889 15409.904569149352
1165 1446.4099368538643 16821.79741422429
1166 3183.472071493788 17225.08896854919
1167 988.6479407604911 16100.026507944636
1169 3251.807727451478 15108.028969854795
1170 2561.912071035518 16990.55643821911
1171 2955.6851232977415 16237.9179794164
1172 2857.5398782349675 15316.372066170625
1173 2391.683212435233 17532.81383419689
1174 2962.80154184167 15975.985284556853
600 3626.5281081191238 15203.610247900728
602 3353.845314778594 17358.855156237998
606 3342.8496317860727 15512.551463731896
647 1579.2106680596385 16962.30113564737
655 2830.6623147078317 16327.219630794014
678 1066.9926400507447 15393.401791204877
696 2885.9045389883786 15417.14211162324
704 3030.5526129548603 15599.085973372728
715 3778.090681795324 15231.275401984341
716 2862.0996603903836 15419.64461218108
718 2978.180356300798 14433.331596490478
739 1733.1708187551735 17438.659929434074
740 1438.8043476375697 15614.823776605008
744 2657.7526013186457 14729.723975852598
764 3240.5452774820296 15690.86594274098
768 2830.6704407667194 16253.284684000715
775 2870.544652778426 15416.666228530381
781 3161.602575430774 15572.000063749707
782 3603.268178940395 15978.16592536929
788 1457.044202113847 15603.482517026816
791 2865.0009059874783 15399.285862273047
793 4347.132896828113 15979.979430990114
796 1854.5855196767207 17310.982505243304
798 2908.7511771329537 15421.497947273461
801 3070.6617053854466 15596.440396728207
821 1450.004435861036 15612.400362604469
823 2872.500768641995 15399.329788718927
831 2861.4870203242003 15416.478458249907
833 2832.064352171728 16032.221476789111
837 2822.8924764962057 15426.419865110072
839 2850.707126118008 15420.438587210214
842 2580.0763211190715 16974.71666389721
846 2878.1344024431974 15416.901375685453
847 2960.207581696791 14449.642768819818
856 1603.3034855126991 16447.442898833546
858 2870.42518159502 15419.858446287633
861 3241.3516944778735 15406.920231422664
863 2852.6123271140573 15439.383568058362
864 4635.973766735521 15132.080791224022
868 4464.339104469169 15422.780895955098
870 3349.6965651125965 16527.551838413176
876 2508.9241820304005 15387.628180136127
878 1582.7966666343548 17008.307814104235
880 3496.222880089571 15403.592463530957
881 4449.854017232084 15433.913271888772
887 3855.713205692444 16375.025831068042
888 1876.4924449635412 17360.664172297104
890 2877.934649643558 15420.093891655491
897 2817.3894306919083 15400.505676275949
898 3790.2186723839413 15814.757475301243
900 2593.724123048234 16965.81227986597
901 1467.4264367999638 15591.783791524347
902 2035.1074272600101 15746.829976995834
905 2849.236614518043 15387.75936980268
913 2007.726878688296 15406.632418369873
916 2526.070035132331 15396.45037960753
917 2086.1012613909957 16353.055356972554
918 1366.1330696772634 15676.533758185762
920 4300.975128141443 16033.210935105057
921 1992.6971124156937 15409.265579181889
923 3198.988828470623 15406.598211537173
927 1033.2605610055577 16348.952661279713
928 2893.7034044081192 15420.604633893867
929 3613.877485635696 15339.58534772202
930 3360.547138977843 15899.989122828967
931 3163.2317311504603 15407.136085667578
933 2854.9203348113883 15291.16935066331
935 2357.0113460441708 16367.685008281642
936 4243.079492154505 15834.727921525431
940 2852.6360511836647 15380.341118293773
941 3581.7873617181012 15989.649973139314
943 2846.1274321735164 15578.137065820669
944 3359.5397978200403 15891.424299445061
945 2885.91002220237 15420.343944590504
947 2855.636614690626 15387.929363314044
948 2349.5109972628616 16367.591262352265
950 2895.000342707585 15399.461567975168
951 2154.414928226512 15411.958667118832
952 3144.668012148828 15405.470215407295
953 2554.423229888456 16994.716588051284
954 3623.928722130903 15579.717863942862
955 2364.5117590223313 16367.778755013407
957 2595.2741887530433 16968.61221746591
958 2047.4736640372084 16752.217331706754
961 2456.7567110253804 15388.747241864325
962 2902.500226271624 15399.505494543515
963 4211.744354849274 15854.0936645625
964 2880.000613372565 15399.373715059828
965 1872.5826860779077 16355.492116530479
966 3989.710624998663 15462.577253784679
967 4441.563202069268 16379.40913882373
968 4133.8649103431235 16985.245364630675
970 2855.8360512198387 15380.431116933749
971 3882.8857744374845 15174.862738767466
973 2167.998296761674 15386.00927630644
975 1893.66827050454 15396.105114900964
976 2189.327239891033 15527.735680082376
977 2771.656050056373 15399.393903086855
980 2901.2688034449975 15421.053754990071
981 3634.693055536558 16364.025856561137
982 2779.730810823981 15399.590199586371
983 2867.4396945746917 16596.98410468372
984 2910.000119353713 15399.549421167609
985 3468.795618006534 16050.040749638632
986 2901.417434772477 15417.85565560359
987 3058.331125679488 16843.186467470943
988 4037.2798266674804 15533.513738969397
989 2852.4366162893584 15387.83930320625
990 3428.3260487543484 15404.80878444333
991 2889.65094977346 16352.090504252848
992 3788.4834982183265 15143.832007362405
993 3617.0957799068556 15186.733960888092
994 2379.51250796559 16367.966247514361
995 2887.50047760287 15399.417641514938
997 2893.7825054839595 15417.401107538493
998 2809.5543153715107 16262.397437758944
999 2285.1661349743035 16356.693389733795
