3362 3668.8593173482545 16419.34138394888
3390 3639.313184001578 15903.19649176736
3444 3452.6033440567267 16053.493048600289
3490 3570.3890645858246 16253.288765348649
3498 3514.9564711906573 15708.140313091144
3507 3579.8148019176174 15990.704540604955
3563 3500.8442594575367 16135.126672514842
3597 2961.3915759373167 15963.38971304885
3628 3447.8009277842766 16045.742376478802
3632 3143.8901823360293 16624.79258293074
3723 2802.39402155594 15400.141139615742
3746 2974.5846467414403 15991.453942484259
3786 2817.389402217632 15400.505675583741
3791 2809.891724537065 15400.323407907268
3814 3625.777689494852 15202.267719118243
3821 2794.896296390938 15399.958870784927
3840 1817.4213397560898 16358.616447260476
3870 2779.9008972730103 15399.594334368257
3900 2772.403191182342 15399.412066001138
3907 2787.3985838505682 15399.776602261016
3914 2757.4078572382527 15399.047531168837
3922 2734.9147837711466 15398.500727156681
3959 2764.905523418105 15399.22979856573
3969 1465.6095089928433 16662.713931219485
3976 922.7523030078415 16169.299077301384
3977 3681.3211927968746 14974.91103794776
3983 4322.336750556415 16071.521955657852
3993 2719.919440428767 15398.136192095908
4000 1451.410023589462 15667.142222676237
4006 2742.4124702873764 15398.682995047948
4021 2727.417106317047 15398.318459485712
4028 2749.9101754087765 15398.865263391504
4037 1895.0952610711092 16356.026879056062
4042 2712.4217634140377 15397.953924435622
4043 2527.1259959216995 15409.406012487178
4050 1849.3174817764134 16350.813679623348
4072 2404.346506186628 15751.84254826041
4080 1922.35760654541 16356.674467380524
4082 2356.3335895630685 15844.559249096139
4086 2973.572600383876 17174.496895718148
4092 970.6518759824168 15262.8641237269
4104 4288.147686712411 15993.388108956327
4111 4245.871984929726 16477.18957137459
4114 2653.0978345166423 15396.408765008075
4119 2855.621641961477 15388.49229535358
4120 2045.9528749656447 17268.476741305512
4122 2683.0910683735515 15397.204514988649
4125 2319.898998751195 16357.328154140178
4129 3175.0169580905194 15589.102472792114
4130 875.3109042031206 15827.410716360979
4131 3146.860826794429 16623.504110001475
4138 2643.85118868638 15671.687870353493
4139 2215.3116149827265 15413.562011988031
4143 2690.5893433201695 15397.403451594539
4144 1865.0371902931315 16355.312881219375
4146 2660.596215689656 15396.607704432254
4149 3267.5106775659046 16155.890303221384
4150 2832.1584163622297 15433.697889785382
4153 2675.592791863994 15397.005578341295
4156 2857.3332019534796 15417.206909658373
4161 1905.5471531131295 16356.275152751417
4162 3027.6535512338114 16799.881575548097
4168 1879.7711771447152 16355.662871570237
4173 2297.3996080689208 16356.916963964148
4174 2645.8339718378443 15472.971275185953
4178 2832.5145348947544 15426.205376243843
4181 2289.8998321012136 16356.779900954582
4183 2244.9012989289313 16355.957525138389
4185 2626.5887220006816 15398.546088558971
4188 2638.10120263744 15396.010889621128
4189 1929.9685172182817 16356.855256553448
4191 2526.9809422031985 15412.605172396843
4195 2252.401122275213 16356.094589013828
4196 2829.566483144043 15415.35789453588
4201 2237.401569457192 16355.820462978563
4203 2668.0945051114595 15396.806641422183
4204 2860.813199352774 15400.358396105757
4205 2830.665290450613 16300.144835093784
4207 4152.699289458346 15607.04638539956
4208 3136.6055184783913 16606.989207159666
4210 2324.6300980514097 16367.012555476374
4212 2863.8255179264365 15419.651526139609
4213 2630.602905059634 15395.811952414811
4214 1869.5842135241453 16854.90293624439
4218 2817.5491764477056 15394.105676593093
4219 2534.4066922411535 15415.918911727049
4221 4071.996224494146 15648.647506417536
4222 2849.43605068624 15380.261136995538
4223 2645.5995295129455 15396.209827604742
4225 2831.4461787783034 15448.682927785323
4226 2356.620570567952 16367.68012402742
4227 3935.9748324501893 16639.237776244627
4229 3214.688209270397 15406.717549846497
4230 2259.9008848604544 16356.231651778822
4233 1832.9554465993956 16301.600506208772
4236 1801.2238717971475 15382.41544038507
4237 2831.0900586648286 15456.175474589076
4239 3311.8524030075573 16547.058363046162
4240 863.2046928899636 15763.927762059488
4243 3603.2236309553937 15325.38959328123
4244 2086.154497635082 16353.056329897594
4245 2871.547342462455 16370.46850786399
4246 3576.6751083013683 15893.254391604924
4248 2822.173030197388 15411.486975992744
4249 2526.901242577383 15415.80517298454
4251 898.9792196775612 15749.522126719126
4252 2214.902318886157 16355.409275363152
4253 2274.900343806766 16356.505776098524
4256 2237.3914669288197 16365.157895039083
4257 1636.2455494351004 15421.773731985064
4258 2342.0279912012766 16367.417977505196
4259 2796.4730944753364 15079.623627392162
4261 2446.967535118218 16730.34567826114
4263 1914.3403363694563 16356.484025565278
4264 2065.9745155550804 15391.318928071474
4267 3932.4515992655847 15352.001696277
4268 1812.584381371248 15400.073963244884
4269 4000.2861381425864 17180.013298892412
4270 1402.9350261642812 15553.651382935543
4273 858.7615897496662 15791.421096963366
4274 2830.733935171134 15463.66809251056
4275 3788.4960397631053 16309.51654969946
4277 2805.277106695356 15071.489979875967
4279 2826.092406513273 15426.569997979539
4280 2044.3219045262929 15384.726631863854
4282 2852.4366145778786 15387.83936755303
4283 2880.7151792582167 15399.37790024843
4286 2534.5057826977195 17072.48321774186
4288 2312.3992016504317 16357.19109074439
4289 3887.930143554132 15306.282408859928
4290 2402.0163184239987 16368.247519850816
4291 2282.4000713596024 16356.64283822328
4292 2810.0494410587758 15393.9234075856
4293 2849.6354851501283 15372.762968265557
4294 2304.8993968214645 16357.054027207367
4295 2368.9072930164075 16367.833694247754
4296 1937.480825203955 16357.033703523311
4298 3018.823395311556 15345.585532843035
4299 2870.959628341809 15399.320762311498
4301 2852.636049417432 15380.34118469911
4302 2882.8515175310504 15417.047522296612
4303 1874.5457228786358 15495.411633953103
4304 2573.9877242577572 16963.67315204301
4305 2849.236616152679 15387.759308345012
4306 2394.513313822211 16368.15374072667
4307 1213.2858950543873 17219.94788465371
4308 3111.132210704784 16662.97377297168
4309 2863.579139297117 15416.450421586662
4311 3107.684899799944 16456.398702936407
4312 2831.8022963279145 15441.190434923667
4314 2831.0819304160545 16708.262778805354
4316 3257.3299729402406 16578.52586294368
4317 1614.9726346601853 15419.54758062686
4318 2040.7656601061055 16351.57760384571
4321 4058.6857790935605 15113.117213828624
4322 2802.5060649180546 15393.740077959817
4324 2087.853658342171 15384.696474777733
4325 2229.901820906208 16355.683400470052
4326 2409.5543293512283 16368.341736514685
4327 2222.402082293729 16355.546338143175
4328 2623.104612937543 15395.61301535324
4329 2379.103832199538 16367.961139526638
4330 2615.6062567995423 15395.414076593264
4331 3801.485600435626 15165.977364825141
4333 4017.053801821734 15543.066987436834
4335 2828.934885731464 15856.251836559457
4336 2960.2338314350905 15420.845058413268
4338 3761.323347358909 17322.954834949745
4339 1952.0625443113963 16347.863029065553
4340 3174.912377629413 15406.43
4341 2281.571456787733 15514.643707002579
4342 3088.9743657532877 16260.85202579833
4343 3458.3464532205066 16069.614931723252
4344 4096.948062676813 15646.350526706485
4345 3784.9217313908207 15246.43941761087
4346 3650.9948767740416 15240.82755465367
4348 1989.8836869859924 17282.937978542624
4349 2186.776800217697 15469.95378286208
4350 2898.428845358631 15399.481648601053
4351 3214.4355705687144 15425.80667017021
4355 4145.6446650700655 15892.858882054668
4357 2889.203760925323 15399.42761758865
4358 2756.7414225420353 16358.032123127421
4359 2952.569107809294 15398.932917471695
4360 2295.7350172174433 15406.278604459329
4362 3836.4857224066373 15203.281741403518
4363 3099.9668047908262 15595.836931129263
4364 1436.3162367121276 16459.017944262032
4365 2267.4006191806243 16356.368714027256
4366 3073.3074376881145 16260.149658236056
4367 2583.193555025369 16371.966579794505
4368 3248.182696714405 16176.325722229347
4369 1662.5142310541776 15386.865278833053
4370 2871.097529788108 15416.683357877417
4371 2335.211102834087 16508.590931089595
4372 3266.376176136856 17481.726306102348
4373 2590.369032386724 16967.027928586398
4374 2969.4725291589452 16368.514916328972
4375 2822.9569116808434 16740.650925024744
4376 1268.195123514878 16242.22052642357
4377 3147.8466971973776 16631.16416107755
4379 2855.3440065206173 15271.551616197385
4380 4211.375171738254 16071.927204002292
4381 2852.8354846827788 15372.842985836562
4382 3651.874691607075 16382.548144760936
4383 2849.8917816314874 15363.126949371615
4384 1842.3540790358918 15748.076011893254
4385 2803.156799687102 16382.095742573501
4386 2908.95320834375 15399.543289444677
4387 2387.0129460447038 16368.05999455986
4388 1829.720147362125 16303.564622081554
4389 2390.4094379417324 17059.1533786879
4390 3622.3477815137685 15334.985108861894
4391 1977.8447685377057 15393.137505854715
4392 4172.201323643561 15460.414515239245
4393 1852.0452128542522 16093.103610612668
4394 964.0159583537791 16802.261726361823
4395 3168.9693397991036 15407.650966958989
4396 3152.970639655187 16653.210909139743
4397 1603.8583377020143 16436.094842527164
4398 2856.250929379976 15364.832877860907
4399 3155.172958008874 16667.516023355438
4400 2712.739313181989 16358.481460482177
4401 1849.5894704309637 15408.751026983593
4402 2003.2398850895408 15384.755091870393
4403 1847.213158354295 15710.508023696651
4404 2808.2160066514484 17288.75020671272
4405 2552.334535825967 16964.899776421484
4406 4103.487700566127 15642.676581778951
4407 1428.0256916237201 16097.525693586278
4408 2188.6311902677403 17224.01821351101
4409 1056.705044890325 16748.73095425665
4411 919.4209794682156 16167.152388838711
4412 3790.108757245069 15146.60017065748
4413 4279.717863287603 14972.768671487256
4414 3994.4433689858724 16883.60444416122
4415 2149.410367026689 16354.21236974051
4416 1871.3773730567411 15249.680634279264
4417 1857.3349397610239 16003.043362652223
4418 4241.211075657649 15919.762531093418
4419 1961.0856785946223 15402.628906890937
4420 4203.231065758515 15856.696017656177
4421 2811.626284394417 15397.163659690143
4422 4440.972163049916 15947.908118259105
4423 2489.785397668403 15614.492296503578
4424 1820.7140165882881 16021.481533895974
4425 4489.9473306200525 15970.176033648266
4426 1239.3552276050948 17182.48890495621
4427 2639.468588036263 15914.09668040714
4428 1875.740259397947 15367.880783256318
4429 2853.034920465747 15365.344767512936
4430 810.7051841805785 16652.881454290746
4431 1406.4316580493214 15641.418017274778
4432 2939.723029323389 15399.491529854371
4433 3417.3024269268203 16086.665625013315
4434 1831.0896664132313 16517.4073536302
4435 1001.0962000330821 16151.400066746955
4436 1813.5822797098608 16023.824558016735
4437 3529.737196351852 16190.210697355968
4438 3410.586326832163 15985.464470740118
4439 1860.290775298414 16151.065340069626
4440 3132.120918089235 15587.964746948279
4441 1412.8873982435591 16000.395644358648
4442 1862.3353271029891 15721.180594197092
4443 3903.629171379347 17042.10363718637
4444 2344.5025216286 16312.027095457726
4445 4098.6993505132605 16948.126185817775
4446 1012.8263357467683 15392.763116366727
4447 1746.5141896679472 16294.629418355533
4448 3860.0634379279945 15627.716520228332
4449 3282.806379517235 15427.39403319741
4450 3180.222359051813 15253.09595360729
4451 4358.585513881542 16158.277480743513
4452 3395.1105754232976 17320.233926901754
4454 3281.3458149361445 15159.356157986003
4455 4639.763798089782 16233.545641612878
4456 3133.453163165515 15844.163915281273
4457 4034.9223135765537 15547.21651624906
4458 2824.1582529430284 16560.484812317114
4459 4170.403541889742 15303.560475412984
4460 2751.595470562085 14897.86814881418
4461 3072.5521087689517 15369.500223115798
4462 1584.2136930827824 16964.629572024136
4463 1640.5835150646808 17487.153058730408
4464 3439.0398659730804 16037.770826845926
4465 1350.771829924596 16868.89886134233
4466 2887.1002988933174 15101.998302475042
4467 2962.1472562219997 15601.65234875832
4468 2338.857489412113 15650.23910691423
4469 4380.873866709209 14974.78804672048
4470 935.4718638180877 15957.133412162106
4471 2829.200010911092 16501.195036440222
4472 1171.1294088752147 15673.682153650072
4473 1860.467054156692 17352.901076278664
4474 4473.838633731143 17022.83983270427
4475 3235.496493607743 15531.640430398715
4476 2817.5058755937284 16987.037367610003
4477 4610.373514609604 16289.53938687783
4478 1494.5663955350456 16752.662370050803
4479 3799.7436411149824 16303.197874564461
4480 4506.549971077772 15042.864953324626
4481 4214.125061004879 16600.365462210077
4482 1365.1569985651622 15429.329962002628
4483 2758.735611878717 16891.216232768817
4484 3010.297364744993 17156.83045982825
4485 3301.173897882939 15798.226272312164
