3444 3755.7244816943794 16558.06441468211
3563 3776.637236446295 16591.707633817725
3628 3744.2447215096313 16310.110731685507
3632 3719.5186986312992 17522.959715431323
3723 2802.39402155594 15400.141139615742
3786 2817.389402217632 15400.505675583741
3791 2809.891724537065 15400.323407907268
3821 2794.896296390938 15399.958870784927
3840 1348.7839067987486 16197.566194807785
3870 2779.9008972730103 15399.594334368257
3900 2772.403191182342 15399.412066001138
3907 2787.3985838505682 15399.776602261016
3914 2757.4078572382527 15399.047531168837
3922 2734.9147837711466 15398.500727156681
3959 2764.905523418105 15399.22979856573
3977 3315.0288358958373 14401.505190281345
3983 4552.833174258338 16322.380258224588
3993 2719.919440428767 15398.136192095908
4006 2742.4124702873764 15398.682995047948
4021 2727.417106317047 15398.318459485712
4028 2749.9101754087765 15398.865263391504
4037 1203.3351778094495 16677.79500031435
4042 2712.4217634140377 15397.953924435622
4043 1919.1921079065928 15396.491573553989
4072 2001.331175628051 16358.550401398277
4080 1833.550898300909 16267.80816967698
4082 2104.420376751499 16720.074279703258
4114 2653.0979374024896 15396.408767737736
4119 2855.621641961477 15388.49229535358
4122 2683.0910683735515 15397.204514988649
4125 2572.570691505017 16944.126812148766
4129 2886.083224099913 15417.147647681408
4130 1054.5588143948753 16468.73504313746
4131 4022.082130327172 16161.586775493071
4139 1560.4297658659907 15488.423403827996
4143 2690.5893433201695 15397.403451594539
4144 1105.3462121352206 16733.198023453322
4146 2660.596215689656 15396.607704432254
4149 4056.18512386755 15658.117511991122
4150 2832.1584163622297 15433.697889785382
4153 2675.592791863994 15397.005578341295
4156 2950.6713603222734 16359.329564496782
4161 1448.3485332529447 16547.65800482332
4173 2781.01882277807 16357.78420903964
4178 2832.5145348947544 15426.205376243843
4181 2569.7242531997917 16945.612256934222
4183 2312.2562339521382 16357.188477921944
4185 3127.502805230982 15171.657859943523
4188 2638.1013742789105 15396.010894174944
4189 1782.1233232937836 16371.562973722675
4191 2040.606295719965 15650.42864302838
4195 2326.5563682717443 16357.829384854822
4196 1992.651364843917 15409.263844222793
4201 2299.4724505162017 16356.954846432292
4203 2668.0945051114595 15396.806641422183
4204 2509.756397942384 15423.317986153914
4205 3293.91771883595 16875.851392175682
4208 3824.644754680135 16668.939326880558
4210 1867.8805263338809 16355.380421674552
4212 2863.819801713672 15419.651346918416
4213 2630.603044907753 15395.811956125119
4214 1544.6480753512014 16683.2511191847
4218 2817.5491764477056 15394.105676593093
4219 2348.914226097482 16116.429520129846
4222 2849.43605068624 15380.261136995538
4223 2645.599656164308 15396.209830964926
4225 2831.4461787783034 15448.682927785323
4226 1894.1352194896117 16356.00407427869
4230 2336.6752391349896 16369.777789666494
4236 2167.989967482454 15386.009103986511
4237 2831.0900586648286 15456.175474589076
4244 2251.892372784342 16356.085291304586
4245 2388.225273127401 16368.07514728574
4248 1893.7035669999498 15396.105649328285
4249 2041.9214312019321 15576.452840307633
4252 2271.547558231671 16356.444501884023
4253 2335.690143439091 16587.182864466475
4256 1850.8768475061838 16355.508381177002
4257 1807.3335511261462 15721.625488452146
4258 1881.632658855519 16355.707089109159
4263 1465.8847495424018 16528.096711713453
4264 3466.1012450480944 15395.053972821413
4268 864.9776230603791 15804.939038969038
4270 1011.514984863966 15039.652857301751
4274 2830.7339406232577 15463.667977801251
4275 3037.9738348669716 16810.42346430946
4279 2822.892473358058 15426.419931134755
4280 2485.258353327216 15388.932681488623
4282 2852.4366145778786 15387.83936755303
4283 2505.545226594216 15413.911439173484
4288 2796.0189325400675 16357.63103207291
4289 3650.957805138857 14919.921544740355
4290 2364.5223114555965 16367.778886906963
4291 2564.4731448320517 16949.28374950067
4292 2810.0494410587758 15393.9234075856
4293 2849.6354851501283 15372.762968265557
4294 2788.5188851638322 16357.70762047964
4295 2336.3214753709526 16190.144740795358
4296 1806.8210761258022 16362.368847757421
4299 2524.804220956841 15415.86192962993
4301 2852.636049417432 15380.34118469911
4302 2878.5818467814925 15416.915238496196
4304 1853.8796787846957 16871.45030331053
4305 2849.236616152679 15387.759308345012
4306 2357.0130750259136 16367.68502989197
4309 2863.579139297117 15416.450421586662
4312 2831.8022963279145 15441.190434923667
4314 3369.4994566290175 16101.861335093647
4316 4260.534853603292 16035.009419178159
4317 2151.198203802275 15385.661708319276
4318 2240.2322034561917 16355.872194552487
4322 2802.5497693779644 15393.741140126429
4324 2502.073466628218 15388.005803401293
4325 2289.675889901284 16356.775808273409
4326 2372.0354845055294 16367.872793125283
4327 2281.220492796243 16356.621280700947
4328 2623.104764359392 15395.61301937061
4329 2335.461751534644 16491.063862199422
4330 2615.606460717591 15395.41408200341
4331 3122.8619545240163 15421.080209427673
4333 3457.239622857941 14619.0367425937
4335 2443.8829013004856 16732.167416350356
4338 3676.792757871024 17790.717772959477
4339 2231.230919218542 16355.707690557581
4340 4076.6764486431944 15628.357572662813
4342 2882.0424960373202 16804.20638111195
4344 3738.448567301421 15271.80600417412
4345 2893.584156867255 15417.389298787355
4346 3773.2869697187098 15124.265082404503
4348 2751.040172909616 16860.02211653371
4349 1406.544736845824 15649.006409110656
4350 2548.2422610630633 15416.1285780722
4351 2878.8035791252914 15420.12113531911
4355 4037.564350839499 15587.133287324048
4357 2537.5573630167673 15415.96665747822
4358 3182.3413895189874 16201.224653209187
4359 2819.396560286496 15413.45214394812
4360 1469.2006025269102 15599.379801740517
4362 2853.23193622066 15602.730949786075
4363 3205.783365345962 15403.449678129666
4364 1837.8604960335695 17023.471653045934
4365 2430.739736911863 16357.64353107014
4367 2380.0524420983925 16367.972996084136
4369 2160.2800036621616 15385.849596737795
4370 2871.08049559838 15416.682830120715
4372 3841.18184834577 17083.99545697921
4373 1985.9197145525848 16761.108220824088
4375 2745.3631066893695 15811.164283602822
4376 876.5717745537008 16187.048248416639
4377 2265.2929387146155 17154.85757918281
4379 2850.03435709953 15357.76651720108
4380 3174.4113426481736 16665.830646922735
4381 2852.8354846827788 15372.842985836562
4382 2697.7540368956784 16911.430196025107
4383 2849.834920293119 15365.264774003253
4384 2663.4595650017523 15402.616361548711
4385 2829.292407165855 15426.729917424127
4386 2836.6564311717693 15812.589518020985
4387 2349.5110768832333 16367.59126334743
4388 1863.5341701373422 15396.405821177274
4390 2342.166492832073 15406.78947248744
4391 3298.0039154528195 15407.35222806189
4393 1415.0147462256239 16454.798367457122
4394 1001.2267912333548 16173.857821964115
4395 3687.0909098109732 15296.180339014372
4397 2011.9869361660435 16350.398025293884
4399 2837.0616911527122 16368.217101522776
4400 2955.36318915349 16273.04950428476
4401 2855.7226050680515 15403.946033708286
4402 2471.2487961536217 15388.913607033253
4403 2562.3995972935227 15397.033358324747
4404 2193.778812784133 16669.416954230437
4405 2739.935211560644 16847.869893217874
4406 3616.4462837833807 15979.13998529515
4407 1022.5825700104641 16721.694737417012
4409 1233.0792536442884 16504.33833024496
4411 1244.9745485885142 16251.428215330572
4412 4168.531759054683 15794.680757189639
4413 3159.512959161186 15424.46156149192
4414 3164.0914789530834 16648.401263149903
4415 2262.1492861913184 16356.27274269333
4417 2214.9698863718413 16355.410510200429
4418 3741.803343742732 16335.747562703911
4419 1855.10302189979 15199.69996831038
4420 3801.4072730659805 16298.59125008224
4421 2811.626284394417 15397.163659690143
4422 3960.0550696549485 16162.140535896628
4423 2427.0578354893155 16716.23748108361
4424 1833.0350152785923 16852.358914633016
4425 3994.0475065777946 15851.4000898482
4426 1941.1875373695402 16804.31809965147
4427 2398.316500683748 16368.201276287658
4428 2797.001456515729 15402.562166001586
4429 2853.034920465747 15365.344767512936
4430 1139.7490212676826 16703.15064597728
4431 2352.108412129325 15394.534716938391
4432 2840.8668284586483 15699.311801594906
4433 3013.890113389176 16737.54204164808
4434 1851.1750224507336 15405.9555994222
4435 1327.3310884464838 16205.794367893117
4436 1882.2954898934538 15387.393658113051
4437 3776.744284882326 15822.090741577778
4438 3927.2015331282437 15725.011969288607
4439 2222.708322687246 16355.551934874353
4440 2821.066469339648 16289.638734436901
4441 1837.00905764838 15386.269173922716
4442 2207.39287278282 16355.27203562592
4443 3631.5410388741807 16395.63247179097
4444 3007.6835193633533 16296.21160954956
4445 3513.669601661395 16163.07191453626
4446 1238.7127487103078 15681.215037616228
4447 1849.4581114041487 15421.239090828314
4448 3308.43780366339 15427.81789026868
4451 4486.4258126566865 15449.993815748909
4452 4172.70964352519 17053.5873982879
4455 4018.1295853157408 16184.586654500003
4456 2821.0688433502323 16267.998440954929
4457 3883.5475878060024 16254.982305503918
4459 4175.996044840427 15808.225586396191
4460 2850.233792810101 15350.268301599379
4461 3562.6692001128495 15343.57254962945
4462 1424.4610168180807 16009.975931666397
4463 2403.084889502562 17052.01284491969
4464 3089.9704046789125 15428.20605778319
4465 1439.3967871679997 16585.6043154777
4466 2853.234355111568 15357.84659194279
4467 2861.374412228038 16356.149990490441
4468 2187.5187491852457 15422.594297763939
4469 3975.412450747966 15429.89589856881
4470 1521.9487328725443 15519.01394549114
4471 2814.4804440580315 15829.248255057562
4472 2137.5055221451544 15385.3784278747
4473 2717.0025788010216 16874.685949136638
4474 4380.163743956492 17070.957777515603
4475 2520.8825396196357 15405.555274826895
4476 2392.7450457929144 17075.007984415937
4477 4555.354526473928 16090.271364819706
4478 1826.0539037633305 16738.75076484258
4479 3452.31990202643 16059.332922113297
4480 3889.8000944666796 15189.512413642122
4481 3834.1120732472145 17096.78409112975
4482 944.0827780710603 15571.992284241082
4483 2654.0428980037013 16932.157199994737
4484 2577.3588943699665 16989.399360337153
4485 3593.2382965035035 16292.637139245719
4486 991.3681328558722 15247.062397863527
4487 3251.5182540683268 16164.402833273214
4488 2871.311645741902 15419.88623971798
4489 3731.5694321240867 15764.033801498857
4490 3374.2094347682896 14485.279258895152
4491 3326.032372408545 15483.40187712544
4492 3717.997962973055 15864.696973395161
4493 4095.490672963486 15635.149064401308
4494 3811.9670312940048 16067.026608583557
4495 2822.2916904771246 15573.813795158274
4496 3278.49479546352 16868.932739828753
4497 2499.9678524958485 16369.902309033852
4498 3924.227043138943 15389.391129809661
4499 2199.3333981102364 16355.124743778948
4500 2134.7851076044726 16353.945084146815
4501 1013.3076622693886 16792.11717309325
4502 1292.7135457795523 15697.12598625241
4503 2360.8942803751675 17075.78031921674
4504 3061.087758652921 17130.312787503204
4505 1345.2219154775519 15668.322995996898
4506 1595.4407401206072 16287.698865744285
4507 1918.761154780088 15378.661168255638
4508 951.4263582764422 15433.004172791536
4509 4092.3997891103995 16930.80737333726
4510 3611.828382054149 15942.235982233344
4511 5012.948910787383 16054.66636993808
4512 4125.97505213239 15903.40133501073
4513 2866.1760849653733 15113.034828579308
4514 1702.2595048453538 17140.255155979954
4515 1443.168691192861 16148.886866397997
4516 2277.2605201074903 17127.230149894942
4518 990.9475631089302 16392.47962913742
4519 3168.1162189216648 15344.819249716124
4520 2989.7532545672707 16748.851663783422
4521 1845.0527502992002 17379.946464705816
4523 2392.5350288089844 15419.31245434433
4524 3202.488017807981 15038.131842512365
4525 2391.2152200111846 15497.776491957662
4526 1855.8972335158671 17259.73630395261
4527 2966.070567327746 15643.369061761976
4528 2977.9115428331515 15995.695876312739
4529 4032.172363441943 16909.824658481295
4530 4417.122323650891 17474.259535742487
4531 3869.3171115409873 16982.626463164772
4532 2636.4242506749492 16188.576772281522
4533 1916.8674269400042 16356.544053942142
4534 3042.2267584729493 17439.314575665754
4535 1969.9454721863374 15189.97052009244
4536 1731.124390376805 17207.266925637254
4537 3042.3767669822414 16478.428533127284
4538 1608.4735798618424 16733.776826104855
4539 3413.062199791267 17321.77664220644
4540 1016.2315679800852 16762.194089686393
4541 4339.250415255027 16979.00248153484
4542 4158.861258262393 16517.53690875426
4543 3417.75529098422 16917.696470045757
4544 2701.825457660304 15262.419276996194
4545 2424.577026689024 15549.218672974857
4546 2226.422763400349 15182.319131258952
4547 3314.936558361764 16035.043779284628
4548 1093.3363959801193 16884.512853882552
4549 4276.32767536496 16250.534435795547
4550 4467.246787386438 15061.253918254148
4551 4610.476152313867 15886.897693250066
4552 974.8333873817314 16040.900306292613
4553 2284.0603310760794 15744.701312714022
4554 3128.3933153474854 15166.935774320504
4555 2632.8048181287686 16161.680744018675
