3444 3824.1476131466707 16668.139554600424
3563 3835.122956407796 16685.796046191463
3628 3790.4646162520967 16275.267010721753
3632 3644.9346547402283 17568.493666647464
3723 2802.39402155594 15400.141139615742
3786 2817.389402217632 15400.505675583741
3791 2809.891724537065 15400.323407907268
3821 2794.896296390938 15399.958870784927
3840 1281.3043735288124 16234.956676871525
3870 2779.9008972730103 15399.594334368257
3900 2772.403191182342 15399.412066001138
3907 2787.3985838505682 15399.776602261016
3914 2757.4078572382527 15399.047531168837
3922 2734.9147837711466 15398.500727156681
3959 2764.905523418105 15399.22979856573
3977 3268.5462228042825 14330.888115650963
3993 2719.919440428767 15398.136192095908
4006 2742.4124702873764 15398.682995047948
4021 2727.417106317047 15398.318459485712
4028 2749.9101754087765 15398.865263391504
4037 1066.262306091887 16755.296088638326
4042 2712.4217634140377 15397.953924435622
4043 1901.1488983367442 15396.218379740818
4072 1900.4018648429808 16356.152931843722
4080 1831.3673558256985 16127.38892939837
4082 1971.1635478525486 16795.74371941992
4114 2653.0979374024896 15396.408767737736
4119 2855.621641961477 15388.49229535358
4122 2683.0910683735515 15397.204514988649
4125 2572.570691505017 16944.126812148766
4129 2886.083224099913 15417.147647681408
4130 1040.270864570783 16385.590966775773
4131 4151.861836418362 16093.592038609055
4139 1462.8351885782931 15596.88633141155
4143 2690.5893433201695 15397.403451594539
4144 1018.232623775759 16778.891120344368
4146 2660.596215689656 15396.607704432254
4149 4119.215679466236 15621.979065040168
4150 2832.1584163622297 15433.697889785382
4153 2675.592791863994 15397.005578341295
4156 3023.8636003704705 16422.981070034617
4161 1458.8476839608045 16640.79791361771
4173 2781.01882277807 16357.78420903964
4178 2832.5145348947544 15426.205376243843
4181 2569.8805940570874 16945.856683043505
4183 2375.3008962960444 16360.01055430607
4185 3080.1353014667898 15094.705731230762
4188 2638.1013742789105 15396.010894174944
4189 1664.9208872607323 16419.9066180568
4191 2037.8823822261274 15764.728480357831
4195 2401.355929018816 16360.446024656354
4196 1992.651364843917 15409.263844222793
4201 2333.175391212439 16358.333541984699
4203 2668.0945051114595 15396.806641422183
4204 2507.6057518759967 15492.17757862202
4205 3389.5237690088675 17009.31105313328
4208 3868.1924687672754 16675.503467614883
4210 1814.0470163704197 16359.810928189521
4212 2863.819801713672 15419.651346918416
4213 2630.603044907753 15395.811956125119
4218 2817.5491764477056 15394.105676593093
4219 2345.484325210102 16269.665643276663
4222 2849.43605068624 15380.261136995538
4223 2645.599656164308 15396.209830964926
4225 2831.4461787783034 15448.682927785323
4226 1865.799617908005 16355.33099188495
4230 2335.873016950906 16462.305375652537
4236 2167.9982643175795 15386.009275635222
4237 2831.0900586648286 15456.175474589076
4244 2262.167845451032 16356.273081875195
4245 2387.014527514582 16368.060014326456
4248 1893.6683386634375 15396.105115932964
4249 1986.7240797665474 15581.94479149269
4252 2287.5362571613605 16356.736705171668
4253 2419.5860069334217 16722.392412457317
4256 1765.0191444435604 16378.618103009658
4258 1849.1389768453632 16349.51788639009
4263 1456.9373805279567 16533.358611974967
4264 3618.454151401779 15317.19656969464
4268 909.578459463407 15900.752569660615
4270 950.9025968404151 15074.182548921917
4274 2830.7339406232577 15463.667977801251
4275 3076.477700401833 16872.391546401817
4279 2822.892473358058 15426.419931134755
4280 2558.059622543806 15387.482797545228
4282 2852.4366145778786 15387.83936755303
4283 2411.857776777057 15418.19281662778
4288 2796.0189325400675 16357.63103207291
4289 3686.8711333602487 14977.784509394563
4290 2364.5118307772163 16367.778755910263
4291 2564.5005681311964 16949.326624495792
4292 2810.0494410587758 15393.9234075856
4293 2849.6354851501283 15372.762968265557
4294 2788.5188851638322 16357.70762047964
4295 2341.1328944423267 16194.563575866447
4296 1693.3046270244693 16408.198897070324
4299 2508.334649577358 15463.71594562811
4301 2852.636049417432 15380.34118469911
4302 2878.5818467814925 15416.915238496196
4304 1839.0685476178442 16955.666753342495
4305 2849.236616152679 15387.759308345012
4306 2357.011451808944 16367.685009603583
4309 2863.579139297117 15416.450421586662
4312 2831.8022963279145 15441.190434923667
4314 3496.0588136003553 16035.470005028345
4316 4265.294135541795 16042.310198364064
4317 2152.9838163130157 15385.698649885475
4318 2252.5565007929804 16356.09742865162
4322 2802.5497693779644 15393.741140126429
4324 2590.311422474243 15388.338469504131
4325 2316.22255470832 16357.2609648685
4326 2372.0121828300507 16367.87250188053
4327 2301.392792275958 16356.989941856758
4328 2623.104764359392 15395.61301937061
4329 2333.2971437372635 16583.139282853896
4330 2615.606460717591 15395.41408200341
4331 2971.907009909747 15417.610331660555
4333 3417.4012623321796 14559.092805034954
4335 2443.8470309105587 16732.18860086024
4338 3672.231794684486 17859.282276610375
4339 2242.995950268966 16355.922703722023
4340 4161.2544646822 15781.475246014097
4342 2742.2562278559058 16886.598726387205
4344 3610.867511422219 15341.22007223981
4345 2893.584156867255 15417.389298787355
4346 3739.4199358581714 15068.43241752704
4348 2908.6544599429158 16774.049899641213
4349 1262.4572028921261 15692.548037353788
4350 2511.7496322064353 15419.611614022235
4351 2878.8035791252914 15420.12113531911
4355 3970.8827185224804 15468.525358901616
4357 2505.722958976182 15440.663934377537
4358 3331.467835788704 16121.846855617356
4359 2724.7905926841013 15415.36878762245
4360 1341.7704967192817 15685.990932283585
4362 2839.6748753874226 15645.170204311222
4363 3255.7256729459627 15395.745043399747
4364 1841.9942361131398 17196.642000417884
4365 2580.9283612847566 16358.752348538992
4367 2379.5130907885086 16367.966254798994
4369 2160.4919359498354 15385.853981289643
4370 2871.08049559838 15416.682830120715
4372 3948.3177237673144 17003.530414016175
4373 1946.0157534590576 16673.575752798548
4375 2676.463871379648 15810.179968764107
4376 803.4984612354308 16215.12663670509
4377 2103.9249193084843 17237.219064802717
4379 2850.03435709953 15357.76651720108
4380 3214.3173428744576 16737.368973572586
4381 2852.8354846827788 15372.842985836562
4382 2601.7991378273005 16964.97140627594
4383 2849.834920293119 15365.264774003253
4384 2852.006399823072 15407.059690906724
4385 2829.292407165855 15426.729917424127
4386 2832.4875216270284 15992.683758236852
4387 2349.5110768832333 16367.59126334743
4388 1917.9717457244546 15385.048899736274
4390 2181.325221665018 15405.01979659512
4391 3460.434636747535 15396.989251823325
4393 1357.4618890637043 16486.89500779685
4394 979.3703159591162 16060.26698982708
4395 3538.934958184482 15376.703079086526
4397 2158.0102451866687 16354.369537792942
4399 2837.0616911527122 16368.217101522776
4400 2955.7024309151207 16202.541209493429
4401 3021.082071260245 15406.535503805893
4402 2529.7794778950692 15393.137007772611
4403 2705.55667849387 15400.407108098761
4404 2050.4324842669857 16750.54725264544
4405 2826.761164328303 16753.771296874245
4406 3538.981626740603 16021.260812723738
4407 1040.445172212941 16643.574763690824
4409 1167.5833350613316 16541.94267128174
4411 1302.2535255983266 16219.689872477084
4412 4229.862025375451 15898.696657790986
4413 2996.257988269942 15421.438848760046
4414 3108.0010681703834 16586.44096800034
4415 2274.9563943290746 16356.506800456225
4417 2224.377425054989 16355.582438744706
4418 3651.365779457488 16389.734725089413
4419 1896.097182584875 15179.403615555164
4420 3659.5734591095193 16378.266480104545
4421 2811.626284394417 15397.163659690143
4422 3994.425314679828 16173.275531878577
4423 2519.619518321878 16861.339712831912
4424 1833.0350152785923 16852.358914633016
4425 3944.200865206692 15755.29827495631
4426 2093.021223540335 16717.35654095834
4427 2394.531907962608 16368.153973132525
4428 2942.65808664873 15405.994822066343
4429 2853.034920465747 15365.344767512936
4430 1283.7929747585226 16621.10383179363
4431 2516.4394222838005 15396.34432744961
4432 2835.7786839869163 15840.722348392459
4433 3020.1721909872203 16781.773516726393
4434 1890.5853511289818 15385.243024883584
4435 1380.3472277510664 16176.418068003386
4436 1986.7001802991601 15390.372982696177
4437 3915.0920004113796 15746.79673384621
4438 3886.4577826534655 15652.72867280854
4439 2233.7318981386825 16355.75339748258
4440 2808.976034759439 16368.029204308019
4441 1837.1596941399498 15386.271923550874
4442 2211.848088833391 16355.35345743409
4443 3553.875124449991 16434.479688873147
4444 3109.3547985803207 16240.340750041305
4445 3460.5222786697086 16073.304050465298
4446 1387.9314216972837 15652.10872762575
4447 1866.665033471685 15394.540948585873
4448 3149.71327144346 15419.732833183445
4451 4530.568145402766 15518.054274397153
4452 4157.30344574475 17088.91006893019
4455 3996.6183125452 16224.952990947031
4456 2819.567009826365 16357.71242396184
4457 3739.084336950054 16337.275045771215
4459 4243.241475603993 15923.531317640258
4460 2850.233792810101 15350.268301599379
4461 3683.881703728358 15281.96342066984
4462 1454.489294540674 15902.631056325628
4463 2524.3065109304966 16982.180742825403
4464 3026.080704052516 15425.131244191954
4465 1444.7669188515206 16529.94757204134
4466 2853.234355111568 15357.84659194279
4467 2966.6171414995547 16363.870799475066
4468 2186.5861614523233 15417.87179603174
4469 4042.4748629896426 15567.254083666174
4470 1633.4576354902324 15401.893106695887
4471 2820.274994817365 15700.544750008852
4472 2145.4473605890744 15385.542732251408
4473 2833.2014874028987 16780.019379479756
4474 4369.47580024112 17076.17331196022
4475 2343.0655475104268 15403.598868992354
4476 2233.250367490672 17165.717096690663
4477 4507.39526976537 16002.21250918526
4478 1821.889254082394 16596.55783633447
4479 3401.423008154813 15975.319656738779
4480 3754.6574313858787 15262.9586712682
4481 3703.198036946823 17176.893316655183
4482 988.4277801890322 15610.014690259235
4483 2589.5359857366084 16966.017029980794
4484 2577.3588943699665 16989.399360337153
4485 3634.5319828303673 16363.74847528676
4486 1064.5465534765606 15225.216820450009
4487 3393.4502443303277 16089.416924595376
4488 2871.311645741902 15419.88623971798
4489 3760.815468596842 15819.323840388139
4490 3408.8247211106946 14540.379251735461
4491 3391.5470278646108 15445.758980963896
4492 3609.8748974377863 15927.087174033824
4493 4163.847228884709 15597.203624946616
4494 3929.1252859237156 16004.773326831219
4495 2829.373080975771 15492.299622620878
4496 3187.844649251633 16720.586910428214
4497 2403.5974892864383 16368.267282709361
4498 3849.649127985245 15257.564208411412
4499 2202.1477421521986 16355.176177643907
4500 2193.364669497039 16355.015661599622
4501 1013.3076622693886 16792.11717309325
4502 1227.44186101962 15694.283947224469
4503 2434.4156292629273 17034.363122212115
4504 3016.650170876901 17142.896578548938
4505 1469.8445827369019 15579.421794497013
4506 1724.9441822520303 16290.90841149489
4507 2043.3238022298553 15384.727323309851
4508 897.5560792148138 15489.01758175737
4509 4040.8593472810876 16915.055675065545
4510 3601.4023800715636 15987.487065616615
4511 4933.184086699997 15878.41558221559
4512 4044.0141880518486 15944.964501437998
4513 2856.994372799705 15172.622929239455
4514 1793.2409125003155 17278.032185642445
4515 1428.3448892002339 16229.899890446852
4516 2428.284406797427 17041.49149539018
4518 1035.4774733192276 16362.172804431098
4519 3225.670042432749 15328.630672012312
4520 2931.5390094680974 16780.715219701106
4521 1836.488209042018 17354.06078448107
4523 2318.5320449189458 15413.897387858298
4524 3167.0108797546204 14982.634135224162
4525 2392.921711826348 15426.136971484182
4526 1859.2516404690257 17347.146987950953
4527 2970.3455468831967 15599.447871411516
4528 3019.2974549826363 16060.923786339888
4529 3912.1485732967662 16797.394196980276
4530 4346.079056941933 17352.72355317985
4531 3813.1751100460087 17014.05065512783
4532 2640.1200986262593 16275.621615582706
4533 1880.941507238874 16355.690671529908
4534 3042.469716672347 17445.590184725566
4535 1906.916793777566 15189.701242640083
4536 1635.9741665250776 17063.92378898544
4537 2957.5782180164615 16374.913588853515
4538 1666.902098695229 16702.421683064855
4539 3338.9971061271613 17338.885081707238
4540 1045.4783879349952 16754.797180313195
4541 4220.676435724855 17051.16617900404
4542 4115.710807201168 16444.74201485629
4543 3484.017027635407 16877.884473814167
4544 2646.7526147125263 15268.523578228163
4545 2443.6751259350676 15583.056020877544
4546 2289.080482395174 15180.418353587173
4547 3355.9088746804628 16090.191497306194
4548 1159.7541686972318 16849.754655919733
4549 4222.249430478864 16270.338192915477
4550 4523.7124223177 15029.569158650602
4551 4640.801884884321 15950.47944463743
4552 992.1015084629236 16101.073721545155
4553 2249.967984103953 15694.645361741337
4554 3157.1409845695125 15214.715381267042
4555 2633.499839624041 16119.896133011936
4556 3510.8771311969103 15710.478004575498
4557 2387.666346477437 15647.554507401732
4558 3086.32020396756 17449.39983056418
4559 4338.085150178557 14940.326377179481
4560 2326.1125195909185 16555.77828935218
4561 4084.8255576984384 17489.640034120963
4562 3353.478532366918 17358.235145217666
4563 1826.1199471906855 16326.20308365972
4564 3707.2867300164776 17537.37727012482
