3362 3615.1708715459094 16330.406949907338
3390 3605.6745100671706 15950.367290662874
3444 3434.761355073028 16024.900931026208
3490 3483.5910181303157 16105.988785481066
3498 3451.6506213369194 15687.278483333772
3507 3467.5998615978265 16050.679818569031
3563 3448.568608233065 16046.969377589401
3597 2935.639661134491 15986.906346000675
3628 3394.3304043539956 15955.546974710876
3632 3141.042186147346 16620.2061651075
3723 2802.39402155594 15400.141139615742
3746 2913.490609860818 15987.318748862719
3786 2817.389402217632 15400.505675583741
3790 3305.6603218752643 15079.047042212977
3791 2809.891724537065 15400.323407907268
3814 3634.9224955799905 15218.63073765319
3821 2794.896296390938 15399.958870784927
3840 1869.8750336548865 16355.427799096842
3870 2779.9008972730103 15399.594334368257
3900 2772.403191182342 15399.412066001138
3907 2787.3985838505682 15399.776602261016
3914 2757.4078572382527 15399.047531168837
3922 2734.9147837711466 15398.500727156681
3959 2764.905523418105 15399.22979856573
3969 1452.1457516010896 16537.74768637557
3976 997.9527292737502 16132.80961849188
3977 3740.8820556069363 15070.783970188962
3983 4209.293557598987 15868.570028544518
3993 2719.919440428767 15398.136192095908
4000 1495.0413990100064 15861.749760825713
4006 2742.4124702873764 15398.682995047948
4021 2727.417106317047 15398.318459485712
4028 2749.9101754087765 15398.865263391504
4037 1899.9859698112496 16356.143052694953
4042 2712.4217634140377 15397.953924435622
4043 2534.5425949524624 15412.719792797432
4050 1877.4889784549366 16355.608660342263
4062 4037.573419908508 15529.770507143898
4072 2497.720014866014 15595.760751581365
4073 3001.1363278068693 16737.15166938874
4080 1922.4829923824095 16356.677445789119
4082 2452.2730521148064 15683.10250964404
4086 2897.035455416006 17230.672116354963
4092 975.6702221726225 15326.15623543008
4104 4202.61107613508 15849.806160494818
4105 1975.265084499584 15982.501028405875
4111 4158.501444080147 16520.332644949092
4114 2653.0978345166423 15396.408765008075
4119 2855.621641961477 15388.49229535358
4120 2219.2970861865747 17173.652720461232
4122 2683.0910683735515 15397.204514988649
4125 2319.898998751195 16357.328154140178
4129 3272.06041700132 15749.254449069103
4130 860.8879637848327 15764.86065922593
4131 3065.4640749039304 16492.42473065135
4138 2647.6595180218897 15546.479250920396
4139 2216.0681517952194 15413.563531676771
4143 2690.5893433201695 15397.403451594539
4144 1884.9879791681496 16355.786791211876
4145 1953.8394496224628 16809.539662737585
4146 2660.596215689656 15396.607704432254
4149 3088.0988203533084 16252.021430980683
4150 2832.1584163622297 15433.697889785382
4153 2675.592791863994 15397.005578341295
4156 2867.5356271242636 15399.30070805036
4158 1864.844526337497 17152.863181101482
4161 1907.4849672349387 16356.321183486427
4162 3076.7043267283643 16878.82384381953
4168 1892.4869827238474 16355.964922149007
4173 2297.3996080689208 16356.916963964148
4174 2643.941840803852 15568.602447425483
4178 2832.5145348947544 15426.205376243843
4181 2289.8998321012136 16356.779900954582
4183 2244.9012989289313 16355.957525138389
4184 2983.6357979935347 15983.172155709066
4185 2380.061432764328 15394.84253516402
4188 2638.10120263744 15396.010889621128
4189 1929.9821222007683 16356.855579725488
4191 2526.981820642861 15412.605185712331
4195 2252.401122275213 16356.094589013828
4196 2858.0529305240657 15406.76230302138
4201 2237.401569457192 16355.820462978563
4202 4196.5658233326585 16224.89341156641
4203 2668.0945051114595 15396.806641422183
4204 2878.95709480557 15399.367603206321
4205 2831.476553696793 16086.149378291291
4207 4069.8269077119007 15653.599153719824
4208 3047.2428542113785 16462.194587556787
4210 2349.5110248819265 16367.591262697471
4212 2962.4995159868145 15424.083228109768
4213 2630.602905059634 15395.811952414811
4214 2039.0376302511168 16756.978973946756
4218 2817.5491764477056 15394.105676593093
4219 2550.456400985556 15416.16213149029
4221 3961.5713830171035 15719.65682365653
4222 2849.43605068624 15380.261136995538
4223 2645.5995295129455 15396.209827604742
4225 2831.4461787783034 15448.682927785323
4226 2364.5118157129104 16367.778755721976
4227 3846.895046714974 16686.898256659773
4229 2990.6201102384666 15406.38545515066
4230 2259.9008848604544 16356.231651778822
4233 1861.7227544113791 16355.038376547041
4236 1622.0501932966881 15411.979334729067
4237 2831.0900586648286 15456.175474589076
4238 3972.3612871465525 16865.274807535057
4239 3183.9161514857883 16618.765820039807
4240 1020.2676490221743 15702.399889669126
4243 3405.2539575288292 15407.93428552778
4244 1894.3813196119397 16345.421401448119
4245 3022.780858395741 16453.315829418905
4246 3611.0831700220892 15973.987884563125
4248 2990.42434819665 15417.856501990691
4249 2533.109513738901 15415.899254083834
4251 1093.4788437869493 15691.24123656473
4252 2214.901617777356 16355.409262549958
4253 2274.900343806766 16356.505776098524
4254 3093.906933836125 14345.098467617807
4256 2325.2965135749546 16373.107070804075
4257 1818.0111820713596 15400.239482910572
4258 2357.011450648318 16367.685009589077
4259 2826.861037326441 15130.974271485238
4261 2569.7255439932974 16657.92785949105
4263 1914.983916978916 16356.499313145318
4264 1883.8456672550321 15384.864341598428
4267 3856.446081258287 15216.386122281268
4268 2019.956737081577 15402.885038949187
4269 4131.553103387772 17103.74768962465
4270 1433.2948348312734 15643.79563561921
4271 3801.5488916748823 15172.40603289049
4273 888.892546795033 15753.583813745929
4274 2830.447130927908 15469.702276300175
4275 3966.9974447095046 16205.237124769894
4277 2828.6397856812832 15175.569686044935
4279 2829.2924065132734 15426.729931134754
4280 1876.8405908812965 15378.768913959182
4282 2852.4366145778786 15387.83936755303
4283 2895.0003668338854 15399.461568116474
4286 2582.2513691731947 17158.69624236109
4288 2312.3992016504317 16357.19109074439
4289 3978.328571911016 15474.388695686523
4290 2436.7983860383542 16368.682256600965
4291 2282.4000713596024 16356.64283822328
4292 2809.925380324713 15393.920392488973
4293 2849.6354851501283 15372.762968265557
4294 2304.8993968214645 16357.054027207367
4295 2372.0122359189313 16367.872502544082
4296 1947.8680040314737 16357.280440024364
4298 3011.4806311575617 15399.372818333017
4299 2887.500482580932 15399.417641544092
4301 2852.636049417432 15380.34118469911
4302 3020.1167610877915 15421.832115673973
4303 1867.1422903036878 15398.629591056293
4304 2593.7241364040037 16965.812272414074
4305 2849.236616152679 15387.759308345012
4306 2399.487859398062 16368.21591695498
4307 1451.0119206963875 17081.457458498826
4308 2912.917704199067 16775.466494158092
4309 2863.579139297117 15416.450421586662
4311 3038.1195894058674 16495.65250649947
4312 2831.8022963279145 15441.190434923667
4314 2746.8731485408666 16855.008643504178
4315 2200.7876673650735 17178.328780030206
4316 3090.108035943603 16671.384675796773
4317 1451.8186436966241 15594.011323358643
4318 1865.6192163261683 16344.6813489078
4320 3763.2143186040958 15454.180570024191
4321 3966.896849408369 15129.055289857077
4322 2717.2771535528573 15391.6687263349
4324 1909.4815621746402 15378.479878201426
4325 2229.901820906208 16355.683400470052
4326 2476.079543928662 16369.309800525087
4327 2222.402082293729 16355.546338143175
4328 2623.10352597877 15395.612986515156
4329 2379.512563914028 16367.966248213654
4330 2615.493196767757 15395.411076999471
4331 3751.093415063207 15081.15074466246
4332 3521.9778712549587 15389.588763776848
4333 4068.646551796038 15643.960264312951
4335 2839.0087431839147 15663.093690955731
4336 3075.153431411354 15422.739291481217
4338 3890.7868161000706 17244.86334078682
4339 1828.7712132755228 16346.821478555099
4340 2952.1968326858714 15406.19619087045
4341 2263.3149903110707 15582.938921724573
4342 3279.6370541334086 16159.64995802068
4343 3459.2214584719704 16071.106915330014
4344 4096.948517017244 15646.350271459673
4345 3835.5076855837483 15232.568943691076
4346 3643.29802706863 15227.055203464815
4348 1778.3129337257637 17398.817303386782
4349 2231.183478971245 15665.70672214398
4350 2910.0001233858375 15399.549421191225
4351 3398.7088769715247 15428.275952982096
4355 4237.2825544206435 15949.110076852052
4357 2902.5002337870587 15399.505494587533
4358 2542.880536498319 16358.47144781864
4359 2979.919374489971 15399.13714586686
4360 2516.42887729611 15408.706815831514
4362 3722.67102475832 15261.083772254977
4363 3169.484064971129 15579.989107762378
4364 1421.5143250954502 16236.329121438765
4365 2267.4006191806243 16356.368714027256
4366 2914.349964148151 16344.125943630543
4367 2777.0123001936227 16370.790400582559
4368 3452.6945467506857 16067.892185319057
4369 1517.5165971792067 15523.753687865052
4370 3001.647085822859 15421.527677878781
4371 2338.6611616969376 16285.015831273897
4372 3193.9884532443457 17530.032857696948
4373 2675.9989133993517 16919.906761348724
4374 2825.4120786165345 16360.30344061692
4375 2715.27626841312 16866.589795315555
4376 1359.533481566757 16191.609843850996
4377 3147.8466971973776 16631.16416107755
4378 4278.093807026229 17856.70672374055
4379 2856.586974770257 15136.376665753762
4380 4286.196453380432 16003.263462361354
4381 2852.8354846827788 15372.842985836562
4382 3818.1044911472995 16291.123315352614
4383 2856.379238447347 15224.669968547994
4384 1837.665156395844 15953.069926386794
4385 2815.7573113105914 16591.82312406255
4386 2917.500083155541 15399.593348205904
4387 2387.014587942701 16368.06001508174
4388 1790.9882975798273 16357.993017056167
4389 2185.8455679959075 17175.815592721523
4390 3695.027825485929 15302.554433703881
4391 1892.2387599829956 15388.286837298223
4392 4091.372334595647 15502.060225332543
4393 1856.2409745748073 15889.685200307795
4394 826.4734717936249 16890.04703512742
4395 3168.9693397991036 15407.650966958989
4396 3040.135299490194 16707.41454158506
4397 1454.592064953979 16522.777983342803
4398 2853.866186154261 15334.0915414135
4399 3156.7971074768902 16670.154241633336
4400 2488.0749412310583 16361.267099369896
4401 1849.528975501224 15414.502169963174
4402 1855.3649469440536 15381.549193747494
4403 1839.1799084739982 15902.559130547825
4404 2898.367086105413 17233.631038788022
4405 2490.6414892679018 17002.647099027363
4406 4103.549904209365 15642.641635997026
4407 1467.9550347384534 15911.929053982873
4408 2169.457088665284 17198.79469612605
4409 1018.4205553805504 16810.077942403146
4411 838.7371739545715 16198.16038150819
4412 3739.5466943370707 15062.577502603295
4413 4361.140705308474 14938.785009883666
4414 4111.188349384142 16959.294920790333
4415 1951.5122278402891 16347.839734347017
4416 1897.8343718293256 15189.66243980453
4417 1861.1431644288737 15790.782289084642
4418 4127.351423342389 15719.954168484157
4419 1993.0472474088801 15406.074833313069
4420 4098.512003344031 15667.621630649146
4421 2811.626284394417 15397.163659690143
4422 4636.492937858778 15840.721382173602
4423 2462.932252387768 15583.370883657735
4424 1820.672080250635 16021.495311444463
4425 4553.8927817081085 16087.587428909485
4426 1181.7477279709703 17153.51880519327
4427 2640.482218778487 15773.179839860088
4428 1875.70591649232 15334.858716415216
4429 2853.034920465747 15365.344767512936
4430 762.5174804915746 16569.46672631817
4431 1198.9892405874612 15678.53685904738
4432 2949.6009931554395 15398.910754130491
4433 3583.774174968013 15997.025087978554
4434 1812.071693802939 16624.57662710287
4435 967.4351172977658 16023.452996620917
4436 1752.0034133361125 16044.055361774961
4437 3616.175287821806 16338.516824537794
4438 3359.8993815805215 15892.087049394007
4439 1857.7478162301254 15985.23353258102
4440 3270.7990588053085 15516.1719506652
4441 1332.6481413434267 16043.295295368376
4442 1869.1128433130427 15594.585946524645
4443 3720.0540830823184 17157.69615111304
4444 2347.77324872658 16185.943863885488
4445 4203.08896617079 16949.25554979859
4446 970.7727251284081 15313.473529400175
4447 1661.5963701658893 16325.265569346098
4448 3773.8806379718767 15679.5591737955
4449 3487.1236453575966 15408.233405333123
4450 3136.4762087629 15180.361822700366
4451 4461.009491735792 16353.727287213227
4452 3349.9600488017736 17358.57028059627
4454 3254.066321292623 15214.414569793385
4455 4645.397740419788 16236.770856431865
4456 3080.3718813067953 15739.166181995472
4457 4089.304263530962 15506.720982059931
4458 2866.5931695525987 16597.30042719788
4459 4121.243251676658 15222.635693924232
4460 2703.2132208106723 14826.353012529165
4461 3142.441987428206 15362.576599492852
4462 1589.7775236559 16904.687064496673
4463 1795.5426828838063 17417.0524669935
4464 3405.061299513859 16083.383963963934
4465 1440.6650605832594 16824.6267465328
4466 3002.090216943346 15041.176741007903
4467 2881.98864234976 15599.439981705616
4468 2344.295711947214 15720.99343290444
4469 4425.220115158508 15055.697516017935
4470 902.7599336531373 15886.414820287213
4471 2825.929088199555 16389.501966944583
4472 1155.714109376678 15633.217988896373
4474 4487.6038369389225 17015.61903782704
