3444 4521.51680400197 17239.33248033122
3723 2837.392263894963 15416.777586018694
3786 3069.0619688048455 15400.455558737805
3791 2851.3427202778057 15503.46504445428
3821 2848.2653355355847 15408.890662544258
3870 2817.9878269191313 15400.52022321896
3900 2804.229562395679 15400.185761401071
3907 2837.9214222458054 15400.881417635104
3914 2775.986375453114 15399.499172795966
3922 2738.142681179578 15398.579196969013
3959 2789.183681640057 15399.819997781633
3993 2720.8326439846305 15398.158391968638
4006 2749.01647386391 15398.843537610404
4021 2729.4118567216246 15398.366951637132
4028 2761.640756604883 15399.150432462435
4042 2712.9191309911225 15397.966015383845
4072 1053.5721143032479 16762.471131098122
4114 2653.0979374024896 15396.408767737736
4122 2683.0910683735515 15397.204514988649
4125 3426.7993504561223 17346.410236290867
4129 2886.083224099913 15417.147647681408
4131 4671.739008764507 16059.11509987259
4143 2692.873720056449 15397.462756994544
4146 2660.596215689656 15396.607704432254
4150 3567.9429946868986 15340.734377005001
4153 2675.592791863994 15397.005578341295
4173 2900.245324968651 16351.086684198388
4178 3194.7828275332904 15283.49287164584
4183 3171.849380280729 16625.379920027524
4188 2638.1013742789105 15396.010894174944
4189 1360.5727438053339 16191.033987525263
4195 3450.8614730495924 16267.87307519465
4196 917.9491109582872 15918.354072766308
4201 2905.128161073901 16355.331453689716
4203 2668.0945051114595 15396.806641422183
4204 2162.5695392890584 16694.507362372486
4210 1404.235426652546 16166.840447932707
4212 2863.819801713672 15419.651346918416
4213 2630.603044907753 15395.811956125119
4218 2838.3176609137286 15170.306718780199
4222 2342.407087177973 16265.10662709227
4223 2645.599656164308 15396.209830964926
4225 3236.3906889767964 15352.607413133199
4230 3365.4774342173323 17378.55362702864
4236 2593.1114470852795 15394.817267176893
4237 3244.8566525364904 15366.557404567924
4244 2381.808850122406 16662.023430245485
4245 1877.5278323904301 16355.60958327661
4252 2569.307784454743 16958.814765953102
4256 1617.733507773244 16884.7793334194
4274 3168.9693852444802 15407.650971037163
4279 2969.9229547529258 15142.355340158369
4280 2852.4220672847778 15388.38630440691
4282 3584.4899460011534 16277.571715261696
4283 1893.3338482879028 15402.504887095303
4288 3290.813915057965 16007.40986708229
4290 1833.408936302561 16275.864620957102
4292 2837.4009973211887 15225.850431525776
4293 3078.173777656601 16518.962774977055
4294 3449.9032693562312 16055.604541411652
4296 1381.393534468423 16179.497164993802
4299 1903.0490578439965 16356.215813127421
4302 2878.5818467814925 15416.915238496196
4305 3147.84672576403 16631.164207081336
4306 1319.4571666147963 16612.13955443369
4309 2863.579139297117 15416.450421586662
4312 3536.72764858612 15357.539841002888
4314 3703.556827692129 15003.560427214163
4317 2578.1148425077654 15394.419392514288
4318 2488.283494274344 16358.068366996651
4322 2826.507440013369 15300.014315233306
4324 2835.6106514146236 15322.359670109989
4325 2807.4683085683055 16359.732290415985
4326 1855.6293139069214 16355.35797164522
4327 2794.207296275386 16360.850039858327
4328 2623.104764359392 15395.61301937061
4330 2615.606460717591 15395.41408200341
4331 1375.3874683789215 15672.072158101852
4339 2430.045038347528 16357.638402226947
4342 2249.2879582588357 17328.96463196641
4345 2893.584156867255 15417.389298787355
4348 4189.3160409662205 16298.594820840864
4350 2058.828468815257 16745.808215832032
4351 2878.803478812469 15420.121132173988
4357 1894.0993813810267 16356.003222982139
4359 1893.5010414210367 15399.304886225662
4362 2396.83063438102 16821.397985741405
4365 2805.977678869051 16356.671072327837
4367 1867.628143440993 16355.374426584553
4369 2585.613130115535 15394.61832945609
4370 2871.08049559838 15416.682830120715
4372 3528.032619228345 16187.331601309204
4379 1470.1112986662936 15588.799937438673
4381 3458.428089147653 16063.431774489702
4382 1886.3465941420434 17414.088239108467
4385 2688.9204242285546 14811.052560910714
4386 3478.462422391531 16884.962626099525
4390 1915.2560639340757 15809.205215744212
4397 2281.855430112943 16356.632884570168
4399 2919.127352322878 16341.76673959364
4402 2608.108102932085 15395.215143199724
4405 2832.517719065171 15426.138383268784
4406 2917.6442442155217 16970.902593266852
4411 1841.0185199806308 17345.87107637257
4412 3162.9108922338055 16651.86637820541
4414 1929.8352779783309 16356.85209159553
4415 2577.319726425039 16951.84234190041
4417 2319.889021826461 16357.327971805755
4420 2593.724128089764 16965.81227705303
4421 2941.3229853488706 15399.39636518371
4423 3066.090101675319 17127.768982386697
4425 2901.075884171187 15417.835321274471
4426 3365.929578690791 17332.042776697133
4427 1885.3276087532274 16355.794858755226
4429 3450.659254471888 16050.310904993095
4430 2129.0781401507484 16353.840785813361
4432 3430.8321447360368 17048.671461073034
4434 2555.619917232104 15393.822580031961
4435 2244.9794939948483 16355.958954201218
4436 3796.077495801564 15236.705108768308
4439 2385.553597394676 16356.981078686424
4440 2025.3182050675464 16764.722778217707
4441 3368.868767513685 15407.892820549097
4442 2312.305900839005 16357.189385614789
4443 2198.0452632689517 16364.326121750146
4445 3076.641289993509 15425.964640182228
4446 3034.21448845786 15406.60019109044
4447 2548.121636542185 15393.623643273697
4448 2480.279116007849 15395.946130722989
4456 1915.1103203972787 16356.502315725487
4457 4404.696437614825 16936.490341425764
4460 1900.8555157016988 15402.61643361182
4461 2463.44304913341 15408.123832732377
4463 2810.6369764753986 16336.060256540131
4464 2886.2953227722405 15420.356024971406
4465 2255.923585993699 16356.158964200557
4466 3046.8968038093985 16467.866680297037
4467 3646.2292038864716 17415.89863140173
4469 3871.0034944601816 16739.120606860055
4470 2169.3347952430445 15386.024438374105
4471 3154.0263745323773 15406.310015750014
4472 2570.616560536817 15394.220455722038
4473 3405.2674893619833 15975.705150155081
4474 4188.23471331049 17085.91641242055
4477 3728.8423148408383 15365.166806882848
4479 2901.269517124889 15421.05379735779
4481 2564.8776928734505 16988.90899625191
4482 2622.366565830233 15398.446585982454
4483 2827.1657302848707 15538.740915145743
4484 1599.064192421744 17008.97790521925
4485 4273.271117415475 16463.415973399584
4487 3779.3000430731863 16523.40946930911
4488 2871.311645741902 15419.88623971798
4489 3397.587686439124 16519.52916871583
4490 3843.6523617014855 15205.786171620499
4492 2662.8232551721426 16644.251828883433
4495 3161.4978957830053 15406.980494819936
4496 2844.6077601648176 16368.002017824972
4497 2027.3475766093686 16110.682699556199
4498 1966.198517642066 15402.813035798137
4499 2303.881638487746 16357.035427049064
4500 2293.697197006707 16356.849300129252
4502 2241.0191298021414 15393.311403500507
4503 2859.4699301818937 16353.004777814387
4505 3243.2246880043913 15403.73424844303
4506 1933.9223539431068 15385.968834861105
4507 2563.11823075117 15394.021517661215
4508 1425.8231055037793 16336.224907526
4509 3846.873388318493 16261.027490895282
4510 2367.1457282461824 16367.811676668125
4511 3884.5253979308677 15649.300438142132
4512 2938.3679371879202 15412.140303414464
4513 3444.2868317508014 16040.12571691344
4514 3400.7174475929187 16506.415016993506
4515 2267.099013120195 16356.363201991358
4516 3397.673731073248 16500.782453791107
4518 1615.076489294857 15424.118640604815
4519 2865.0008898417673 15399.285862178482
4520 2358.260986868993 16629.879234819255
4521 1835.7189438827377 16017.476650183224
4523 1424.1627212434623 15599.269232634697
4524 2849.2366159128046 15387.759317363605
4525 2512.9696532300904 15387.405186776476
4526 2796.151913333326 17292.29803695651
4527 2893.786374654671 15420.609559435521
4528 4064.964323729474 15630.462835487653
4529 3091.5210504026495 15481.067279864898
4530 3556.2341341570195 16433.188813756617
4531 2963.5992860227952 16380.577127881748
4532 1951.1649744876113 16357.35875608765
4533 1734.6918688943078 15397.747158503278
4534 3321.574912986051 16767.507090815638
4535 866.8733065696631 15758.99549749773
4536 1024.5335338963428 16303.587909341104
4537 2837.061704089409 16368.217101154045
4538 1853.848351499074 15402.909913827842
4539 2859.734579070279 16367.57086192897
4540 2083.768620800584 16353.012726533867
4541 3547.9054544895703 16220.983203367934
4542 3139.424443600432 16662.558891776323
4543 2823.38086844878 16371.117958331793
4545 2765.9577458125236 16361.13847717161
4546 2213.5404015144313 15413.521621072898
4547 4464.02933636029 15424.290906035798
4548 1314.1198901500911 16056.841507418627
4549 2982.008301343523 16753.043145863816
4550 2959.947331075994 15424.041160150477
4551 3992.464115688129 15848.347912199255
4552 1747.231172004995 16294.89009301103
4553 1855.2235428634617 15948.271377972093
4554 2852.43661455542 15387.839368397408
4555 2793.1738615751037 16357.660085149684
4556 3370.775147085392 16111.332412433921
4557 2490.3089504594927 15389.712112101404
4558 2562.449951772082 16956.18251425514
4559 4097.401279876753 16141.567334302488
4560 2782.0702525622405 16360.973963114537
4561 3747.444735659473 16550.795577055156
4562 3671.6960072183447 16429.90419927467
4563 1839.4579082215046 16857.924175185643
4564 3125.1362720150196 16614.773715048992
4565 2316.979005657003 17014.151131813785
4566 2600.6097707907065 15395.016205076403
4567 2729.844952798857 16623.926148453418
4568 2190.559215211139 16354.964390200412
4569 2469.1385680675485 15388.889382192665
4570 2235.5396302031413 16355.78643489574
4571 3528.9706110528396 15382.132456621976
4572 2872.5008277228226 15399.329789064961
4573 2849.4360713769556 15380.260359083466
4574 3688.0860671733963 16456.054467750175
4575 1288.9947685702982 16629.363013545797
4578 2886.2469718381576 17454.372216099953
4579 3647.0485403628554 16390.44825735839
4580 1441.1744026514784 15646.407139043618
4582 2765.694816090595 15951.032280241896
4583 1867.503224081699 15394.041687350853
4584 1029.869346408364 15510.477961215573
4585 2880.0007031896475 15399.373715585883
4586 3318.973074989207 15828.314533880011
4587 3504.8458372780956 15398.924514192446
4588 1860.9258046253963 15397.959472305454
4589 1846.2698731795692 15887.575081035797
4590 3105.959017870822 15419.908414522133
4591 2600.2743687118827 16962.157546474104
4592 1037.4285900703767 16370.666361408434
4593 1827.4237698579336 16889.712410710985
4594 3674.0465316968052 15306.907388433301
4595 3770.852034200645 16588.454821653962
4596 2151.7454501997263 15385.673030002394
4597 2855.6366150698263 15387.929349057189
4598 1738.2865582863612 17218.056680740538
4599 1429.8765546050347 15642.61
4600 2151.765730969 16680.442006470454
4601 2773.536510487671 16361.061095461633
4602 2929.6052405783234 16990.49510863448
4603 2596.7462459602866 16967.790834449523
4604 1389.0002149692077 16561.178241866735
4605 1320.567028155252 17135.9293601899
4606 3311.991526643968 17361.681943356678
4608 2552.3547112210927 16964.887337074557
4609 994.2635576370269 17383.64825495306
4610 1849.761105131252 16389.71596198899
4611 2581.556106426969 16371.925965691396
4612 3635.726730774442 15327.718968082097
4613 3855.9061821428977 17625.0040245239
4614 3570.7541747740797 16205.781476488544
4615 1769.1409583732911 15385.030350349693
4616 979.7172734009769 15057.769146877292
4617 1500.510672589286 16770.798480655067
4618 2852.16047957648 16367.78674457251
4619 2326.138169922838 16553.813395605495
4620 3357.121442099959 16954.063970172625
4621 2365.1512761126687 16168.540388860056
4622 3176.1182969457773 16644.020692832233
4623 3248.55578718721 15408.575069103093
4624 2855.8360501714656 15380.431156349594
4625 1242.3634045982851 16252.875053027892
4626 2606.824668401235 16958.502782938398
4627 3700.436579700249 14999.638802934698
4628 1832.4194439739213 16858.17769389696
4629 3459.455577133786 15397.323623534163
4630 4034.482903323868 15109.075246722035
4631 1403.616092486574 16163.524764991696
4632 1807.8494555766497 16025.707990545607
4633 2443.5665632706746 15388.595822579937
4634 1149.6326850947985 15345.441475175054
4635 1869.338684818656 15367.936229836012
4636 3483.046925537284 17140.18079442882
4637 2194.5897672282535 17181.871462986077
4638 2947.8071861495596 15399.010687812666
4639 2579.9092788379826 16976.049183341354
4640 1170.4973426051567 15687.464146217517
4641 4458.645739191627 15404.79439095451
4642 4265.09877689956 17024.130901938137
4643 2386.352914256862 16809.190550548596
4644 4416.61088096547 15464.26311802544
4645 4642.066722489788 16237.422693021841
4646 2825.443241251617 16593.93122229209
4647 4055.710781055349 17510.35351062208
4648 2657.9527911676023 15952.254704903546
4650 4510.953653501188 15677.718300284538
4651 3268.5911864870277 15139.24990838215
4652 3612.9764153812775 15172.804102252758
4653 4250.111621591518 16480.0167575024
4654 2559.363827802185 16957.33321471896
4655 1021.6240054262893 16271.540957273082
4656 4336.966410391537 16801.947834766484
4657 3331.905930601905 15513.257017065047
4658 815.5655146201661 16897.07641991273
4659 2916.3542926520918 17512.52014943886
4660 3614.7779640270355 17333.470658114817
4661 2356.5877735769577 15869.457592022918
4662 4584.820152169522 16831.565836824648
4663 4288.389171259335 16727.004654210898
4664 4537.728027919354 16491.018376412027
4665 1417.8615001576366 16326.015940691292
4666 954.2256064170999 15832.472623139316
4667 906.804878528689 16172.00039007358
4668 1482.2121053562555 16744.949508413443
4669 3046.1207497306714 15425.461566584432
4670 3142.130574145321 16989.28164684123
4671 730.0791129202802 16538.69989975741
4672 3034.489076401743 16471.913706388274
4673 4280.849639414111 15169.316877075244
4674 2664.386726004449 15575.366161860047
4676 2327.681524121306 17490.882193399695
4677 1041.8154429195304 16840.979050293972
