1007 2028.7449240978622 16360.747136058217
1010 2879.68163243282 15599.447277092959
1021 3083.078856316323 15400.819981735618
1030 2850.6161150868706 15399.659827742154
1035 2831.3969362743965 15882.484796912451
1036 2832.216304708458 15400.77876874002
1046 2834.576916243267 15696.122335595204
1052 2773.10964646477 15399.429239847273
1053 3239.6926927584595 15358.059234539513
1054 1616.2803622244526 15429.91722301789
1067 2181.0197025277193 17209.10517108632
1070 1717.651625977083 15394.212300571298
1079 1152.7846782702577 16217.767460245605
1083 2824.6148337229624 15040.513336475415
1086 1843.6386142285664 15658.17023323574
1090 1842.534994350311 15737.943167309326
1097 2357.0114580783184 16367.685009681943
1101 1090.7344899208872 17007.2492501032
1104 1661.9408672318286 15406.661111778432
1109 1432.9050409070453 16504.164105916
1113 2815.6930568859516 15400.4644376251
1115 2121.509743420357 16710.428342732324
1125 1842.2683802652823 16955.81296378562
1126 2886.4251829576388 15417.158242319716
1127 2334.4089983514505 16352.957795410965
1129 3277.6904396281516 17004.87707176417
1132 1022.4302448150202 16812.463791522092
1134 3358.719701207637 15537.379248408457
1135 2949.223433505914 16358.917206153761
1136 1666.2249812826492 16419.36870553802
1138 2672.9496928458802 15396.935454325912
1140 2865.000934477041 15399.285862439909
1146 1626.3077161203555 15429.951307516025
1147 3727.0808813961635 15274.36573778248
1149 2417.2944252767775 16858.06086907624
1151 2787.24808594202 15399.772943674281
1157 2871.422423944707 15416.693423813713
1159 2800.4353861033537 15400.093525414622
1165 2800.27994237569 16112.01244648003
1169 2337.7125149097083 16347.547896401484
1170 4379.5240778202515 15478.815636892165
1171 3511.9867937195336 17168.883129211066
1174 2878.9238309400926 15416.925833918382
1178 2855.079340692358 15449.9644527604
1179 2190.706135022815 17200.95052751625
1180 2496.6057326742907 15590.189508957626
1186 1425.6334570950876 16422.835064636383
1187 3221.2362931452735 15327.466246504551
1188 4237.324685882464 15556.415519720746
1195 710.4857369917814 17099.578324004044
1196 1287.9749705900315 15281.790603678079
1197 2863.81979497193 15419.651346707042
1198 2743.819549005091 15398.71720096869
1201 2187.2398212953813 15420.419858938476
1202 2759.9039576508494 15399.108211080915
1204 3666.2524539155206 16421.21903395374
1207 2781.7291845644763 16864.10303936256
1208 1003.3789494042417 16188.198015442742
1209 1851.4639879435442 15979.340251759098
1213 3608.542739696999 15546.703289131663
1219 3505.4416582013396 17154.00950862592
1220 1696.6697444661852 15397.799996529115
1222 3330.0983750606747 15286.549811258581
1224 2832.4824714558617 15426.879971155795
1226 2811.623314877029 15748.511436410407
1229 3065.3439406088773 16140.176228798735
1230 1933.870587366945 15619.198054236498
1232 4384.363295472234 17316.891198623205
1233 2698.1621822104416 15397.597703959853
1234 3381.5140715463726 16531.8856355215
1235 2763.156814391436 15392.783757707546
1236 2609.6922543392106 16960.567180803333
1240 1748.1745048021176 15398.109435371858
1241 3212.6415412685906 15406.701992169274
1242 3165.682357034068 16652.118371599594
1244 3132.020561933495 16605.67772639209
1247 2331.398001572719 16097.712723909053
1248 2809.8254864016117 16137.120086325698
1251 1201.760470445422 16570.92811484804
1252 2349.5110865416136 16367.59126346815
1256 2634.8897725918473 16036.333525552704
1261 4107.431099688276 16951.82671185569
1263 2842.4431087636 16566.14093286734
1265 2394.513284314863 16368.15374035786
1266 2825.415468795396 16835.393598912302
1267 2372.0121397698867 16367.872501342326
1268 2880.000749564259 15399.373715857497
1269 2849.226073291794 15388.155689934587
1270 2848.8233881876918 15393.471308770118
1271 2032.0293200033223 16058.219590746368
1272 3232.5444083458447 16174.50233019661
1274 1073.8410162193481 16349.912346605219
1275 4378.813205956778 16172.720310073573
1276 2698.1572669690054 15332.304218549834
1278 3759.067088949748 15100.15632760532
1279 4256.877314003619 15535.26447953858
1280 3147.8466816309074 16631.16413600928
1281 2871.311651288176 15419.886239891874
1282 2685.4711387455345 15397.267660595466
1284 4427.423283516094 15447.141653311022
1286 2643.714685928709 15396.15982085146
1287 2859.6998203100666 16367.57185264913
1288 3139.9336463568116 16618.420970775678
1289 4156.399880256187 16507.18405378612
1290 3083.9967216672844 15370.509422875917
1292 2630.2410560192106 15395.802352204035
1294 3179.0521532788994 17409.558939803446
1295 3121.377807263347 16608.559162128236
1296 1484.9844280479128 15772.187744067203
1297 2389.8850548842997 16656.82812143703
1299 2306.619562413552 16612.65766341869
1301 2852.152702681121 16367.786966235393
1303 1587.735809693734 16957.219432923852
1304 2415.4924908569265 15182.799387286339
1305 2727.3067889918175 15398.315777684307
1306 2711.6298943389966 15397.934674190075
1309 2872.5008309383793 15399.329789083795
1310 2298.4335692602353 16356.935860239619
1312 2698.5685137409937 17352.933898534116
1313 3304.9876680452094 15407.40550361492
1314 2824.361130182902 16565.765417046383
1315 2455.732117891288 16368.918906967618
1316 856.685730574304 15759.652446704587
1317 2379.512475151769 16367.966247104227
1318 2970.312488663628 15424.212010242723
1319 2339.962606675354 16358.85050998712
1322 3389.5337248245437 16505.32425932994
1323 3836.9688431699706 15203.405805647879
1324 2387.012872581119 16368.05999364165
1326 2844.6072043020927 16368.002033668587
1327 3118.940794992472 16244.873232289963
1328 3733.4139989059536 15847.564566367939
1329 2796.0689494553626 16360.831031759695
1330 3135.977112619926 16612.04936223167
1331 3172.5303789983996 16216.433367579277
1332 2837.0616942321203 16368.217101435004
1333 2554.607780241009 16916.042499197098
1334 3156.0179465704114 16674.9835604044
1335 3469.1708684818004 16087.911849898182
1336 3143.890153892687 16624.792537125533
1339 2852.4366145420163 15387.83936890134
1340 3632.8153287192213 16391.28277235288
1341 1426.4220470503692 16259.740803363678
1342 3650.1236676566805 16395.48562650988
1343 3634.5629553991203 15211.425110725999
1344 4345.020622491571 16100.287436682614
1345 2832.4507364623946 16360.650332504405
1346 4015.678058334867 16260.353439578823
1347 2795.9437674375313 17315.484747120525
1348 1414.2270887175853 16175.48237280221
1349 2309.0892173864463 16357.130598750124
1350 2577.3589124125115 16989.399389311977
1352 2022.232497398904 15384.741934535921
1353 3149.331304889711 15580.45857943929
1354 2867.2524320619764 16367.363682202833
1355 2986.114614735618 16332.39943757355
1356 3662.0747650505373 16414.553549768447
1357 1014.3099072660839 15397.620228948901
1358 2887.5006191285597 15399.417642343848
1359 2855.6366144720914 15387.92937153034
1361 1845.3049537239563 15702.252715854585
1362 1792.370591281603 15393.051764798767
1363 3654.107355881819 16401.84158352869
1364 2167.998273906945 15386.00927583361
1365 2581.3220267832103 16995.763821132812
1366 3198.4855475948953 16192.631357089716
1367 1602.9933846025574 15432.35735229582
1368 3718.5160149278695 15864.398042124187
1369 3658.0910421054164 16408.197537354055
1370 1230.491352358113 15680.660747007041
1371 2810.15360873789 15985.532001050686
1372 3066.5180941289796 16483.20050080886
1373 3091.8537023306358 15514.546869821963
1374 3824.1927165848297 15215.98268193237
1375 2821.0742906650653 16218.34344259813
1378 1735.811177935211 15381.22339886897
1379 3832.943056524022 16682.289150502515
1380 2364.5118094924724 16367.778755644227
1382 4408.581763919885 16230.241948899777
1383 1779.8736002844691 16904.607539052373
1384 2324.1535133409297 16357.196694673179
1385 3524.6126841252567 15388.152976561965
1386 2381.033859600302 16356.905516899751
1387 3540.6605585454436 16422.05791390968
1388 3889.644807721904 17052.41172738918
1389 3113.3509206185945 16575.612104808584
1390 3246.087256101465 15403.756005203812
1391 1915.292864878341 15399.628946743787
1392 3738.652168629923 16545.369005162232
1393 3999.0430308828927 15517.090949362391
1394 4138.86885998909 16994.162127209234
1395 4042.224353724235 15678.424803973801
1397 1157.3836081223649 16693.106061419527
1398 2718.2207928899093 14854.06665175894
1399 3252.599280620779 15407.005796035273
1400 1193.3709576436022 16280.021820652824
1401 2336.3471571184555 17527.774577481097
1402 2658.4109813336586 15396.549728016485
1403 1989.1595450496777 15384.764846175927
1404 3322.047801199985 16930.489851094655
1406 3746.245312956599 15848.397418584545
1407 1443.2832687509817 16284.031147181868
1408 3631.6227192819806 16365.11865128778
1409 2994.1614195369257 14423.14922987413
1410 3073.926001324711 16479.038073431664
1411 4383.476049196445 16214.250713656555
1412 2821.6623998959653 16105.68703913052
1413 1886.7552947349789 16832.49378415671
1414 2816.408065554886 16362.612623614488
1415 1813.1898831865992 16349.550931002606
1416 2597.0052806589206 17008.839941005215
1417 2849.4255080116923 15380.657511579362
1418 2636.274859102458 16185.058292574191
1419 1940.7391111222805 16347.383711794764
1420 3637.461920525558 17105.641512699272
1421 1199.471261358333 17538.995466166973
1422 3534.7351083475996 14732.662745673271
1423 1823.8904467466757 16502.070777619072
1424 2172.6684099456725 16354.637424751867
1425 3004.453445166491 15399.320345319344
1426 937.8304239749042 15081.626686381976
1427 2133.3496048652732 15385.29244836213
1428 3174.846722138663 16699.473478715507
1429 2531.0155699161674 16978.044203651996
1430 2353.9010135768294 16171.630984939637
1431 1431.0094474153045 15627.43170165109
1432 4347.34688304596 15703.144264913135
1433 4001.3588495875756 15486.74960036612
1434 2852.6360494125443 15380.341184882873
1435 3980.738016237922 16206.190716243458
1436 3327.617733064273 15485.609136331574
1437 2809.054413586585 15893.4710404512
1438 2501.602317236653 15385.828799054305
1439 2049.0618047231314 17250.754858990815
1440 1002.297106029038 15707.971646935503
1441 3459.9854028984955 16072.397246725423
1442 3431.8222132957385 15390.463987352987
1443 3903.2845687762538 16021.697775728813
1444 3218.8072395032536 16033.84730075852
1445 2507.257993181121 15505.756686260176
1446 930.100354942795 16163.048614959875
1447 2668.4356901155165 17117.493558848782
1448 2895.000464783932 15399.461568690165
1449 3629.7472924106905 16355.508820304332
1450 3328.102354061921 16571.476643174712
1451 3708.468962293606 17504.073758625324
1452 1010.7304930801255 15645.093127853857
1453 4378.587835424859 16410.243738283873
1454 854.8367315059268 15126.856052982832
1455 4177.620465364314 15227.982163392975
1456 3699.12910573491 15560.129854229854
1457 2905.5500476111883 16571.879945472534
1459 4402.753208540252 15941.573295766697
1460 2215.6733903929016 15625.628403256864
1461 3634.8773564973703 16364.343238919622
1462 2026.957166038858 16214.59581088166
1463 4556.395012885973 15563.752172777156
1464 3924.3423364721793 16232.453368326504
1465 2488.8505170352796 16169.757664240105
1466 2801.5195118727215 15808.623308612694
1467 2221.8941546510127 15185.569089547555
1468 3003.1966592021336 16394.569371583104
1469 1825.966911743129 16744.283311734056
1470 3424.616184917387 15652.174177537254
1471 3021.3113086835233 17143.477821518143
1472 3638.4961430103085 15598.530472411969
1473 4153.042312059815 16895.781423125
1474 1829.639548445524 16714.274408485508
1475 1084.250707826496 15379.683977265528
1476 2710.5600349672904 16900.62325786797
1477 3026.8422093907857 15358.699927826892
1478 1573.3001289561716 15692.745613016848
1479 3758.409328641695 16562.383639732354
1480 1216.3721507788755 15824.01547126568
1481 4189.714657369378 16874.600184639083
1482 3186.7958529742486 15267.10147539872
1483 1931.6892747779561 15382.55687080067
1484 4646.395375877875 15676.744989779078
897 3005.137498817842 15599.226365217446
929 2863.9210713706548 15416.461015395136
973 2847.5724971452523 15419.386556404821
977 2852.2391621378874 15490.629871326515
982 2846.213900487332 15576.899020357472
989 3859.566264210852 16009.813038092101
997 1396.877781643088 16645.846136860262
998 3785.124666224661 15227.492286378609
