3444 4517.879012154165 17237.716755642996
3723 2802.39402155594 15400.141139615742
3786 2817.389402217632 15400.505675583741
3791 2809.891724537065 15400.323407907268
3821 2794.896296390938 15399.958870784927
3870 2779.9008972730103 15399.594334368257
3900 2772.403191182342 15399.412066001138
3907 2787.3985838505682 15399.776602261016
3914 2757.4078572382527 15399.047531168837
3922 2734.9147837711466 15398.500727156681
3959 2764.905523418105 15399.22979856573
3993 2719.919440428767 15398.136192095908
4006 2742.4124702873764 15398.682995047948
4021 2727.417106317047 15398.318459485712
4028 2749.9101754087765 15398.865263391504
4042 2712.4217634140377 15397.953924435622
4072 1390.5596415416019 16571.93817016044
4082 1056.173637490825 17329.37046678063
4114 2653.0979374024896 15396.408767737736
4122 2683.0910683735515 15397.204514988649
4125 3221.8918236917343 17391.49253231855
4129 2886.083224099913 15417.147647681408
4131 4621.823126768394 15910.688066890352
4143 2690.5893433201695 15397.403451594539
4146 2660.596215689656 15396.607704432254
4150 3207.3394105797433 15406.66168820313
4153 2675.592791863994 15397.005578341295
4156 3667.938777250414 17557.01360933564
4173 2796.018987099661 16357.631031515763
4178 3242.2305090505843 15403.726692251199
4181 2993.2966741567584 17163.017869017538
4183 3013.5046867010456 16405.606287868733
4188 2638.1013742789105 15396.010894174944
4189 1409.7192796511551 16303.078146727295
4195 3162.1909503313304 16425.774316662875
4196 943.7693138258053 15730.741314746869
4201 2796.0689780509647 16360.831031467726
4203 2668.0945051114595 15396.806641422183
4204 2334.5907482331927 16551.970361352123
4208 4395.400548136153 16229.929965754252
4210 1418.8982101621757 16419.538074251337
4212 2863.819801713672 15419.651346918416
4213 2630.603044907753 15395.811956125119
4218 2817.5491764477056 15394.105676593093
4222 2355.897988789579 15888.491572782184
4223 2645.599656164308 15396.209830964926
4225 3162.121071479008 15407.036417335183
4230 3080.9654871243056 17451.642718833384
4236 2593.1114470852795 15394.817267176893
4237 3143.6524620057835 15405.379082009887
4244 2326.494197021163 16358.272429646871
4245 1884.9879861896006 16355.786791378663
4252 2564.5005562239144 16949.326605879334
4256 1481.636747788823 16713.09935269343
4258 1592.6430023647129 15689.187014948584
4263 1427.1022701207003 16023.108261691863
4274 3109.8034475310933 15402.341540526506
4279 2857.0575736374367 15178.24591720539
4280 2787.5503798424334 15393.376604085906
4282 3435.266017904669 16025.707545100957
4283 1948.4652080085805 15404.475482763122
4288 3317.592668062659 16129.232401795522
4290 1862.4910002564739 16355.252399154795
4292 2810.0494410587758 15393.9234075856
4293 2858.479287331227 16356.23770702291
4294 3272.179597332195 16153.405106413898
4296 1412.3572442071072 16338.133527270424
4299 2060.3284643260904 16361.414807718715
4301 3290.726002249186 15780.65185376982
4302 2878.5818467814925 15416.915238496196
4305 3053.458681088604 16478.872211544178
4306 1538.3084359357056 16485.504725873005
4309 2863.579139297117 15416.450421586662
4312 3183.021250795557 15406.476834538422
4314 3907.647959777562 15348.542583450506
4317 2578.1148425077654 15394.419392514288
4318 2313.6523476411667 16357.213992756619
4322 2802.5497693779644 15393.741140126429
4324 2795.0500793137753 15393.55887222048
4325 2788.5679225522636 16360.907619741145
4326 1869.9899684091347 16355.430529250965
4327 2781.0669176455262 16360.984207498004
4328 2623.104764359392 15395.61301937061
4330 2615.606460717591 15395.41408200341
4331 1693.4228611168796 15395.071646275337
4339 2304.899388582774 16357.0540270568
4342 2238.5434669342794 17173.745390586857
4345 2893.584156867255 15417.389298787355
4346 3665.906391350721 14944.007100200628
4348 4035.164672037317 16379.51711570428
4350 2334.209987678815 16574.25711932177
4351 2878.803478812469 15420.121132173988
4357 2020.4892517950996 16360.342608929359
4359 1958.3889326102424 15402.337405341224
4362 2456.1733363408684 16724.908871262312
4365 2788.51891866642 16357.70762013752
4367 1877.488917977247 16355.60865890568
4369 2585.613130115535 15394.61832945609
4370 2871.08049559838 15416.682830120715
4372 3654.0115866212586 16401.68878409524
4379 1867.0238983577258 15395.31738601954
4381 3324.59051887852 15831.54460826868
4382 2207.1434251150945 17191.602624741565
4385 2805.3871569715343 14995.268023593426
4386 3361.9931078070317 16951.173049180707
4390 1903.7830247846614 15843.115186050389
4391 4384.506761522026 15472.253168996334
4397 2259.900839879718 16356.231650956772
4399 2837.0616911527122 16368.217101522776
4401 3972.4405182290675 15341.086074271137
4402 2608.108102932085 15395.215143199724
4405 2832.517719065171 15426.138383268784
4406 2862.4400300491757 16818.601863034277
4411 1636.667041135629 17046.7289829868
4412 3187.2920089433183 16637.765863726363
4414 2238.772736702088 16365.18709489054
4415 2572.570683661773 16944.12679988616
4417 2289.8999182686757 16356.779902529344
4418 3561.064320173008 17011.372576265887
4420 2593.724402686208 16965.812123840948
4421 2811.626284394417 15397.163659690143
4423 2975.399096141967 17173.433910768028
4425 3039.645862446933 15422.1540161121
4426 3049.4832073035263 17464.54682022216
4427 1892.4924478662813 16355.965051967714
4428 3679.245429685112 15300.44290711916
4429 3301.300056178011 15792.172704840998
4430 1817.409688428859 16348.294003304953
4431 3303.857504232123 15194.687487660645
4432 3202.5844139611945 16724.288154377773
4434 2555.619917232104 15393.822580031961
4435 2102.2587344880267 16353.35064471171
4436 3794.293592605837 15222.560926517224
4439 2297.399648908084 16356.91696471051
4440 2329.2592469843876 16589.506040478485
4441 2914.728508716913 15405.336612172387
4442 2282.4001065212483 16356.64283886588
4443 2464.528307789681 16369.054681040567
4444 3064.009904631487 15713.740728711382
4445 3091.601485499434 15550.477910703778
4446 2596.4163393425365 15397.835023005518
4447 2548.1213341797625 15393.623635251724
4448 2029.0104200061628 15394.079408882339
4456 2206.61466838829 16364.507277785986
4457 4168.447115204186 17046.21923578329
4459 3782.591245200212 16601.28609555649
4460 1980.5316011679668 15407.95564460273
4461 2849.1166998530643 15415.241450086269
4463 2823.743521496589 16687.936608720338
4464 2886.2953227722405 15420.356024971406
4465 2244.901267707358 16355.957524567793
4466 2837.952811178414 16356.859618469263
4467 3644.9918850905015 17384.05711952901
4469 3663.762571178225 16411.20864111958
4470 2167.998236122106 15386.009275051902
4471 2974.26247530042 15399.094904982829
4472 2570.616560536817 15394.220455722038
4473 3403.494185404657 15979.13664928705
4474 4248.722316781541 17128.843549987196
4477 3906.7096781649934 15688.657465580067
4479 3089.625294859344 15427.631980871794
4481 2627.9193032066573 17070.595168677606
4482 2146.6535249647186 15392.272250937333
4483 2811.9256808863274 15903.08149003119
4484 1804.3961788204992 17317.65035468703
4485 4120.680808113052 16540.503374468095
4487 3641.93158449603 16375.909513508937
4488 2871.311645741902 15419.88623971798
4489 3634.375130037594 16363.478361072022
4490 3776.088896613236 15122.723484440792
4491 3051.5507099550923 15255.725532206878
4492 2852.2500217164875 16602.660056820227
4495 3062.3332724479083 15400.280620350395
4496 2852.1526498061476 16367.786967742475
4497 2016.7176754554323 16353.47716491418
4498 2431.1920810037454 15407.768987484083
4499 2274.9003459132573 16356.50577613702
4500 2267.400587598216 16356.368713450067
4502 1764.3181203481874 15384.942317157394
4503 2830.1571706174586 16688.112643931385
4505 2837.7248053073176 15403.521883730049
4506 1849.589469971351 15408.751070678145
4507 2563.11823075117 15394.021517661215
4508 1466.6316554709845 15909.015995346981
4509 3649.4787150511806 16394.310656454985
4510 2775.7815247935805 16370.807655226115
4511 4015.12777277579 15892.03485523891
4512 3315.714982254991 15427.854816872625
4513 3274.2506207544266 15746.672815089763
4514 2992.0963043875126 16731.195643207047
4515 2252.401105378196 16356.094588705024
4516 2977.4360620985494 16735.404605107487
4518 1310.8636476438323 15677.004682092005
4519 2865.0008898417673 15399.285862178482
4520 2569.5173997370866 16959.72268250314
4521 1832.235318914351 16456.407203111397
4523 1668.067539510138 15397.773512859214
4524 2849.2366159128046 15387.759317363605
4525 2480.83936343217 15389.023704119441
4526 2583.250092791312 16980.675161778636
4527 2893.786374654671 15420.609559435521
4528 3802.4067096982867 15808.124288968751
4529 3169.7757983437723 15580.46962901209
4530 3662.0753921553987 16414.55455031149
4531 3158.675223933274 16679.300279061998
4532 2290.975150455961 16366.290646677997
4533 1843.1894705645336 15408.700774980007
4534 3323.383547276582 16762.92098022506
4535 1322.1249519809214 15688.792621440245
4536 1168.7833656024134 16297.304688554355
4537 2844.6072062846715 16368.002033612078
4538 1848.653276789814 15703.516075841577
4539 3068.5338531995644 16521.182647841342
4540 1809.0378651537812 16351.028124450691
4541 3658.0911022794576 16408.197633361473
4542 3177.264744913945 16643.378933305834
4543 2861.9699391143163 16370.709510327668
4545 2487.674306961736 16361.264141692363
4546 2467.953591561981 15412.090163430055
4547 4151.446733097958 15604.087269912969
4548 1418.5328492046858 16073.430096958984
4549 3170.194843619566 16647.336528096308
4550 3403.022068825385 15428.297839421368
4551 4167.54581305334 15877.32988614367
4552 1433.5997214924007 16283.797727648074
4553 1866.619928438029 15567.132560338245
4554 2852.5327559670272 15384.224724708867
4555 2781.0189170487884 16357.784208076973
4556 3610.257470785947 15939.305274581364
4557 2453.980782360468 15388.71537496338
4558 2746.6319249364956 17245.119084645554
4559 4258.566944295116 15951.978136864765
4560 2773.5658400908087 16361.060795996622
4561 3996.6651702625727 16885.245295403496
4562 3927.0055272959307 16815.543507784656
4563 1839.4350769011633 16852.45716164922
4564 3277.0437782576887 16866.729684227812
4565 2107.2211380438275 17010.78941987098
4566 2600.6097707907065 15395.016205076403
4567 2967.6886892224525 16539.65934640485
4568 1860.6805123827198 16344.03853284993
4569 2195.0523077167713 15410.383986206696
4570 2020.1095042623283 16350.7357735242
4571 3869.2371051491045 15200.940037114637
4572 2873.25187352879 15399.334187915243
4573 2859.672610392393 15126.161987454405
4574 3951.328482574997 16844.80498758607
4575 1435.5159771517635 16615.740796461938
4576 3621.847561871646 15965.731545581675
4577 3380.8331364997475 16510.178847770945
4578 3131.121765510071 17436.869252177043
4579 3818.0795119815293 16664.440559112936
4580 1427.1764481994314 15953.377955163156
4581 2934.4212325509475 15398.694109031621
4582 2690.808561506625 15955.084313552163
4583 1849.4667230223074 15420.420399947454
4584 1208.7293171344709 15417.599878741714
4585 2946.299825810866 15399.100344933182
4586 3421.859356515823 16010.310828069101
4587 3825.583634748997 15220.671944665468
4588 1848.7109812058768 15492.409004887502
4589 1864.3521957127364 15981.587254968354
4590 3570.886148392772 15362.93720160786
4591 2601.057759410536 16961.720450784527
4592 1051.7013708127263 16573.44596105877
4593 1827.8816947865396 17098.945281992706
4594 4000.4785096686733 15127.980959387725
4595 4062.816556005312 16926.8138381421
4596 1901.8620527289052 15378.331020235433
4597 2855.6366150698263 15387.929349057189
4598 1875.6768891091995 17361.12172762715
4599 1473.3907059774617 15894.416955363342
4600 1828.1941264163372 16865.82227668786
4601 2669.631560104116 16362.121999590523
4602 2838.5176569917144 16831.718386944365
4603 2762.336612070836 16902.58178468459
4604 1061.7316584613861 16746.014867505066
4605 1156.5962329274719 17119.611182456174
4606 3414.395581481367 17466.73476429561
4608 2451.2425286280168 17024.88392988874
4609 787.2196791574352 17218.686092925913
4610 1858.1038416263084 15966.739977553081
4611 2821.0631217122996 16320.154031533364
4612 3830.2704776150235 15203.38336850403
4613 4075.3265622364274 17514.091171404045
4614 3769.931533620897 16093.594975752741
4615 1412.4058548047258 15636.928066345941
4616 908.0307029172932 15094.920278365102
4617 1526.990151778249 16581.618437300287
4618 2862.163452147518 16367.501632373542
4619 2088.1496295910647 16720.11347954355
4620 3233.63708360205 17027.50311371464
4621 2329.9180470830697 16509.436233167457
4622 3294.224285915006 16577.90723138407
4623 3261.563908767643 15335.312661460637
4624 2855.62999410662 15258.309220256035
4625 1078.9997458894634 16343.395032269367
4626 2740.1790812506956 16887.757739050354
4627 3576.979153389856 14800.725194374947
4628 1833.4680322233833 16835.030027989345
4629 3378.415969420628 15304.926318376389
4630 4130.199132061146 15243.880516846957
4631 1198.7730414280652 16277.028520209537
4632 1588.9851836114656 16097.612531771498
4633 2193.664575636947 15434.775391639885
4634 1312.312992399964 15268.771875587936
4635 1854.755803338054 15216.38275105374
4636 3316.830092834965 17268.357780384824
4637 1865.7104862165006 17353.69626481889
4638 3017.3204966376593 15336.992223913348
4639 2622.730017031363 17044.09832336789
4640 1299.8177833061895 15792.255086621199
4641 4357.160911073311 15393.768596813807
4642 4458.481654069978 16951.4823713976
4643 2318.436740614485 16923.513006148307
4644 4570.008138729147 15306.487825744402
4645 4588.840208773822 16141.554331844769
4646 3024.218744656964 16507.28175154622
4647 4312.001870459713 17358.615253103817
4648 2778.2545872728956 15954.090092404538
4650 4411.747087730058 15486.359422877464
4651 3284.65729728036 15134.641378891734
4652 3619.0430260521043 15190.218997995993
