3786 4421.208383727455 14873.839001561142
3791 3521.9302056359215 16170.737367693415
3821 3143.8901507719174 16624.79253209984
3907 3666.6990940051924 15283.764833006266
3922 3500.297179587827 16134.202744590822
3959 3669.994704537185 15285.80625513063
3993 3215.889397469416 16395.603684752965
4006 3518.894725179687 15367.141334460255
4021 3482.7288294245814 16104.532690557624
4028 3599.3440443040204 15327.476557088727
4042 3459.069386334496 16064.526015843474
4114 2809.8916784602197 15400.323406787145
4146 2817.3894233127335 15400.505676096562
4153 3441.5012538348983 16035.673464414542
4173 4158.352113223549 15603.908824642396
4183 4507.671835468922 15996.030824812293
4188 2794.8962254232956 15399.958869059712
4203 3468.7932024181273 15394.134606545162
4213 2787.3984890357115 15399.776599956078
4223 2802.3939659139937 15400.141138263092
4236 2749.9099785535395 15398.865258605976
4280 2852.636050813342 15380.341132216861
4282 4425.622326659041 16293.77639983701
4296 572.7405982252159 15985.752278587714
4299 1097.14760403234 16882.518346711695
4302 2196.3094182005407 15262.385232660865
4309 2197.0036154211966 15231.738582478922
4317 2734.914555892369 15398.500721616974
4318 4133.250234031991 15617.841449177291
4325 4244.340260828894 16937.10452162666
4326 935.5659978265286 16164.374221099677
4328 2779.900753491326 15399.594330872942
4330 2772.4030891150715 15399.412063519894
4345 2752.196491040117 14904.678570724536
4351 2044.0584540954458 15432.309750111357
4359 681.4548390003287 16174.183196189484
4369 2742.4122508889345 15398.682989714396
4370 2635.943372722171 16165.424834676738
4390 1931.3511354423613 15591.786649987142
4397 2572.570650364976 16944.126747827915
4402 2764.9053537083087 15399.229794440103
4405 2832.517719065171 15426.138383268784
4417 2978.138335190723 17171.83972700345
4421 3767.2840715823327 15229.820506384864
4426 4067.3907756828817 17192.322427318624
4427 1155.2656691731904 16852.10360784375
4429 3761.665810571724 16533.049252892844
4430 3018.1822680986375 16413.4518941205
4434 2712.421453673461 15397.953916905864
4435 3067.625624506385 16501.97601151063
4442 3145.5114500084783 16621.331105950285
4443 1492.2908986245754 16512.567395493606
4447 2811.3223212531148 15397.156271697124
4457 4332.843320999931 17094.04933772927
4463 2831.4493631172004 15448.615931265542
4465 3115.3042189636694 16578.757699728816
4470 2668.0943079371846 15396.806636190955
4472 2727.4168873277836 15398.318454162109
4474 3178.4910071303702 15594.824664843936
4477 1617.9287439589411 15432.70525628311
4479 2039.9415582090703 15407.787688451599
4483 2832.161601110493 15433.630884652792
4488 1945.800979695853 15404.186334380895
4490 1872.9211132786918 15395.495045406424
4492 1369.0089286162215 17026.329301295395
4495 4216.2212115236625 15568.130279157842
4496 2830.0248792213088 15478.586190897951
4499 2955.709888237479 16187.29844259263
4500 3134.2084946095792 16603.129097343073
4507 2719.9191589813713 15398.136185253954
4511 1851.7148597734756 15362.362890543682
4512 3183.92 15264.124210780601
4519 2611.079621620037 15417.080825131676
4524 2849.2366159128046 15387.759317363605
4527 2015.0708363222366 15406.911368226074
4529 2763.802995906391 14922.615025852037
4530 2835.2753561650024 16367.169128926078
4531 2364.5117832987867 16367.778755316836
4532 1841.8954126651952 15913.313128961358
4537 2830.38099833582 15471.093665111768
4538 2817.549119623356 15394.10567521207
4539 2829.6687585908016 15486.078748579745
4540 2979.7687752943643 16311.508432835595
4542 2182.152879440215 17185.29719564898
4543 2357.0114566310563 16367.685009663854
4552 2996.9440042147685 16385.697683077495
4553 1126.2112284638006 16867.308574233954
4554 2852.43661455542 15387.839368397408
4557 2690.589324534188 15397.403451096128
4558 1833.3737490807603 16071.57753601454
4561 3158.7526324712503 15576.349545528317
4564 2817.1014129048103 16362.795434610818
4566 2757.4076548389626 15399.047526248534
4567 1663.0759952528203 16622.846901235065
4568 3044.554378476675 16463.93778087817
4569 2683.0910370284623 15397.204514157034
4570 3160.893115369541 16212.641251718143
4572 2772.493449459911 15415.950279073635
4573 2849.436051167865 15380.261118887796
4574 3091.602296366273 15550.38359850209
4578 2076.698906674696 16361.760876599752
4579 4162.179813588873 15598.129224624676
4580 1840.851614972074 16919.870415388756
4583 2645.59942923944 15396.209824944386
4584 2095.857743155536 15391.675511332076
4585 2854.2464482746564 15461.889730744444
4590 1769.8857400536374 15516.173907328473
4591 1800.6472929703461 16364.554312929662
4592 2086.6797441659755 15381.497298763912
4593 2167.979724656351 15382.809273417048
4595 3170.4689245217983 15581.611294273955
4596 2660.5959934195707 15396.60769853521
4597 2855.6366150698263 15387.929349057189
4598 1167.272640756985 15687.259174121527
4600 2829.312573303554 15493.572666599353
4601 3147.8467045956822 16631.164172991794
4604 2427.425391058281 16360.81935481671
4605 3418.9187481110343 16492.592636356974
4608 3009.0248849505965 15966.507752332254
4609 2628.052826848278 17043.653792388977
4611 2349.5110477225335 16367.591262982955
4612 3320.9832013407754 16137.72998704234
4613 2847.3176484612845 16367.924778563774
4614 3270.626754258435 16594.782836649174
4616 1710.094858864119 15311.920234908766
4617 3147.7547606230214 16638.58231976009
4618 3688.6118642717006 15692.164440884637
4622 2379.512485742866 16367.966247236604
4623 2859.393506246287 15401.949192917371
4624 2855.8360501714656 15380.431156349594
4625 2542.591880238328 16358.469316717801
4626 1848.9443512061944 16355.581931409315
4627 3893.265834351189 15828.710518119397
4630 2141.537725068049 15404.582029764302
4631 2859.785907182109 16356.198119037363
4632 2959.548796217841 16361.85778948358
4633 2675.5926748011884 15397.005575235504
4634 1432.3034716104532 16009.543267690726
4635 2556.8148196272127 16925.429416211853
4636 4585.1373608127615 16093.142267043777
4638 2847.838234808088 15411.611585292534
4640 1609.7839662697122 16983.101730814964
4641 3016.7832701290445 16511.52931436174
4642 3170.098144239127 16647.39065854995
4643 2828.9479442903216 15501.2442353883
4644 2845.619105980269 16604.676813181453
4645 3288.9795370378943 16154.696970427789
4646 2830.7371200763987 15463.601084074762
4647 2676.4510142961158 16923.31692221684
4648 2831.093241643808 15456.108506681121
4650 3478.7191797643063 15391.550992483095
4651 2852.835486382741 15372.842921922827
4652 4274.398152051926 15981.363698522957
4654 2187.349638684539 15420.847943390656
4655 2319.870638722711 16357.327635843249
4656 2577.361664378557 16989.403808740397
4657 2402.0136090026363 16368.247485986096
4658 1550.2352634142594 16879.724318384106
4660 3459.2214859486967 16071.106961739257
4662 2651.2970237373256 17102.07936950445
4663 4178.934657776238 15390.392212503602
4664 3026.461293187179 15421.936693330925
4665 2373.444613877897 16636.58605369702
4666 1056.5183422984037 16554.747370512105
4668 2507.268784865581 16358.20853221853
4669 2380.522408912527 15799.181687162036
4670 2409.5139831438833 16368.341232232442
4672 2372.0121509252494 16367.872501481756
4673 3309.6757970000413 15203.444716146305
4674 2831.8054809272253 15441.12343292495
4675 2042.3109522350467 15381.528081032184
4676 2553.9067185784656 16967.686101947063
4677 2392.0686784686204 16357.089998979736
4679 2515.691326341231 16889.710490214708
4680 2723.6886709403802 16358.369648673084
4681 2059.3460345042827 15391.239833355952
4682 2909.3961148372555 16957.534109471995
4683 2826.0924083788477 15426.569958781516
4684 2433.313795403416 15404.591812336184
4685 2653.097707888723 15396.40876164851
4686 3612.240037299625 14857.035890115529
4687 1709.5654409301426 16390.3171572945
4688 3659.7431886123486 16587.569717678078
4689 1728.776212728898 17186.213833725986
4690 4207.448814195113 17416.906985000973
4691 2603.237238182864 16372.329169073473
4694 2569.8806486392673 16945.856768378268
4695 1875.3009344559857 17344.886212862475
4696 2864.8426963119164 15399.284935644244
4697 2655.918237417009 16362.262017179732
4698 1176.4978193282952 16293.030101435987
4699 3014.544765118892 15320.001615591947
4700 2849.6354865846815 15372.762914330435
4701 2019.106807804265 15384.74409989068
4702 3881.812034277329 16753.63949490353
4703 1405.3799016007583 15638.325641819818
4704 2849.8349228906145 15365.264676344807
4705 2484.2649611406073 15180.533922296872
4706 1865.3988368201317 16344.679134038393
4707 2424.650377745561 16368.530420151661
4708 3607.0237026957843 15321.52657301465
4709 3321.0172276185713 16562.656262917462
4710 2792.4739853940855 16942.861415347073
4711 1780.6459822274987 15385.24035615376
4713 3537.016637048116 16022.324001829937
4714 2871.3116968070294 15419.886241319033
4715 2803.3893826540498 15396.963457217285
4716 3239.1978710030035 16608.70996029448
4717 3197.431505101268 16709.693769885274
4718 1005.257107472339 15382.297202841302
4719 1592.1379314119472 15443.965414241757
4720 3881.5783778968807 15772.028872044717
4721 3572.5216309902407 17244.766421160006
4722 2863.9210932240244 15416.461016072202
4723 2911.73930194433 16369.606523967563
4724 3057.422415800088 15400.152943710344
4725 2637.6837797658377 15395.999814981975
4726 4108.810932042799 16956.048003256787
4727 3625.309874726763 16383.555359877366
4729 2875.0760999454124 15416.806622740563
4730 2863.819824337682 15419.65134762775
4732 2112.0272324456732 15384.851321394477
4733 920.8211714400122 15241.453500071713
4734 2884.8858162525403 16366.96786239926
4735 2819.3836461744027 16536.064600834437
4736 3346.1050884786746 14442.747230648425
4737 2062.3378458321663 16747.506619490025
4738 2808.9572662365313 17284.6344581205
4739 3539.912843057332 16207.397754367938
4740 2442.294172673568 16169.292575833324
4741 2311.5493706323814 16357.175559560865
4742 2552.354604482319 16964.887402885444
4743 2853.034921820953 15365.34471656103
4744 4277.018341489883 16918.39514690437
4745 3376.1640929389246 17000.68774226425
4747 3650.1236664828148 16395.48562463698
4748 3702.1067374181516 15315.662053663755
4749 1300.2623349377368 15368.332079324035
4750 3632.7830521648625 15906.930345487597
4751 2937.087285902904 15399.648302697224
4752 2319.162893472593 15413.905639248494
4753 2387.012834979007 16368.059993171664
4754 3340.913834255688 17258.0151895185
4755 1020.3594227255504 16744.84700209305
4756 3129.5291088555878 16601.66548619047
4757 1304.8764958924326 15470.713589206627
4758 2835.772398734358 15663.954220453952
4759 2344.752159568583 16296.446009626057
4760 3605.6263298779118 15931.644861829076
4762 1463.2343961054517 16517.683374588007
4763 3322.8320793501002 16943.63041091937
4764 2815.461936638662 16608.716019316453
4765 1415.4156054913099 16293.170900914765
4766 3674.2662655785753 16434.00503516885
4767 3212.576274971964 17040.103085701587
4768 861.5894727488167 15805.239210535276
4769 1902.1622656519683 15378.33688532234
4770 2850.034358088619 15357.766480014165
4771 3364.604898660908 17247.841230993934
4772 3146.645178887272 14961.435288862505
4773 4437.940180317347 15956.777439534151
4774 3654.107949590368 16401.842530788068
4775 2315.485955985531 17101.687252038955
4776 1897.461959342413 17332.92083351994
4777 3117.022286088348 14977.977756565107
4778 2106.0 15368.480056030534
4779 3382.670154834828 17333.71924756242
4780 3082.9979279659624 16551.277352105764
4781 2187.7189828011446 15483.484686923925
4782 4452.002544857547 15103.798790445357
4783 2040.9782860056248 15422.3518587913
4784 3593.3363915811874 16416.53700197074
4785 1830.8488169192142 16903.34033529656
4786 1324.9668763334382 15234.276253697357
4787 3291.5223958557303 15407.302783793004
4788 2394.5131932424924 16368.153739219559
4789 3161.26865605499 16683.513281808147
4791 3506.0856369946623 16150.262307748939
4792 3836.7277136866187 15203.343884179343
4793 2854.9299449367472 17261.966851279267
4794 2831.7680694474634 16059.40410187619
4795 4133.650463165853 15625.731250779094
4796 3125.1389700756786 17092.53820454741
4797 1830.6469187898285 16895.831184387964
4798 3497.5493959738137 15758.686076843964
4799 2027.8267904065863 16192.03771560201
4800 2129.752619017431 16696.569463354168
4801 3180.5744659110546 16841.284227658085
4802 4229.253613866739 15199.221868270328
4803 3930.1884701716394 16819.372714293404
4804 3581.4496090629696 15116.752030916507
4805 4239.72368685698 17397.76339050085
4806 2701.598702589178 15310.58213102909
4807 1048.352641767518 16890.382199649106
4808 826.4886662606303 16202.866860917735
4809 2548.196026186955 16664.699048155075
4810 3011.8147751131914 15036.01925845986
4811 1932.147581381579 16719.915619926676
4812 850.3695109876935 15780.839278165007
4813 3218.320745909736 15320.184114499545
4814 3223.5281378356276 17125.180149830507
4815 4338.791694389843 16142.109613575258
4816 2855.983745858243 15241.92906604932
4817 1779.329273683511 15954.746649169461
4818 4001.4155610988305 16884.774089652034
4819 4576.238463787527 17208.388016414297
4820 4318.700886521181 16052.837294127748
4821 2513.51323871257 15288.509140390037
4822 1019.4834610776853 16802.112215269328
4823 4197.786839072882 15432.443156563053
4824 3344.1982446436186 15280.71336918379
4825 2437.1087781504552 15173.64266890273
