3786 4503.831959218382 14967.788049737035
3791 3638.716685466539 16367.435593140492
3821 3143.8901507719174 16624.79253209984
3907 3656.246500589749 15256.78682709077
3922 3629.751676277394 16355.516369705852
3959 3806.998994007646 15181.688721362741
3993 3283.7925644788156 16490.05798880667
4006 3803.3894172659366 15217.668883242988
4021 3613.4641940957035 16327.467902210927
4028 3838.126390645145 15203.703061041806
4042 3582.590513583238 16274.300726668223
4114 2809.8916784602197 15400.323406787145
4146 2817.3894233127335 15400.505676096562
4153 3451.8563987351577 16052.22432788005
4173 4425.05032584171 15448.541089888222
4188 2794.8962254232956 15399.958869059712
4203 3745.9766418803024 15248.5388593043
4213 2787.3984890357115 15399.776599956078
4223 2802.3939659139937 15400.141138263092
4236 2749.9099785535395 15398.865258605976
4280 2852.636050813342 15380.341132216861
4282 4333.565977723942 16220.208263312192
4302 2297.785085381448 15183.754540853395
4309 2288.167097519332 15180.404173528037
4317 2734.914555892369 15398.500721616974
4318 4397.527854740954 15468.427312985586
4325 4322.460255428695 16783.933217693215
4326 828.3671901696874 16167.556596440621
4328 2779.900753491326 15399.594330872942
4330 2772.4030891150715 15399.412063519894
4345 2674.070444548282 14789.25220807406
4351 2041.1151617849862 15629.07579588914
4369 2742.4122508889345 15398.682989714396
4370 2634.6465762224193 16050.954462838707
4397 2577.723807179003 16952.502000228826
4402 2764.9053537083087 15399.229794440103
4405 2832.517719065171 15426.138383268784
4417 3086.1730484161953 17135.34152545923
4421 3778.9993648005066 15133.99937180578
4426 4038.6804226386685 17202.204229069594
4427 1238.1589819488968 16843.149188314455
4429 3964.245953640548 16420.390013085107
4430 3142.4323092080067 16616.37253136735
4434 2712.421453673461 15397.953916905864
4435 3135.976628111478 16612.048581978455
4442 3270.6152868698396 16578.540540570426
4447 2811.3223212531148 15397.156271697124
4457 4307.5804660181475 17106.183606408547
4463 2831.4493631172004 15448.615931265542
4465 3139.9336072812816 16618.42090784838
4470 2668.0943079371846 15396.806636190955
4472 2727.4168873277836 15398.318454162109
4477 1386.3261286985087 15659.68887194742
4479 2000.4901161387265 15406.35754016752
4483 2832.161601110493 15433.630884652792
4488 1893.3338002998025 15402.504886383638
4490 1652.8900399314343 15403.17383553332
4492 1271.0816237719055 16957.754791209387
4495 4461.014735886261 15427.331309605539
4496 2830.0248792213088 15478.586190897951
4499 2879.586281766583 16160.792861462041
4500 3241.9215685383624 16594.26722287488
4507 2719.9191589813713 15398.136185253954
4511 1866.4696458474657 15187.233724303402
4519 2428.157666836491 15418.279272193655
4524 2849.2366159128046 15387.759317363605
4527 1993.0206897625214 15406.073824558389
4529 2783.954282850845 14947.874795197717
4530 2926.91074933731 16337.923086747007
4531 2361.8891688641756 16367.745975584221
4537 2830.38099833582 15471.093665111768
4538 2817.549119623356 15394.10567521207
4539 2829.6687585908016 15486.078748579745
4540 3260.868949198143 16159.42559681433
4542 2337.5881870270364 17089.047973622437
4543 2350.4372656556097 16367.60283966605
4552 3116.3600988380076 16580.45809044356
4554 2852.43661455542 15387.839368397408
4557 2690.589324534188 15397.403451096128
4561 3091.5555984084863 15555.815054075025
4564 2809.8632728721404 16119.663247569257
4566 2757.4076548389626 15399.047526248534
4567 1513.87342540493 16698.947744306737
4568 3131.8687936536326 16605.433318500487
4569 2683.0910370284623 15397.204514157034
4570 3462.733901590884 16053.280418352026
4572 2525.2472023656815 15415.83285124136
4573 2849.436051167865 15380.261118887796
4574 3075.707751787526 15422.748428408138
4578 1845.4934063381327 16347.20031886279
4579 4243.326987838213 15512.218235607043
4580 1852.839301050774 17151.330710993385
4583 2645.59942923944 15396.209824944386
4584 2394.5444587747347 15395.002022019713
4585 2838.3180131309823 15767.885848231686
4591 1549.9366373091666 16478.680640977676
4592 2160.4853492935617 15382.65398338254
4593 2167.979856636999 15382.809276151802
4595 3091.373722922939 15576.969054514711
4596 2660.5959934195707 15396.60769853521
4597 2855.6366150698263 15387.929349057189
4598 909.9226359780256 15738.159031043877
4600 2829.3126395165477 15493.571273518935
4601 3147.8467045956822 16631.164172991794
4604 2703.196794946975 16361.77928737036
4605 3717.904132411002 16332.140891759127
4609 2800.5854105965095 17299.070026483227
4611 2336.1252974503163 16362.918908946118
4612 3130.111721286099 16235.707498506612
4613 2837.061667993333 16368.217102182882
4614 3117.6418384366584 16681.578235149158
4617 3473.9493613496106 16461.88406045575
4618 3600.6470595608253 15662.730802526345
4622 2379.512485742866 16367.966247236604
4623 2785.2302158965285 15412.90505096026
4624 2855.8360501714656 15380.431156349594
4625 2786.315530026544 16357.7301205321
4626 1626.6553334007099 16436.252016261224
4630 1912.7413846366637 15399.591004347149
4631 3047.3185651508006 16462.321575880276
4632 3099.2024757907902 16546.75624322159
4633 2675.5926748011884 15397.005575235504
4634 1419.6795393550426 16300.90649606127
4635 2573.482731267968 16957.831283932253
4638 2685.953626764039 15411.69488260169
4640 1799.7635809923488 16887.824703698087
4641 2845.751662061452 16604.63811451046
4642 3112.522450043083 16593.916990466783
4643 2828.9565199754347 15501.06380828055
4644 2659.906271017579 16645.13646311152
4645 3118.208109827708 16225.145724239968
4646 2830.7371200763987 15463.601084074762
4647 2595.2741877475496 16968.61221802696
4648 2831.093241643808 15456.108506681121
4650 3310.058220592808 15409.044260607396
4651 2852.835486382741 15372.842921922827
4652 4276.008911173642 16035.23637088071
4654 2030.5095187554762 15407.497784768673
4655 2390.652841960307 16360.26713879119
4656 2569.714098633418 16986.594798601203
4657 2402.0136090026363 16368.247485986096
4658 1637.509500563809 16972.15602759096
4660 3459.2214859486967 16071.106961739257
4662 2572.082390446585 16975.93309253669
4663 4163.955848641947 15231.938751571872
4664 2878.9247464681926 15416.925862283459
4665 2558.1510941851707 16921.582332703554
4666 1028.842706666995 16709.196457515845
4668 2764.3263623334433 16357.954667822858
4669 2344.870719375976 16016.22278388603
4670 2409.5139831438833 16368.341232232442
4672 2371.659892400185 16367.868098646131
4673 3217.688728363099 15061.627986478074
4674 2831.8054809272253 15441.12343292495
4675 2152.9907805348967 15382.498689340702
4676 2553.9068680776445 16967.686009771365
4677 2670.481131248749 16358.912989333016
4679 2341.288316223066 16620.80061434018
4680 2803.6903488084254 16319.948026031234
4681 2371.439981944336 15397.948162193285
4682 2999.6484210373123 17107.972217612878
4683 2822.8924752210123 15426.419891939351
4684 2115.126142147171 15401.026557763247
4685 2653.097707888723 15396.40876164851
4686 3476.0162103564508 14647.29366284696
4687 1829.6333182593442 16308.488544788497
4688 3800.3240990217573 16511.916632896762
4689 1858.4596437454604 17357.94850300986
4690 4348.7620824568 17333.339973653663
4691 2424.515714645801 16368.528737014276
4694 2575.5744304387595 16955.11456301444
4695 1952.3535594642585 17266.844202430962
4696 2853.9974339119008 15329.156998942603
4697 2796.0575336494626 16360.831148318874
4698 1050.7031765100062 16362.733048508788
4699 3047.9151851223487 15249.269913875452
4700 2849.6354865846815 15372.762914330435
4701 2160.4920358362447 15385.853983356139
4702 4091.8054710787715 16939.938235636353
4703 1624.0150296126828 15409.884157975821
4704 2849.8349228906145 15365.264676344807
4705 2508.5428243834954 15379.038382499986
4706 2143.3592608090366 16354.101782059895
4707 2417.0143258655253 16368.434978086081
4708 3606.1122507321643 15318.381291615326
4709 3170.115351549414 16647.381026228544
4711 1837.1596354068708 15386.271922478794
4713 3278.2639188388307 16160.377936026842
4714 2871.3116968070294 15419.886241319033
4715 2803.3893826540498 15396.963457217285
4716 3127.052257508748 16624.121984430774
4717 3348.3716729163625 16959.928430131138
4718 953.2913673359221 15276.106187684512
4719 1833.0810935523896 15382.99598719759
4720 3610.68748108684 15926.61828928061
4721 3858.58604961641 17073.183448843643
4722 2863.9210932240244 15416.461016072202
4723 2772.346236214383 16370.855815662164
4724 2924.4385785876384 15399.633986742652
4725 2638.101152294992 15396.010888285493
4726 4240.105017641079 17165.078118974452
4727 3925.524803687878 16214.892417863317
4729 2871.4224421262325 15416.693424377016
4730 2863.819824337682 15419.65134762775
4732 2167.9982824489775 15386.009276010333
4733 1006.9793272680603 15377.921465298221
4734 2844.607170167557 16368.002034641515
4735 2809.7369657957515 16178.015410008713
4736 3430.8359183680327 14573.520155044811
4737 1853.2744637360024 16868.105152108375
4738 2922.175546753728 17213.659137039227
4739 3466.8708636631627 16084.027053669513
4740 2612.2195376051422 16171.997463166334
4741 2360.582425149572 16359.764557386628
4742 2552.3547283475573 16964.887326515058
4743 2853.034921820953 15365.34471656103
4744 4314.0461499600915 16769.86063573406
4745 3212.951020008258 16755.26853112025
4747 3582.983625258903 16281.357881362115
4748 3607.944417165196 15342.807612036122
4749 1188.6814916291878 15429.387590510389
4750 3873.974163928376 15769.174600269356
4751 2848.275152361087 15408.736826171023
4752 2215.2622837812964 15416.762012142688
4753 2387.012834979007 16368.059993171664
4754 3492.7575337541416 17181.889969882915
4755 1087.4348159789533 16732.126390776066
4756 3150.586613556468 16629.50402775023
4757 1180.948875915567 15522.965715691524
4758 2822.879346922191 15993.48603637014
4759 2459.751301066751 16361.058000447087
4760 3527.4362051472917 16027.507647763845
4762 1729.7306293757792 16382.311759227301
4763 3161.200390628845 16683.402385353445
4764 3016.7479388071233 16507.86119984495
4765 1424.1221242428524 16195.86025114972
4766 3646.7171899161667 16389.905221100013
4767 3324.948152600461 16972.874778607198
4768 903.6039171207675 15731.493958347519
4769 2060.394551267647 15384.715497366631
4770 2850.034358088619 15357.766480014165
4771 3500.2006315402496 17171.662149042186
4772 2953.2164903900275 15067.097239127615
4773 4193.269284886535 16085.52237319865
4774 3570.4573097087114 16429.055805084423
4775 2530.345207907267 16978.457522228582
4776 2108.1578849570915 17218.616354287762
4777 2896.5129730749686 15097.03356522496
4778 2152.934809197814 15385.697636003919
4779 3308.5914565386433 17272.342049607516
4780 2864.1142511030803 16370.648349538984
4781 2095.4322789807857 15408.336161772904
4782 4385.148640331902 14982.587346036053
4783 2040.9787797500785 15422.310994018102
4784 3321.5861593250197 16566.081129221417
4785 1830.8486328103568 16903.333487777974
4786 1394.3195312229384 15466.84044998861
4787 3553.949598114507 15348.267304360901
4788 2394.5131932424924 16368.153739219559
4789 3070.0903081647625 16529.934368831073
4791 3463.0431269675287 16077.561859788593
4792 3966.9312675459055 15413.52217307305
4793 2754.8401714965185 17251.928012751163
4794 2830.6612075049416 16337.293516289099
4795 4033.5181867927695 15566.414360978928
4796 3242.622206986037 17022.127617221322
4797 1830.7513139611422 16893.330479282442
4798 3594.473081939147 15915.974335820245
4799 2018.4656044996425 16349.776373002143
4800 2321.567481644316 16586.160311240525
4801 3236.6088705228217 16806.79815439007
4802 4142.765031836054 15247.397066105203
4803 3770.2201709601104 16587.43819750715
4804 3592.6297540889536 15135.887923130429
4805 4319.715236565971 17307.613886057643
4806 2747.142796176163 15395.596352684837
4807 1020.3081744102059 16768.52749154638
4808 956.6396344564288 16152.850340511111
4809 2795.1782222670895 16610.519594410893
4810 2856.700755910804 15146.499790810512
4811 1995.622266106726 16768.02278803463
4812 986.8003674525122 15700.798222086602
4813 3266.582924619274 15407.112533049607
4814 3314.1226860959223 17153.41303539679
4815 4253.728613511232 16055.964798592928
4816 2853.234900368021 15357.826091850655
4817 1621.7126181303952 16002.390268384152
4818 3934.5075880108066 16824.568784341664
4819 4375.8081999591695 17321.729005909157
4820 4393.446215401656 16186.978698169843
4821 2511.721388860307 15379.981946873902
4822 1063.6729838322533 16916.025470598273
4823 4138.3265857723245 15257.334635329524
4824 3243.6558655254926 15346.355723063958
4825 2510.476443274465 15279.2624627203
4826 1933.3864486954906 17228.62376468147
4827 3268.1780950020097 15732.595383800855
4828 3827.87 15200.86
4829 2307.482775636054 15773.047984206712
4830 1752.8048966090337 17428.378761159598
4831 3116.278908362593 16606.30805636501
4832 3094.7762169037505 15486.070771073497
4833 4393.67884234722 15106.002774724657
4834 2324.0245332719483 15817.89112648514
4836 2702.9931161766003 15215.994121379277
4837 1843.1797793729231 16701.141093465572
4838 2595.3857496263777 16388.921653918296
4839 3416.608347130025 17504.154523201785
4840 3274.6194822150046 15405.573763640064
4841 4331.896304522064 15808.033607950169
4842 2832.394415065136 16001.93967109506
