3786 4237.58648748328 14973.972813544095
3791 3456.9417370853025 16060.895621320376
3821 3143.8901507719174 16624.79253209984
3907 3531.803267101548 15360.191196337519
3922 3449.011151232396 16047.676704124191
3959 3497.443927806676 15378.80049433989
3993 3100.6027852439374 16460.377810020524
4006 3309.1111702621993 15407.436959749444
4021 3441.750320822539 16036.071553842155
4028 3395.5558431273357 15408.096402891579
4042 3436.230909692457 16027.249753577273
4114 2809.8916784602197 15400.323406787145
4146 2817.3894233127335 15400.505676096562
4153 3350.954841470571 15876.229900797578
4173 4072.085717896816 15652.292029494014
4183 4475.31422069039 15942.478632352595
4188 2794.8962254232956 15399.958869059712
4203 3271.386093379017 15407.14917402
4212 2306.4692943416344 15501.60909976681
4213 2787.3984890357115 15399.776599956078
4223 2802.3939659139937 15400.141138263092
4236 2749.9099785535395 15398.865258605976
4280 2852.636050813342 15380.341132216861
4282 4460.787336898888 16369.90451539347
4283 1650.939696318023 16330.149141403068
4296 615.5045643216051 16079.429471476557
4299 1051.7645253996702 16890.15811497019
4302 2196.3261656046507 15390.124953282935
4309 2195.9466447250534 15369.442700051186
4317 2734.914555892369 15398.500721616974
4318 4062.1014311936115 15658.255516943986
4325 4102.593167873674 16946.636343243943
4326 997.6648053169724 16150.123708040686
4328 2779.900753491326 15399.594330872942
4330 2772.4030891150715 15399.412063519894
4345 2800.4630916496435 14983.6810347429
4351 2121.325261928722 15411.721728071094
4359 628.5550476544877 16100.313959485627
4369 2742.4122508889345 15398.682989714396
4370 2638.2287850754533 16028.026111297104
4372 4243.312586440997 15505.883496164097
4390 1930.9495986201669 15607.922669795491
4397 2572.570650364976 16944.126747827915
4402 2764.9053537083087 15399.229794440103
4405 2832.517719065171 15426.138383268784
4415 3527.566445173955 17394.667705436892
4417 2894.296779975079 17232.52545204906
4421 3581.483572402121 15333.451078979948
4425 2394.2547342677235 15504.593776954986
4426 4088.725857654942 17184.979116351184
4427 1079.8555812989496 16891.567724984357
4429 3693.3419655822477 16458.40769708764
4430 2888.2897466396603 16355.334509331944
4434 2712.421453673461 15397.953916905864
4435 2999.8159896801076 16388.89904760952
4442 3074.764689250158 16507.40221719428
4443 1676.66635019237 16415.061851158385
4447 2811.3223212531148 15397.156271697124
4457 4347.548741967681 17086.873342830495
4463 2831.4493631172004 15448.615931265542
4465 3042.361675915813 16460.26000823083
4470 2668.0943079371846 15396.806636190955
4472 2727.4168873277836 15398.318454162109
4474 3250.1555326330617 15712.858031851361
4477 1804.3603943248702 15399.823128238817
4479 2209.508389950498 15413.320549630076
4483 2832.161601110493 15433.630884652792
4488 2050.3606743519035 15408.013370845389
4490 1894.0233144379984 15396.110490652192
4492 1462.2908832842693 16975.26540146051
4495 4101.71178786684 15631.695658422546
4496 2830.0248792213088 15478.586190897951
4499 2955.528144813234 16264.016759882215
4500 3060.176246336207 16483.770323842684
4502 4262.675308731505 15952.854612274627
4507 2719.9191589813713 15398.136185253954
4511 1863.2261816792247 15389.529285474613
4512 3220.7916381783784 15326.727383740012
4519 2795.3151988905897 15413.027985555644
4520 2698.664917072948 15286.553908312773
4524 2849.2366159128046 15387.759317363605
4527 2177.3536942053156 15409.577198421806
4529 2808.294221950107 15002.108738996758
4530 2844.607107483397 16368.002036428186
4531 2364.5117832987867 16367.778755316836
4532 1835.6109330223762 16150.899633857785
4537 2830.38099833582 15471.093665111768
4538 2803.7736987562193 15393.770885761634
4539 2829.6687585908016 15486.078748579745
4540 2872.4253633492135 16352.61231890533
4541 3804.350192557434 15177.177246681
4542 2229.89372031062 17167.626116409458
4543 2357.0114566310563 16367.685009663854
4551 3758.545430749434 15093.137532465831
4552 2851.4733011640446 16359.652775349608
4553 1059.0022440091586 16901.257691386818
4554 2852.43661455542 15387.839368397408
4557 2690.589324534188 15397.403451096128
4558 1833.6968395028964 16259.525895566638
4561 3210.2027534746508 15647.057866160076
4564 2837.0616567830116 16368.217102502407
4566 2757.4076548389626 15399.047526248534
4567 1763.1173399400982 16571.82076488576
4568 2974.9869548773845 16371.317388755808
4569 2683.0910370284623 15397.204514157034
4570 2975.309378041119 16313.833714801629
4572 2848.002688589459 15410.54830653367
4573 2849.436051167865 15380.261118887796
4574 3127.181675954729 15590.118956453207
4578 2261.6042994062914 16365.669750959882
4579 4071.420278137048 15648.980521265328
4580 1811.8571778925943 16881.67407632936
4583 2645.599312806336 15396.209821855302
4584 1912.9287260416854 15384.951089689828
4585 2859.347646139834 15402.04438154169
4590 1664.8827668389642 15551.981487807505
4591 1902.6876386394806 16356.207227994593
4592 1919.908895612867 15375.483287689549
4593 2154.6288393728732 15382.53263135737
4595 3229.569846304393 15678.958914598665
4596 2660.5959934195707 15396.60769853521
4597 2855.6366150698263 15387.929349057189
4598 1340.7550014034387 15682.95391075466
4600 2827.0438280636213 15541.305662442044
4601 3147.8467045956822 16631.164172991794
4604 2319.2216644449704 16357.315775439949
4605 3220.9522851886204 16602.10949875068
4608 2985.5665001711404 16013.73708564001
4609 2563.5232869305737 16970.603029642192
4610 2331.791034253623 16915.64204146334
4611 2349.5110477225335 16367.591262982955
4612 3440.80182836126 16074.207240562937
4613 2852.1525952120237 16367.786969298557
4614 3401.374196490431 16521.12062654296
4616 1549.3381817292873 15485.040850131018
4617 2931.853338863177 16758.637944754686
4618 3730.1700542909944 15768.227508184942
4622 2379.512485742866 16367.966247236604
4623 2876.8346119042017 15399.355171894631
4624 2855.8360501714656 15380.431156349594
4625 2376.3325757650728 16356.826919993824
4626 1937.96504766187 16357.04520571818
4627 3958.4791595506945 15792.626275545026
4630 2296.9208841444656 15406.291652106223
4631 2753.9043560436776 16361.261546293203
4632 2811.428439416042 16359.347536046847
4633 2675.5926748011884 15397.005575235504
4634 1494.4344703494085 15894.581606608455
4635 2458.588737567919 16771.860992172245
4636 4428.974630999488 16169.498088487686
4638 2866.61238715465 15399.295300664593
4640 1561.4314703514553 16902.862535989912
4641 3044.4410682556963 16457.495212486305
4642 3170.098144239127 16647.39065854995
4643 2825.434873031361 15575.157080624296
4644 2873.7553514472274 16593.58045649502
4645 3420.8239048793457 16084.798686985618
4646 2830.7371200763987 15463.601084074762
4647 2823.398818915637 16840.216566314706
4648 2831.093241643808 15456.108506681121
4650 3578.094962911542 15337.088342437892
4651 2852.835486382741 15372.842921922827
4652 4174.928733448892 15806.288823667175
4653 3586.0010480874034 15995.820202654997
4654 2187.518749161064 15422.594298906743
4655 2244.361466522145 16355.947659369776
4656 2626.4029436095957 17068.160021374588
4657 2402.0136090026363 16368.247485986096
4658 1470.6114640360847 16678.47208241647
4660 3464.572160529711 16080.144456036976
4662 2778.05465726833 17293.784083529845
4663 4246.887389013017 15518.276008217492
4664 3217.6900284768126 15425.88222882216
4665 2336.124951859276 16444.68836632822
4666 1056.3030910121513 16452.90745711988
4668 2348.777440795944 16356.406399704183
4669 2487.3589872774874 15620.220413450523
4670 2409.515823709801 16368.341255237448
4672 2372.0121509252494 16367.872501481756
4673 3371.5075653559256 15300.042127478386
4674 2831.8054809272253 15441.12343292495
4675 1862.3096350220028 15380.543919836991
4676 2539.332128893885 16976.67225799968
4677 2305.7090024845133 16357.068823247837
4679 2587.7241747683875 16967.80394333848
4680 2513.2483289948964 16358.25267819173
4681 1886.3428058064505 15384.78643341217
4682 2848.0339402490577 16858.078924062207
4683 2829.292408378848 15426.72989193935
4684 2645.344393514677 15411.056840223962
4685 2653.097707888723 15396.40876164851
4686 3731.438225347894 15048.298547204255
4687 1525.881049357446 16480.753502019765
4688 3515.0358608960687 16663.15859300656
4689 1623.102521470116 17020.384356795978
4690 4059.9508107814668 17504.228258143557
4691 2786.5364697187783 16370.656878129708
4694 2569.8806486392673 16945.856768378268
4695 1844.9727185585689 17380.001691287067
4696 2886.841847417472 15399.413783939868
4697 2453.40576237274 16361.01115458625
4698 1266.2685906546847 16243.288020356376
4699 3031.551674789038 15382.553900106604
4700 2849.6354865846815 15372.762914330435
4701 1784.041565236636 15382.102320384145
4702 3742.152767598544 16536.293800661813
4703 1200.9687870800067 15678.67032105119
4704 2849.8594906083244 15364.34100001973
4705 2369.029909670615 15158.987909066236
4706 1790.8983161502188 16358.028738872734
4707 2603.149171356312 16372.328297647604
4708 3699.6892200471875 15271.635401311432
4709 3510.683922055163 16458.114372638294
4710 2757.0662387602238 16878.240691381998
4711 1580.8706613224442 15460.69559062816
4713 3623.899036202779 15968.537589848223
4714 2871.3116968070294 15419.886241319033
4715 2803.3893826540498 15396.963457217285
4716 3420.4969586864795 16507.111395810112
4717 3178.7601450963734 16646.213469949766
4718 1066.5845126676827 15393.638648750895
4719 1461.5518612808378 15583.602584319417
4720 4044.439281376917 15677.110217425537
4721 3395.7862780849982 17319.95952077769
4722 2863.9263166462324 15416.461177905321
4723 3060.61191317797 16514.261670937132
4724 3154.161826293724 15406.322170914662
4725 2549.883824805672 15393.670395860736
4726 3975.5466343093103 16980.470664642144
4727 3423.1394877109706 16493.904394410587
4729 3015.772230867631 15421.76050427949
4730 2863.819824337682 15419.65134762775
4732 1923.4643282950487 15378.753051446824
4733 842.5426505583737 15173.208352417967
4734 3039.372977181527 16473.657448223992
4735 2830.1965828895695 16778.07661956816
4736 3288.8408854385025 14355.897232264502
4737 2240.436547179025 16650.263071285364
4738 2753.5465119373403 17226.377272015598
4739 3624.9381317596476 16353.607207484149
4740 2350.9883996945728 16167.805346940371
4741 2177.935518930121 16354.733684401786
4742 2545.392835291961 16969.17975312914
4743 2853.034921820953 15365.34471656103
4744 4131.961868763844 16950.293222335684
4745 3455.1475109102757 17078.145428181466
4747 3653.8728545648673 16401.467437710253
4748 3768.5733368870915 15438.734488270311
4749 1335.7374289592535 15348.366087380335
4750 3612.828984965384 15963.714750035351
4751 3018.2051978858053 15399.423088984144
4752 2479.7140061300724 15412.152564445161
4753 2387.012834979007 16368.059993171664
4754 3322.86414273231 17310.90032826423
4755 1043.0615628171986 16646.992422814597
4756 3060.7610110047835 16490.88817232139
4757 1365.6664794955104 15446.56481387773
4758 2874.745893411073 15602.662916853145
4759 2349.750193405599 16058.897155687024
4760 3594.6768954338427 15916.304082856379
4762 1363.782617221795 16575.542076699076
4763 3424.06845078357 17062.48412373475
4764 2688.2977525291935 16633.182059205923
4765 1423.917168254911 16438.75208370576
4766 3791.180720925585 16621.16226920248
4767 3155.3597877703787 17074.51798513061
4768 924.2687421941584 15939.097606071635
4769 1890.0628368951016 15389.575521774228
4770 2853.306028391277 15355.151880436022
4771 3307.338570544371 17283.19283961891
4772 3196.3057497780082 15028.404476824626
4773 4481.644976252257 15954.931931156385
4774 3687.022284864724 16454.357207761648
4775 2164.2295226395895 17188.06457556695
4776 1858.865006610274 17340.041859629804
4777 3163.01597318049 14976.429763104241
4778 2106.143086949022 15265.315890673202
4779 3519.8465103579465 17282.23337178457
4780 3148.8737093619193 16655.94269877228
4781 2195.0754412521374 15581.703995920994
4782 4501.895151129622 15192.068731471336
4783 2039.9222778862709 15509.7523996423
4784 3751.5338490518557 16330.281161466506
4785 1832.0981682871059 16949.807174726462
4786 1404.2704107516179 15170.742424997934
4787 3174.0722744999425 15403.647131582255
4788 2394.5131932424924 16368.153739219559
4789 3265.068817771033 16854.212293648885
4791 3544.930704482661 16211.830350281642
4792 3710.3983082219315 15267.689972094802
4793 2935.5988550314555 17208.434887143154
4794 2842.6301383349587 15991.45651214994
4795 4304.182930720528 15529.243260795303
4796 3039.673457911493 17137.518699587017
4797 1831.0015208217983 16909.019816589054
4798 3429.01927465497 15653.02711860825
4799 1948.1103136427523 16180.969217386146
4800 1956.1774217961015 16795.538006239658
4801 3088.8695559608655 16897.618165194195
4802 4291.370315823037 15160.64393967105
4803 3959.0947748865055 16849.13445815683
4804 3573.66087687722 15103.420867569053
4805 4112.276364807585 17473.357797301494
4806 2702.6549866037685 15235.016325062279
4807 1042.7467225607713 16870.349701512627
4808 742.4225639061435 16235.286006027189
4809 2454.652471971585 16722.093337593178
4810 3129.109641438805 14971.227751194192
4811 1857.084195133126 16756.889004544682
4812 883.8204961859105 15853.584782466409
4813 3167.579043255132 15345.114409824047
4814 3190.214960529284 17069.69225020675
