3821 3675.4003146820496 17470.375845439634
4114 2809.8916784602197 15400.323406787145
4146 2817.3894233127335 15400.505676096562
4188 2794.8962254232956 15399.958869059712
4213 2787.3984890357115 15399.776599956078
4223 2802.3939659139937 15400.141138263092
4236 2749.9099785535395 15398.865258605976
4317 2734.914555892369 15398.500721616974
4328 2779.900753491326 15399.594330872942
4330 2772.4030891150715 15399.412063519894
4369 2742.4122508889345 15398.682989714396
4402 2764.9053537083087 15399.229794440103
4405 3667.303795949678 15287.25357347186
4430 4861.19609904537 15715.833999165445
4434 2712.421453673461 15397.953916905864
4447 2811.3223212531148 15397.156271697124
4470 2668.0943079371846 15396.806636190955
4472 2727.4168873277836 15398.318454162109
4507 2719.9191589813713 15398.136185253954
4527 1355.2514757175247 15521.80326641042
4531 843.4050006713893 16641.497202740848
4537 3250.509310379573 15403.78961473687
4538 2817.549119623356 15394.10567521207
4539 3213.3904265773062 15403.507495098851
4540 3420.7963360668264 14564.2013005973
4543 1586.285481856835 15459.688337504907
4554 2343.0511049886186 16075.835531405619
4557 2690.589324534188 15397.403451096128
4561 2893.9257420114473 15417.409635172997
4566 2757.4076548389626 15399.047526248534
4569 2683.0910370284623 15397.204514157034
4572 1669.8130977854958 16962.70106129522
4573 2343.461652837661 16055.104687154328
4574 2886.425219448793 15417.158243450293
4583 2645.59942923944 15396.209824944386
4584 4340.134242535092 16103.440883337496
4585 3143.8901684338543 16624.792560542654
4596 2660.5959934195707 15396.60769853521
4600 2878.6358478703683 15599.450584145694
4604 3662.0869542284395 16414.572997548108
4611 1580.3240755174322 15471.100263882665
4613 2978.3217404112834 15399.125216102235
4622 1605.9113119365588 15447.441437555011
4623 1682.0083620221533 15400.319411744356
4630 992.5185699333662 16142.229403943378
4631 4397.293244157883 16185.268508961704
4632 3881.7375224596426 16975.674424288798
4633 2675.5926748011884 15397.005575235504
4638 1275.7444693734133 15138.780090708946
4643 3159.8944539327 15406.836605220427
4644 1363.5716977951258 16668.361892306224
4646 3030.3890938692607 15599.102993946693
4648 3339.9336915116473 15407.672089336816
4651 3557.4239967308836 16230.961785632433
4652 3620.314710992861 17580.78008900974
4654 1130.9196945640788 15169.686486897268
4655 3139.9336438463124 16618.420966732767
4657 1796.7766805563651 16432.551737016594
4660 3516.17477909198 14708.943466032491
4664 2878.9238596044406 15416.925834806467
4669 1136.8998967331527 17083.544711205705
4670 1457.7144599458713 15685.161323159327
4676 3631.161674867279 16357.944510481395
4680 2847.6757023601 15555.969073920385
4681 4342.639565229908 15986.080392757332
4683 2648.856735560837 14752.237493974673
4685 2653.097707888723 15396.40876164851
4687 3236.9557968859303 15351.160800383705
4697 4128.954636716236 16950.679928180885
4700 3135.9770997475034 16612.0493415019
4701 2623.1044834663476 15395.613011918242
4703 2570.6162615126277 15394.220447788632
4704 1895.1977501623248 15402.532528806878
4705 1745.7916243258787 16922.59711736135
4709 2225.187189661019 17287.26703451047
4711 4023.5640915263825 15526.817655125327
4713 3147.8467185431386 16631.1641954528
4714 2871.3116968070294 15419.886241319033
4715 2803.3893826540498 15396.963457217285
4719 2578.114558299001 15394.419384973951
4720 2051.7603840703587 16361.23367969031
4722 2863.9210932240244 15416.461016072202
4723 1446.5820865928317 15909.781280109737
4724 2296.015362734813 15180.526015774189
4725 2638.101152294992 15396.010888285493
4729 2871.4224421262325 15416.693424377016
4730 2863.819824337682 15419.65134762775
4733 2163.052425523956 15392.452835373566
4735 3131.5147856380195 15404.289871701963
4736 3031.6637058130523 15422.022445300398
4739 4101.984416526312 15195.909878109089
4741 4157.630930686139 16083.203899204747
4742 2192.207975960672 15383.127679983909
4743 3510.074096115397 16150.714348637624
4745 3457.6142076278607 15696.30406064447
4747 4719.487769125015 15281.193795384017
4748 2878.8035891286786 15420.121135632748
4749 1433.36445482187 16052.526961910808
4751 1508.1732551953908 15546.499316344387
4752 875.9839043924202 15828.874282766435
4753 1084.1111791865667 16637.44311101912
4754 2840.1329902419902 15104.550608377906
4755 2796.0689552406466 16360.831031700627
4757 1605.395521760639 16287.938823316379
4758 1672.0673099208161 16968.752839663313
4759 3567.589409564442 16434.270155769755
4760 4276.511119449163 16700.923487677755
4762 3150.586711257803 16629.50418508612
4765 2331.5803371813204 17469.896239456346
4766 3779.5242806317524 15228.687854849015
4768 2555.6195997202176 15393.82257160806
4769 2608.1078863390826 15395.215137453299
4770 1906.075751857851 15396.292977660614
4772 2982.730105799682 16730.104657116062
4773 2597.35632801058 16372.241247001579
4774 1843.568319327517 16991.299195354444
4775 2838.639932749854 15401.037163675022
4776 3396.3416414814733 15965.955157042466
4778 2615.606164351282 15395.41407414052
4780 2195.7451344483875 15374.506619583402
4782 2021.8090152671607 15396.510711329442
4783 2810.049393197201 15393.9234064224
4786 2563.117984531928 15394.021511128776
4788 2154.4638140593242 15411.959017166566
4791 2908.909241695129 15418.301682830834
4792 3463.9403872048297 16808.412171129195
4793 2025.4324157119372 16360.677110090308
4794 2595.274179274612 16968.612222754717
4797 3639.536901772632 16381.082674251866
4801 2826.6185218366495 15045.228284453462
4802 2901.417499699483 15417.85565946904
4803 2529.4829446540575 16370.634380255702
4804 3648.758158980382 15320.64156685564
4805 3459.2215182189993 16071.107016245034
4806 2795.8903788315 15396.781189763266
4807 2788.5679078535563 16360.907619891224
4809 4333.131293888748 16801.780517549236
4810 3451.853664329119 16052.219957416726
4811 2833.1618265973625 15411.640208061945
4812 1862.1837290735768 17359.256121101003
4813 4489.976872586504 15170.982926925562
4814 2489.724763766402 16369.648246792016
4816 2348.2085865366444 15924.117390326197
4817 2144.796271887564 16717.68848837115
4819 3497.6462138070992 16246.109778740223
4820 3176.6431474347087 16643.726891621398
4821 2630.6027795071745 15395.811949083782
4823 1636.5478536621058 15421.524973974
4824 3851.9216259676746 16272.44777178884
4825 1712.9893571381863 16939.911223650313
4826 2815.536700516429 16425.71043445154
4827 2893.7864504482422 15420.609563935017
4828 3832.4575595034275 16687.573840742763
4829 2593.1112579544365 15394.817262159067
4830 2809.476926134471 16298.150219470674
4831 2854.183543101958 15462.790401293383
4833 2290.3616826757484 15406.219483684352
4834 2585.612903498987 15394.61832344373
4836 2788.38860523349 15396.598854988313
4839 3666.144253926387 16421.046401347598
4840 2895.000270244804 15399.461567550756
4841 3899.076811847025 15344.928566838353
4842 4103.472117558508 15634.369586892213
4844 3155.2168877175486 16667.587381418627
4845 2837.160787964903 16371.417125291722
4846 2887.500418031939 15399.417641166032
4847 2886.29542139771 15420.356028063625
4848 3508.5628530409745 15374.52335235898
4850 2857.4991424690297 17410.15769141911
4851 3091.8321568320216 15523.648448468657
4852 2872.5006924853533 15399.32978827288
4853 2832.4597013186335 15427.35904075185
4854 3170.0981983699116 16647.390628248577
4856 2865.0008475555996 15399.285861930814
4857 3822.778131593657 16270.402570740975
4858 2808.0520455066444 16352.703379003207
4859 1984.0925185088795 15384.768356412533
4860 3893.394632209867 16228.61394954693
4861 3876.272249453535 15775.010426952533
4862 3650.1236867856746 16395.485657030105
4863 1788.5676137345408 16900.018555245526
4864 3183.189616830965 16640.062303941904
4865 2089.3648547467615 15391.59803458323
4866 2611.221751312192 17043.780290108152
4868 3430.434957651515 16079.703315056991
4869 2844.661287371824 16371.203193521696
4872 3654.1074118421693 16401.841672813185
4873 2429.6759939892036 16368.593234705917
4874 2279.175946247964 17122.45132429563
4875 1859.4646108779702 16129.807770329686
4876 3634.9292255933938 16364.432562035225
4877 4244.685132028444 15962.373947621272
4878 3216.4821372774572 15545.68415803658
4879 2342.309777282873 16359.02928906183
4881 2822.5630435253674 16023.056983072041
4882 2909.9999828103078 15399.549420367877
4883 2552.3547309852092 16964.887324888787
4884 2949.601084572858 15398.910754813118
4885 1562.1998836869966 15475.979067327398
4886 3414.937879760551 16078.252215052249
4887 4061.514596585672 15654.862330604898
4888 4006.7598726307774 15699.473405597491
4889 3466.765979165601 16060.334244046227
4890 3658.0911673430664 16408.197737170172
4891 2880.0005496663766 15399.373714686702
4892 2314.5198060336515 16589.17432191106
4893 3063.2252845633184 16512.405026417935
4894 3256.260510983357 16586.408220782185
4895 1369.7230771118327 15384.120456811492
4896 1799.7849738298028 15382.389218775574
4897 2849.236615089335 15387.759348323729
4898 3332.500387513287 16053.113228531944
4899 2539.4206297335945 16972.861977759534
4900 2160.2131471769026 15385.84821358033
4901 3382.1712580525423 17406.85514089971
4902 3780.1152429195713 15855.221122249273
4903 2600.6095502458124 15395.016199225129
4904 2580.0586505746696 16987.67503882291
4905 4038.0299376205626 15559.312918273094
4906 3450.6668534100468 16471.21436143397
4907 2347.3938150884624 16199.82237887971
4908 2167.998284977257 15386.00927606264
4909 2941.540950305721 16369.505542214089
4910 2902.5001181668117 15399.505493910348
4911 3567.388093601088 16407.605315098634
4913 3473.241866037005 16482.165377766094
4914 2721.3043598998875 16898.289514228913
4915 3215.304897331211 16771.29457786838
4916 1331.740371280022 15675.36018298816
4917 3374.1019853186913 16099.470040617916
4918 2177.7944206959583 15412.767658968653
4919 2293.8926767245102 16616.211360686702
4920 2800.244140550929 16128.561114263144
4921 3259.9196241572254 15401.852740151047
4922 2832.076183890595 15414.891510919182
4923 1875.740277301584 15367.88125143642
4924 3951.317866524713 16844.792216056565
4925 1480.065095039089 16758.564342480895
4926 2901.9475778068586 17478.519946392687
4927 2545.9460187490713 16968.83868219128
4928 1458.216515422865 15591.856229155108
4929 2482.099075796508 15389.038165272439
4930 4308.641062973902 16018.450871511515
4931 4240.677895665538 15918.772853377493
4932 2523.385588104473 16986.504308653195
4933 3511.2643370217147 15780.946086674132
4934 4293.399102459768 17262.59007242711
4935 1993.0696812459971 15406.07568543068
4936 3585.0991767815694 15667.94914955893
4937 2852.6867624897277 15378.434517388574
4938 2821.0754115399714 16208.12610739168
4939 2898.7781196210967 16351.709555569307
4940 2915.2533243596395 17498.984352654494
4942 4044.11695108094 15103.924224087503
4943 3246.6418708500164 15408.560520533134
4944 2821.6642627803867 16105.516127752097
4945 1849.5894703857814 15408.751031279002
4946 2264.298577329518 17134.641459337345
4947 3361.1145555158996 14465.461976240336
4948 1275.3622242452304 16625.905950897064
4949 2733.5013846263146 17218.88239423102
4950 2194.4603882528318 15416.362745068882
4951 2917.4998311748063 15399.593346730062
4952 3917.7235517842614 15741.725313152274
4953 2503.690387477045 15300.89441982005
4954 4184.075106590605 15597.402868371906
4955 3160.3644827041385 15406.878784643191
4957 1128.9074114605228 15470.333115309622
4959 3192.367926007736 16734.033713253855
4960 1048.75321769556 16616.761940637665
4961 3321.547516517467 15215.815207137517
4962 4135.77951579459 15250.715841309486
4963 3022.418526159322 15399.454688946194
4964 1310.911583568521 17029.865425822736
4965 1497.7265190004753 15900.393208292333
4966 4425.903719594775 15955.940768844972
4967 848.4097038808494 15776.577306343368
4968 3932.9033525428854 17235.233627733203
4969 4589.321536447268 15869.983589271435
4970 3091.347539193677 15580.014493094039
4971 889.0864519918658 16449.5713161827
4972 3593.342419609379 17589.544278705423
4973 775.7837595573789 15781.321508660378
4974 1939.019190411438 17314.11357258455
4975 3136.1854972142214 15849.67149962029
4976 2034.40443975263 15777.329955185196
4977 3315.4213413838556 15489.229064818575
4978 1500.3140952220522 15852.954324282755
4979 4440.5370381385865 16321.918924776417
4980 4230.41685968345 16626.49371036365
4981 3357.32106768051 17364.73058819584
4982 3164.354079303706 15889.957869518461
4983 898.187531511728 15100.526679174172
4984 3533.5498568881976 15823.23875303086
4985 2938.5837090807486 15341.274033988657
4987 3329.516765999613 15407.592623825949
4988 4071.8267069941394 15512.127618925282
4989 1848.140250554777 15563.218149580365
4990 3781.267050417883 15224.11800280638
4991 1051.133865163656 15678.151905474331
4992 4006.590260609566 18030.428651978884
4993 2632.436448263141 16642.770531564875
4994 3433.1221159312495 15659.236555233463
4995 3385.584490324377 17534.590766148318
4996 2965.9749042145595 15649.881085568326
4997 4393.46519349826 15759.088934818787
