1007 1533.972972774421 16488.054388763325
1010 3270.6193355887785 15740.564625691171
1021 3529.463233104769 15361.451103117693
1035 2943.3058838924053 16357.29589530622
1036 2647.556873630917 15550.879676340464
1046 2848.083864005539 16356.55266769652
1052 2846.0536753709725 15579.193109020069
1053 3324.3701720049894 15220.148352285438
1054 1362.6215206471272 15395.949755238387
1067 2334.632159610535 17475.112942886204
1070 1499.578623946674 15842.307801347722
1083 2646.868423805618 14742.318269764943
1090 1659.1770978763825 15557.301525483725
1097 2333.6926717868714 16289.087124449878
1109 1409.0289711318742 16006.057039825326
1113 2864.3306105483925 15599.495821162885
1115 1851.3950699989725 16865.496188235767
1125 1826.4982098237508 17393.392735365225
1126 2886.4251829576388 15417.158242319716
1127 2334.4089983514505 16352.957795410965
1132 1048.4963731855034 17032.868443911135
1134 3564.4469129154463 15679.78063656494
1135 3197.687148003361 16614.86170403877
1136 1105.5700248821684 16733.07147958471
1138 2802.3093389283194 15400.139080990866
1140 2865.000934477041 15399.285862439909
1146 1524.1081082691996 15812.90636087506
1151 2845.3243405669236 15596.545501272763
1157 2871.422423944707 15416.693423813713
1159 3162.5015349523683 15407.070559350872
1169 2337.7125137567796 16347.548001787687
1171 3347.4810552074305 17347.964607089532
1174 2878.9238309400926 15416.925833918382
1178 3120.7279011829414 15588.278641024825
1179 2324.638834979649 17458.030621720147
1186 1484.9748936356782 15813.357563531137
1188 4095.3165886232246 15452.151385405168
1197 2863.81979497193 15419.651346707042
1198 2850.5639176001614 15514.615870453217
1201 1815.4972776979066 15393.756919578385
1202 2848.462076171767 15544.709845112211
1204 3616.101564947619 16338.38986730664
1207 2601.8248753204007 16964.957045190233
1209 1847.5024365296204 15623.58561986025
1219 3338.162475406163 17331.663143896225
1220 1300.9894460739956 15724.720430959243
1224 2832.4824764367036 15426.879866361958
1226 2829.292408498252 15426.729889430693
1229 3030.77591250142 16079.0165958733
1230 1932.1201706486074 15690.775698362462
1233 2817.388858555564 15400.505662367379
1234 3313.1538792973574 16905.405665855902
1235 2881.247451766089 15208.84669608167
1236 2595.2742014558407 16968.612210377967
1240 1306.5114836245514 15695.094669154323
1241 3769.9758362106923 15235.639841410919
1242 3444.550938850751 16901.59364823599
1244 3143.890193963411 16624.792601655496
1247 2189.0081861130225 15505.724159937432
1248 2830.0662735658593 15477.715279505363
1252 2338.1620542893434 16067.82873259026
1261 4392.978273011106 16943.210953848324
1265 2376.6937488736744 16367.931016193997
1266 2600.2744260376753 16962.157514488972
1267 2332.3726999190153 16351.867486301599
1268 2880.000749564259 15399.373715857497
1269 2849.226073291794 15388.155689934587
1270 2944.006196324567 15158.368000897395
1272 3657.995375349773 15892.514231223178
1275 4601.447969504236 16086.077919870047
1278 3588.1252234350354 14824.754673583388
1279 4048.593031796034 15298.619876650915
1280 2766.3662110888663 16869.21976801301
1281 2871.311651288176 15419.886239891874
1282 2809.8891717466504 15400.323345849229
1284 4576.062499302979 15317.297537389326
1286 2784.517579015367 15399.706565366982
1287 2859.6981567951443 16367.571900063875
1288 2900.595028343256 16797.681658077534
1289 4411.550547002127 16393.982703988833
1292 2774.412791279106 15399.460919146857
1294 3827.119148310296 17092.914123169
1295 2711.8246661474727 16371.70428738081
1296 1437.1984068394247 15645.153437534718
1297 2682.6864306824723 17116.58272652724
1299 1856.863204286927 16869.71280362763
1301 2852.152702681121 16367.786966235393
1303 1811.8571795617963 16881.674075480427
1305 2851.521736754925 15408.018982616579
1306 2842.028802246508 15400.895769478833
1309 2872.5008309383793 15399.329789083795
1310 2476.482750804308 16799.836814426842
1313 3817.881553167335 15209.873415799533
1314 3071.9187811155734 16260.912759053388
1315 2390.5941869625617 16368.104756046021
1317 2343.6520069590106 16367.455821844029
1318 2878.8035790726635 15420.12113531746
1319 2789.6654753758366 16360.896413361488
1322 3951.8648900044077 16197.020839761553
1323 4101.249890645415 15631.952062403316
1324 2361.7833695272657 16367.744653211428
1326 2844.6072043020927 16368.002033668587
1327 3132.020089955682 16605.676966318228
1328 4013.3416061310245 15536.339285686476
1329 3109.0084784666515 16562.547595023767
1330 3147.8467132352976 16631.164186905044
1331 3128.0618815895714 16599.302660948517
1332 2837.0616942321203 16368.217101435004
1333 2701.041555076303 17145.031564202724
1334 2787.810876718092 16860.616803450615
1336 2867.900134903929 16811.9601478324
1339 2852.4366145420163 15387.83936890134
1340 3144.4658984792904 16642.42533580735
1341 1834.2431644203252 16338.627198499542
1342 3533.2059626186783 16196.069576434094
1343 3663.197626149213 15262.66253341729
1344 4515.123141928146 16130.192726234023
1345 3301.646104414158 16137.720521329238
1346 4195.784732594059 16570.9538573732
1347 2452.22068716822 16785.298929937624
1348 1117.9243300626442 16325.485734924692
1349 2791.61192295503 16357.676035234306
1350 2446.441263647818 16782.24750111264
1352 2199.036677035424 15385.531030064549
1353 3062.7165488900728 15422.534292907094
1354 2867.243811308612 16367.363875714464
1355 2837.7004226901067 16606.773447160398
1356 3601.0313593722835 16312.437656491831
1357 988.9959026991487 15610.440225158969
1358 2887.5006191285597 15399.417642343848
1359 2855.6366144720914 15387.92937153034
1362 1376.1449394008987 15466.734868180629
1363 3562.0624628077835 16245.32981155855
1364 2251.0294821560365 15385.832715833476
1365 2407.948211890341 17070.040106453973
1366 3596.5107795456843 15930.445166675503
1367 1843.6550164714456 15382.750086150005
1368 3472.3501669579164 16057.312829913393
1369 3538.466883805883 16442.911241476653
1370 1816.230376926379 15382.68890989182
1371 2831.41293727586 15449.382308425334
1372 2972.591850966155 16385.598807687646
1373 2991.0689222498504 15399.220401151806
1374 3556.190222212848 15348.88011579742
1375 2813.1187968047643 16351.802128870146
1378 1860.7967353757397 15380.7607785862
1379 4177.55545828247 17061.963823711965
1380 2378.40715017924 16360.062470627996
1383 1459.9358629831158 16699.0724328411
1384 2806.673432766864 16356.60339131748
1385 2890.2338333627736 15420.479509626886
1386 2800.5787662564417 16360.401657567669
1387 3459.4713366730566 16071.528969181962
1388 4224.926428154392 17044.83456540721
1389 3139.9336825814803 16618.421029111945
1390 3344.669291930555 15257.783789216766
1391 1858.8437685470435 15398.274775468055
1392 3643.2600997641057 16384.23954199862
1393 3722.3110567390963 15280.614389973009
1394 4350.144715137691 16972.37224980958
1395 3607.173630575958 15929.977723729367
1397 1620.5387001555202 16427.526575848904
1398 2850.3463786427515 15346.035394441009
1399 3795.0756188025803 15222.140326281511
1400 1430.6848225309777 16193.586068868293
1401 2215.1385184409323 17276.27394639722
1402 2793.932959256187 15399.9354521707
1403 2175.856377812284 15385.916101701916
1404 3347.0474804034234 16529.029924207876
1406 3503.907865420226 16040.238032345702
1407 1915.3316435943182 16346.30822189786
1408 3359.4024133633484 16117.361752770794
1409 2696.98911469 14697.001100549533
1410 3043.9112943034156 16480.865907451545
1411 4396.255907346123 16185.784876435655
1412 2585.093226118262 16372.013697876693
1413 2330.051701039444 16499.198442135086
1414 2401.0701395008027 16368.235693677781
1415 1817.5296126473734 16348.275564252575
1416 2466.5286087466393 16813.41925841488
1417 2849.4255080116923 15380.657511579362
1418 2652.421972904485 16362.29771520416
1419 2490.5181645858092 16361.285136436061
1420 3378.4525599351014 17008.079467278694
1421 1623.4954376261114 17481.76224194129
1422 3720.5688517650046 15032.051081101316
1423 1437.865747820296 16287.10248754775
1424 2736.5573897011327 16358.238236880987
1425 2902.50035534953 15399.50549529952
1426 980.231461115355 15327.110276498868
1427 2223.26386059408 15385.402054921284
1428 2874.8297694706685 16367.193592322621
1429 2552.354737603347 16964.887320808306
1430 2299.337609051878 15764.234251598997
1431 1436.3440029618787 16056.910827635591
1432 4136.816862218347 15623.952379236915
1434 2852.6360494125443 15380.341184882873
1436 3365.108910720552 15901.688748778237
1437 2832.1263567307064 15434.372404592636
1438 2215.361119129072 15410.3620121808
1439 2545.816450459019 16968.918568850284
1440 990.5939290556904 16093.079600140614
1441 3171.3367642803005 15583.04073459313
1443 3562.2185404376332 16239.218408836168
1444 3102.8747466876907 16253.440021022398
1445 2349.6374194575533 16063.736183275894
1446 1079.2624635541417 16343.249460128409
1447 2633.0007708018716 16925.051522946276
1448 2895.000464783932 15399.461568690165
1449 3631.162513182454 16357.945954133376
1450 3054.376887344349 16708.43364691262
1451 3485.170860088124 17190.31576041812
1452 1360.0212445465518 15662.91122623789
1453 4304.916075664468 16060.478185894577
1454 914.8786095712618 15094.698525197338
1455 4259.359068543955 15533.17130631494
1456 3732.4957686621506 15765.785053613374
1457 3125.4168488109954 16588.971241556705
1459 4232.033554892434 15895.98672851216
1460 2602.6802059590937 15395.071135756865
1461 3634.929259710191 16364.432620787333
1462 1798.205918731548 16365.418538030697
1463 4285.859003887982 15539.87996736335
1464 3231.903894122785 16612.792988288937
1465 2642.9805097940175 16342.83303338106
1466 2831.7702247679854 15441.865200697195
1467 2512.546448742297 15213.61837982885
1468 3135.9771527297794 16612.049426824644
1469 1951.9638779665945 16347.858852551035
1470 3618.1277016961835 15911.620961498655
1471 3286.862714309479 16995.66001273593
1472 3739.0956451491734 15852.522987969734
1473 3782.851103919174 16607.760492933176
1474 1830.8070207955814 16031.58032895232
1475 1261.5719304309694 15292.047942387431
1476 2593.7241424313906 16965.812269051068
1477 2934.1815246304973 15399.705571844961
1478 1842.166311056743 15508.783768928095
1479 3719.5903605233034 16506.3194290432
1480 938.5825193677393 15962.16414219863
1481 3949.847562768439 16843.023382328407
1482 3331.1032276452033 15407.604726147789
1483 2504.5967340899715 15396.213915952616
1484 4640.041122313879 15435.067089143224
1485 3643.327540373638 15323.590949393025
1486 2965.365133599886 15910.201854581737
1487 3009.5305569751176 15599.294378784976
1488 3600.8343502262023 15150.569036354791
1489 1840.5435801638566 16857.43288994681
1490 2293.6687588553173 15410.519405166771
1491 2193.0859019195755 15467.354721927917
1492 2497.5011110825612 15189.3348821359
1493 3240.23664771301 15352.792518966633
1494 2810.170954217027 15977.518624087803
1495 2020.9296000853776 16317.40377836895
1496 3792.8359964604897 15813.333029523428
1497 3267.6255308907907 17288.946731094064
1498 747.0377064893041 16529.19438127859
1499 2951.4128806088397 17195.524064638368
1500 2862.8071529220047 15223.897541583185
1501 2156.4059847097833 15385.769449266423
1502 4537.735196750443 16860.28771733951
1503 2354.863076212571 16171.640365595722
1504 1885.1934956400282 17456.829690015413
1505 3870.4022413573266 16677.949067322515
1506 3771.4674977214504 15444.387435713681
1508 1929.439241252429 16721.3490494914
1509 3129.7896913681075 16968.91487526485
1510 3609.1336095144015 15956.820620920389
1511 4063.1875145580834 15610.807229195958
1512 3017.98795831978 17138.87681624968
1513 1937.8423350043918 16654.896480240026
1514 4419.182547985249 16242.931077837808
1515 2594.9586308352236 16409.127310593987
1516 3578.419874212764 15111.566348673965
1517 3143.740848255412 15864.900872137872
1518 1015.289868437429 16238.643753075485
1519 1502.6528029383373 15840.299233513406
1520 3378.436536988179 17367.70590608863
1521 3941.6827083112153 15175.116380326841
1522 4628.1926571755175 15694.754129689287
897 3414.7835337670667 15625.12273297106
929 2863.9210713706548 15416.461015395136
973 2832.332526997534 16007.617626646364
977 3091.564531992135 15554.775985880295
