3821 3147.846584668667 16631.16397986113
3907 3617.284218689762 15187.07121468243
3922 4086.209118270898 16930.44269227254
3959 3559.457443500271 14778.565448460475
4021 3639.877805543994 16372.54459100358
4028 4029.615997240962 15572.62904106754
4042 3633.2362997357723 16361.51719578284
4114 2809.8916784602197 15400.323406787145
4146 2817.3894233127335 15400.505676096562
4153 3623.627409864581 16344.969847812914
4173 4454.779320204044 15108.711458160911
4188 2794.8962254232956 15399.958869059712
4203 4132.935077688111 15723.461895156976
4213 2787.3984890357115 15399.776599956078
4223 2802.3939659139937 15400.141138263092
4236 2749.9099785535395 15398.865258605976
4317 2734.914555892369 15398.500721616974
4328 2779.900753491326 15399.594330872942
4330 2772.4030891150715 15399.412063519894
4345 2881.688308733084 14520.915760268545
4369 2742.4122508889345 15398.682989714396
4397 2921.4650064451253 16986.76810181047
4402 2764.9053537083087 15399.229794440103
4405 2832.517719065171 15426.138383268784
4421 3544.6620247679703 14754.727225613462
4426 3954.2563166593527 17231.262118988456
4430 3164.3796972236532 16629.47424068518
4434 2712.421453673461 15397.953916905864
4435 3139.345028550224 16617.47305967596
4442 3818.9064920936758 16659.707944982565
4447 2811.3223212531148 15397.156271697124
4457 4240.154233303065 17132.142197510395
4463 2831.4493631172004 15448.615931265542
4465 3143.840734235835 16624.712951627524
4470 2668.0943079371846 15396.806636190955
4472 2727.4168873277836 15398.318454162109
4477 968.7997600195506 15700.654549427287
4479 1552.4284649968642 15497.315747448523
4483 2832.161601110493 15433.630884652792
4488 1478.4960200319656 15589.049005153782
4490 1331.1967806273549 15309.680725575947
4496 2830.0248792213088 15478.586190897951
4500 3655.602836367676 16398.188368468047
4507 2719.9191589813713 15398.136185253954
4524 2823.94617020431 15413.852144295446
4527 1531.0734252112118 15521.048932203114
4531 1742.9731273945301 16387.71164102197
4537 2830.38099833582 15471.093665111768
4538 2817.549119623356 15394.10567521207
4539 2829.6687585908016 15486.078748579745
4540 3777.046821016044 15821.926090084227
4543 2253.725991020187 15700.163040242845
4552 3128.679982404754 16600.298051534566
4554 2843.486892958201 15416.922312629802
4557 2690.589324534188 15397.403451096128
4561 2893.9257420114473 15417.409635172997
4566 2757.4076548389626 15399.047526248534
4568 3134.861352555081 16610.252540358033
4569 2683.0910370284623 15397.204514157034
4570 4010.8667846802355 15689.548392078723
4572 2343.9268461192346 16042.268103725954
4573 2848.5793690363657 15402.79153894086
4574 2886.425219448793 15417.158243450293
4578 1772.5474705499603 15812.015495309988
4583 2645.59942923944 15396.209824944386
4584 3240.1625366153457 15406.911192079606
4585 2959.9842319638674 16361.981798211575
4591 1607.387568048746 16734.359624649514
4592 2312.9708037740443 15180.789244521435
4595 2999.533403119929 15399.28360665412
4596 2660.5959934195707 15396.60769853521
4597 2909.046742950501 15399.545621354962
4600 2829.3126395165477 15493.571273518935
4601 3175.9463761341353 16680.626267088825
4604 3129.071643195847 16594.85683488189
4605 4551.54656365046 15867.665747491743
4609 3338.24997256436 17338.956742336533
4611 2234.7611960709755 15671.240338914531
4613 2827.154887267177 16367.388158306061
4614 3106.0403867399036 16925.104652928418
4617 4273.80156629174 16036.599862475554
4622 2324.4285643267926 15818.853762950364
4623 2525.1018557480434 15415.841685092488
4624 2885.6483110837667 15399.40902966871
4625 3087.4466216227825 16175.698577396695
4630 1545.3130635107027 15514.789480572932
4631 3142.85042850538 16617.04586066761
4632 3149.7566354338874 16628.16745086411
4633 2675.5926748011884 15397.005575235504
4635 2923.2292742586237 17212.94605115563
4638 1937.4112251938598 15400.069845008613
4640 1834.4918669352307 16920.8778268081
4641 2386.9923203260187 16803.771683642863
4642 2552.665658286927 16371.209387692714
4643 2828.9565199754347 15501.06380828055
4644 2281.5105161153315 16626.924706463524
4645 2838.1017978218592 16157.513411623331
4646 2830.7371200763987 15463.601084074762
4648 2831.093241643808 15456.108506681121
4650 3108.9819527349377 15367.416108626277
4651 2851.8479598217978 15401.267332829131
4652 3539.28321732791 16446.11340935973
4654 1603.000456997436 15441.111945366934
4655 2869.1998806531233 16355.91289434445
4656 1892.023493303917 17351.950711518788
4657 2047.003227281215 16361.133114055496
4658 1833.0727750446376 16892.768297207745
4660 3607.7507040576133 15954.240658775989
4662 2167.291238087864 16684.468118630753
4664 2878.9238596044406 15416.925834806467
4665 2841.8929270058534 17036.521207644742
4666 1177.740755795912 16956.717311198772
4668 2955.717931348763 16170.858323127535
4669 2200.7970822272637 16665.42892858424
4670 2114.6790060061367 16362.563770632634
4672 2275.758019122545 15721.13846108837
4673 3128.384903064615 15166.92180114147
4674 2831.8054809272253 15441.12343292495
4676 2812.166807743696 16822.69068832821
4677 3192.304636316704 16195.921364574278
4679 1662.3720425243685 16973.87054384983
4680 2828.0435036858653 15520.273105995984
4681 3266.868137885354 15407.11470879886
4683 2822.8924752210123 15426.419891939351
4684 1443.1148210951326 15614.225639893388
4685 2653.097707888723 15396.40876164851
4687 1848.868484093623 15477.293887190339
4689 2022.356194669091 17281.199725419847
4691 2235.3900745081764 16365.11558588086
4697 3136.8975653228986 16607.45951240195
4698 833.4507131191983 16203.6144710466
4700 2849.230931982548 15387.973016978412
4701 2474.628272129203 15388.952402492056
4702 3796.608859091305 17301.508124609205
4703 2160.4317136390337 15385.852735383005
4704 2849.5652450388848 15375.403796713394
4705 2433.7567042463224 15710.134290903075
4706 2336.456049707135 15839.251530293279
4707 2192.4397098663676 16364.20762112858
4709 2840.7595081929253 16830.489190542616
4711 2355.2026723087733 15397.769348500204
4713 3120.1510033795507 16586.562969454506
4714 2871.3116968070294 15419.886241319033
4715 2803.3893826540498 15396.963457217285
4716 2728.254707166892 16624.408422488024
4719 2167.995665065724 15386.009221860713
4720 2987.6462603848454 16352.958921021911
4721 3825.6604282679054 16676.637727831276
4722 2863.9210932240244 15416.461016072202
4723 2266.373067810038 16365.770562062617
4724 2522.609573113758 15409.356239737695
4725 2638.101152294992 15396.010888285493
4726 4671.560608653107 17146.271956829885
4727 4783.933062259383 15748.162943854337
4729 2871.4224421262325 15416.693424377016
4730 2863.819824337682 15419.65134762775
4732 2483.8282762583485 15389.522231700357
4733 1016.9996566922848 15660.88015708404
4734 2840.5822197297243 16368.116756786549
4735 2828.600397998416 15508.556394292114
4736 3670.1188400128876 14950.794308331098
4737 1617.3626992610823 16990.386092020504
4739 3572.3863185987097 15994.675947111995
4741 2831.442592666158 16357.403021281138
4742 2386.8241735517663 16687.832654624443
4743 2852.5191337762903 15384.736880344482
4745 3621.6603456119733 16378.258236018859
4747 3532.9505042271653 16015.759073112558
4748 2884.209388249551 15420.290624384063
4749 950.0161747081304 15580.839549135495
4750 4544.731576770061 15380.172048113567
4751 2524.8158219406223 15412.665282972903
4752 1893.3351942708507 15402.504907056264
4753 1948.2666700696352 16357.289909916524
4754 3124.4258200259364 16613.598995642125
4755 1686.9072853125797 16399.312240860225
4756 3172.9331882409792 16663.40789747387
4757 1054.8327797056827 15680.854701087208
4758 2389.9597341577046 16368.096826099085
4759 2907.9966985662236 16355.47905480399
4760 3628.122217115476 16352.710298649103
4762 2319.846612750712 16357.327196753862
4763 2925.074297116305 16625.49133338073
4764 3492.3635362391287 16245.337480356275
4765 1590.7232598325584 16970.732680617093
4766 3507.885096865238 16029.149478421385
4768 1618.3195612279344 15415.968611582939
4769 2459.568288626405 15388.779518005294
4770 2849.868079449652 15364.018084009056
4771 3154.3530513687506 16672.278955954596
4772 2850.1232341687064 15354.424992131053
4773 3364.5861705876923 16537.417354990932
4774 2925.051150848949 16780.62622549125
4775 2756.4891108773436 16838.75173273634
4776 2735.5877191039613 16861.22484397393
4777 2574.462291596794 15088.632129806902
4778 2467.1182473345375 15388.866189463872
4779 3351.1848921974515 16959.090160334523
4780 2349.6421820878923 16367.592902015127
4781 1853.4649465436737 15278.404445244722
4782 3864.125281221819 15203.780869164715
4783 1982.6146392021071 15384.769380229165
4784 3457.832777022056 17080.432115072224
4785 2239.5493364918852 16632.96568517259
4786 1834.748481648546 15383.026372673507
4787 4245.125665209016 14969.872658552116
4788 2338.408378344305 16047.55899980087
4789 2486.6737728503517 16369.572572196937
4791 3333.4752827273983 15852.89454699559
4792 4185.865113061955 16085.939556954776
4793 2577.358897247299 16989.39936495791
4794 3124.1873709954716 16593.063142610772
4795 3594.307872529526 14828.262044804083
4796 3142.0792261088145 16643.44723861241
4797 2346.393059313547 16599.397536188306
4798 3536.6545183933113 16195.60431029497
4799 1833.7748831058034 16822.7501756142
4800 2724.7475893636292 16622.128596806153
4801 2859.7856132087277 16367.569407315823
4802 3745.035664729137 15268.210549025438
4803 3211.3599351792814 16624.293101445415
4804 3627.4936826642756 15198.774235337785
4805 3922.479781770921 16810.09885643588
4806 2795.8903788315 15396.781189763266
4807 1638.7255916322729 16419.284104929084
4809 3327.1774484680113 16547.447464039167
4810 2853.249149604675 15357.290361071626
4811 2332.708775460819 16367.844829028405
4812 1497.9136658534214 15864.603977781297
4813 3839.8489296349317 15204.14967889048
4814 3198.311190435432 16743.68848275614
4815 3458.5756387090855 16490.115079457853
4816 2852.8813170526446 15371.11981905863
4817 1476.1539832644944 16284.823487700516
4818 3466.665353175618 16489.369442958694
4819 4019.546858409005 16901.96999081246
4820 4413.972494438769 15969.552849054186
4821 2630.6027795071745 15395.811949083782
4823 3518.067211656179 15391.719797489708
4824 3733.7863147800476 15255.100595918799
4825 2425.1270455614704 15716.901896777297
4826 2435.992790350376 17033.47465114276
4827 3091.321021961392 15462.804913095839
4828 4097.714821615959 15666.175050137192
4829 2193.909661858362 15422.717351176469
4830 2066.8296340545044 17248.372962736274
4831 2851.2755738784535 16367.811966815963
4832 3296.450009128058 15784.014434525723
4833 4057.3523426180395 15117.246752712997
4834 2193.7572711749244 15430.190355845049
4836 2788.38860523349 15396.598854988313
4837 1875.8404274508307 17351.866309034413
4838 2758.789898471769 16612.757674758755
4839 3847.21847545508 17267.00839060997
4840 3173.167630005267 15407.854874434697
4841 4382.069585563593 15768.109568926327
4842 2982.3978257459116 16310.106717849063
4844 4049.526792027122 17513.90196508163
4845 3709.731272356333 16126.499066873923
4846 3095.2387176790908 15401.20648736401
4847 3186.595863366454 15425.16031652045
4848 4443.907166979451 15089.476457312752
4850 4085.1915577051655 16956.93718421535
4851 3723.8415713347536 16513.10221717029
4852 2937.4369057356175 15399.627507465539
4853 2388.3580992615152 16767.459066602667
4854 3800.093539385338 16635.502376176737
4856 2869.04772029845 15399.309564329738
4857 2838.115569978465 17035.09644283596
4858 2534.805362460835 16975.707568163536
4859 948.6418857134929 15990.814244237583
4860 3450.0803413743383 16696.228261225824
4861 4471.651843518647 15132.068954893215
4862 3931.3726536634827 17217.113043079786
4863 2488.672578368785 15583.791749700307
4864 4585.779493009796 15875.605759339114
4865 1449.9631113804887 15135.908877188314
4866 3154.0191284128427 17340.527639424476
4867 4192.310488239662 17092.481666605774
4868 3678.079951100046 15521.352372484644
4869 3123.2535342040055 16146.253591074677
4870 4144.814755443925 15047.751878019966
4871 3220.132780230994 15543.688719849171
4872 4320.186647788911 17302.088379541394
4873 2966.623450211275 15824.352401897786
4874 1301.820790884277 17297.65812294552
4875 2010.0814114752593 15190.141992884706
4876 3634.787976140952 15834.744692513968
4877 4566.2979343579045 16314.69531142995
4878 4187.607206071307 15164.30730980114
4879 1491.8939798413564 15904.039516190232
4880 3183.6803679948953 15404.88176878074
4881 3232.2292186411155 15533.426594231822
4882 3416.137659192522 15408.155577679909
4883 1954.8428967377456 17593.181672331502
4884 3385.352207039211 15321.74831429956
4885 1212.1228065533937 15826.158799035997
4886 2969.520703668604 15626.385567607242
4887 3346.138428175946 15874.357505382959
4888 3106.1199212598426 15398.79586176728
4889 4370.122440583373 16186.009766471192
4890 4302.645847916552 16750.823615905036
