3821 3232.147253700804 16772.744027330285
3907 3631.165526157015 15205.345923727109
4021 3979.852027205783 16411.395695960244
4042 3954.8780248282314 16425.78907276459
4114 2809.8916784602197 15400.323406787145
4146 2817.3894233127335 15400.505676096562
4153 3842.9149991769277 16697.788428183452
4188 2794.8962254232956 15399.958869059712
4213 2787.3984890357115 15399.776599956078
4223 2802.3939659139937 15400.141138263092
4236 2749.9099785535395 15398.865258605976
4317 2734.914555892369 15398.500721616974
4328 2779.900753491326 15399.594330872942
4330 2772.4030891150715 15399.412063519894
4369 2742.4122508889345 15398.682989714396
4402 2764.9053537083087 15399.229794440103
4405 2861.0594808602036 15399.505977843202
4430 3882.473230353507 16234.515087336858
4434 2712.421453673461 15397.953916905864
4435 3191.59706016038 16706.278997458277
4442 4335.720306090064 16820.548972228127
4447 2811.3223212531148 15397.156271697124
4463 2832.4793151909685 15426.946377015904
4465 3213.895902809075 16736.678250387387
4470 2668.0943079371846 15396.806636190955
4472 2727.4168873277836 15398.318454162109
4479 1298.2562536745208 15198.78064437182
4483 2837.611634885856 15401.187453362838
4488 1670.5566878172224 15838.075280240255
4490 1065.311665533335 15394.37734814038
4496 2830.0545486904844 15477.961963627351
4500 4096.880993051216 16943.479297477592
4507 2719.9191589813713 15398.136185253954
4524 2641.8393027658167 15726.366246297475
4527 1304.7277700941117 15552.055693223569
4531 1124.4892868898435 16722.37451688517
4537 2830.5155245703963 15468.263316387403
4538 2817.549119623356 15394.10567521207
4539 2829.6741665725826 15485.964967989788
4540 3924.57657848593 15379.149208732762
4543 1946.8240355868602 15401.087311552592
4552 3149.7005939117294 16643.454816100577
4554 2526.9012667362126 15415.805173350645
4557 2690.589324534188 15397.403451096128
4561 2893.9257420114473 15417.409635172997
4566 2757.4076548389626 15399.047526248534
4568 3164.530635638472 16661.914949908576
4569 2683.0910370284623 15397.204514157034
4570 4586.880766840229 15356.524024498234
4572 2219.1284831690728 16655.012386774462
4573 2534.40362140453 15415.918865191117
4574 2886.425219448793 15417.158243450293
4583 2645.59942923944 15396.209824944386
4584 3857.7720791110264 15218.752081551476
4585 3128.743482750414 16600.40031259737
4596 2660.5959934195707 15396.60769853521
4597 3240.254172569035 15344.949239303356
4600 2829.3126395165477 15493.571273518935
4601 3437.9309627266166 17219.381949596427
4604 3540.430954442061 16429.458011117764
4611 1941.7591590697389 15403.747676068571
4613 2823.3481095351103 15625.476531509155
4622 1997.1952127668949 15409.43616791089
4623 2209.177592991449 15416.506213579074
4624 3242.7690083014763 15363.121832559122
4630 991.7156213855885 15711.404195780855
4631 3664.3381644948117 16362.03279528123
4632 3668.4857410127042 16418.745278087845
4633 2675.5926748011884 15397.005575235504
4638 1662.7647680579796 15399.530219272723
4642 2335.983745501946 16201.56947540869
4643 2828.9565199754347 15501.06380828055
4644 1821.178884734142 16882.58433659397
4646 2831.158770007181 15454.729830467772
4648 2831.8507882217564 15440.17019548629
4651 3160.8273440709104 15572.20852932547
4652 3273.7922661156576 16844.696998479565
4654 1319.346769540888 15260.087359012452
4655 3121.5374153823977 16588.79564966155
4656 1587.0677287072028 16991.81491793465
4657 1461.900528004131 16530.43981126823
4658 2088.5579752620815 17021.468505961824
4660 4064.5600748113684 15629.725204902385
4662 1831.4214831583186 16804.30239638304
4664 2878.9238596044406 15416.925834806467
4669 1800.5047992684567 16893.71771945443
4670 1485.1933470886868 16516.74142790721
4672 2224.175264768804 15183.875826703292
4674 2833.19674570803 15410.85321860527
4676 3490.815781755815 16449.010888071607
4677 3319.6847130354377 15823.229683110912
4680 2828.244285456168 15516.048781801945
4681 3880.1931355161437 15258.757656326701
4683 2835.33132888919 15333.619596235761
4684 1205.0809680533823 15313.26195285525
4685 2653.097707888723 15396.40876164851
4687 2426.053063112661 15395.348994277416
4691 1619.416488624668 16439.390477470854
4697 3615.7946678576463 16388.70119845458
4700 2831.750785322997 16060.989843591306
4701 2623.1044834663476 15395.613011918242
4703 2162.527894710711 15385.89610213327
4704 2526.9809237114337 15412.605172116542
4705 2335.892671613935 16460.930987386564
4707 1569.863727110305 16290.284266493507
4709 2595.27421314134 16968.612203857654
4711 3298.366776993004 15407.354996150962
4713 3136.4652567653766 16612.835470379534
4714 2871.3116968070294 15419.886241319033
4715 2803.3893826540498 15396.963457217285
4719 2174.816284270557 15385.933379758566
4720 2817.2238121377404 16370.982007628165
4722 2863.9210932240244 15416.461016072202
4723 1705.643359325832 16403.109418505708
4724 2215.410546184702 15407.162011980736
4725 2638.101152294992 15396.010888285493
4729 2871.4224421262325 15416.693424377016
4730 2863.819824337682 15419.65134762775
4733 1579.7479830828677 15461.896092071785
4734 2812.6041647424095 15653.496951116378
4735 2828.600402786409 15508.55629355571
4736 3829.38014298163 15203.684928509185
4737 1135.41783103793 17080.24488942131
4739 3993.3470655560723 15696.498284082616
4741 3184.0250544491378 16618.706127593807
4742 2310.7295595790433 15794.4752637114
4743 3127.363091670689 15586.551960889903
4745 3559.082123439259 16001.788619370773
4747 3960.5044986240896 15720.308450677809
4748 2878.8035891286786 15420.121135632748
4749 1316.2175150296675 15679.147703774523
4751 2208.7501218793777 15413.282735736766
4752 1662.3274848901729 15406.51834628754
4753 1451.217450997997 16536.77732263866
4754 2810.0015930039717 16055.761215854222
4755 2319.225092067097 16357.315838081848
4757 1494.0932046027986 15772.266493027519
4758 2325.795822957843 16597.23522800298
4759 3258.037578669809 16585.434231332107
4760 3915.5440793453226 16448.458578836475
4762 2812.6640592225367 16359.227486953163
4765 1855.8711072012272 17356.701015518665
4766 3925.6375593825023 15737.418397445703
4768 2018.364691341492 15384.744613999765
4769 2608.1078863390826 15395.215137453299
4770 2527.1355391429715 15409.406157194848
4771 2837.7335428777096 16371.400788983214
4772 2829.198221385825 15846.920898859791
4773 3020.055113462251 16448.986129639063
4774 2406.534527616597 16725.53038437398
4775 2809.7123713100177 16189.377730059769
4776 2885.2807951397504 16352.222889337763
4777 2469.840507937041 15173.595606746316
4778 2615.606164351282 15395.41407414052
4780 2339.3102269620763 15969.519026510961
4782 3097.3592675182445 15416.096343779045
4783 2152.9857457333696 15385.698689802204
4784 3203.727931380382 17315.44085772033
4785 2634.1306186629045 16642.727588570277
4786 2064.7326188123507 15384.712492124134
4788 2187.5184007949924 15422.610762429247
4789 2080.594589595099 16361.843230796447
4791 3096.6633172717784 15596.048882196574
4792 3380.8366258893298 16535.89216235024
4793 2491.9534373826214 16852.87377984581
4794 3144.94781001329 16626.495788310232
4796 3216.3737290349377 16395.331561625306
4797 2717.5602255697254 16874.807579072876
4798 3634.9292806156714 16364.432656788396
4800 3179.956217424223 16415.79284861665
4801 2814.7338122172714 15750.462267386518
4802 2923.834589012098 15419.190268368096
4803 2860.9132584287804 16370.739649330038
4804 3659.6830857905024 15256.373793745846
4805 3650.1236701661524 16395.48563051373
4806 2795.8903788315 15396.781189763266
4807 2291.8655754917395 16356.81582612172
4809 3817.9979631678398 16658.246356678894
4810 3033.018071750271 15598.883367084016
4811 2803.1086815721833 16283.573363688054
4812 1447.0407589237564 16583.063625168983
4813 4111.485504011112 15626.270166321581
4814 2847.8823456622126 16371.111321412383
4815 3349.424515236952 16949.8886791606
4816 2541.9069278877178 15416.032571455537
4817 2085.1008985712574 16353.037074727948
4818 3280.107260397446 16573.338103912116
4819 3654.1073781964888 16401.84161913165
4820 3681.9256195057606 16365.71014060138
4821 2630.6027795071745 15395.811949083782
4823 2490.0615055073667 15408.41670557648
4824 4105.976824081418 15681.167430588714
4825 2335.3496565332475 16498.902310223886
4826 2545.94604723135 16968.838664630235
4827 2893.7864504482422 15420.609563935017
4828 4052.743752253031 16158.521851369107
4829 2481.8479355288528 15389.035282250936
4830 2553.9068619874743 16967.68601352634
4831 2820.297550576632 15700.062382307577
4833 3457.382278126962 15421.231547967109
4834 2467.7534403663794 15388.873481305944
4836 2788.38860523349 15396.598854988313
4837 2254.825790893772 17338.54583329004
4838 3141.445055292877 16652.53392779869
4839 4125.626541092495 16977.107316226826
4840 2895.0003725095216 15399.461568149716
4841 4108.021139901189 15640.129711947437
4842 3609.747080922579 15957.965119267692
4844 3684.9699777209817 17469.619884054493
4845 3309.4352513755016 16348.300369319502
4846 2887.5005260747107 15399.417641798835
4847 2886.29542139771 15420.356028063625
4848 4038.6763743659935 15099.424673656546
4850 3542.787638827879 17273.057478392824
4851 3452.5163433417756 16059.668074247102
4852 2872.500806094165 15399.329788938283
4853 2816.4291004105735 16540.018747100763
4854 3327.0230437738746 16557.98952722706
4856 2865.000948568765 15399.285862522443
4857 3230.010043345399 16813.87692031433
4858 2552.354753889795 16964.88731076673
4859 1130.2583359160728 15675.34331341014
4860 3661.5330439480704 16413.689236135233
4861 4422.997453663024 15460.68428179391
4862 4014.9165363987822 16898.70595750174
4863 2340.843776357624 16205.143758084469
4864 3910.611700956979 16240.036124319418
4865 1433.7324084206023 15585.689669412319
4866 3189.196527094578 17412.107755566754
4867 3690.9116197917187 17365.75143478832
4868 3722.765239827607 15747.389353458366
4869 3113.277677196349 16247.89293774621
4870 4202.396708317404 15434.605103265578
4871 2965.358518509374 15910.655912750988
4872 4086.410061503205 16940.086709089668
4873 2829.502633102821 15995.728487184584
4874 1567.659467200511 17507.87023299561
4875 1869.3342287562377 15367.816163709742
4876 3477.784027428985 16054.37275278244
4877 4611.967817641699 16186.750164887966
4878 4058.4322120487477 15119.150000691432
4879 1604.9246270348383 16287.927472514402
4881 3104.082086325897 15595.10142003428
4882 3018.4220362019614 15399.424715271514
4883 1982.6081130622736 17290.531572039366
4884 3204.5689964000844 15408.240705008608
4885 895.703257866014 15879.023961894105
4886 2979.7013366773417 15998.515929638668
4887 3477.2803559869685 16045.50610329563
4888 3651.3444762554623 15299.488882400377
4889 4062.020865081002 15666.675333285386
4890 4067.449491890757 16366.186198792935
4891 2880.000669963226 15399.373715391277
4892 1830.6469547017027 16895.83252005008
4893 3499.9663050638696 17171.17396888306
4894 2474.389255726007 17015.51899026301
4895 1659.548436845217 14975.197543172833
4896 928.5055425751697 15721.040175749702
4897 2852.4366150893347 15387.839348323729
4898 3202.6961928719597 15628.523182697274
4899 1843.5214013466623 17347.695680854937
4900 1449.3118109988518 15591.994904445304
4901 4204.395404120766 16949.106955855234
4902 3955.7213644137887 15393.520390521397
4903 2579.742665613566 15394.4625802616
4904 2530.426708734528 17442.742639233344
4905 4222.688967552239 15004.467047718976
4906 3484.3604683083404 17142.135204927185
4907 2423.7971239748495 15576.510759862798
4908 1875.7402754953382 15367.881204203095
4909 3106.073448786245 16882.58792794304
4910 2913.7329367822285 15399.571284155014
4911 3335.896195804708 16952.23287337421
4912 1826.8560841138399 16565.407011696538
4913 3943.877454574122 16835.841105407864
4914 3376.401806842416 17010.583498279764
4915 3711.267518704325 17527.16010474422
4916 1026.2373794604093 15799.398221644515
4917 2990.4423095249394 16395.93817182564
4918 2252.371914810992 15586.278502030906
4919 2539.5372991115796 16972.790044057147
4920 2344.2846381997456 16331.959394319567
4921 3190.6515953131843 15270.414143815826
4922 3356.895269708368 15546.4073693753
4923 1752.7624396609347 15265.951400701697
4924 4434.093503784796 16922.086367369368
4925 1423.8419008569242 16832.912096312823
4926 2827.005085936859 17356.263984244666
4927 1880.207476062174 17345.86772094096
4928 1424.3624240599702 16479.870488533565
4929 2444.3851624679933 15405.564820637715
4930 4491.903855766781 15967.0789530876
4931 4238.417517855467 15566.873498153613
4932 1903.2384218507 17345.658744751167
4934 4508.502871606861 17022.653212137935
4935 2031.2328468441747 15967.416622375176
4936 3394.3424362842475 15713.643430101907
4937 3056.467372100521 15264.456072014938
