4114 2836.4423299026553 15645.927672077789
4146 2841.2127541187187 15690.00492004525
4188 2854.1351481916026 15417.114724627341
4213 2845.3954788209867 15401.211557580296
4223 2850.086269960982 15521.454785965681
4236 2764.4881417113893 15399.219652064756
4317 2742.504448408304 15398.68523102542
4328 2815.93838173637 15400.470401443814
4330 2800.01380851312 15400.083276912208
4369 2754.7393038460464 15398.982658944788
4402 2786.5019606895526 15399.754805455766
4405 4241.784975734379 14971.689480641258
4434 2717.179582415416 15398.069586464773
4447 3010.6991845697203 15399.366983158376
4470 2679.8233684352176 15397.11781969681
4472 2733.1806618268606 15398.45857085296
4507 2725.1521389477734 15398.26339839116
4537 3072.2982806953464 15368.9795501443
4538 2856.686703737101 15221.533895195735
4540 3218.966812132122 14298.801713064411
4543 1013.7504759942917 15697.52239746537
4554 2232.2889936191864 16651.21477691148
4557 2708.888829822486 15397.868039228988
4561 2893.9257420114473 15417.409635172997
4566 2774.5988675618923 15399.46544263975
4569 2699.8518409065746 15397.640819388651
4572 1402.1930400875467 16843.574087682526
4573 2330.6148475520863 16587.781896021224
4574 2886.425219448793 15417.158243450293
4583 2646.0757288185846 15396.222461640471
4584 4558.17082477877 16315.646335149266
4585 3181.95787886791 16690.47960375361
4596 2667.815991971902 15396.799252194784
4611 980.2623762865796 15708.88997806922
4613 3225.766127990373 15334.993265307312
4623 1498.9309195934384 15886.876206098426
4632 3607.717297045132 17121.78621702009
4633 2689.8169509120016 15397.38295926461
4651 3634.928809959507 16364.431846277355
4655 3183.308503982473 16686.546743490213
4664 2878.9238596044406 15416.925834806467
4669 1048.2370111112918 17128.688077441435
4670 1392.5467104955378 15520.621640906644
4680 3091.751275611298 15502.086576787819
4681 4877.030658972317 15739.071602630009
4685 2655.7141983497722 15396.478179712714
4700 3165.374254864298 16663.297709697115
4701 2623.1044834663476 15395.613011918242
4703 2570.6162615126277 15394.220447788632
4704 1793.5677839609373 15399.493949159272
4705 1458.4363703716876 16815.87443602505
4709 2389.9141321541697 17553.158991779303
4713 3198.48433898285 16717.56780159718
4714 2871.3116968070294 15419.886241319033
4715 2944.184944713167 15399.226137117432
4719 2578.114558299001 15394.419384973951
4720 1643.0482374444377 16337.288300743277
4722 2863.9210932240244 15416.461016072202
4723 1398.5532465924962 15529.03276807135
4725 2638.101152294992 15396.010888285493
4729 2871.4224421262325 15416.693424377016
4730 2863.819824337682 15419.65134762775
4733 2963.3013772778854 15406.250889318193
4735 3200.7167480419853 15293.355063099076
4736 2901.2687984633976 15421.053754694338
4743 3631.1542521829538 16357.931727970403
4748 2878.8035891286786 15420.121135632748
4749 1464.4122695096678 16680.090923764958
4751 1750.7319866319945 15268.006383755537
4752 1029.6269933698245 16374.469634967798
4755 2964.0574986946463 16366.464744969739
4757 2083.7478220952094 16353.012346424759
4762 3202.6919828915643 16712.183656614983
4766 3646.320256716659 15239.025311426733
4768 2555.619707307007 15393.822574462441
4769 2608.1078863390826 15395.215137453299
4770 1858.6339235321418 15385.550973089183
4773 2315.2724181615376 16366.804287547808
4775 3183.9146718245674 15406.483625847995
4778 2615.606164351282 15395.41407414052
4780 2458.466452247874 15173.611960528759
4782 1868.5844067260982 15391.717856268406
4786 2563.117984531928 15394.021511128776
4788 1992.6513578992947 15409.26384395942
4791 2908.909241695129 15418.301682830834
4793 2033.0668630610503 15857.496452826032
4794 2539.7856584965143 16999.189028571363
4797 3898.935110045695 16659.055189922397
4801 2706.2191150410586 14836.447717769126
4802 2901.417499699483 15417.85565946904
4803 2283.0534489516103 16366.123183006755
4804 2920.3749894798343 15416.704789962532
4805 3233.987193492942 15686.233103464641
4806 2845.352816955879 15451.535545402072
4807 2796.0689509475997 16360.83103174446
4810 3622.352521302523 16342.77437831102
4811 3164.8770075251973 15407.283729411938
4812 2083.485162420502 17248.239882092203
4814 2243.9991107710675 16365.297579713577
4816 2334.2970481141147 16572.50787943496
4820 2988.934663130119 16393.543493958332
4821 2630.6027795071745 15395.811949083782
4823 1449.8460827222245 15921.11861597043
4824 3732.140944978219 16526.343831267513
4826 3247.308718176045 16166.64350685172
4827 2893.7864504482422 15420.609563935017
4829 2593.1112579544365 15394.817262159067
4830 2831.9973370657362 15437.086898500213
4831 3091.5800749455607 15552.968179607711
4833 1872.2650019895711 15441.482328005879
4834 2585.612903498987 15394.61832344373
4836 2829.414118525015 15400.7283506174
4839 3654.2170663381376 16402.016626078577
4840 2895.000270244804 15399.461567550756
4841 3440.7905244151825 15426.269381720129
4842 4706.186050346306 15292.434268102868
4844 2852.1525407249883 16367.786970851588
4845 2719.7726636972243 16371.592861799263
4846 2887.500418031939 15399.417641166032
4847 2886.29542139771 15420.356028063625
4850 2577.358921363202 16989.399403686042
4851 2938.7987283863777 15406.416143578052
4852 2872.5006924853533 15399.32978827288
4853 2832.4872362846563 15426.779722106648
4854 3015.339877722222 16512.353861590353
4856 2865.0008475555996 15399.285861930814
4857 4384.419221313962 15908.71531635487
4858 2824.8241385380447 15589.004567492988
4859 2345.8400798314733 15387.30328325403
4860 3824.4331989047255 15944.439677496004
4861 3477.5599760899595 16054.49397934347
4862 3590.244226260269 16293.861270707914
4863 1248.3443166618615 17191.951827038967
4864 2955.950253034343 16767.330650405136
4865 2730.628534709567 15400.99797072695
4866 2376.7433205691154 16785.409597932536
4868 3044.4549355023228 16463.770987325057
4869 2837.160369137879 16371.417137237648
4872 3592.7272906900193 16416.87028519318
4873 2339.3068134706796 15941.945065733085
4874 2557.4796739947324 16962.149045855444
4875 2198.502991027346 16355.10956757976
4876 3686.456564781368 16447.420845452874
4877 3716.7390061346296 16122.603426618109
4878 2832.85412959462 15742.47918288531
4879 2788.5678030252016 16360.907620961556
4881 2547.3172469614333 16371.07672952607
4882 2909.9999828103078 15399.549420367877
4883 2602.334874360144 16938.28890613018
4884 2949.601084572858 15398.910754813118
4885 1894.9471171296657 15378.195927122732
4886 3626.9545960630085 16350.699553171613
4887 3779.511957273378 15125.437018302713
4888 3876.927334265007 16030.47378346782
4889 3032.8644164526863 16438.07794444967
4890 3631.3973126210876 16364.730481321993
4891 2880.0005496663766 15399.373714686702
4892 2572.5467185205343 16944.08933132015
4893 2844.6070906119926 16368.002036909067
4894 3737.4072599007427 16528.721519756873
4895 1471.1918535106304 15694.225569693246
4896 1923.0596880855028 15378.745146224188
4897 2849.236615089335 15387.759348323729
4899 2567.408921254654 16960.610042109387
4900 2384.914927628849 15387.909356831698
4902 4032.862107255555 15951.291055899743
4903 2600.6095502458124 15395.016199225129
4904 2323.382523879147 16519.724525746245
4905 4261.279548477495 16044.515360320658
4906 3470.940525036317 16090.90086759646
4907 2771.8877012274907 16361.077930352996
4908 2429.2643283310995 15388.431636839186
4909 2837.0616425732132 16368.217102907425
4910 2902.5001181668117 15399.505493910348
4911 3459.251143107351 16071.15705381609
4913 3007.489820105366 16733.724587926503
4914 2543.594209042019 16989.747016226745
4915 2899.163711909739 16369.845719961355
4916 1933.8771533217846 15385.964766078618
4917 3657.6942036822184 15888.997294116212
4918 1879.2539056457974 15395.685826991337
4919 1830.7475096148048 16847.124547000403
4920 2829.050072485961 15431.821328205771
4921 3737.0142590052137 15253.363047059096
4922 1958.8903702455646 15402.892583750838
4923 2524.202300715191 15396.429812145368
4924 3663.759294432882 16417.241208979212
4925 1420.9414551347922 16017.28498223369
4926 2585.5463504762065 16984.38792466456
4927 2581.2702557848947 16949.82963095977
4928 1966.5590869636503 15388.906665445558
4929 2548.1214229234633 15393.623637606182
4930 4027.0970842648 15915.107152318844
4931 3840.5232243012415 16278.742549510536
4932 2606.2857513245253 16939.767799924088
4933 3895.886165039934 15753.609530193024
4934 3934.340036760022 16824.367213542217
4935 1895.1120981133392 15396.126976020987
4937 2852.4366144367864 15387.839372857685
4938 2392.0110160462154 16368.12246481705
4940 2595.7956355280667 17000.84646556619
4942 3526.259654312954 15387.255493949273
4943 2972.100808433923 15399.078763503838
4944 2510.7153920352034 16370.168883312539
4945 2303.598185881101 15386.648086951624
4946 2588.1559370509995 16949.754817475456
4947 3558.8923737451746 14771.583299077583
4948 1717.641197940334 16387.111154547
4949 2769.574968786943 16853.466945896773
4950 2540.6230480952845 15393.424698350338
4951 2917.4998311748063 15399.593346730062
4952 3888.815448404936 15326.791414464175
4953 2498.7117025955185 15399.984342086527
4954 3632.329840596608 15914.130008954633
4955 2964.600889677577 15399.022760526266
4957 1013.1378587661782 15649.176130160835
4959 2844.9559105199155 16371.194790181047
4960 1260.6221338679015 16634.301842754587
4961 3592.315432594038 15331.257490361728
4962 4301.506737457253 15520.007441542852
4963 2957.1009850476257 15398.966757654178
4964 1449.316768034598 16816.797273835396
4965 1447.1505817021214 16542.064030388
4966 4449.266273021946 15894.128647761234
4967 1317.013251628377 15675.712072503913
4968 3984.818730916663 17217.36490016562
4969 4199.969101889666 15882.252174301628
4970 2938.7398569460697 15413.694229028926
4971 1206.7082394011295 16272.631618466052
4972 3574.9271696248434 17286.81084777489
4973 969.0423345654489 15598.322718902902
4974 2570.5943783000885 16962.56340650939
4975 3039.380089345203 15655.928820510331
4976 1869.1097625982748 15594.689726303912
4977 3513.4746337863617 15784.533551003879
4978 1515.2074956030401 16285.764863045692
4979 4086.6157993979064 16143.784267464145
4980 4283.3861927819835 16917.553265820938
4981 2957.8112436604633 17506.65304033055
4982 3042.2480571986316 16097.11915204558
4983 881.5821003621271 15113.662019492016
4984 3352.3476060002486 15468.107094873967
4985 3254.9777175784807 15407.023952042584
4987 3770.0152831242995 15235.618625521693
4988 4140.551944327301 15743.90807476674
4989 1862.6934263540709 15700.273787303693
4990 3546.1476383063946 15354.287182349284
4991 1639.2821744127696 15401.377343905968
4992 3679.0208810275717 17459.072528945784
4993 2809.148116928074 16374.699880816832
4994 3594.6768996909177 15916.304089743842
4995 3624.072466640955 17575.330769225227
4996 3205.5753087596613 15633.265097850754
4997 4332.2378777106405 15792.883587171249
4998 2399.51660601414 17054.02298622482
4999 3652.80304863379 15244.063005366024
5000 4261.995703413713 16933.794093081484
5001 3395.532309950009 15428.259834120805
5002 3362.467771060593 15409.444066835968
5003 4085.155664825256 16934.17957807394
5005 1078.946587213598 15506.48489186097
5006 3363.801398783156 16744.97563790948
5007 3809.4947200201086 15214.385244167715
5008 1828.0006176122104 16916.534284849095
5009 4390.25016319417 16761.187521101132
5010 3325.008157275217 15409.158306191628
5011 3240.5594682669553 15359.485660376327
5012 4588.1115048052325 15866.99537392963
5013 3868.523251541534 16741.16997767398
5014 3852.6978828098213 15593.029231759463
5015 2857.0222050241196 15175.099166399663
5016 647.8828982322553 15875.882848216286
5017 1486.7909962758347 15906.798801609231
5018 4417.229570574572 16932.989151580474
5019 2982.413566015872 15399.155770355554
5020 4323.7946598210865 15144.925134928742
5021 3555.6610218971946 15347.3458500442
5022 1600.3814613053744 15683.00140180909
5023 3540.8620964176844 16561.676589290433
5024 4080.9781299749684 16125.244511128114
5025 4271.312879422697 15980.013148989825
5026 4363.684421377336 15970.945180840166
5027 4331.873448046103 16793.43596451472
5028 1091.5435055700648 15120.320739277398
5029 1882.6161141022635 15859.633272068319
5030 3347.663264833257 15232.674318449068
5031 1539.947552608247 16888.60108922677
5032 844.3800574629278 15719.24427229847
5033 3216.888866406388 15241.657757732035
5034 1234.0649466429768 17185.52187641619
5035 4386.589304305195 15481.407858309405
5036 3421.125902125582 16003.1070766478
5037 3500.3360838494523 15769.316860409719
5038 1800.5114084355841 16787.19236752708
