4114 2830.359135031281 15919.242553626578
4146 2832.8837959274742 15946.252543933206
4188 2845.060952660443 15593.406822619243
4213 2839.49482901337 15581.303814923396
4223 2892.9447662319976 15599.405335488063
4236 2816.9537924744686 15400.495085961313
4317 2790.1955093330816 15399.84459519572
4328 2844.996528305377 15456.636853937835
4330 2853.5904725964297 15425.318012721602
4369 2804.6366421931466 15400.195657463822
4402 2848.243210332698 15404.475129158722
4405 4439.16597342009 14863.976149940168
4434 2748.71095320643 15398.83611043859
4447 2987.1007321200013 15399.190770102448
4470 2694.560834600512 15397.5058075036
4472 2776.0009513634823 15399.49952713466
4507 2760.5236806095572 15399.123276474302
4538 2900.8995240941604 15209.416631113842
4540 3083.8510351604245 14351.664827576276
4543 853.8720590503234 15760.785794200516
4554 1982.139715947919 16796.756196042807
4557 2732.7877055665613 15398.44901813176
4561 2893.9257420114473 15417.409635172997
4566 2834.29441195558 15400.816158927231
4569 2718.8021565227414 15398.109031053491
4572 1276.3657644848693 16905.54359918896
4573 2179.427594907459 16677.57181710797
4574 2886.425219448793 15417.158243450293
4583 2665.7730112770164 15396.745049908495
4584 4651.6088547732625 16253.48719666514
4585 3316.2603064486093 16910.228031176357
4596 2683.498085261985 15397.215313546838
4611 851.1958891425093 15755.622927423625
4613 3175.511223722672 15251.470471947005
4623 1430.122676041153 16053.203384392324
4633 2707.4776121796526 15397.833732691455
4651 3584.869901262526 16417.51901846534
4655 3295.7996800904357 16878.702848621873
4664 2878.9238596044406 15416.925834806467
4680 3094.365528831594 15448.570701588316
4681 4973.021497265547 15962.021381686898
4685 2674.2723770315906 15396.970546437691
4700 3275.3717331418243 16847.54077547493
4701 2639.3165966048596 15396.043135217937
4703 2581.470299866485 15394.508416096765
4704 1559.1979442672493 15499.35801892541
4705 1311.4828386282138 16888.248557873198
4713 3336.5053202784 16941.656050521848
4714 2871.3116968070294 15419.886241319033
4715 3160.9071853157475 15406.927485668066
4719 2591.2514659655994 15394.767920049242
4720 1487.6019652848074 16408.52119189921
4722 2863.9210932240244 15416.461016072202
4725 2657.6945809148797 15396.530721209081
4729 2871.4224421262325 15416.693424377016
4730 2863.819824337682 15419.65134762775
4733 3266.681965444928 15407.113288582494
4736 2901.2687984633976 15421.053754694338
4743 3672.424191990233 16350.189393993247
4748 2878.8035891286786 15420.121135632748
4749 1555.3010373700956 16904.886994679433
4752 902.1497772247387 16445.918191571138
4755 3052.405748445669 16486.60231124655
4757 2306.8373536144036 16357.089444557378
4762 3284.5156515343942 16783.645653798056
4766 3632.7585336994684 15214.758654382953
4768 2563.9845785671655 15394.04450272048
4769 2629.0939552461705 15395.771918492812
4770 1854.9006636577294 15209.422658744168
4773 2075.418582779465 16361.733810730158
4775 3392.81126466168 15408.075465876178
4778 2690.098364957713 15394.188037667422
4782 1853.9242150365474 15256.33800833199
4786 2572.888286769876 15394.280726852336
4788 1895.2823163556586 15402.533782925648
4791 2908.909241695129 15418.301682830834
4793 2037.6953294664588 15638.225710810537
4794 2291.313290248035 17140.05942651962
4797 3975.719728893076 16597.82704573103
4802 2901.417499699483 15417.85565946904
4803 2019.8365331820823 16360.260432338964
4804 2632.602600283746 15410.795178398683
4805 3145.6530184230787 15582.062833584456
4806 2840.164509504023 15718.207188885463
4807 2928.540028107686 16356.536115532432
4810 3631.1328082596874 16357.894799660797
4811 3361.2532107152297 15407.834725278008
4814 1971.313766172734 16357.837369428515
4816 2223.777387326698 16656.051099721728
4820 2859.0643302639737 16367.589965861294
4821 2649.5757979347372 15396.31532191504
4823 1427.3535413542888 16245.284785532082
4826 3514.333777704069 16025.702997569479
4827 2893.7864504482422 15420.609563935017
4829 2603.5457422349323 15395.094099285172
4830 2832.13111795423 15434.272231396166
4831 3089.461711650958 15427.47389374041
4833 1865.8231793820034 15696.742341775902
4834 2617.278027850781 15395.458430322771
4836 2987.906997595538 15399.196790603311
4839 3566.502513387762 16252.975966622857
4840 2895.000270244804 15399.461567550756
4841 3181.9990826961175 15425.053593201063
4842 4671.224696556853 15320.323002344192
4844 2849.0310700398936 16367.875941341583
4845 2638.172700978096 16305.030476864902
4846 2887.500418031939 15399.417641166032
4847 2886.29542139771 15420.356028063625
4850 2577.358921363202 16989.399403686042
4851 3064.1574909513783 15400.32804793909
4852 2872.5006924853533 15399.32978827288
4853 2832.4872362846563 15426.779722106648
4854 2905.2555235892605 16592.27701911293
4856 2865.0008475555996 15399.285861930814
4858 2831.7749013055995 15441.76680923986
4859 2467.1060742463355 15388.866049720153
4860 3836.2809440336946 15855.861560450066
4861 3202.1372146943177 16200.73708091053
4862 3468.233154604621 16086.328015245264
4863 1158.742598255538 17127.927532269383
4864 2725.8812661995835 16895.73567794885
4865 2974.356091849788 15406.305342314647
4866 2414.8926225222895 16860.26692315094
4868 3149.2387916390044 16635.903894745108
4869 2700.6400785004876 16371.86108777929
4872 3333.955565293475 16554.02040970177
4873 2275.4614523581495 15720.702927762915
4874 2694.5313176536492 16887.494462991603
4875 2319.8976802578904 16357.328130043903
4876 3852.148342358733 16711.404860249
4877 3633.534025469914 15994.78542667562
4878 2822.3117863129014 16046.108717269008
4879 2885.6980700295107 16355.413031984204
4881 2363.6815918202965 16367.76837885649
4882 2909.9999828103078 15399.549420367877
4883 2815.215799665716 16803.643040831583
4884 2949.601084572858 15398.910754813118
4885 2129.7227837239975 15385.217415031842
4886 3634.9267542566904 16364.42830617748
4887 3628.068568220453 14882.434257020053
4888 4028.0227806744933 15953.786005831806
4889 3141.528324277683 16620.989042765268
4890 3499.451129903143 16139.0563711703
4891 2880.0005496663766 15399.373714686702
4892 2572.5706803695925 16944.126794738964
4893 2836.4507683680463 16368.176798038443
4894 3892.367457724352 16767.0827490492
4895 1497.4727864437284 15900.554434367887
4896 2153.59991253657 15385.711395965205
4897 2849.236615089335 15387.759348323729
4899 2718.1142252201344 16872.918857868604
4900 2474.6265186775777 15388.952382362912
4903 2664.6535966517135 15393.51296294951
4904 2298.5682005467947 16366.451162703932
4905 4059.6173521625988 16154.7911391413
4906 3463.0431029289384 16077.561819186494
4907 2847.375076613378 16356.574142546317
4908 2482.128768341258 15389.038506134722
4909 2818.6580877830283 16364.102358624532
4910 2902.5001181668117 15399.505493910348
4911 3459.2214743239388 16071.106942104596
4913 2799.8115039731656 16850.052631259783
4914 2327.6005920034336 17112.057468673134
4915 2783.593102459516 16370.698142159612
4916 2245.413340096673 15393.35979247548
4917 3750.021883684402 15805.765292858743
4918 1746.3082040659222 15391.647278573586
4919 1834.1135396048414 16633.300702955694
4920 2829.2924080428306 15426.729898999016
4921 3853.273406849773 15211.335069684845
4922 1636.7632286971598 15421.347747655056
4923 2871.0758757063063 15404.307860681229
4924 3563.7986394297877 16432.699245965723
4925 1327.795641431537 16049.521057805736
4926 2585.429370032103 16984.20007473998
4927 2747.639887424916 16843.626030811523
4928 2287.6794063678694 15393.825225735582
4929 2553.7334373541867 15393.772529866203
4930 3942.7111384878476 15752.425175521312
4931 3654.460400241347 16396.365413409196
4932 2846.172802222296 16807.56464409935
4933 4067.203261069404 15651.187128590343
4934 3769.400132684244 16586.118812774697
4935 1927.1382318061205 15378.981024585497
4937 2852.4366144367864 15387.839372857685
4938 2338.8995665772713 16367.345076019532
4940 2589.396039516531 16990.569845082242
4942 3270.093780836691 15427.098885173928
4943 2972.100808433923 15399.078763503838
4944 2353.0572545298514 16367.63558658211
4945 2459.4814363750406 15388.778520965232
4946 2787.008798832414 16825.590113257465
4947 3631.5828668939625 14888.704134409843
4948 1875.024091533541 16344.775870266669
4949 2986.3717130698524 16734.284611348176
4950 2543.3247495552614 15393.496377146113
4951 2917.4998311748063 15399.593346730062
4952 3827.228783351387 15220.310788170647
4953 2291.454535241049 15413.714963617995
4954 3571.733072438538 16003.540119118363
4955 2964.600889677577 15399.022760526266
4957 1112.418066836743 15672.032502870014
4959 2751.8438378156493 16371.143245502244
4960 1433.3943791281183 16535.467642921245
4961 3823.3994158698397 15206.900562512972
4962 4464.327551064959 15423.37300792084
4963 2957.1009850476257 15398.966757654178
4964 1492.4978451658596 16775.34899417772
4965 1501.9077408073308 16775.06096429992
4966 4382.147312856383 15768.25518178275
4967 1532.7078880362133 15507.508064993532
4968 4006.2068291785395 17210.00334154847
4969 4039.7520902387605 15939.501208539006
4970 3028.788054337145 15399.51918526822
4971 1335.8307532468825 16201.084694472647
4972 3434.4649247844354 17075.547999393744
4974 2814.482221327186 16828.71877037352
4975 3080.6268545998546 15595.459954628079
4976 1861.2180956706984 15786.407599669958
4977 3607.097269440607 15917.92803485386
4978 1762.8342684341117 16300.562940968604
4979 3832.3609949213046 16283.250148133902
4980 4119.815239190752 16955.011459845762
4981 2859.469522333605 17430.800345809148
4982 3116.8625991034396 16216.923536767685
4983 846.9229104735941 15176.552723567722
4984 3412.308195356412 15432.32218211376
4985 3517.4639511307364 15367.911683065298
4987 3865.6111052600677 15232.73914536792
4988 4280.845148499933 15993.33048049836
4989 1857.7422105369421 15985.511690942772
4991 1836.17760351209 15386.253997057665
4992 3531.517715971079 17218.237063515004
4993 2806.675519480089 16114.022600234064
4994 3623.164127380518 15972.401142276665
4995 3703.5327351449273 17509.181271361886
4996 3346.9013407485836 15869.35956059082
4997 4233.893395846818 15899.438398405666
4998 2681.3566015277083 16902.062481972833
4999 3661.7982885455153 15260.158629918129
5000 4100.963400617359 16949.26415674625
5001 3144.7614530054116 15424.06680543867
5002 3221.8887226489637 15408.372360318765
5003 3928.17937762931 16816.955696288314
5005 939.6437840245865 15545.68131109031
5006 3257.892031195265 16801.131415514374
5007 3803.138107625607 15232.851193836252
5008 1827.4469216911461 16895.95080575941
5010 3179.7561902506372 15408.052091306372
5011 3152.9572279003155 15356.805117196689
5012 4345.070544154357 15999.031128907169
5013 3725.556390302653 16515.83820328141
5014 3753.7082054120306 15411.209566941408
5015 2856.0598667856607 15372.016288101198
5016 564.9495983519288 15960.981223588951
5017 1433.1892964167278 16124.486887518122
5018 4223.04856620525 17049.72250892547
5019 2979.6006901498254 15399.134766204823
5020 4345.667194315155 15221.795607248923
5021 3666.12556467222 15274.46392163834
5022 1724.6197006846628 15638.298887583358
5023 3594.7530143127183 16622.177894121025
5024 4086.1550724946705 16025.843594385507
5025 4383.883888374631 16181.743759221974
5026 4364.704238596542 15873.382331323408
5027 4299.603129617953 16895.311522532502
5028 1017.079107629632 15036.482778242005
5029 1901.2717665566938 15853.150991287122
5030 3394.070132155133 15329.474815359445
5031 1465.4608707808866 16695.41238967878
5032 870.7767549118142 15615.95517732211
5033 3150.3752542298744 15209.670751162985
5034 1390.6147308567452 17095.7703053775
5035 4232.723157543327 15570.072569193695
5036 3458.0735098066 16055.403324332046
5037 3491.2963582186185 15748.536959252198
5038 1794.0263823844803 16794.89388172835
5039 2852.6537314107245 15379.676392031859
5040 1283.7842265697407 15678.135038042068
5041 2854.5044341403004 15310.095232061589
5042 3394.8735715685293 15428.256491483131
5043 4299.850867001758 15607.500624786804
5044 3696.4337105385994 15555.164303839154
5045 3202.9833595285913 15868.786313128541
5046 3778.679697065439 16254.29188395288
5047 2890.55698502845 17007.796195697276
5048 2854.247028956013 15111.450543039184
5049 1829.7126304693747 17272.896102331822
5050 2359.7551128553982 17562.23402390618
5051 3081.926331193788 15400.790017404388
5052 2792.8590680939474 15811.8405959588
5053 2333.200373255861 15650.082971435122
5054 1990.4331401972192 16791.926399216023
