1007 1399.1279788641953 16567.093626821505
1010 3430.3872787589594 16017.909745431107
1021 3668.3310226097697 15278.410255841387
1036 2639.7611617867233 15798.998094799881
1046 3023.697020905492 16428.954185501283
1052 2967.6907572240834 15599.006408304589
1054 1264.8480010132678 15121.67663988833
1067 2395.398793133447 17550.05101722438
1070 1436.2673581673316 16058.495884567266
1083 2753.8921189798384 14638.749507530412
1090 1500.355706369232 15617.880080265348
1097 2387.864637089036 16168.76185700563
1109 1289.8599903904083 16069.82751236634
1113 3059.978127463827 15597.15428683243
1115 1808.2770566466286 16889.615268560385
1126 2868.279058656362 15416.596035436289
1127 2335.5119993707876 16217.52771555253
1132 932.3557548729304 17059.516400992103
1134 3667.9984575991857 15649.753696527312
1135 3432.3983298877797 16488.738322125508
1136 1021.2458630776937 16727.31217642086
1138 2802.394087597819 15400.141141221213
1140 2865.000934477041 15399.285862439909
1146 1663.572031190854 15767.960712332682
1151 3010.693233066128 15599.312379400038
1157 2828.210225100643 15414.975442623168
1159 3253.3680323866347 15380.762923859298
1169 2336.0019858588307 16453.28698884714
1171 3421.0814483919958 17471.573651631858
1174 2848.5514858105926 15416.915891784183
1178 3221.662147705804 15659.760184657142
1179 2295.450523850929 17414.47859741936
1186 1425.0054099371637 15620.711365904339
1197 2808.2662759818118 15416.38634504983
1198 2886.2438943715783 15599.426525451481
1201 1552.233202880151 15497.532754391055
1202 2919.6109391863224 15599.32100985982
1204 3483.553700684318 16112.2050043495
1207 2546.583271234155 16991.74732371135
1209 1849.5889296061534 15408.802442214987
1220 1250.8393347482697 15811.580886827709
1224 2832.4824764367036 15426.879866361958
1226 2829.292408498252 15426.729889430693
1230 1917.6055445618665 15718.693672102429
1233 2817.3894430472155 15400.505676576304
1234 3271.1044165747967 17008.817083891103
1235 2974.706297304174 15139.18113741866
1236 2623.122945654137 17024.19018397254
1240 1281.155061398871 15807.719633453427
1241 3865.4700735880756 15232.487504544328
1242 3467.226427328075 16814.238927393744
1244 3146.705581056665 16629.326505736946
1247 2187.518746612125 15422.594419367715
1248 2831.0580006372143 15456.849955651072
1252 2309.4280392750675 15783.790317604311
1261 4473.122569051917 16967.79628475488
1265 2357.0115911603475 16367.685011345318
1266 2600.0144698603094 16965.96722080731
1267 2337.550417552182 16118.159640094913
1268 2880.000749564259 15399.373715857497
1269 2849.226073291794 15388.155689934587
1270 2927.788444635195 15176.211149978222
1272 3940.9373237243885 15732.259604878045
1275 4670.11007993309 16019.367051517378
1278 3523.260880804995 14720.31449937583
1279 3966.5121401192523 15225.536394573486
1280 2604.988767918278 16959.5271302902
1281 2844.448392548196 15420.247711322943
1282 2809.891776900584 15400.323409180219
1286 2787.398737795262 15399.776606003394
1287 2859.6981567951443 16367.571900063875
1288 2867.7646958705586 16890.058331111923
1292 2779.9010245716263 15399.594337462871
1294 4083.1019547835 16949.633939822736
1295 2412.4840999153726 16368.378355353676
1296 1461.7965284552038 15583.340936334318
1297 2792.933116853341 17287.381454232505
1299 1804.5904315715534 16898.799726793935
1301 2852.152702681121 16367.786966235393
1303 1816.3577594868102 16882.68917690646
1305 2847.7592812598728 15554.772398825015
1306 2849.907610654892 15524.012813682448
1309 2872.5008309383793 15399.329789083795
1310 2569.880495509205 16945.856528971974
1313 3903.722647076027 15300.7410320038
1314 3362.6876726418795 16105.386872005021
1315 2364.512905002485 16367.778769336872
1317 2098.650956220528 16362.224939882895
1318 2860.7621788926635 15419.690310538317
1319 2947.6535193418417 16358.47010675891
1322 4202.809114533214 16058.85061094093
1323 4306.8447850571765 15520.628442728721
1324 2349.511078350584 16367.59126336577
1326 2844.6072043020927 16368.002033668587
1327 3132.0206439637127 16605.677858493687
1328 3858.3804547734353 15252.858747089276
1329 3178.84331905876 16673.094819294638
1330 3149.823018223285 16641.44928328764
1331 3128.064119764853 16599.306265309733
1332 2837.0616942321203 16368.217101435004
1333 2805.4476235380253 17286.646315802
1334 2613.616092517792 16954.713483151543
1336 2637.794036632752 16944.88686172833
1339 2852.4366145420163 15387.83936890134
1340 3017.023785475808 16444.171027552922
1341 2101.4612896158246 16353.336070917157
1342 3463.0475792910975 16077.569379933626
1343 3655.603840951724 15295.375090466116
1345 3551.3531869525505 16005.920653776462
1346 4279.923518504044 16706.62514753703
1347 2323.5702470830875 16505.344355123798
1348 1027.8915574298487 16321.043556343811
1349 2800.0734068101224 16207.47932513185
1350 2323.1711445364217 16535.91682883211
1352 2445.3777135246837 15388.616614088909
1353 2946.6790596470314 15399.240110041304
1354 2867.243811308612 16367.363875714464
1355 2607.6121829534272 16648.39471910846
1356 3473.914441826277 16095.923926955466
1357 1051.6959424418446 15678.070565528986
1358 2887.5006191285597 15399.417642343848
1359 2855.6366144720914 15387.92937153034
1362 1303.729944208763 15274.296873580304
1363 3466.8767229657574 16084.036950256006
1364 2482.032078069796 15389.037396156882
1365 2118.851142824945 17229.17106388478
1367 2055.6020389194878 15384.718817430607
1368 3251.6150569817178 16174.506030612874
1369 3248.24128561382 16603.647630700107
1370 2017.3659228829117 15384.745305907252
1371 2831.414118713815 15449.357451701897
1372 2812.746910840133 16370.883155538668
1373 3185.881744690077 15403.298417169197
1374 3453.6392741793916 15397.615902169906
1375 2813.1187968047643 16351.802128870146
1378 2093.7476729902687 15384.692391636308
1379 4035.2786432737366 17159.288677790777
1380 2653.491017946473 16359.086487664785
1383 1329.0628373588731 16763.125759273036
1384 2962.1447542925034 16320.523578127159
1385 2874.6176708964836 15419.989893972002
1386 2980.0577883158307 16370.306772323172
1387 3459.2214692375596 16071.106933513505
1388 4425.3864577743125 16924.62418224391
1389 3140.5468952187884 16619.408547768173
1391 1601.1460626866665 15443.172849173581
1392 3530.1750087938194 16190.950179338632
1393 3454.6164338622475 15422.308501218396
1395 3584.0589455867657 15996.871008279928
1397 1833.210936484825 16346.439534025738
1398 2849.624942810129 15373.159330271308
1399 3879.419733597637 15257.377686189566
1400 1462.1419759349806 16284.485731697367
1401 2176.303955306695 17210.30187519164
1402 2794.896400404661 15399.958873313488
1403 2417.156886075685 15388.292646717457
1404 3619.468295206 16379.443561378088
1406 3281.0097865106673 16158.922193624167
1407 2224.8948724685156 16355.591895413825
1408 3129.6907469288176 16235.544632861602
1409 2686.5026919597904 14807.503235076038
1410 2890.2914840826197 16366.84652038371
1411 4557.105029626954 16105.717097082183
1412 2379.561160452245 16367.96685561576
1413 2334.6961629759653 16364.709796280044
1414 2372.021933671938 16367.872623755095
1415 1989.124617514938 16349.431854657669
1416 2322.721789997305 16570.338758603375
1417 2849.4255080116923 15380.657511579362
1418 2801.6504543041438 16360.73131397035
1419 2771.167666555503 16361.085282146667
1420 3203.923383006557 16746.704709382677
1421 1921.9845494689139 17319.68037668959
1422 3800.6168115527353 15164.497631775075
1423 1533.4667572494707 16286.204998073395
1424 2882.8496350324617 16352.296536465661
1425 2902.50035534953 15399.50549529952
1426 967.6866150054612 15420.448656203649
1427 2467.0666857709343 15388.86559755124
1428 2874.7904657820723 16367.194474579715
1429 2622.855851551804 16926.983138012947
1430 2186.871192629331 15456.99561186449
1431 1425.9012625958 16281.212295628728
1432 4006.6700774866595 15699.526700109578
1434 2852.6360494125443 15380.341184882873
1436 3464.598512176581 16073.913566542633
1437 2832.1263567307064 15434.372404592636
1438 2209.7421176895673 15409.41720143117
1439 2601.1137733821015 16938.96165598885
1440 1036.3379312524805 16348.01885322013
1441 3091.3303726530517 15582.01113935368
1443 3627.393974852907 16351.45620184014
1444 3035.9624111603957 16449.526659667907
1445 2343.307380269332 16390.073937753725
1446 1223.090165747583 16263.55437543332
1447 2832.0562573060292 16729.492960171505
1448 2895.000464783932 15399.461568690165
1449 3631.162513182454 16357.945954133376
1450 2766.0749283034656 16869.386699036782
1451 3312.6526793041326 17273.632851275506
1452 1526.893470522205 15518.416758292326
1453 4155.280920154093 15787.47634534323
1454 841.1259805435631 15172.126711050114
1455 4134.098000294949 15625.47982603767
1456 3765.485295758615 15823.50388704699
1457 3222.6446995737306 16597.537731342352
1459 4272.521894310737 16038.34008178335
1460 2772.374947509745 15399.411379400726
1461 3634.929259710191 16364.432620787333
1462 1522.260739518714 16494.94229102058
1463 4091.081293239197 15648.691698258921
1464 3111.5348296278758 16592.28397812226
1465 2643.425697967845 16353.27905588836
1466 2831.7702361314273 15441.864961617415
1467 2525.393226194513 15386.551040328146
1468 3135.9771527297794 16612.049426824644
1469 2263.1113819471366 16356.290325583854
1470 3826.5558678900265 15791.340065832463
1471 3308.0074327545212 16908.44541542998
1472 3613.373230850422 15945.118067479043
1473 3664.936545433817 16588.42827867359
1474 1843.3968847748868 15717.44735690724
1475 1110.9094408395383 15367.914587710173
1476 2593.7241424313906 16965.812269051068
1477 2910.000255041184 15399.549421962325
1478 1843.1894680179273 15408.701017023372
1479 3650.123656882415 16395.48560931959
1480 862.2343622658256 15806.641644958523
1481 3799.9782860228693 16635.316941507066
1482 3626.9655094604723 15312.618015890504
1483 2848.3563699116808 15406.973673631079
1484 4575.689355202071 15374.582887910452
1485 3360.3520266292685 15467.280622267952
1486 3016.6483175880303 16056.748108708116
1487 3177.374916944239 15586.81894198227
1488 3614.0101290655634 15174.65290023841
1489 2010.4356915602787 16760.424854325836
1490 2210.39455065609 15401.15987782941
1491 2193.909662268328 15422.717331072385
1492 2511.7564953622 15377.888138382921
1493 3189.8770156420715 15408.129024416447
1494 2822.3014990856177 15651.387211826332
1495 2019.2561225641161 16344.969149674222
1496 4028.524512278696 15675.012299287711
1498 859.9352736042151 16465.911173202054
1499 2811.0591465280622 17287.120097399365
1500 2852.867737068 15371.630387865174
1501 2381.8406749871338 15387.861673388199
1502 4266.672981958955 17023.172846400903
1503 2340.4623710140772 16219.10116250555
1504 1836.4963047028045 17102.17150964335
1505 3781.4223685009724 16605.461756699802
1506 3697.235600182863 15306.64244496345
1508 1991.5108894254163 16765.668746520863
1509 3191.758532779374 17052.55763923109
1510 3604.770956240502 15933.012220421733
1511 3974.61987989747 15718.548882874291
1512 3155.6748589557055 17074.32725594176
1513 1858.7579833556579 16511.99651284894
1514 4503.553220604266 16346.819068939387
1515 2608.669472354669 16562.457803300495
1516 3593.0902505016 15136.676106977491
1517 3064.6173777064196 15941.515411355565
1518 1045.5674185169062 16361.919920874809
1519 1438.5856930731184 16012.021023137502
1520 3503.2287315648014 17323.19954349253
1521 3998.929553666342 15276.361831358645
1522 4542.411941188444 15739.333566795614
1523 3617.0926579851184 17403.6768484696
1524 1253.5280140895704 16166.537090517288
1525 4520.199332672101 16646.47671054585
1526 2306.38605367129 15754.311005557856
1527 3655.4713771764445 17559.661494664917
1528 970.9474819733852 16576.334627237753
1529 2679.921526506003 16635.72216109499
1530 2988.783848073486 16012.827003555165
1531 2969.169604267475 16959.98481281682
1532 2530.424013566217 16978.408933790764
1533 3471.9694288577152 17627.38950681873
1534 3470.927441860465 15395.446976744186
1535 3540.638222103687 17154.553753002405
1536 3192.5502979868843 17073.58209143214
1537 4412.493197090599 15487.789950637736
1538 2289.9176720333676 15517.742076240562
1539 2207.909197229655 15583.654172831732
1540 1431.6176167497815 16173.187040432076
897 3542.1067705839437 15577.05937767668
929 2804.7782467686193 15413.143338845051
973 2856.914594688291 16157.549432644311
977 3093.1207059936423 15430.319969552495
