4114 2847.2351149448423 15424.49760079173
4146 2845.3066154336198 15452.197054601242
4188 2808.3735883153818 15400.28650219146
4213 2797.3332507300706 15400.018112862806
4223 2834.6384490961327 15400.822348989419
4236 2751.242928180547 15398.897662457104
4317 2735.1519889617957 15398.506493587405
4328 2785.2445295827088 15399.72423745112
4330 2776.5292412278577 15399.512369800108
4369 2743.1025141137216 15398.699769933486
4402 2767.2578343961873 15399.2869829733
4405 4012.256734933731 15100.666664533926
4434 2712.421453673461 15397.953916905864
4447 2850.9997629974036 15400.279063559627
4470 2668.0943079371846 15396.806636190955
4472 2727.460318539804 15398.319509969846
4507 2719.9191589813713 15398.136185253954
4537 3169.152480309365 15347.905095533777
4538 2854.1019286697815 15325.228293187787
4539 3197.073900537107 15287.300640988868
4540 3290.4142515302638 14364.11034895184
4543 1283.7995142516436 15691.371819387508
4554 2334.63219334106 16549.072236370284
4557 2690.589324534188 15397.403451096128
4561 2893.9257420114473 15417.409635172997
4566 2759.0692243914514 15399.087918812009
4569 2683.0910370284623 15397.204514157034
4572 1500.2979442154376 16812.23691641469
4573 2335.066362182107 16518.712185948792
4574 2886.425219448793 15417.158243450293
4583 2645.59942923944 15396.209824944386
4584 4473.060916823308 16341.13248081844
4585 3143.8901684338543 16624.792560542654
4596 2660.5959934195707 15396.60769853521
4604 3662.074790554027 16414.553590459152
4611 1248.857964205687 15691.976734904852
4613 3240.7934570511293 15403.715770031877
4622 1491.4309527776907 15739.67764127559
4623 1460.6569825478114 15666.744694013392
4632 3708.477114203542 17062.947863194157
4633 2675.5926748011884 15397.005575235504
4643 3232.3305334420766 15345.891284540914
4644 1133.3998806237344 16796.506781008542
4651 3627.395748990938 16351.459257060851
4655 3146.6292693271907 16623.131215403293
4664 2878.9238596044406 15416.925834806467
4669 1004.8500125349221 17029.325237191722
4670 1434.1277456345676 15646.101845127234
4676 3631.1625336174598 16357.945989324242
4680 3070.738045397318 15596.432885856071
4681 4728.574395339194 15778.320892641312
4685 2653.097707888723 15396.40876164851
4687 3340.529817919824 15283.245579026885
4697 4272.501291198679 16925.88078219748
4700 3139.9336162001937 16618.420922211408
4701 2623.1044834663476 15395.613011918242
4703 2570.6162615126277 15394.220447788632
4704 1893.333749770693 15402.504885634291
4705 1540.032119000994 16896.26129383243
4709 2337.7205050433317 17478.764783385424
4713 3147.8467185431386 16631.1641954528
4714 2871.3116968070294 15419.886241319033
4715 2820.762957529096 15400.572695258574
4719 2578.114558299001 15394.419384973951
4720 1813.5601231070953 16331.822690051344
4722 2863.9210932240244 15416.461016072202
4723 1437.2011855992657 15645.160197801199
4725 2638.101152294992 15396.010888285493
4729 2871.4224421262325 15416.693424377016
4730 2863.819824337682 15419.65134762775
4733 2661.5478424026546 15399.36996205211
4735 3242.441623403508 15362.583065286088
4736 2901.2687984633976 15421.053754694338
4739 4107.215617990565 15198.650070994365
4743 3623.6290189156366 16344.972618739428
4747 4525.484984421336 15013.509578241945
4748 2878.8035891286786 15420.121135632748
4749 1431.5692346209996 16442.750498248064
4751 1546.1703119933065 15488.42812200071
4752 1008.3845353203549 16200.009427147124
4753 1290.9275732601425 16520.703234149834
4754 3160.0829728195467 14932.860758886933
4755 2798.612423121912 16360.786019514579
4757 1852.4489964335323 16342.988099961114
4758 1737.3152555366469 17193.341575802697
4759 3570.4259940170264 16614.974419060192
4762 3150.586711257803 16629.50418508612
4765 2407.2638325801204 17604.37993468232
4766 3659.2279742926266 15262.121724414736
4768 2555.619707307007 15393.822574462441
4769 2608.1078863390826 15395.215137453299
4770 1893.6683121860933 15396.105115532067
4773 2364.5128533403954 16367.778768691152
4775 3009.072008820943 15399.35483280183
4778 2615.606164351282 15395.41407414052
4780 2309.8094968456453 15180.740166065705
4782 1901.1488073287592 15396.218378362859
4783 2853.500266935043 15347.849063527507
4786 2563.117984531928 15394.021511128776
4788 1992.6513578992947 15409.26384395942
4791 2908.909241695129 15418.301682830834
4793 2028.273690899765 16077.836131606484
4794 2595.274179274612 16968.612222754717
4797 3809.2978310047783 16644.250091894894
4801 2663.206361311174 14773.303307609884
4802 2901.417499699483 15417.85565946904
4803 2357.011403799015 16367.685009003513
4804 3206.1717233417403 15425.614808676215
4805 3378.0388549899667 15932.224775127572
4806 2810.159953642251 15397.128019706583
4807 2788.5679078535563 16360.907619891224
4810 3531.838176624969 16187.470301171676
4811 2974.2333251438204 15399.094687314395
4812 2163.648101614283 17199.368687482485
4814 2349.5110143953107 16367.591262566402
4816 2337.6971118017 16348.955854570528
4820 3128.102178292936 16619.677786987915
4821 2630.6027795071745 15395.811949083782
4823 1482.0485392079092 15708.349758922875
4824 3684.908682252939 16444.95093031217
4825 1529.7779545271485 16859.60422389673
4826 2986.26204512941 16307.98323460043
4827 2893.7864504482422 15420.609563935017
4829 2593.1112579544365 15394.817262159067
4830 2819.915537836074 15708.231941369577
4831 2971.3481148563833 15598.90544829871
4833 1901.7465131226202 15402.629647125934
4834 2585.612903498987 15394.61832344373
4836 2794.342435738435 15396.74356614642
4839 3666.0584784657085 16420.909546977844
4840 2895.000270244804 15399.461567550756
4841 3698.5439708449226 15289.942125272542
4842 4475.4436336882945 15422.723837115911
4844 2962.2976591572733 16376.675056196793
4845 2837.160390121382 16371.41713663915
4846 2887.500418031939 15399.417641166032
4847 2886.29542139771 15420.356028063625
4850 2646.0755095348723 17087.64248420009
4851 2973.032394109445 15421.056018603218
4852 2872.5006924853533 15399.32978827288
4853 2832.4872362846563 15426.779722106648
4854 3107.6784134160343 16592.086982098368
4856 2865.0008475555996 15399.285861930814
4857 4306.837037643308 16001.973953053628
4858 2812.760785906633 15878.946765578152
4859 2161.193789782099 15385.868501561905
4860 3886.302191523897 16051.496765893538
4861 3622.1179086187412 15961.432225107466
4862 3650.1236867856746 16395.485657030105
4863 1513.830475723187 17044.69806643096
4864 3149.111226531471 16660.47063405255
4865 2487.6770406996066 15396.027596553879
4866 2424.4640293806174 16754.037432387846
4868 3054.499903186311 16279.2346069952
4869 2844.6106127318403 16371.204638880845
4872 3654.1074118421693 16401.841672813185
4873 2336.15273527713 16195.85288498829
4874 2533.1206584876318 16976.74628968851
4875 1937.214632744758 16347.234521763025
4876 3634.9292782675784 16364.432652744774
4877 3911.8792196378827 16017.266475663911
4878 2852.457925376346 15602.733397417043
4879 2731.542628558565 16361.48986697408
4881 2786.998911029939 16370.650395013465
4882 2909.9999828103078 15399.549420367877
4883 2552.3547309852092 16964.887324888787
4884 2949.601084572858 15398.910754813118
4885 1829.7396324265578 15382.935094423552
4886 3578.18215548182 16266.70914882124
4887 3922.2842846500575 15375.004696912862
4888 3792.824263261805 15878.863058381185
4889 3085.4205685816305 16262.746992686885
4890 3658.0911018948723 16408.19763274787
4891 2880.0005496663766 15399.373714686702
4892 2494.2735512972918 16827.651272021325
4893 2844.6070906119926 16368.002036909067
4894 3640.308547231252 16381.560955400992
4895 1431.4277070961546 15598.904141757392
4896 1837.2391785972363 15383.071761633839
4897 2849.236615089335 15387.759348323729
4899 2539.537303065942 16972.790041619046
4900 2177.594336701205 15385.887230690865
4901 3395.209864154179 17511.951819282407
4902 3889.7937871940503 16025.050966382869
4903 2600.6095502458124 15395.016199225129
4904 2452.2715221190083 16791.294958662616
4905 4240.245741623651 15917.970697948875
4906 3595.044777001246 16302.128238549474
4907 2511.577781917521 16361.44060880025
4908 2197.8117488349476 15385.55137859859
4909 2837.0616425732132 16368.217102907425
4910 2902.5001181668117 15399.505493910348
4911 3535.8974470524463 16200.615596726357
4913 3172.8104091815126 16645.872384792023
4914 2593.724205376417 16965.812233930665
4915 3076.3153352982968 16540.22756401669
4916 1766.3355425834661 15384.979141972712
4917 3614.873909126698 15969.300253815365
4918 1926.2215510826643 15399.791464383523
4919 1922.5647030062084 16824.047405584944
4920 2818.5400105588997 15665.157846703994
4921 3498.147737002923 15378.404855933328
4922 2290.504368682013 15406.221053604706
4923 2180.5309502105983 15392.645308613788
4924 3684.95303225144 16451.05572433026
4925 1409.8253319500961 16304.487454402966
4926 2685.9217080012436 17145.199674935506
4927 2545.9460187490713 16968.83868219128
4928 1823.9731952070072 15386.031225109362
4929 2548.1211370316073 15393.623630021191
4930 4137.589468391866 15897.17627926532
4931 4120.652665813557 16121.666838558354
4932 2553.906908957464 16967.685984566375
4933 3675.3689631727016 15878.839781588425
4934 4105.761669011311 16954.55131906583
4935 1904.029822300737 15399.461456977706
4936 3744.42018381869 15582.560651758595
4937 2852.4366144367864 15387.839372857685
4938 2673.652705071271 16372.239432608909
4940 2728.7948520566006 17211.593775585665
4942 3758.2013872380007 15261.02426321442
4943 3010.047401036894 15399.362116196511
4944 2763.162773739431 16370.984561631256
4945 2057.2470971848047 15384.717677798972
4946 2547.5142995045676 16971.62743248157
4947 3484.242027330103 14653.885650586102
4948 1479.5238727886826 16508.080813766515
4949 2588.780126057216 16953.05930253695
4950 2504.5301017168863 15391.02372393054
4951 2917.4998311748063 15399.593346730062
4952 4024.921352076194 15564.062199052703
4953 2502.1227507505528 15379.879153162208
4954 3924.4456531457226 15747.941416140184
4955 2964.641157868857 15399.023061214672
4957 938.6788653604996 15562.223269224514
4959 3021.208578280974 16450.818346700285
4960 1046.6573407086253 16754.16014347638
4961 3439.4601728329617 15398.568737733242
4962 4217.021829904855 15461.124091198806
4963 2957.1009850476257 15398.966757654178
4964 1314.1557513880832 16883.366500440814
4965 1425.2709016830934 16277.605623240812
4966 4363.525336838131 15971.032013295864
4967 1037.0632555590405 15683.977389056552
4968 3965.7277964305335 17223.935799156036
4969 4292.050946090604 16020.516377029631
4970 3051.5028715293033 15422.349456565213
4971 1078.5896577499175 16343.622262549176
4972 3691.3091980127656 17480.858902509823
4973 996.9572533596834 15628.023978701101
4974 2359.7598624527823 17080.100718126818
4975 3097.677860200051 15779.601791952202
4976 1956.4146078100985 15581.642192804022
4977 3423.119443126263 15638.938886252527
4978 1428.285328986392 16230.824215490737
4979 4265.398772385233 16049.554527757055
4980 4338.506593696136 16804.521943814125
4981 3202.7612815794732 17406.323778383026
4982 2975.7015655718274 15988.481446965707
4983 1002.5503843111036 15044.760309758942
4984 3362.8122441008295 15555.664125741667
4985 3082.4146103670782 15400.802712102834
4987 3526.2281095285216 15363.19293855001
4988 4037.659129171626 15552.106138554745
4989 1869.0559333676376 15453.615937288274
4990 3686.9679223687813 15278.483064942893
4991 1436.1506189673012 15616.526181709374
4992 3815.6616980822037 17705.91802995613
4993 2815.5084865321546 16585.369675701815
4994 3592.6530253523574 15913.029691423733
4995 3491.5946498879384 17619.094130512414
4996 3121.9883467663212 15588.0096674346
4997 4509.693064548237 15729.595072155174
4998 2117.611218467279 17213.47530259239
4999 3644.0361594767196 15228.375980034083
5000 4340.714029461279 16929.68765434928
5001 3623.960916031569 15334.109011473773
5002 3495.6392049434667 15381.657617073579
5003 4196.323286665427 16870.783167974263
5005 1214.4113896441709 15414.258936205308
5006 3440.0280677492765 16766.0112107143
5007 3648.8612835446147 15300.826509137843
5008 1829.9124275702984 17178.07985602564
5009 4184.055582113072 16947.6343040191
5010 3473.667228506189 15394.130286754906
5011 3324.8397321503144 15409.157021360648
5012 4808.065970179133 15751.603936824898
5013 4032.7857467979943 16910.1940178087
5014 3941.256712131151 15749.620156660596
5015 2856.675894945545 15144.287907020831
5016 819.7046671447088 15782.660433405079
5017 1495.6937291026702 15752.523885328059
5018 4482.03046031613 16987.026782860725
5019 2956.8558725256003 15398.964927363542
5020 4425.851902281038 15088.08382107383
5021 3429.9737178347305 15404.535256433055
5022 1501.9391491775384 15718.423000567214
