4114 2830.6600255318212 16348.047698724631
4188 3159.67692322127 15572.5178861926
4213 2830.79075938277 16149.06796313702
4223 3189.0673379788855 15606.076405261845
4236 3031.404252174072 15379.227106583037
4317 2849.3857281864816 15531.485079461934
4330 2939.795042893496 15599.257182282141
4369 2846.3294649966274 15575.244378210247
4402 2899.1063227106906 15599.385850985285
4434 2810.4521974401296 15400.337032938662
4447 2987.1005856960296 15399.19076900908
4470 2769.7133996879156 15399.346677481282
4472 2842.542000343509 15491.780562348165
4507 2842.0489337141184 15400.895655741728
4538 2948.2560189371075 15086.347906588386
4540 2891.393092303715 14516.501217367977
4543 1017.3683172147776 15675.882112099902
4554 1854.624973290242 16871.016270162134
4557 2802.5151232230187 15400.144083583249
4561 2893.9257420114473 15417.409635172997
4566 2863.720920204742 15599.497749168127
4569 2793.898976667115 15399.934626057891
4573 1857.8844305924167 16861.71682215764
4574 2886.425219448793 15417.158243450293
4583 2741.6191776927926 15398.663710196806
4585 3500.8682802794847 17146.934271127877
4596 2759.1616108516114 15399.09016471616
4611 1006.9375644016914 15644.962597248772
4633 2781.573506537972 15399.634995305865
4655 3420.80994599941 17097.925726011916
4664 2878.9238596044406 15416.925834806467
4681 4913.517081654872 16374.933590666416
4685 2750.2187138723125 15398.872763925836
4700 3468.026174390535 17096.125940158825
4701 2708.1432748477587 15397.84991487386
4703 2638.5084279620346 15396.021693709332
4704 1141.4647874716272 15692.029782526506
4713 3386.9246165289096 17012.7807940751
4714 2871.3116968070294 15419.886241319033
4715 3535.325447019559 15358.294805786867
4719 2651.539304821206 15396.367415683064
4722 2863.9210932240244 15416.461016072202
4725 2732.245896263162 15398.435846810315
4729 2871.4224421262325 15416.693424377016
4730 2863.819824337682 15419.65134762775
4736 2901.2687984633976 15421.053754694338
4743 4052.235471892361 16141.194763030166
4748 2878.8035891286786 15420.121135632748
4749 1552.5741127393494 17024.254850582063
4757 2341.085388807237 16545.435271098166
4762 3548.8580687899857 16645.939283520154
4766 3609.408581575895 15172.975981957406
4768 2611.906159372487 15395.315909370958
4769 2694.3083606203104 15397.499365064104
4773 2024.654813252365 16194.50806375335
4775 3762.8101094781646 15239.493812499506
4778 2918.6391100564874 15399.600940657765
4786 2625.3714596853556 15395.673157025996
4788 1891.3280170894059 15402.523988565488
4791 2908.909241695129 15418.301682830834
4794 1808.0451392129098 17399.442986671656
4802 2901.417499699483 15417.85565946904
4803 1713.8564476243641 16399.721684999236
4804 2141.1013577937356 15401.37678709544
4805 3091.112827989102 15443.797042729153
4806 2897.6267121945302 15987.614125703916
4807 3153.1575897538282 16632.00748525265
4810 3685.533072952945 16445.94725400944
4814 1623.971387986147 16437.415663063024
4816 1865.3393366464236 16864.776604062445
4820 2809.855164422656 16123.409241657642
4821 2721.1151620184587 15398.165259949335
4823 1519.0257266872766 16484.794678674567
4826 3684.1994152391653 15877.328055187836
4827 2893.7864504482422 15420.609563935017
4829 2664.639640033038 15396.714980455174
4830 2832.13111795423 15434.272231396166
4833 1855.8761105071817 16221.295086363878
4834 2680.26635008543 15397.129572435486
4836 3154.026425075602 15406.31002028566
4839 3468.6890538631174 16087.098046553769
4840 2895.000270244804 15399.461567550756
4841 2916.4481245176653 15418.750512737499
4844 2809.9338717018486 16087.04754228252
4845 2529.507876901975 16173.676536857294
4846 2887.500418031939 15399.417641166032
4847 2886.29542139771 15420.356028063625
4850 2577.358921363202 16989.399403686042
4851 3168.9693743788084 15407.6509700621
4852 2872.5006924853533 15399.32978827288
4853 2832.4872362846563 15426.779722106648
4854 3024.6749658049266 16708.900644450034
4856 2865.0008475555996 15399.285861930814
4858 2831.775000405549 15441.764724238254
4859 2501.962126398285 15462.770737303716
4861 3093.2978991821356 16543.31868556473
4862 3451.218739484524 16057.454208488642
4864 2595.2742373832307 16968.61219033109
4865 3392.8423777693365 15408.075703222503
4868 2851.977506513745 16820.689973421588
4869 2337.426970550359 16367.310760205328
4872 3170.098142690836 16647.39065941665
4874 2822.9514354764146 16541.643226794564
4875 2337.504006404106 16572.06139192474
4876 4126.493536668747 16972.10998286575
4878 2832.8314728992254 16566.09737537134
4879 3129.931874480063 16602.314100625426
4881 2330.7785446050884 16587.539114230698
4882 2909.9999828103078 15399.549420367877
4883 2799.8980941786394 16288.514035400536
4884 2949.601084572858 15398.910754813118
4885 2160.4919871007087 15385.853982347877
4886 3788.524641106872 16610.831396549795
4887 3438.4931004277287 14590.82924722567
4889 3320.9632773605 16917.52884420829
4890 3461.1871475882162 16074.42703953308
4891 2880.0005496663766 15399.373714686702
4892 2572.5706803695925 16944.126794738964
4893 2810.086276905701 16016.638397632423
4894 4163.601426428437 16885.988553465446
4895 1426.8133289642094 16253.668433087389
4896 2167.998293154482 15386.009276231813
4897 2849.236615089335 15387.759348323729
4899 2817.8217318097077 16461.83259876803
4900 2561.446254856311 15393.977158497006
4903 2817.9514311183934 15400.519338441258
4904 2016.0745908998626 16345.53534503374
4905 3680.0831231984034 16366.745164006652
4906 3440.622864472796 16040.300969329423
4907 3109.8952362647324 16570.047064948267
4908 2573.5674050434723 15394.298744527774
4909 2811.950708624141 15902.358182733164
4910 2902.5001181668117 15399.505493910348
4911 3499.696700709603 16033.525745639989
4913 2539.095528000487 16914.208625290667
4914 1900.744254477387 17347.05805979453
4915 2375.3172834257666 16367.913811923045
4916 2822.7633777452534 15403.169291232121
4918 1344.6341441948805 15678.185325846858
4920 2829.2924080428306 15426.729898999016
4921 4031.8587723744677 15531.43978179753
4922 1497.9349788819877 15819.472676747602
4923 3255.2045168047243 15386.03093532527
4924 3177.344972117646 16643.33402365997
4925 1204.1410515299601 16193.436302176917
4926 2585.429370032103 16984.20007473998
4927 2802.637008105886 16372.608100948366
4928 2866.702438887614 15404.204792908717
4929 2597.4669300282576 15394.932822421248
4930 3793.873164398308 15486.00961984083
4931 3835.3900406216267 16687.44083009716
4932 3350.9188350543914 16530.538433586662
4933 3910.719881862057 15354.096498129631
4934 3568.244051165211 16430.26683916788
4935 2152.9856490522952 15385.698687802022
4937 2852.4366144367864 15387.839372857685
4938 2015.642606947141 16359.610228178377
4940 2589.395984923366 16990.569757415265
4942 2924.192060003228 15419.211550522941
4943 2972.100808433923 15399.078763503838
4944 2037.7128848782513 16360.93671750546
4945 2549.476565781331 15393.659590878442
4946 2809.671221275926 16208.388489728495
4947 3757.9163227953754 15092.125593700774
4948 2316.997800178615 16357.275132955356
4949 3357.9707548426986 16522.93516373292
4950 2584.3888730611015 15394.58584871287
4951 2917.4998311748063 15399.593346730062
4952 3653.129446527456 15296.7079778117
4953 1916.53134244632 15399.64736382041
4954 3129.045572092368 16235.29502902216
4955 2964.600889677577 15399.022760526266
4957 1574.3614293620215 15462.97436148277
4959 2353.3160525779076 16367.638821266823
4960 1806.491240283967 16351.934155576444
4961 4012.2965078742764 15513.094743258767
4963 2957.1009850476257 15398.966757654178
4964 1462.1784177043169 16518.305868300988
4965 1668.3516103141544 16701.64381559436
4966 4274.579703241646 15567.024238591695
4967 1840.3363712315802 15382.958405641959
4968 4040.3280080926106 17198.25919040484
4969 3902.787356983773 15681.698893982499
4970 3161.4979016499947 15406.980495346428
4971 1425.2544162518998 16277.861463438969
4972 3185.8107597565495 16717.283123094094
4974 3176.7556798000383 16681.952780913627
4975 3084.744425280242 15426.09820509907
4977 3669.946277790423 15745.613701608558
4978 2088.823616810068 16353.105109688962
4979 3410.673522821484 16516.080007124398
4980 3827.0308275694597 16678.84260529742
4981 2666.680042204042 17370.835929331053
4982 3122.6566247530336 16226.23422880789
4983 1001.9664374260186 15365.19708459117
4984 3065.37145397254 15418.85285219425
4985 3859.5447043562294 15221.914951779983
4987 4075.684668361953 15626.58568886433
4988 4136.3802111906925 16113.110793895985
4989 1877.4763487007672 16344.800516067344
4991 1839.018534039324 15386.262902620214
4992 3246.5579791499395 16822.63927324129
4993 2821.616843799901 15668.337056197042
4994 3251.1659713825743 16174.744116721615
4995 3485.9499906996994 17150.236630139276
4996 3548.683193889754 16007.348082144828
4997 4187.176673078495 16085.219133607134
4998 3163.7102390167993 16637.134010000194
4999 3729.402168867393 15257.460508977987
5000 3795.2540895521674 16627.71603691519
5001 2990.1333545587217 15399.213415132606
5003 3690.255708410624 16459.516120788943
5005 1031.7952793547854 15681.753596629118
5006 3154.3761404899205 16666.06199797152
5007 3412.146510869626 15428.41339909293
5008 1830.9236702877236 16632.606408479503
5010 3002.1007357361814 15399.302777297911
5012 4164.502912875319 15882.775898249074
5013 3503.030512978421 16465.949890151198
5014 3583.43199970759 15356.124534734525
5015 2855.6366143871087 15387.929374725447
5016 660.660094170066 16158.796995208884
5017 1566.99438252212 16287.01317326492
5018 4081.035775172415 16936.585113867237
5019 2979.6006901498254 15399.134766204823
5020 4465.396973438157 15416.426425875778
5021 3642.7307016458503 15232.602344246776
5022 1848.5107104261053 15515.930896794103
5023 3737.6605266793317 16546.077645794183
5024 3940.45864562271 15748.080998904015
5025 4548.9260303995925 16078.467887313862
5026 4232.107312815006 15889.600476649726
5027 4009.8905073106575 16895.012510389108
5028 828.7512464479656 15161.143321611005
5029 1914.775090781795 15816.388120999007
5030 3582.686041308104 15336.43747289797
5031 1483.3765680999193 16505.809670145867
5032 1019.1993323796457 15669.885079429176
5033 3041.124645660966 15031.51617563149
5034 1764.739450444964 16902.042323264195
5035 4005.117767050949 15528.073666526352
5036 3606.2504518633214 15922.1920986429
5037 3597.5091814919447 15920.280854088722
5038 1760.5443375263953 16900.587948580407
5039 2852.6360495016033 15380.341181534493
5040 1648.9120963021323 15392.374243957185
5041 2849.4360507773104 15380.26113357156
5042 2900.4472038624426 15416.295558650747
5043 4362.7392829309065 15731.937656152475
5044 3816.325835290904 15528.077760485958
5045 3298.603523627627 15811.995431874966
5046 3616.3255990641387 16179.755615450365
5047 2698.428456526337 17125.118536772894
5048 2855.838196583516 15380.350457360035
5049 1830.6301804423251 16895.208638860942
5050 2521.6433343473964 17447.613600919824
5051 2994.6004799225393 15399.246771803484
5052 2639.4872322698075 15843.012432647123
5053 2275.6839595396614 15622.630092409388
5054 1851.395075437409 16865.496185068452
5055 3672.3229932488784 16430.904552725104
5056 3259.2341004920995 14310.911947242937
5057 3699.598329125828 17495.554983931557
5058 2857.0372533209247 15176.438015612432
5059 2317.3220702223366 17493.07175081261
5060 3160.4727057873565 15220.258524604162
5061 4592.556649916115 15359.188066508323
5062 1418.1782957161556 16330.225773167318
5063 1866.3170062148843 15981.603787917662
5064 4031.999949367537 16816.70612806152
5065 3351.4157391307804 16982.49487421507
5066 3608.22950556781 15546.161312567152
5067 3441.5465834992888 15402.18354516608
5068 3078.943844995223 15092.778332141268
5069 1406.4873540272151 15504.919094380162
5070 3397.9404277907815 16096.93053451059
5071 1773.6971029722934 15881.566567797234
5072 2853.426450789632 15473.630380253679
5073 2659.1279741963185 15806.730420600103
5074 1143.6722757487091 16861.784053227253
5075 3223.1124543720457 15069.960019918306
5077 3216.200665762865 15242.089917786092
5078 3489.1953217876126 15745.126830185707
5079 1960.487701184145 17624.205322625126
5080 2343.1992819582515 15848.484804648473
5081 4681.814459487392 16043.906770359654
