4114 3334.9885446037533 16970.468797354173
4213 3147.8467216657073 16631.16420048139
4317 3742.0091967836543 16536.06470851629
4330 3760.431197330323 16565.636304059073
4434 2810.453732478187 15400.337070255258
4470 2780.4629605571417 15399.60799806163
4557 2802.9560307036554 15400.154801993063
4569 2795.458360864591 15399.972534507217
4574 2853.6096000000002 15109.074771428572
4583 2757.9699003822025 15399.061194372603
4596 2772.9652925799614 15399.425730621044
4633 2787.9606514069487 15399.790266058246
4685 2765.467622949937 15399.24346314028
4701 2735.476861375683 15398.51439119818
4703 2683.09095337123 15397.204511937525
4714 1433.9402578633026 15974.563483956115
4719 2690.5893278902186 15397.403451185168
4725 2750.4722318795434 15398.878926919244
4736 1777.1859913103492 16906.026146710643
4757 3373.550719077577 17392.246857159636
4768 2668.094316591105 15396.806636420553
4769 2727.9791693069956 15398.332123171933
4786 2675.592593909383 15397.005573089364
4805 1906.2425553341961 15378.416599590966
4821 2742.974568181954 15398.696659582696
4829 2712.9837849641262 15397.967587114443
4830 2832.13111795423 15434.272231396166
4834 2720.481457634071 15398.14985466911
4836 4638.147473559522 16230.824504393886
4840 2425.003701371989 15722.6266875193
4841 3045.309007403671 14376.9163924545
4844 2830.350523703357 15471.734832519669
4846 2546.921591644028 16669.248310952615
4852 2336.878390561405 16355.444172265654
4853 2832.4872362846563 15426.779722106648
4858 2831.775000405549 15441.764724238254
4861 2601.8254198847426 16964.956741332546
4872 2338.980620092956 16000.469862128539
4879 3647.3835269399415 17400.735535880252
4882 2886.5001734762027 16223.649708928544
4883 2826.092407675506 15426.569973559588
4884 2809.0238428610346 16368.00354495309
4885 2615.606328452936 15395.4140784943
4890 2895.00054272936 15399.46156914669
4891 3129.5660016444926 16595.65293788502
4893 2830.7066432757188 15464.2422971006
4895 2790.9671224087037 16360.88312311202
4896 2623.1046135812535 15395.613015370318
4897 2850.8889280749604 15509.962399996133
4900 2638.1011984457186 15396.010889509917
4903 2817.9514311183934 15400.519338441258
4905 2633.24717431005 17389.37751984121
4908 2645.599479332716 15396.20982627341
4909 2831.062764098994 15456.749735363079
4910 2473.3558775966003 15649.517789459138
4920 2822.892474885467 15426.419898999016
4924 1579.3896196836506 17526.480273667872
4926 2822.5363560869782 15433.91241813628
4927 2829.2924092373883 15426.729873901562
4929 2660.5960411914034 15396.607699802644
4934 2593.7241259133434 16965.812278267374
4935 2608.108010393144 15395.215140744574
4937 2850.881519959758 15464.166590807581
4940 2829.2821671551787 15494.212393144424
4942 2416.7858624584283 15182.83740898947
4943 2494.5217373275314 15595.098775309603
4945 2630.602896906143 15395.811952198492
4946 2829.99440605956 15479.22732736293
4947 3807.513389763992 16641.37938698726
4948 4306.229577675953 16876.40555486933
4950 2653.0977554740257 15396.408762910996
4951 2838.231509662801 16356.851174458892
4955 2830.67840022376 16180.865564116371
4957 2593.111363335829 15394.81726495494
4959 1216.6968868412575 15059.671977090822
4960 2782.6764215479507 16357.767282100061
4963 2830.662574494576 16324.85596110058
4964 2773.5188710100942 16357.860796470044
4968 3964.7905479800165 16860.357583551526
4969 2871.4225042641706 15416.693426302187
4971 3132.020631626975 16605.677838626583
4975 2397.725277250533 15185.48001794955
4982 3143.8901729295867 16624.792567782588
4983 2160.492032840395 15385.85398329416
4987 4282.678142685251 17009.68903642732
4991 4281.228143807395 15815.286746988158
4993 2831.4188813308065 15449.25724918772
4995 2828.9260495331328 15501.704887530053
4997 1837.4786097107724 17384.029057646298
4999 3926.9311543973026 16810.44399119752
5000 2295.3144106196155 16366.382378036098
5003 2600.274412251417 16962.157522181064
5005 2578.114703707629 15394.419388831784
5006 2828.9357897736104 15434.222388731128
5010 2865.000922929543 15399.285862372277
5012 2074.3601076123255 15400.451821621491
5013 2328.0462676181637 16602.053801629885
5015 2966.38399530496 15399.036075233758
5016 1657.7007809477443 16289.199628772107
5017 2796.0189406765403 16357.631031989822
5018 2357.0621561189528 16367.685643350465
5019 2822.3009378616625 16047.104014526176
5020 3139.9336656717187 16618.421001880437
5022 2585.6130059080724 15394.618326160744
5023 4105.902279648853 15629.369472586282
5024 1721.6499378037634 15397.450897352579
5025 3663.4054527280555 15291.172579536633
5026 2349.5193665153174 16367.591366958513
5027 3027.9082850037103 15425.161368420308
5028 1894.5869156763538 15378.188890074473
5029 1861.7799694888479 15753.603880089357
5030 4091.7777515433454 16939.91889642559
5031 2388.210355849546 15778.470037726112
5032 2570.609231993132 15394.220261288569
5033 2852.883188483894 15435.505167467125
5034 3380.5883041726283 16306.0269671872
5035 2863.8197902388256 15419.651346558643
5037 2651.9752771533076 16645.47806896998
5039 2855.6547544426157 15441.725730949725
5040 2600.609661422706 15395.016202174762
5041 2804.885951274724 15413.144651748593
5044 2863.921113089943 15416.461016687692
5046 2844.6071531995553 16368.00203512515
5048 2924.5285628142433 15399.634905206542
5049 3461.1119931687986 16891.644627759746
5051 2837.4407219207624 15791.488738449207
5053 2608.1520124433714 17000.967859370456
5056 4000.5801059402124 15703.141172421832
5057 2334.1380276266577 16270.918423965531
5058 2847.3677516312173 15422.48827134112
5059 2809.709127241342 16190.87644594923
5060 2849.7003976479305 15370.32244293349
5061 2539.690537171638 15405.762207109969
5062 3050.6764116666814 16474.20108491466
5063 3152.913970253024 16216.888432428594
5066 3639.9684795380235 16375.251254406181
5068 2851.919120736583 15399.693885935556
5069 3754.5173256832045 15243.953953135988
5070 2837.0616266073293 16368.217103362496
5072 1958.6441138905227 16357.536415172739
5073 2829.6382874279416 15486.719842989345
5074 2750.926814313365 16358.091500296343
5075 4350.215569876788 16121.521248746281
5077 2852.96605486862 15367.933918138555
5078 3359.7389974310236 14469.191468490379
5080 3765.698025522285 16298.138949624554
5081 2595.2742612065967 16968.612177038056
5083 2082.3667822276047 16352.987107073423
5084 1977.4083099848795 15384.31269954385
5085 2339.2740250585975 15877.233855647894
5086 2872.5008371492013 15399.329789120171
5089 3062.626084694235 16707.623909689362
5090 3905.5768861307993 16783.906110430973
5091 2069.618156453155 15391.362406017339
5092 3170.098529571111 16647.390442848515
5093 1626.524903475581 16288.448141885036
5094 2306.2128419295213 16357.078031222978
5095 2849.2954582005054 15385.54701467009
5096 1862.7968781974814 15395.190042888915
5097 2365.3593107110187 16367.789348456869
5098 3475.6813676924107 15614.07683216613
5099 1883.9340758308297 15378.515723448987
5100 2848.6752749566 15400.657632215647
5103 2758.517999378382 16358.013981216776
5105 3053.3600771737065 16496.11616787846
5106 2167.998265398814 15386.00927565759
5108 2343.983933236548 16354.745617932507
5110 2809.9702294660797 15397.123408355079
5111 2850.4567746627386 15341.884818011824
5112 2817.469253445411 15397.30567629902
5114 3821.2899722339894 15198.192629909228
5115 3144.639412477266 15406.593445011946
5116 2557.020779981575 16973.283666368796
5117 2684.2997448526544 16637.738650592488
5119 3452.5892708739875 16414.697060839222
5120 2766.0188043137073 16357.937385074065
5121 3165.981962366332 15407.382885804504
5122 4129.054306897723 16461.002465789985
5123 3643.460583106275 16378.545439211015
5124 2828.569929046638 15509.19744218191
5126 2830.660538360434 16343.381727586313
5127 1489.1763471744732 15751.434316516905
5128 2853.51 15108.84
5129 2852.555339433381 15383.37565059235
5130 2861.8487800676626 16367.510601392301
5131 2497.0486689467175 15396.130796777425
5133 3127.014827871892 15423.591898834406
5134 3135.977149215943 16612.049421165957
5135 2853.3283858019477 15354.31130537037
5137 2152.9857710172478 15385.698690325287
5138 1846.7349935649859 16547.345607648334
5139 4366.184876510994 16150.161415808132
5140 2887.500598018087 15399.417642220205
5141 1449.004382468221 15676.023844787871
5142 2552.3547433123767 16964.887317288347
5143 2857.7533559878666 15114.149355092195
5144 3051.0883324121073 16488.83614536483
5145 2325.0999098260672 16388.16751828563
5147 2880.000689595943 15399.373715506264
5148 1848.8443577156459 15479.587538078482
5149 2802.471221417727 15396.941140798348
5150 2850.0635771013945 15356.667928221035
5151 3009.728736169993 16051.820059453157
5152 2845.2935988319823 15106.015255278407
5153 939.0113903093835 15545.980178272584
5154 3158.6673648024016 16643.78006033318
5155 3770.015178333039 16316.22577811867
5156 3689.1912361184736 16457.817759934816
5158 3835.4959832186387 15203.150335900955
5159 4202.088374816187 16077.028324227897
5160 1451.486492316675 16535.44134042487
5161 2335.2082938397953 16508.787355153843
5162 1440.6356751675548 16531.121963236412
5163 3066.518082394594 16483.20050740229
5164 3260.4369272310205 16846.311907419007
5165 3210.413382133103 16737.12046312851
5166 2223.217010354059 16355.561231453723
5167 2998.8243409273346 16377.16328530905
5168 2842.8872252443016 15644.954476487696
5169 2513.4890313139144 15289.872967939285
5170 1598.2560240593896 16438.97260477238
5171 3940.6200561963065 15418.36203725325
5172 2418.8119445470684 15418.229701938513
5173 1926.6700318585379 15388.526676659618
5174 4011.250250198642 16188.319945705485
5175 2887.2649844034095 17455.93793228373
5176 3310.2492189455197 16143.420688558153
5177 1538.9943227681304 15505.476752658064
5178 1144.0959606692286 16711.28889113534
5179 2559.952813419744 15087.920541691174
5181 4262.940093564161 15964.996968810285
5182 3709.9215532924304 15726.788618518174
5183 4143.290731259231 15748.877927515005
5184 3161.010496066854 16683.093903668327
5185 2579.584345938317 16962.9902894087
5186 2945.8872975376116 16328.551951833279
5187 1421.07317464064 16408.40818545153
5188 3212.141062872475 15548.056985440502
5189 1355.2671981387093 16744.938381835647
5190 3193.732632366173 15613.76016340615
5191 3441.6541388955743 17074.296660372413
5192 2902.5004634764055 15399.505495932815
5193 2238.2950457930333 16633.6983349741
5194 3510.540499515922 16438.344979978905
5195 3915.3134811886334 15373.635833319271
5196 4149.104361231901 15617.049306706449
5197 2831.8884896059385 16048.356086745087
5198 3149.5172205824138 16627.781902922587
5199 2590.775033900994 16358.825044874367
5200 2871.311680222151 15419.886240799045
5202 2772.509104443417 16370.853532359102
5203 1858.2325264610222 16340.941714877019
5204 2176.9798539141107 17210.909791305872
5205 4522.525503151777 16029.993403405235
5206 3420.7317533198884 15645.569979198797
5207 3943.791351049511 17008.28601622049
5208 1500.8777442795188 15861.113585994972
5209 3871.2078077740903 15242.725262742313
5210 4103.049056516136 16423.358672631908
5211 3671.5027483903664 17432.02278624807
5212 4274.657590948621 16034.951025617796
5213 3190.1509405676625 16724.33317887451
5214 1827.4482530172138 16896.00029740497
5215 1842.838847610875 15720.924719338258
5216 3812.014276520471 15519.999467189718
5217 3391.848391574152 15601.106206397442
5218 2614.1172168749395 16617.04907025471
5219 4253.024297595452 15558.667462094492
5220 2778.00096113692 16926.561472776208
5221 1875.0287887217037 15231.228827355852
5222 4110.918354232955 16959.058911042794
5223 3737.407420966113 15775.07060063612
5224 3315.2392245844817 15815.691180577074
5225 675.1358039237904 16170.067818650814
5226 2816.1360063456427 16535.451978269968
5227 1018.3541605040618 16753.274008746324
5228 3112.943323768602 16945.284074929565
5229 1105.5051998611336 15755.45424087207
5230 2830.674548814244 16215.907613598443
5231 2511.721594774511 15379.964444166568
5232 3048.1508808439794 15042.903609996143
5233 2290.7490849325604 16969.03989758197
5234 1978.5837644638732 17289.083269595492
5235 3354.2373742365653 15881.987331042763
5236 3280.725779241757 15408.820498093757
5237 3348.2647377630315 17355.701680036655
5238 3442.228413814828 17491.425316337303
5239 2250.859464297095 17338.076026069928
5240 3401.802601479763 15428.291651475432
5241 3197.241436687882 17049.27740261398
5242 4505.838245896231 16655.98545151296
5243 3398.4660766744855 15826.705593061804
5244 3340.236435919466 17335.364407635658
5246 3580.6402631393407 15121.705585063852
5247 3055.1262395122712 17704.823379907786
5248 2945.7476006322463 16751.55770204058
5249 2049.84020420639 16738.12467558836
5250 3296.2960858868796 15717.192891800521
5251 3211.549199551516 17105.227501093475
5252 2900.165535269631 14508.622481728347
5253 1999.6116402249606 15982.699950921415
5254 375.0658949581903 17977.41225473932
5256 4547.419937700164 15037.021070900411
5257 4399.230257752757 16206.331653050702
5258 2331.633898499454 15754.1937101115
5259 2003.0084115225795 16764.62817169361
5260 1250.5581967213116 15808.3956177529
