4114 3308.8804116180618 16898.771606426435
4213 3147.8467216657073 16631.16420048139
4317 3662.132791985057 16408.60804564074
4330 3677.436058073019 16433.027061889487
4434 2810.453732478187 15400.337070255258
4470 2780.4629605571417 15399.60799806163
4557 2802.9560307036554 15400.154801993063
4569 2795.458360864591 15399.972534507217
4574 2853.6096000000002 15109.074771428572
4583 2757.9699003822025 15399.061194372603
4596 2772.9652925799614 15399.425730621044
4633 2787.9606514069487 15399.790266058246
4685 2765.467622949937 15399.24346314028
4701 2735.476861375683 15398.51439119818
4703 2683.09095337123 15397.204511937525
4714 1498.424650075289 15889.422385280579
4719 2690.5893278902186 15397.403451185168
4725 2750.4722318795434 15398.878926919244
4736 1911.3651229829168 16830.569976217263
4757 3334.3739798870993 17344.55413148325
4768 2668.094316591105 15396.806636420553
4769 2727.9791693069956 15398.332123171933
4786 2675.592593909383 15397.005573089364
4805 1891.7192180165625 15388.595040159667
4821 2742.974568181954 15398.696659582696
4829 2712.9837849641262 15397.967587114443
4830 2832.13111795423 15434.272231396166
4834 2720.481457634071 15398.14985466911
4836 4622.676549341241 16278.830004405423
4840 2502.6824991328713 15559.386290109203
4841 2974.2198074261582 14436.925988376894
4844 2830.350523703357 15471.734832519669
4846 2705.5192854973634 16631.3033972747
4850 1733.3885656964574 16693.199100470738
4852 2340.3875451925537 16221.839389092602
4853 2832.4872362846563 15426.779722106648
4856 3581.372683623716 15670.084022309973
4858 2831.775000405549 15441.764724238254
4861 2608.3865680683157 16961.295731652015
4872 2335.837525382635 16206.515813330105
4879 3701.3864289874014 17492.198681227455
4882 2898.4885885652366 16158.71638437029
4883 2826.092407675506 15426.569973559588
4884 2821.0695122723496 16261.900881395355
4885 2615.606328452936 15395.4140784943
4890 2895.00054272936 15399.46156914669
4891 3060.7522889986867 16490.87383779809
4892 4215.402202498432 16882.846456432253
4893 2830.7066432757188 15464.2422971006
4895 2788.5188961486506 16357.707620367464
4896 2623.1046135812535 15395.613015370318
4897 2848.401613383112 15406.695383958331
4900 2638.1011984457186 15396.010889509917
4903 2817.9514311183934 15400.519338441258
4905 2700.460803315168 17351.832866442066
4907 3713.133867531279 17490.71744975873
4908 2645.599479332716 15396.20982627341
4909 2831.062764098994 15456.749735363079
4910 2507.4425509806492 15498.550165583098
4920 2822.892474885467 15426.419898999016
4924 1770.539906157809 17419.092019053467
4926 2822.5363560869782 15433.91241813628
4927 2829.2924092373883 15426.729873901562
4929 2660.5960411914034 15396.607699802644
4934 2593.7241259133434 16965.812278267374
4935 2608.108010393144 15395.215140744574
4937 2851.6402874849846 15405.859198943113
4940 2829.2821671551787 15494.212393144424
4942 2342.6505697879766 15181.2500150557
4943 2508.636050617877 15451.946988498446
4945 2630.602896906143 15395.811952198492
4946 2829.99440605956 15479.22732736293
4947 3714.304536322974 16491.85711583204
4948 4161.624774148181 16948.174247418243
4950 2653.0977554740257 15396.408762910996
4951 2830.670528238805 16252.488819228154
4955 2831.9445458019363 16043.213179532422
4957 2593.111363335829 15394.81726495494
4959 1306.9666130802138 15228.985516525023
4960 2781.018854965237 16357.784208710955
4963 2830.677719292204 16187.061019879819
4964 2773.5185319387597 16357.860799932547
4968 4079.3929865222144 16935.58445758845
4969 2871.425036577439 15416.693504758827
4971 3132.020143425128 16605.67705242551
4975 2326.843003734173 15184.205564006636
4982 3143.8901729295867 16624.792567782588
4983 2160.492032840395 15385.85398329416
4987 4194.576067839553 17063.304657189947
4991 4207.285396274331 15852.226984124556
4993 2831.4188813308065 15449.25724918772
4994 2392.2791428601677 16764.58174700973
4995 2828.9260495331328 15501.704887530053
4997 2001.3855440023815 17299.780097760082
4999 3836.631250096625 16688.135355976658
5000 2351.672677270815 16367.618280922637
5003 2600.274412251417 16962.157522181064
5005 2572.916793692552 15394.28148316902
5006 2828.9357897736104 15434.222388731128
5010 2865.000922929543 15399.285862372277
5012 2251.099028634694 15402.587020619618
5013 2390.1882091843936 16699.292137987864
5015 2869.2570801785373 15399.311333590469
5016 1524.3624705828008 16285.985541474227
5017 2796.0189406765403 16357.631031989822
5018 2372.0430362083025 16367.87288751308
5019 2825.6307814229413 15859.853364076509
5020 3139.9336656717187 16618.421001880437
5022 2585.5000540380133 15394.615329436589
5023 4038.8145358508605 15668.72726979839
5024 1861.1153638688274 15401.547218568252
5025 3745.8898334633323 15246.76749590931
5026 2363.1479627799763 16367.761709093285
5027 3089.6094745476544 15427.605664391771
5028 1844.5302150161071 15382.695147793236
5029 1865.267370679071 15616.149889890366
5030 3968.3320052770664 16859.102675957078
5031 2361.2554400531585 15751.46423830608
5032 2553.245210964 15393.759576740094
5033 2849.4925964676154 15378.135176409516
5034 3298.846615913366 16350.408772719675
5035 2863.820414505507 15419.651366131362
5037 2787.7868943445255 16614.183478946816
5039 2852.3456899720786 15390.261966172922
5040 2600.609661422706 15395.016202174762
5041 2849.0894268665334 15391.442752219631
5044 2863.921113089943 15416.461016687692
5046 2844.607285864127 16368.002031343845
5048 2855.8531920741493 15390.61072744579
5049 3376.6847393386633 16942.352993408727
5051 2843.7726742886935 15621.132105598148
5053 2573.44053369918 16945.509593398958
5056 4079.6207955600107 15652.756216524567
5057 2337.977410600901 16364.194078024435
5058 2852.7524535265757 15375.964721202254
5059 2810.82196723508 16341.56257544841
5060 2850.2337916008846 15350.268347062478
5061 2717.085444843001 15412.530093956597
5062 3002.346069330785 16393.142695562936
5063 2987.099421049948 16307.523076011177
5066 3634.9226852917495 16364.421299064312
5068 2853.023231693799 15365.784232099959
5069 3608.729934125562 15322.427562409934
5070 2837.0616266073293 16368.217103362496
5072 2123.9763764646073 16362.76031575479
5073 2829.6382874279416 15486.719842989345
5074 2697.0961023039627 16358.641204619402
5075 4260.352525968316 15960.356293424284
5077 2853.4337919346226 15350.348334514869
5078 3402.287145996678 14535.955851926501
5080 3563.5499535861945 16409.680743966295
5081 2595.298495418468 16968.598654757843
5083 1912.9582009907176 16346.207754838784
5084 1863.5595013493048 15380.388884153186
5085 2337.9321055520654 16086.750958682265
5086 2872.5008371492013 15399.329789120171
5089 3164.127368150935 16651.107890989224
5090 3816.3145855403795 16655.538237013145
5091 1917.6051185718538 15385.041788953235
5092 3186.5462292142793 16638.183336877344
5093 1493.566292675637 16285.243207152127
5094 2138.3209843285663 16354.009704464455
5095 2850.03435522708 15357.766587599874
5096 1901.809082451228 15396.228375646198
5097 2446.8695017613954 16368.808134227573
5098 3419.456074543285 15632.43579109964
5099 1827.9925367159979 15382.9032564041
5100 2849.8074784575806 15366.296508985846
5103 2745.672005603026 16358.145160947615
5105 3134.2959987096096 16629.919156085216
5106 2167.998265398814 15386.00927565759
5108 2344.5181226500263 16187.87270801709
5110 2809.9702294660797 15397.123408355079
5111 2850.6326607264823 15335.272002165013
5112 2817.469253445411 15397.30567629902
5114 3814.6681456645997 15188.430055281293
5115 2928.205352764503 15405.654217834493
5116 2533.5634984227468 16987.74845663427
5117 2811.3750927551223 16612.688025738407
5119 3461.761656540235 16465.02389464938
5120 2764.9414726531986 16357.948386486623
5121 3041.6258738432252 15399.74225173823
5122 4086.027004253605 16388.337353332925
5123 3650.123670395964 16395.485630880394
5124 2828.5699151842623 15509.197733837722
5126 2830.674060606612 16220.349570738948
5127 1443.8759326503628 15638.097102341379
5128 2853.51 15108.84
5129 2853.234355889347 15357.846562700504
5130 3002.864044803698 16415.668298629807
5131 2305.1619044983386 15394.017742731306
5133 3294.318173099739 15427.661302164835
5134 3135.977149215943 16612.049421165957
5135 2853.633227820527 15342.850112321132
5136 2144.7653520556564 16697.268113263002
5137 2152.9857710172478 15385.698690325287
5138 1850.3614232599175 16355.741256145962
5139 4279.556809173136 15994.798232068697
5140 2887.500598018087 15399.417642220205
5141 1490.6228902815053 15845.70413061145
5142 2552.3547433123767 16964.887317288347
5143 2816.2612206551285 15020.856159904608
5144 3003.7708054203486 16389.27985902901
5145 2323.2631096273917 16528.872022054384
5147 2880.000689595943 15399.373715506264
5148 1846.9050317062738 15654.459194769363
5149 2802.471221417727 15396.941140798348
5150 2850.4332261107 15342.770176605763
5151 3054.0765436757274 16122.090993385382
5152 2845.2935988319823 15106.015255278407
5153 1017.7742446905102 15508.990228576473
5154 3184.2342072977035 16708.61967191961
5155 3954.4168187917176 16212.188719107184
5156 3785.156496537086 16611.469709822068
5157 1139.108679217342 17088.46256915344
5158 3818.87648282025 15195.597752402731
5159 4288.093448910963 16012.950294888384
5160 1456.937151023916 16533.358746945076
5161 2337.0502740005945 16379.98352293403
5162 1419.2987858142285 16543.920306688568
5163 3080.5257836523533 16475.32972316238
5164 3324.07718720602 16945.585236306193
5165 3164.7194264391146 16662.224393220895
5166 2025.3447556753958 16350.952615648519
5167 3122.5702379031827 16242.938758289385
5168 2850.4710030648353 15602.739680601078
5169 2473.7496447119256 15176.790000510717
5170 1482.573750060317 16506.28292715736
5171 4032.118809455996 15577.196201329174
5172 2585.837484647246 15416.698301892407
5173 1892.0408567880727 15395.621800400426
5174 4159.516141820924 16107.714519069934
5175 2947.473762916155 17509.325954135165
5176 3469.965747794538 16058.602958044246
5177 1382.323622197653 15655.339577709185
5178 1308.7148157398044 16618.213286409522
5179 2660.1981985909347 15093.699830850106
5181 4213.001312076661 15871.822778411746
5182 3737.753436143882 15782.566909831594
5183 4065.511668268507 15601.867765418941
5184 3247.65317435323 16824.507293443483
5185 2584.593927186398 16982.734672742714
5186 2857.364039264628 16353.068571563414
5187 1438.121384863588 16610.888141460106
5188 3355.875410150224 15469.793755832186
5189 1283.672703976574 16804.290549719623
5190 3158.5279273624415 15572.949525846312
5191 3540.2712556451684 17223.166485747603
5192 2920.7921030412936 15399.612629456777
5193 2080.307419514401 16724.551552950088
5194 3370.7666035710376 16515.795579947255
5195 3997.050230207196 15513.488098871465
5196 4315.260641222594 15522.812851138407
5197 2841.967236839994 15991.440822173729
5198 3098.4817044392166 16551.666694216485
5199 2428.2802353242105 16357.625372981693
5200 2871.584071430559 15419.89478111746
5202 2805.7035781943496 16422.338455439796
5203 1859.7537298758161 16182.998852880593
5204 2213.972266956568 17274.25617319924
5205 4568.998344249709 16114.409597669897
5206 3408.6880991533926 15649.690192541608
5207 3774.0591615843814 17124.62254834816
5208 1473.455908097471 15691.637699077326
5209 3824.1281766670613 15206.507928798083
5210 4145.263204885896 16494.650518740393
5211 3581.7833531271735 17278.2285527404
5212 4274.657647783595 16034.950919361105
5213 3280.9105710892645 16872.600572299336
5214 1829.3858211539318 16968.210643464714
5215 1839.5150291915002 15895.219459085374
5216 3794.2422189198933 15556.019497735495
5217 3464.168297877987 15712.034240913823
5218 2606.071310565775 16536.421901051417
5219 4271.027410297836 15560.37923447977
5220 2831.544325321246 17005.12557691466
5221 1899.0894320145474 15189.667801798749
5222 4163.335683478011 17043.776091803138
5223 3711.961399809401 15721.440221925533
5224 3224.1117004555226 15663.79460763843
5225 628.7566980803407 16100.755690592583
5226 2814.0211686319376 16607.515011104755
5227 1036.5783426911528 16676.687863106436
5228 3159.539385196594 17024.557634768247
5229 1027.2006288157058 15795.32010280857
5230 2847.3043317249435 16160.731050939768
5231 2512.2642530842177 15352.959320368682
5232 3106.2035381357155 15136.875879129082
5233 2291.4948291775604 16976.696410791123
5234 1932.1742933426372 17226.581687449627
5235 3318.791559679118 15821.715863862913
5236 3377.1751389886995 15409.556261984582
5237 3386.4911652970527 17420.466388070683
5238 3553.3402903256015 17440.133447633518
5239 2302.1869205871626 17425.99292011576
5240 3541.747490939908 15378.815715145303
5241 3150.145384219762 17002.549797643296
5242 4595.22919760896 16604.60448235738
5243 3342.1836534917306 15798.684653704258
5244 3321.402785381757 17301.753204640587
5246 3587.592166958803 15133.601461561084
5247 2983.899129968573 17755.407272226512
5248 2886.118645996539 16771.16167504467
5249 2003.0084115225795 16764.62817169361
5250 3346.5568930018617 15688.601793888949
