4114 3155.150359774695 16644.627856813564
4213 3147.050100779872 16629.88132087513
4317 3631.1625430511353 16357.946005569856
4330 3634.9292725103237 16364.43264283028
4434 2810.453732478187 15400.337070255258
4470 2780.4629605571417 15399.60799806163
4557 2802.9560307036554 15400.154801993063
4569 2795.458360864591 15399.972534507217
4574 2853.6096000000002 15109.074771428572
4583 2757.9699003822025 15399.061194372603
4596 2772.9652925799614 15399.425730621044
4633 2787.9606514069487 15399.790266058246
4685 2765.467622949937 15399.24346314028
4701 2735.476861375683 15398.51439119818
4703 2683.09095337123 15397.204511937525
4714 1448.682130555556 15638.543849642467
4719 2690.5893278902186 15397.403451185168
4725 2750.4722318795434 15398.878926919244
4736 2250.5307759304037 16637.168508038212
4757 3039.225186828728 17468.473421414095
4768 2668.094316591105 15396.806636420553
4769 2727.9791693069956 15398.332123171933
4786 2675.592593909383 15397.005573089364
4804 971.3095373082069 15314.247456481502
4805 1893.6683009239348 15396.105115361546
4807 4881.566716662395 16398.5442547607
4821 2742.974568181954 15398.696659582696
4829 2712.9837849641262 15397.967587114443
4830 2832.13111795423 15434.272231396166
4834 2720.481457634071 15398.14985466911
4836 4466.02710933857 16328.31231238734
4840 2526.9012476122434 15415.805173060839
4841 2827.261837141729 14569.793799288806
4844 2830.350523703357 15471.734832519669
4846 2829.9302683917103 16512.96185079256
4850 1803.4588321544047 16789.123426825066
4852 2353.219056564319 15874.270241502647
4853 2832.4872362846563 15426.779722106648
4856 3433.821677267287 15660.295304887437
4858 2831.775000405549 15441.764724238254
4861 2924.2342319792115 16781.0741138096
4872 2364.5117043301625 16367.778754329816
4875 2955.323948947801 17187.870823417754
4879 3615.027616846215 17333.88864599126
4882 2831.976971553292 16040.23826074678
4883 2826.092407675506 15426.569973559588
4884 2825.308870315316 15871.263640976871
4885 2615.606328452936 15395.4140784943
4890 2897.637350232282 15399.477012840449
4891 2856.134493231804 16356.308749625592
4892 4137.453717973153 16949.58701471466
4893 2830.7066432757188 15464.2422971006
4895 2781.018913922838 16357.784208108895
4896 2623.1046135812535 15395.613015370318
4897 2849.236615089335 15387.759348323729
4900 2638.1011984457186 15396.010889509917
4903 2817.9514311183934 15400.519338441258
4905 2762.453049083486 17257.876875710514
4907 3498.54895881819 17137.464558701748
4908 2645.599479332716 15396.20982627341
4909 2831.062764098994 15456.749735363079
4910 2534.4036668513236 15415.918865879825
4916 4588.041846413571 15083.059229202128
4920 2822.892474885467 15426.419898999016
4924 2183.370897874225 17201.447836246767
4926 2822.5363560869782 15433.91241813628
4927 2829.2924092373883 15426.729873901562
4929 2660.5960411914034 15396.607699802644
4934 2593.8059542339734 16965.766621858264
4935 2608.108010393144 15395.215140744574
4937 2852.4366144367864 15387.839372857685
4938 1100.1825084499808 16250.058590918801
4940 2829.2821671551787 15494.212393144424
4942 2200.7626710662553 15209.595867656455
4943 2749.7849178473543 15418.873952701704
4945 2630.602896906143 15395.811952198492
4946 2829.99440605956 15479.22732736293
4947 3727.1381827341543 16343.98615378806
4948 3923.6774079938864 16806.52997387607
4950 2653.0977554740257 15396.408762910996
4951 2832.39253164658 16002.112466389191
4955 2841.1720260574753 15691.100679294977
4957 2593.111363335829 15394.81726495494
4959 1415.578664391796 15593.635322215161
4960 2773.51892072064 16357.860795962413
4963 2835.9994258725114 15832.90652286798
4964 2618.3907152197708 16359.02892682607
4968 4195.414761989245 17097.4820276612
4969 2878.923838259049 15416.925834145139
4971 3033.418254438592 16445.25940054713
4975 2200.2940714614206 15227.41375868748
4982 3140.760821761926 16619.75305543086
4983 2160.4919293909793 15385.853981153952
4984 1096.219530228082 14993.380414019508
4987 4099.307775421688 16945.306350598654
4989 2741.6729407226535 17323.67133642536
4991 4039.4269794688053 15555.264597700392
4993 2831.4188813308065 15449.25724918772
4994 2417.2061657884715 16860.584474633062
4995 2828.9258874544153 15501.708297565963
4997 2348.166437933414 17107.726213889855
4999 3674.909731576619 16428.995869632185
5000 2379.5145183671325 16367.966272642121
5003 2601.584442448943 16961.426586067657
5005 2474.628272158399 15388.952402492392
5006 2828.9357897736104 15434.222388731128
5010 2865.00178925927 15399.28586744634
5012 2625.67868757099 15410.652990905475
5013 2569.559413209661 16959.7768044162
5015 2855.6366143871087 15387.929374725447
5016 1429.3095998566066 16214.928382417038
5017 2788.51893609916 16357.707619959501
5018 2552.0439813648068 16371.193968063273
5019 2849.534590840044 15483.45295378138
5020 3111.8499902073513 16573.195003965215
5022 2482.1289871609315 15389.038508646712
5023 3745.426198992806 15836.543671592663
5024 1954.9373000384555 15399.735905677204
5025 3848.8483593323267 15256.148834795964
5026 2463.1615548874165 16369.028564743072
5027 3091.425902380224 15570.900043844991
5028 1829.7396612460998 15382.935094948743
5029 1931.3424664963309 15592.135017252931
5030 3732.297688585099 16520.56831218251
5031 2339.2783947868347 15885.85795129724
5032 2467.127557051659 15388.866296336875
5033 2849.635485233189 15372.762965142718
5034 3067.996165541878 16478.697936081666
5035 2871.42246865381 15416.693425198899
5037 2858.457274551391 16600.34058158735
5039 2852.6360495016033 15380.341181534493
5040 2600.609661422706 15395.016202174762
5041 2849.4360507773104 15380.26113357156
5044 2863.921113089943 15416.461016687692
5046 2956.8500547377153 16374.64181179394
5047 2961.9368112742477 15925.916563410643
5048 2855.836049427663 15380.431184314448
5049 3214.9552889373786 16738.41454131225
5051 2857.9121127332305 15408.407323020703
5053 2572.5706786820624 16944.12679210058
5054 2938.398255773026 17202.6090431336
5055 3000.03038370223 15399.287317679975
5056 3948.1295836324807 15379.974408314602
5057 2372.0121460341497 16367.872501420623
5058 2852.8354857348995 15372.84294627982
5059 2827.77722090856 16641.644758701532
5060 2850.2337916008846 15350.268347062478
5061 3095.682216316006 15416.052767280307
5062 2794.51270297058 16360.846921554314
5063 2798.3220900808064 16357.415786781743
5066 3627.395807689557 16351.459358145003
5068 2853.034920371925 15365.344771040367
5069 3273.6614573341963 15407.166531632753
5070 2842.23270256099 16368.069713491564
5072 2355.275693110988 16367.663314570851
5073 2829.6382874279416 15486.719842989345
5074 2348.0935211597307 16356.428349827644
5075 4081.0059247939153 15636.09248007373
5077 2853.4337919346226 15350.348334514869
5078 3497.786800425302 14680.060294306018
5079 2318.535233716455 16598.526001661958
5080 3196.988541992446 16611.600514887316
5081 2832.639406001269 16831.344767703635
5083 1816.104789977845 16348.513873557342
5084 1837.2391340620175 15383.071760822255
5085 2343.611816696802 16366.71537156935
5086 2872.522885540738 15399.329918256866
5089 3441.663709838373 16495.638141395124
5090 3657.3256638587072 16400.937438650548
5091 1619.8586799031227 15419.004952170735
5092 3504.375783360044 16461.566252996774
5093 1430.9389909443432 16189.641586223172
5094 1857.1463027728964 16330.363439835259
5095 2850.03435522708 15357.766587599874
5096 2212.2354613866796 15405.359890314005
5097 2794.4927541962634 16370.545336371008
5098 3328.1927830600275 15487.830726041855
5099 1734.676418131266 15381.202719690094
5100 2849.8349201509855 15365.26477934707
5103 2397.84386351607 16360.387325808766
5105 3285.233616314624 16879.16418088963
5106 2167.998265398814 15386.00927565759
5107 1452.4156741510828 15657.723231828293
5108 2350.1372408164375 15870.897938223838
5110 2809.9702294660797 15397.123408355079
5111 2854.7712259283503 15298.073702335201
5112 2817.469253445411 15397.30567629902
5114 3723.532280825177 15036.817844459085
5115 2464.070765033907 15395.767644615806
5116 2154.1991817938183 17204.506869101384
5117 2954.289401758924 16547.403971704498
5119 3176.3404178411797 16630.211463710468
5120 2453.4139595756833 16361.011215101998
5121 2999.482273268496 15421.491995022878
5122 3992.9889709856866 16218.212065812844
5123 3676.241487881944 16437.156493654882
5124 2822.222332113587 15653.347129296062
5125 3921.9444346452437 15715.68537554494
5126 2832.89171575771 15945.30915239045
5127 1151.758573712729 15679.127608150387
5128 2853.51 15108.84
5129 2853.234355889347 15357.846562700504
5130 3156.559199056257 16669.76779053623
5131 1923.467530860037 15385.155491229698
5133 3621.29245771914 15335.558257852195
5134 3115.709957366128 16573.339496106666
5135 2853.736134419273 15338.981116833676
5136 2317.3199007595445 16591.307044284327
5137 2076.7848032000297 15384.70414284503
5138 1858.5482940679826 15941.144889414692
5139 4109.630135563825 15687.796796275921
5140 2888.6776601194783 15399.424536233746
5141 1417.9538596572208 16161.189999802176
5142 2535.8796550631855 16975.045202033976
5143 2658.4265936275306 14766.2864211074
5144 3301.3175057963663 16148.15590347514
5145 2162.3018522505085 16674.388211210902
5146 3612.8237400755997 17349.635190279092
5147 2880.261526857802 15399.375243221424
5148 1840.7683933971023 15980.322742324197
5149 2802.471221417727 15396.941140798348
5150 2850.433273441244 15342.768397111897
5151 3102.336115065012 16244.197688634355
5152 2845.2935988319823 15106.015255278407
5153 1201.1373075397137 15422.063825259227
5154 3211.997859847419 16823.86295617518
5155 4348.98004197609 16000.570177740894
5156 4019.7898584111945 16902.133802315533
5157 1246.8745252828865 17192.78427965999
5158 3740.239395848804 15063.691733488178
5159 4118.315197471887 15703.556868112626
5160 1534.400936732041 16487.802705429724
5161 2117.249992436202 16353.624619153137
5162 1162.1873903017256 16690.36984782432
5163 3350.044364998489 16326.251573631002
5164 3331.9732833141643 16968.671879670506
5165 3274.865040149677 16869.242960704356
5166 1848.773182116244 16348.682645972605
5167 3446.610174649764 16071.127902083403
5168 2870.2981608155696 15602.676981782748
5169 2291.334510062233 15180.453346771821
5170 1408.3659670463321 16550.14759307036
5171 4224.764467828984 15921.08386611954
5172 2643.448670567078 15585.651190123623
5173 1901.6504423140732 15396.225973662016
5174 4264.451320706377 15962.900595119965
5175 3255.83742256272 17384.070756739977
5176 3605.977101197103 15932.135941675944
5177 945.774324335536 15713.7247003645
5178 1430.1167333203578 16426.481128016207
5179 2796.820181963565 15073.730025779127
5181 4212.140063464033 15854.084106539121
5182 3627.733762632601 15909.817470736523
5183 4037.2799017159955 15533.513700319165
5184 3474.386835204647 17133.030724723118
5185 2726.1655294225666 17207.521960572976
5186 2825.861305452504 16603.755880075
5187 1575.1172556288968 16954.012086588376
5188 3654.646188512333 15317.443763301626
5189 1182.208850313242 16856.653048436165
5190 2968.126637651946 15601.313095847187
5191 3699.8432135672265 17489.46266231826
5192 3041.3636193720386 15399.735433422786
5193 1842.7050396667269 16857.89139797026
5194 3164.8623952386843 16646.9927958895
5195 4039.805783477246 15668.121827010105
5196 4453.457304366915 15395.854980342474
5197 3005.2111153087308 15972.07268997666
5198 2893.716144111951 16355.170100269455
5199 2346.432824826969 16234.972445752011
5200 3155.2964678226213 15424.348726540573
5202 2810.658622943525 16609.567465350872
5203 1865.2042071482676 15683.603502363689
5204 2308.4345514847128 17436.67180989306
5205 4655.3596461446905 16254.44013645208
5206 3272.0222203189346 15731.001195068666
5207 3416.202204846718 17311.66851402376
5208 1622.9818131357588 15432.68810355635
5209 3495.8856065946206 15379.676487044353
5210 4271.645079051749 16467.827287587348
5211 3455.5650622220637 17082.172197865282
5212 4251.476192122149 16039.892693166954
5213 3312.3293693497612 16904.12571046533
5214 1839.3771638549879 17330.386871582738
5215 1851.6696290721077 15968.600207116691
5216 3640.9942432592557 15602.852835987838
5217 3612.9481384775654 15963.93704401018
5218 2595.4641010012933 16385.215094959967
5219 4357.531968974879 15722.196730165451
5220 2781.876199909849 16926.638802659203
5221 2065.32863403609 15190.378025619591
5222 4322.6574621977625 17312.64768843797
5223 3850.9662096490047 15636.920843896098
5224 3115.6334279833122 15589.365779386739
5225 558.5491058921384 15946.960441796082
5226 2629.647900198006 16642.841214304055
5227 1014.1941636246016 16756.946564168902
5228 3149.6431556769844 17001.707303255265
