4114 3143.83822482166 16624.70891046274
4188 3583.2325172017363 16198.655089480275
4213 3139.206973361596 16617.250735369405
4317 3590.209536320906 16287.421349562337
4330 3634.9292725103237 16364.43264283028
4434 2810.453732478187 15400.337070255258
4447 2965.088339366367 15399.02640038356
4470 2780.4629605571417 15399.60799806163
4507 3493.286880348033 16122.363502129187
4557 2802.9560307036554 15400.154801993063
4566 3765.6200493672477 15452.855530583887
4569 2795.458360864591 15399.972534507217
4574 2853.6096000000002 15109.074771428572
4583 2757.9699003822025 15399.061194372603
4596 2772.9652925799614 15399.425730621044
4633 2787.9606514069487 15399.790266058246
4664 2476.6568486234123 15388.975689994728
4685 2765.467622949937 15399.24346314028
4700 3027.509948263085 17560.51686843241
4701 2735.476861375683 15398.51439119818
4703 2683.09095337123 15397.204511937525
4704 823.2429986628498 16490.142969835735
4714 1893.3337603373432 15402.504885790993
4719 2690.5893278902186 15397.403451185168
4725 2750.4722318795434 15398.878926919244
4729 2651.373647668599 14750.242280896791
4730 2487.7891334704036 15388.7931805161
4736 2347.212464898657 15951.6044564927
4757 2628.535042105829 17038.490502903223
4768 2668.094316591105 15396.806636420553
4769 2727.9791693069956 15398.332123171933
4786 2675.592593909383 15397.005573089364
4803 1357.0089690671718 16579.400317451426
4804 1158.6327260864502 15340.218283319206
4805 2213.4620780164432 15413.517715176673
4807 4850.675508397771 15711.803410929511
4814 1037.6460450908412 16364.77714905402
4821 2742.974568181954 15398.696659582696
4829 2712.9837849641262 15397.967587114443
4830 2832.13111795423 15434.272231396166
4834 2720.481457634071 15398.14985466911
4836 4091.7116889894555 15655.28949786339
4839 3888.5953617592736 15307.485074399281
4840 2832.3720842471935 15416.144048970491
4841 2734.8271219385983 14878.445394381995
4844 2830.350523703357 15471.734832519669
4846 2841.977056251157 15545.763510796416
4850 1851.3951127071305 16865.496163362783
4852 2631.8386576605467 15417.395410767544
4853 2832.4872362846563 15426.779722106648
4856 2944.7688600495826 15599.241453731322
4858 2831.775000405549 15441.764724238254
4861 3147.836774569968 16631.14818166178
4864 1836.6757675650983 17357.795283073956
4872 2513.874476993594 16370.24723899488
4875 2626.7532022986206 17029.821295740938
4879 3170.6928715555878 16672.015350388814
4882 2860.0946872826416 15400.941939057744
4883 2826.092407675506 15426.569973559588
4884 2891.649601831047 15399.441942797408
4885 2615.606124429361 15395.414073081352
4890 2938.797281114512 15406.420593169214
4891 2845.61606516252 15585.45877223604
4892 3502.3900248972864 17277.32429043291
4893 2830.7066432757188 15464.2422971006
4895 2411.065947340053 16357.407598726253
4896 2623.1044927363714 15395.613012164185
4897 2849.236615089335 15387.759348323729
4900 2638.101093041614 15396.010886713442
4903 2817.9514311183934 15400.519338441258
4905 2741.1474391389593 16887.21741173203
4907 3150.586709910498 16629.504182916455
4908 2645.599479332716 15396.20982627341
4909 2831.062764098994 15456.749735363079
4910 2851.472949550356 15408.810032290656
4916 4484.391110197247 14932.670430973325
4918 1199.1123146689913 15511.017952584221
4920 2822.892474885467 15426.419898999016
4924 2595.791394005717 16968.323625685345
4926 2810.236308708285 15709.69015686117
4927 2829.289166714718 15426.797998756376
4929 2660.5960411914034 15396.607699802644
4930 3020.261628503431 15399.438512213776
4934 2675.48351073876 16920.194332137766
4935 2608.1078307515736 15395.215135978508
4937 2852.4366144367864 15387.839372857685
4938 1358.939765342925 16032.850018303849
4940 2816.9279564822627 15772.123062610246
4942 2521.2468805925 15409.342945176511
4943 2942.7975112931535 15399.308661038325
4944 816.0619721835006 16907.829502827542
4945 2630.602787961577 15395.811949308085
4946 2829.99440605956 15479.22732736293
4947 4287.68227084692 16006.021406129446
4948 3462.2939929743306 16472.057709845238
4950 2653.0977554740257 15396.408762910996
4951 2872.4196000512934 15399.329313317194
4953 987.8510848230427 15613.294832251566
4955 2916.757340888568 15399.588997989174
4957 2593.111202011334 15394.817260674841
4959 1415.3397737228813 16216.118907081063
4960 2381.6819577541705 16356.916351920869
4963 2904.215699117537 15399.51554201086
4964 2106.2175030285002 16353.422993636888
4967 2370.2112749108105 15754.979252870877
4968 4164.593325842861 17155.488374154753
4969 2878.9239404431346 15416.925837311028
4971 2500.826651182703 16361.361238710722
4975 2532.7129717818016 15409.490730029633
4978 2624.440171176264 16926.110277518517
4979 3837.1486684085507 17632.08385793784
4982 3051.19511551859 16475.070230149442
4983 1567.0645034274446 15470.777183417164
4984 1410.7737968519614 15557.242372530009
4985 4375.954791750854 15421.016081081349
4987 3668.1333874639136 16418.18303686537
4989 2622.470262148823 17040.8932680641
4991 3575.2764351376422 15340.423356265228
4993 2831.4188813308065 15449.25724918772
4994 2443.8486094494115 16732.187668599065
4995 2809.689410705013 16199.98521929343
4997 2856.423962113148 16821.900444606348
4998 4506.952567685729 16344.878908010833
4999 4108.172643628649 16132.08666432101
5000 2933.0227207838334 16371.831976507816
5003 2719.5375176535927 16895.614238751234
5005 2160.4919817721347 15385.853982237637
5006 2823.873183105863 15540.586901572176
5007 2799.2332265906257 14980.78699662705
5008 1854.7651433812593 15215.933990737387
5010 2989.1635458599326 15399.206173430854
5012 3459.302071433428 15420.486436176887
5013 2643.959622993778 16937.783199960308
5015 2855.6366143871087 15387.929374725447
5016 1161.2928523441171 16297.79633334901
5017 2536.3571778908954 16358.423286954196
5018 3112.6270280719173 16594.089908330185
5019 2954.9459502378595 15398.950665697714
5020 3434.0971348890544 16077.7617842449
5021 3654.4235525590993 15246.96265262646
5022 2169.9390793336356 15386.014399993584
5023 3458.8581985763576 16070.188529536954
5024 2845.5672693338092 15415.168559995247
5025 3948.991666976575 15727.340208047286
5026 3068.1995528775883 16526.80797069631
5027 3323.911884916297 15836.685398163216
5028 1272.1491994084452 15682.241899243525
5029 1929.5252275449411 15665.161953004135
5030 4138.140339177206 16112.15072408516
5031 2147.0498048205336 16354.169229017156
5032 2152.9856681672736 15385.69868819748
5033 2849.635485233189 15372.762965142718
5034 2595.937309600917 16648.02952541398
5035 2871.42246865381 15416.693425198899
5037 3053.9462048598625 16481.8689806554
5039 2852.6360495016033 15380.341181534493
5040 2600.6095147068063 15395.016198282245
5041 2849.4360507773104 15380.26113357156
5043 3796.9039720822234 15558.225936727482
5044 2863.921113089943 15416.461016687692
5046 3066.518064163598 16483.200517646103
5047 3105.7174089576793 16242.339584777608
5048 2855.836049427663 15380.431184314448
5049 2596.102249976406 16941.72269027146
5050 2529.53810075749 16917.100495986862
5051 2975.7210390090904 15399.105796288897
5052 2349.5109998899825 16367.591262385102
5053 2463.908076158474 16780.177341833747
5054 2611.83717171959 17012.588247884123
5055 3091.726939751665 15499.864740775607
5056 3740.8087416973176 15064.60754313757
5057 2690.2736513734176 16372.0064181174
5058 2852.8354857348995 15372.84294627982
5059 2552.3547303085998 16964.887325305957
5060 2850.233906505877 15350.26402696151
5061 3814.8642263972833 15230.095815741199
5062 2200.416149309603 16355.144531721766
5063 2595.9274402615943 16358.863084227902
5064 3811.226926937321 17650.641570395976
5066 3542.5022789507293 16019.35590752712
5067 4528.10646904833 15389.49965178416
5068 2853.034920371925 15365.344771040367
5069 2494.966803253418 15396.107871305001
5070 3049.302228672976 16485.811296420736
5071 1054.9695095482948 16360.369068777216
5072 2406.763481149951 16368.306854049082
5073 2829.6382874279416 15486.719842989345
5074 1816.0805745213565 16348.52248886522
5075 3625.3543958887276 15313.484689589572
5077 2853.4338178362714 15350.34736068654
5078 3891.195582293634 15318.797330055013
5079 1857.7254607836512 16856.908417147857
5080 2801.6993825370437 16360.2927818697
5081 3479.291814318013 16475.242152764153
5082 896.4431963334157 15873.132213596571
5083 1411.6624240712736 16548.269945377175
5084 1410.788593342288 15634.126720034132
5085 2357.011371186051 16367.685008595887
5086 3001.717038337661 15399.299912173967
5087 3046.9256330708704 16274.647106391487
5088 3818.9087770470837 15807.243408967375
5089 4185.7909042388765 16085.980318923785
5090 4320.093510613226 16015.967339813153
5091 1011.7055184832046 15693.09419286621
5092 4277.827663487497 16039.075511795834
5093 1141.311868088596 16308.867818245524
5094 1869.0643678327242 15442.294776525963
5095 2850.03435522708 15357.766587599874
5096 3108.46910509783 15420.08242614422
5097 3186.1664892811386 16638.39590798952
5098 3831.606285510436 15203.029282063477
5099 1346.7232966468102 15306.959315646449
5100 2849.8349201509855 15365.26477934707
5102 3464.0920065949617 15620.534742868884
5103 2150.7816850665404 16680.998907140885
5105 3708.953762381292 17532.97170945827
5106 1837.2340628740985 15383.071668407982
5107 1417.5724674456917 16232.059222207345
5108 2464.7174163213713 15388.838628581256
5110 2809.9702294660797 15397.123408355079
5111 2652.683461587613 14752.165346416741
5112 2817.469253445411 15397.30567629902
5113 1857.0261417830407 15844.291476794748
5114 3478.2955678051007 14644.935711832684
5115 1814.0694842396354 15385.850448710173
5116 1410.8241168893503 17676.03218143255
5117 3272.2008546502316 16865.197529573255
5118 1851.6118728671322 16281.381335163684
5119 3529.1027330756547 17208.910791433304
5120 2186.4545872181593 16660.279599696565
5121 3679.3254320430337 15304.040404462372
5122 4214.641574497991 15874.50965915063
5123 4124.160604499382 16954.528475514726
5124 2821.0623167694484 16327.49148809404
5125 4258.565853745712 15555.554235880216
5126 2882.4507968040693 15399.388065702613
5127 1000.4860891783364 15516.927438514813
5128 2853.51 15108.84
5129 2853.234355889347 15357.846562700504
5130 3264.3630271532597 16798.023349062645
5131 1833.2652041958315 16078.419672357497
5133 3782.9911792049807 15562.013142462913
5134 3206.2287837906083 16404.698491514024
5135 3129.8633071102054 14970.806877712579
5136 1839.2962628145103 16869.886619411758
5137 2040.9435186346395 15425.229381200823
5138 1900.8705064118747 15402.616655924428
5139 4659.69007069948 15326.882116149392
5140 3016.388957301938 15396.209245612228
5141 1579.640172550403 16963.170870582522
5142 1959.566907788113 17272.72910093757
5143 2883.2278940387723 14523.834572378046
5144 3756.9653235809315 15842.211655996429
5145 1647.6847876508327 16959.57353143291
5146 3539.9766091269853 17478.18009181461
5147 3012.70278867406 15399.381944359871
5148 1863.65073005298 15414.243674530182
5149 2733.810888166575 15395.272313254049
5150 3106.091029612431 14984.082155565879
5151 2824.6760195687825 16573.961537918884
5152 2816.1911682909295 15188.312457783599
5153 1132.8977375063894 15463.497557483142
5154 2931.0838701435705 16983.80945400208
5155 4416.893494910415 16175.511859187847
5156 3619.2579511657223 17218.79863809676
5157 1483.2887116770844 16738.826552025457
5158 3532.52928933921 14729.125253190854
5159 3935.6665271072184 15170.990579032117
5160 1638.634077442261 16419.32358400578
5161 2029.940434863484 15980.744355809959
5162 1098.2067648756756 16998.364416046526
5163 3743.9882475458567 16107.74310096804
5164 3099.896466554696 17106.14464911158
5165 3118.7920458824055 17095.958244895533
5166 1734.9742653196645 16669.524139710727
5167 3206.127063391714 15551.34423220106
5168 3303.2094307400766 15801.650244721732
5169 1950.0987832691253 15176.844658300557
5170 866.5571994543793 16864.21598895842
5171 4626.418270810905 16651.10604245181
5172 2639.21183912349 16329.522450372477
5173 1988.903242109921 15578.76621171538
5174 4181.416020142279 15834.735777898859
5175 3380.8890614388993 17404.682342656226
5176 3689.386428887484 15734.719977536244
5177 1004.6325124252537 16196.55071762892
5178 1494.820797147092 15741.842779451083
5179 2388.480737505534 15076.600367579502
5181 4215.143808559129 15848.964401114206
