4330 3561.3993856853103 17146.926524617335
4434 2826.637512003914 15400.678392734919
4470 2780.4629605571417 15399.60799806163
4557 2811.843462402764 15400.370854428847
4569 2799.304279162844 15400.066028335837
4574 2853.6096000000002 15109.074771428572
4583 2757.9699003822025 15399.061194372603
4596 2772.9652925799614 15399.425730621044
4633 2788.983974154882 15399.815142915786
4685 2765.467622949937 15399.24346314028
4701 2735.476861375683 15398.51439119818
4703 2683.09095337123 15397.204511937525
4719 2690.5893278902186 15397.403451185168
4725 2750.4722318795434 15398.878926919244
4768 2668.094316591105 15396.806636420553
4769 2727.9791693069956 15398.332123171933
4786 2675.592593909383 15397.005573089364
4821 2742.974568181954 15398.696659582696
4829 2712.9837849641262 15397.967587114443
4830 3171.448286912485 15407.593664814336
4834 2720.481457634071 15398.14985466911
4840 1780.7889098559622 16904.124408812702
4844 3139.083308882317 15404.969055532845
4852 1637.0095889719867 16518.67487813267
4858 3161.4978419723134 15406.980489991074
4883 2838.277252202681 15108.677142363063
4885 2615.606328452936 15395.4140784943
4890 2895.0004426416467 15399.461568560479
4893 3146.55483567218 15405.639535099846
4896 2623.1046135812535 15395.613015370318
4900 2638.1011984457186 15396.010889509917
4903 2850.0014243915994 15400.355785524082
4908 2645.599479332716 15396.20982627341
4910 1746.6040229811288 16386.213969720982
4920 2836.521844216174 15131.805887516985
4926 2483.8095649443944 15083.711266605937
4927 2646.6902330718517 14742.687920755203
4929 2660.5960411914034 15396.607699802644
4935 2608.108010393144 15395.215140744574
4937 3131.639246078569 16605.06365470187
4940 3116.6658387453967 15402.957357510018
4943 2480.5940796417285 16818.142908574715
4945 2630.602896906143 15395.811952198492
4950 2653.0977554740257 15396.408762910996
4951 3072.9258033476044 16698.428339092476
4955 3139.9303054541697 16618.41559058048
4957 2593.111363335829 15394.81726495494
4960 2801.2664509055444 16360.334844201267
4963 3147.846679866693 16631.164133168186
4964 2796.0182006442 16357.631039546828
4968 3675.5767879179575 15882.435557807985
4969 2871.4225042641706 15416.693426302187
4971 3497.7486653799124 17136.226365910403
4982 2576.712588138408 16981.076706283733
4983 2548.121346572255 15393.62363558051
4993 3154.0263632510514 15406.310014737652
4995 3109.1811375194766 15402.28569569601
5003 1643.0166137067965 17074.533185662272
5005 2578.114703707629 15394.419388831784
5006 2836.910328391673 15139.343302710397
5010 2865.000922929543 15399.285862372277
5012 1266.1596679205406 15570.097843454254
5016 2766.0647414745135 16361.137384710286
5017 2904.250920859477 16349.113125501493
5018 1066.9396087463294 16754.91314128933
5020 2879.3018196843796 16908.757583472183
5022 2585.6130059080724 15394.618326160744
5026 1557.232858516319 16839.69194232863
5027 2878.8035137564116 15420.121133269591
5028 2831.029325608968 15378.01869645234
5029 1855.8670898246726 17345.67973001005
5032 2570.61640106249 15394.220451491026
5035 2863.8197902388256 15419.651346558643
5039 3539.5430066592344 16200.48249191862
5040 2600.609661422706 15395.016202174762
5041 2004.3094247182944 15409.705971668005
5044 2863.921113089943 15416.461016687692
5046 2844.6071531995553 16368.00203512515
5048 3966.0839970817765 15405.472847230707
5051 3135.8481060638646 16611.84160985813
5057 1852.1514693153358 15371.244000327559
5058 3127.316567322709 16598.102405607224
5059 2874.848564943749 15599.462560555383
5060 2339.753009258784 16245.060025083132
5061 1307.8938611761341 15220.667101016781
5062 3389.336565537991 17009.13267756533
5068 3580.959468880633 15990.09258017775
5070 2837.0616266073293 16368.217103362496
5072 1097.7226476273165 16633.327127508583
5073 3103.2651764353027 15592.005110324553
5074 2773.565836092997 16361.060796037442
5083 2790.0508146207817 16360.892478919535
5084 2228.643908935385 15649.958781207702
5086 2872.5008371492013 15399.329789120171
5089 2483.22060841573 17023.551985661423
5091 3343.387725409829 15277.37655353908
5092 2593.72420386893 16965.812234771773
5095 2340.0522988349207 16393.876261257177
5099 2533.1246732968757 15393.225759095283
5103 2781.0013960133433 16357.784386996935
5105 2859.6981085399134 16367.57190143928
5106 2555.6197255706493 15393.822574946995
5108 2835.8898924536784 17269.1956754316
5110 2816.8812594562505 15397.291384778451
5111 2345.229661735683 16152.947629832106
5112 2829.8669879046065 15397.536034985906
5114 2893.786349721848 15420.60955795538
5120 2788.5159113177174 16357.707650847731
5127 1848.1015323185034 17351.376291715736
5128 2853.51 15108.84
5129 3121.99057713063 16589.525422098457
5130 2852.1526039085907 16367.786969050681
5133 2878.92385454828 15416.925834649815
5134 2616.8771643266737 16952.893956274966
5135 3212.586569688313 16397.459388345087
5137 2540.6230340364564 15393.424697977343
5140 2887.500598018087 15399.417642220205
5142 2831.3015383938096 15451.72607196484
5143 3840.391830589655 15204.371676505807
5145 2679.5786131065283 15390.706815830194
5147 2880.000689595943 15399.373715506264
5148 3240.7259841975283 15359.75969052979
5149 2805.7780717931078 15397.02151563386
5150 2347.7516542600756 16186.733723025693
5152 2845.2935988319823 15106.015255278407
5153 2075.902401271891 15391.437393115048
5156 2844.610689768734 16371.204636683573
5159 2605.5056793424174 17008.678796854776
5161 2596.033848067561 17001.22899281611
5162 2740.1744747377547 16358.201300210316
5163 2837.1604097454197 16371.417136079426
5164 2874.7904075440397 16367.194475886996
5167 3366.4373305841464 16981.902118648482
5169 2797.01668510625 15396.808565263
5170 1849.5894706860454 15408.751002733445
5172 1627.4941507207704 15779.588835556957
5173 3805.527873392964 15179.183088709
5174 4601.872773893371 16597.41087101194
5175 2324.158130837019 16460.310664507735
5176 2852.0608899598246 16370.99213956472
5177 3216.315093171883 15403.529723835183
5179 1965.924065374189 15403.151906555171
5183 3165.186200932186 16650.44769614496
5184 1794.3880823680788 16315.439696903706
5185 4383.086873985125 15967.646202793216
5189 1503.7407773486025 15543.17501283722
5190 4110.478632200446 16108.875577173962
5191 3383.0775174736086 15941.510574860436
5192 2902.5003340545845 15399.505495174795
5193 3050.5540472775906 16701.445047348578
5194 3663.1627680049473 15647.756584116572
5195 3316.5632914107828 15214.017920392862
5196 4169.465211988846 16514.73330711797
5199 2773.4556894181933 16357.861441662963
5200 2871.311680222151 15419.886240799045
5203 2781.066839669223 16360.984208294167
5204 1318.636814882427 16884.725248545557
5207 3969.5154231130373 16190.835992115353
5208 2433.513954805755 16360.864303563187
5210 3028.33803323693 16462.14310389746
5212 3618.3747225184206 16402.836717272014
5213 2349.511029944241 16367.591262760745
5214 1849.0143517798867 15463.42651147122
5215 2395.0238727800524 15388.038565785468
5216 3124.1402225896595 15403.62809346325
5217 1897.052376395999 15384.643165748641
5218 1979.797882361425 16358.038900679461
5219 3546.72 16213.799016866013
5220 2966.317670674081 16318.462878679466
5222 3465.105787902274 16081.045773107118
5223 3116.888028300765 16581.308268932924
5225 1342.2829086785646 16197.509548198654
5226 3088.775574952465 15400.968089885975
5227 1802.5376320301557 17292.110604908987
5228 2512.853140264322 17018.035172387572
5229 1985.5659401011899 15384.767335684031
5230 3143.8898230928926 16624.792004404993
5231 2563.1180878273813 15394.021513869307
5232 2852.4366156658116 15387.839326649844
5233 3279.9146284088865 17367.02307157492
5234 2652.894607364447 16910.43367233322
5235 2666.5324507142077 16643.1269405874
5236 2910.0002182635026 15399.549421746919
5237 2398.074372037031 17519.790503002656
5238 2577.358925821577 16989.39941084582
5239 2668.792854412107 16901.6747378579
5241 4253.271097013091 16031.649092397025
5242 3491.469805865654 16125.57560918694
5243 2962.5014154443306 15399.007083448658
5244 2324.8783088633318 16405.142828675333
5246 3617.5008874472956 15180.89612518808
5247 3315.216060446614 16931.673224216014
5248 2867.24373271771 16367.363877478607
5249 2995.774785471002 16732.83120759606
5250 2781.6155962969706 16370.72586546637
5251 4094.018057269247 16945.386766782714
5252 2849.4360503679604 15380.261148961941
5253 2714.3613759958357 16358.46489642594
5254 1676.6356532982036 17453.291868535573
5256 3788.7674506238895 15244.34029714565
5257 4422.685238043472 15945.940037892233
5258 2482.1290352041506 15389.038509198235
5259 2757.3001866441805 16358.026417183155
5260 1414.3898716212097 15635.371940480196
5261 2849.2366146395166 15387.759365235612
5262 3611.15989367937 15982.207606792448
5263 3936.4628116494414 16222.103835935113
5264 3609.509282690672 15920.238017202058
5265 2260.675643644373 16356.245810971186
5267 3758.6353870550265 15239.920813934901
5268 2765.8493815331703 16357.93911517258
5269 3210.7331188891208 16611.361237444056
5270 2120.994533941114 16362.697280017357
5271 3676.586617322051 16437.7071461566
5272 3053.8461756906695 15300.84341002913
5273 3203.6246218064293 15636.222862878327
5274 2855.1007020928278 15282.817607187068
5275 3497.6763740403103 16129.776635053911
5277 3820.201884247473 16667.85530894435
5278 2570.3440649037916 16371.647870237948
5279 2852.6360519128966 15380.341090876724
5280 4249.140478221377 14989.764502171216
5281 3624.8613793982922 16347.094851172546
5283 3547.253107890425 16438.10332652607
5284 2955.687053102768 16233.973457941715
5285 3530.1127595207927 16190.845037932348
5287 3325.923674710348 17267.934199436302
5288 2632.5489915160665 16921.642827376654
5289 3594.6768858853397 15916.304067407988
5290 1374.6686838310159 15461.821237656974
5291 3119.2954669010633 14976.708332257638
5292 2634.0948956371444 16924.448811646074
5293 2480.3052314467773 16358.009464817933
5294 4261.309669945361 15554.011671403125
5295 3131.6117770774895 15404.298575515812
5296 2640.4521018505066 16355.63501534914
5297 3070.55465852362 15418.921757949263
5298 1275.7186925304388 17161.64136356961
5299 2886.2953483808733 15420.356025774317
5300 1835.3786982124377 17331.913062854142
5301 2197.5820697116856 15577.367843831065
5302 2832.1369615684494 15761.776783488765
5303 2215.4600284762205 15403.96201212973
5304 2965.895288533959 15655.320675236808
5305 3299.84629875239 15795.99311612506
5306 2764.8591908425446 17267.443641323145
5307 4361.1254135242025 14938.757110113263
5308 2961.94155013183 15925.590869334605
5309 3159.9542248083344 15572.443317698599
5310 3543.4352189205974 16207.055798292313
5311 1595.0189199695913 17497.020982597507
5312 891.3710575479538 15214.517792638284
5313 3980.5748190659788 15139.046983953165
5314 3680.785738438641 17190.64139947716
5315 3353.612969156087 17364.751311175994
5316 3587.777969980639 15353.765050138025
5317 3091.054884544847 15438.506872870343
5318 3124.5599593268485 16450.58736968562
5319 4144.222440591216 17010.245209133547
5320 3902.1293248726297 15297.898089664362
5321 4800.803679170752 15738.972274549542
5322 2787.4487003757376 15396.576010078577
5323 1021.2335671568225 16286.434728566937
5324 2897.547893034689 15096.4876942455
5325 1562.682852515146 16761.98033918142
5326 1504.4226589062023 15865.99248543547
5327 1849.3062549758263 17362.57286913491
5328 1830.6469194609542 16895.831209348988
5329 2853.846560679895 15334.829403442613
5330 1846.8163732284913 17395.60814622376
5331 2821.0689868336126 16266.690518201998
5332 4491.208179187624 15972.49110042804
5333 912.5184621240762 15229.483111323007
5334 3629.686765390009 17222.407026974764
5335 2852.835488489484 15372.842842715278
5336 2859.4068094765503 15231.670307395774
5337 4594.5716892772825 15352.727498042994
5338 2886.42520995269 15417.158243156082
5339 2106.871427143309 15221.051015365396
5340 1896.357839618939 17333.516979745065
5341 3041.5326787725235 16822.218629315088
5342 988.8838181801143 16101.27833455487
5343 3275.3536288010205 15513.737641444635
5344 2328.0236584485574 16409.379217318532
5345 4123.722016845281 16458.271458115178
5346 3328.0475628232475 17347.189668297542
5347 3895.9687243560275 16776.85047383911
5348 3169.2493189541615 15404.460965088405
5349 2415.6581415642845 17506.38939603305
5350 4282.126388890347 16710.3058476705
5351 3709.6024247053456 15604.401161557244
5352 2797.432075271197 15811.905712679601
5353 3425.808379698784 16708.585420795192
5354 3338.317707907594 15854.811030351855
5355 3308.9000827528635 15196.399743049535
5356 4540.083988597314 16055.54336335056
5357 1834.6850310607297 16203.445273754152
5358 2419.381566134134 15619.088436086176
5359 3260.061991755552 15210.613779841902
5361 1760.8260825883904 15960.33970650023
5362 2133.4405875054285 15190.773191932314
5363 1909.1243027910677 16346.04546716588
5364 3657.735231802245 17380.988790274052
5365 2004.7333843660897 17274.86219640615
5366 2543.838559072037 16996.937245360128
5367 3352.8427221972715 15467.829233215774
5368 2791.933804718338 15582.972646577808
5369 3178.8586424613795 17308.103458244703
5370 3388.8004057774556 15584.456180349945
5371 3053.85 16479.53
5372 4169.011724457487 15825.526859989188
