4434 2907.353759197092 15399.535857896177
4470 2797.585059934651 15400.02423431542
4557 2828.6018393119193 15400.713735745196
4569 2819.5118128682075 15400.550184133046
4574 2853.6096000000002 15109.074771428572
4583 2761.859451743343 15399.155748915933
4596 2785.9548924181627 15399.741506289418
4633 2809.4750335952363 15400.31327819871
4685 2775.251580772964 15399.481310022353
4701 2735.476861375683 15398.51439119818
4703 2683.09095337123 15397.204511937525
4719 2690.5893278902186 15397.403451185168
4725 2751.672456245605 15398.908104234644
4768 2668.094316591105 15396.806636420553
4769 2727.9791693069956 15398.332123171933
4786 2675.592593909383 15397.005573089364
4821 2743.2978218050735 15398.704517840853
4829 2712.9837849641262 15397.967587114443
4830 3221.618941353512 15403.57003538488
4834 2720.481457634071 15398.14985466911
4840 1653.4686268915236 16971.328206018963
4844 3143.851120759016 15405.396909241
4852 1700.1350481035809 16484.646826605323
4858 3200.615370323101 15403.410399122977
4883 2838.277252202681 15108.677142363063
4885 2615.606328452936 15395.4140784943
4890 2895.0004426416467 15399.461568560479
4893 3158.1907328648776 15406.68371676858
4896 2623.1046135812535 15395.613015370318
4900 2638.1011984457186 15396.010889509917
4903 2947.5387751432822 15399.026652779581
4908 2645.599479332716 15396.20982627341
4910 1611.8018204494906 16442.691880033188
4920 2836.521844216174 15131.805887516985
4926 2409.8374369492285 15080.654458152803
4927 2692.136627812029 14697.187214642341
4929 2660.5960411914034 15396.607699802644
4935 2608.108010393144 15395.215140744574
4937 3132.020097132289 16605.676977875446
4940 3116.668699039456 15402.95761418697
4943 2556.450084045908 16936.7400839757
4945 2630.602896906143 15395.811952198492
4950 2653.0977554740257 15396.408762910996
4951 2938.0448145098335 16777.148117592158
4955 3139.933611638272 16618.420914864884
4957 2593.111363335829 15394.81726495494
4960 2863.297622475908 16352.888825539963
4963 3147.846679866693 16631.164133168186
4964 2796.0189086951223 16357.631032316409
4968 3793.5354701866645 15809.310236790785
4969 2871.4225042641706 15416.693426302187
4971 3583.9102552010036 17275.545314455198
4982 2492.150519280387 17029.51881461259
4983 2548.121449026416 15393.623638298719
4993 3174.448011478137 15406.686633214109
4995 3109.1972273064453 15402.287139560658
5003 1602.6212953436016 17013.677925360917
5005 2578.114703707629 15394.419388831784
5006 2836.910328391673 15139.343302710397
5010 2865.000922929543 15399.285862372277
5012 1198.6019985541548 15599.830099770079
5016 2771.8580498173505 16361.078233103764
5017 2992.105045608156 16304.772362647514
5018 1012.3358018690675 16769.430500118957
5020 2918.307964105355 16971.97834368063
5022 2585.6130059080724 15394.618326160744
5027 2878.8035137564116 15420.121133269591
5028 2836.3595902801944 15285.298712064903
5029 1855.8862614814175 17346.198783363703
5032 2570.61640106249 15394.220451491026
5035 2863.8197902388256 15419.651346558643
5039 3545.274488396332 16210.162911599724
5040 2600.609661422706 15395.016202174762
5041 1962.4888593827302 15405.997467980535
5044 2863.921113089943 15416.461016687692
5046 2844.6071531995553 16368.00203512515
5048 4023.870507700426 15520.768129582646
5051 3135.977020809048 16612.04921437928
5057 1853.3228115726552 15285.233592943165
5058 3128.0588107982776 16599.297715741086
5059 2978.492153152135 15598.823098495699
5060 2336.5400474878443 16415.66204517929
5061 1236.4952670781895 15089.652869094438
5062 3451.918761159211 17076.228460199764
5068 3609.3555247369227 15957.234628161854
5070 2837.0616266073293 16368.217103362496
5073 3162.519215220125 15571.753572377782
5074 2780.749685814489 16360.987446540592
5083 2796.0680050684227 16360.831041402202
5084 2203.166557061412 15583.715397090831
5086 2872.5008371492013 15399.329789120171
5089 2352.00364333549 17098.178766595498
5091 3344.4369698857204 15280.548583990201
5092 2593.72420386893 16965.812234771773
5095 2334.5437032118593 16555.260070526827
5099 2533.124798781537 15393.225762424514
5103 2781.018845411098 16357.784208808518
5105 2859.6981085399134 16367.57190143928
5106 2555.6197255706493 15393.822574946995
5108 2895.4549875731536 17231.741661662432
5110 2839.8443662640398 15400.908110925062
5111 2341.547494209641 16296.555522495793
5112 2851.4516122584337 15409.147214080422
5114 2893.786349721848 15420.60955795538
5120 2788.5188774626063 16357.707620558282
5127 1848.1015323185034 17351.376291715736
5128 2853.51 15108.84
5129 3124.077489029258 16592.88618850869
5130 2852.1526039085907 16367.786969050681
5133 2878.92385454828 15416.925834649815
5134 2543.0118318605837 17001.055769863025
5135 3251.7550513486153 16435.478243587124
5137 2540.623146917734 15393.424700972195
5140 2887.500598018087 15399.417642220205
5142 2832.4824461859794 15426.880502818474
5143 3816.2873524210568 15225.673902104974
5145 2697.955694561087 15350.470274512129
5147 2880.000689595943 15399.373715506264
5148 3211.5940548605895 15324.575989087298
5149 2827.085467181704 15397.485750596054
5150 2341.067448767731 16333.458851573032
5152 2845.2935988319823 15106.015255278407
5153 2247.497883077293 15393.382747430149
5156 2844.610689768734 16371.204636683573
5159 2667.1170538933748 17110.144783787495
5162 2750.969949807891 16358.09105980862
5163 2837.1604097454197 16371.417136079426
5164 2874.7904075440397 16367.194475886996
5167 3442.311470252878 17061.737250397102
5169 2813.6089062631872 15397.211848416118
5170 1852.9027291696298 15403.987247838886
5172 1714.4498424322358 15751.562480208522
5173 3763.567198661056 15107.712126962773
5174 4729.882235529785 16512.319967990148
5175 2325.2878328076317 16373.772044087153
5176 2852.0608899598246 16370.99213956472
5177 3255.3280048374254 15388.332694818519
5179 1893.7943905086913 15402.511716947996
5183 3080.495437480466 16697.985159093823
5184 1702.1675963180564 16310.19699261896
5185 4527.715606243662 15888.068736048943
5189 1613.4086324282237 15425.902112044423
5190 4224.50947374528 16047.153037946215
5191 3317.8772017240844 15826.457121566244
5192 2902.5003340545845 15399.505495174795
5193 3146.9303235010843 16651.461014645633
5194 3622.1399821563787 15650.414179415975
5195 3280.350574749355 15157.784894539978
5196 4232.140470366166 16483.958527987663
5199 2773.518838592232 16357.860796801086
5200 2871.311680222151 15419.886240799045
5203 2788.552142821753 16360.907780857446
5204 1258.9829647596332 16914.104569792733
5207 4123.018571143093 16105.577025071374
5208 2589.509025464834 16362.015935240794
5210 2926.840378857038 16371.185533910908
5212 3510.8810454363415 16458.006504634657
5213 2349.511029944241 16367.591262760745
5214 1849.522529494771 15415.114980076645
5215 2474.4733399228353 15388.950623912751
5216 3124.230456989656 15403.636190914165
5217 1920.339593091007 15378.692005295487
5218 1869.444105843696 16355.417562860217
5219 3519.565547386523 16234.207594060459
5220 3103.44462828944 16243.588533452064
5222 3437.0903259013558 16076.174921512727
5223 3120.0411760167767 16586.3861032859
5225 1402.978026978109 16163.878317777166
5226 3101.725591808486 15401.616650238415
5227 1826.011720251378 17260.69324723369
5228 2533.19596911377 17063.512229000306
5229 2130.7192153610717 15385.238029664111
5230 3143.8901784505197 16624.79257667351
5231 2563.1180878273813 15394.021513869307
5232 2852.4366156658116 15387.839326649844
5233 3340.3808711222773 17342.130025017854
5234 2769.231852106075 16846.346866741475
5235 2542.1075418497903 16672.21251296526
5236 2910.0002182635026 15399.549421746919
5237 2390.891371899112 17552.6052225905
5238 2577.358925821577 16989.39941084582
5239 2811.2575670873507 16818.41634671475
5241 4410.798021270867 15945.194491874916
5242 3456.33266799454 16066.17917578607
5243 3049.175607740341 15399.938536159947
5244 2308.2871027097617 16366.656618947864
5246 3623.1697570168944 15191.034904233502
5247 3234.528462470436 16796.418656053276
5248 2867.24373271771 16367.363877478607
5249 3117.549973580106 16662.970417619817
5250 2653.6007866854607 16372.520547022104
5251 4039.2186696215163 16914.067712821623
5252 2849.4360503679604 15380.261148961941
5253 2743.2818517140795 16358.169568537196
5254 1827.2631992327763 17376.230572698296
5256 3646.368181921468 15321.939569369306
5257 4577.12253678159 15860.91261068125
5258 2482.1290352041506 15389.038509198235
5259 2758.514009782764 16358.014021957422
5260 1451.1660417969606 15655.293850348511
5261 2849.2366146395166 15387.759365235612
5262 3536.5430701909413 16022.580232753453
5263 3798.137610820064 16304.100109927635
5264 3691.3806185302915 15873.02106594763
5265 2319.869005480759 16357.32760599475
5268 2766.0188285536456 16357.937384826533
5269 3332.140974659983 16541.016989380405
5270 1963.0555443679084 16357.641204060916
5271 3643.0889007943674 16383.958971234666
5272 2987.9814807419834 15339.420097436678
5273 3165.1266350721576 15575.286225992182
5274 2849.7093043234827 15369.987577259768
5275 3538.2130043994575 16198.236336841725
5277 3732.161791616293 16526.37709198675
5278 2421.669789751218 16368.493166151913
5279 2852.6360519128966 15380.341090876724
5280 4128.680803117716 15056.719614188556
5281 3657.602331201903 16401.378909400006
5283 3420.699097769944 16507.00182806799
5284 2955.718630056896 16169.430163703717
5285 3468.524269056638 16086.81971870438
5287 3319.123880807478 17297.686190436456
5288 2709.7341320016576 16879.11866820646
5289 3594.6768858853397 15916.304067407988
5290 1340.11796615358 15457.743315352162
5291 3027.6213225083497 15027.636153447635
5292 2731.6904441791366 16863.37152721305
5293 2625.548216409584 16359.08176945903
5294 4121.918656155573 15632.322137550766
5295 3132.667036674145 15404.39327235855
5296 2637.0035142552033 16277.53672331642
5297 2925.935303110098 15416.818974974582
5298 1397.737497944411 17091.68675113007
5299 2886.2953483808733 15420.356025774317
5300 1831.2898944547956 17231.758433344836
5301 2193.3281112918257 15453.718334270216
5302 2827.6182864863504 15902.903724855338
5303 2210.4047937300884 15401.166932857323
5304 2966.5881169565328 15608.13818340821
5305 3256.883197104523 15723.93669510862
5306 2703.275077975718 17172.07340715391
5307 4321.9422489352855 14949.299087425445
5308 2962.923367520167 15858.196752217356
5309 3197.469026594577 15619.914019347387
5310 3554.1895653676916 16225.3918122048
5311 1693.1994423813314 17444.41766179317
5312 831.9233314892194 15168.637177206863
5313 3861.615283410661 15205.175768975232
5314 3548.123221488864 17270.556938145586
5315 3313.857439755666 17360.93799808089
5316 3461.0064272861614 15419.824940152119
5317 3058.9761317995153 15425.673463335037
5318 3062.518098301309 16485.470993931845
5319 4102.586617587777 16951.958434647684
5320 3976.191347593104 15431.671880133097
5321 4861.184278451806 15715.452193993324
5322 2801.33789969168 15396.913594784173
5323 998.5357523960139 16155.926975566303
5324 2856.5836686462108 15136.082519403926
5325 1512.4077129527584 16789.07674762047
5326 1442.462526237992 15937.811466701434
5327 1921.3696661186254 17323.643062058123
5328 1830.6469194609542 16895.831209348988
5329 2853.0353421707896 15365.328912602492
5330 1838.241161041514 17375.97580520757
5331 2817.278003339793 16361.335839925865
5332 4461.787898947402 15940.441087301037
5333 953.8367098453684 15289.056719628436
5334 3498.6909379394688 17290.577797100443
5335 2852.835488489484 15372.842842715278
5336 2854.207153569583 15321.272136172971
5337 4542.446495110267 15393.385742933655
5338 2886.42520995269 15417.158243156082
5339 2106.055176730756 15299.124097611908
5340 1995.6369812808218 17279.809136916912
5341 3000.410554438031 16756.036724169364
5342 957.2500070175196 16009.22871099656
5343 3189.720415236364 15560.312091472215
5344 2331.788053454831 16236.16083966924
5345 4089.5782113490295 16400.60892029313
5346 3335.4142100278154 17352.343247711953
5347 3847.331735133962 16710.008769899956
5348 3169.2493189541615 15404.460965088405
5349 2489.639090794094 17465.36206947894
5350 4315.703464910404 16766.409814112667
5351 3660.0278857734083 15629.459657046922
5352 2729.0777491767717 15810.93552818032
5353 3516.709956673696 16662.30628988681
5354 3403.631236656407 15972.689367696961
5355 3353.2673825437687 15265.429145984592
5356 4559.693307177719 16098.167902975836
5357 1839.9365363991326 16061.44370278798
5358 2438.708581010323 15582.974815608066
5359 3301.7686055579015 15186.990263306805
5361 1679.424841547882 15984.945289699082
5362 2060.234987895106 15190.356264032791
5363 2020.1945517635952 16350.739309923367
5364 3748.1699649510324 17327.21057020574
5365 2088.884361469992 17229.09796699003
5366 2465.878508399958 17040.781646026226
5367 3409.8345419442135 15434.091485613613
5368 2719.3355842896076 15580.466872760568
5369 3150.4855516037223 17253.178550712226
5370 3417.983032644934 15630.130312871757
5371 3041.2276253269597 16476.60328809784
5372 4147.325163087077 15786.313183038577
5373 4040.4305238923343 15349.45041744556
5374 3362.4079119999506 15462.461201397207
5375 2787.510903652591 16614.20041790037
5376 3119.0001721072977 15588.647330874299
5377 1901.5107075021062 16139.231397843789
5379 3705.1731873528984 17538.432019807104
5380 2856.7626828020093 16597.5568976251
5381 3970.721496589717 15783.098934942287
