4470 2846.2939395082867 15401.700799929526
4557 2917.5114702726646 15399.593414899871
4569 2962.9293509497415 15399.010278904942
4574 2853.6096000000002 15109.074771428572
4583 2802.6647577308227 15400.147721180812
4596 2832.3208617316263 15400.780649974338
4633 2871.9305403517556 15399.327268121302
4685 2817.50843243429 15400.50856919453
4701 2769.259821687675 15399.335651052603
4703 2724.107201494901 15398.237996082646
4719 2733.7348956128108 15398.472044212136
4725 2792.47073048811 15399.899905558616
4768 2705.727736448445 15397.790756033512
4769 2760.4182259474933 15399.120712883674
4786 2714.5056078351695 15398.00458245227
4821 2779.6247647072805 15399.587621617551
4829 2741.865255592669 15398.669692322066
4830 3164.57562009548 15350.420890894111
4834 2750.595415126959 15398.881921489728
4840 1223.50555960321 17204.988489318883
4844 3441.679870533932 15402.156459058164
4858 3285.372580304438 15316.872274576097
4883 2838.277252202681 15108.677142363063
4885 2635.95838470917 15395.954038554886
4890 2895.0004426416467 15399.461568560479
4893 3238.833623479091 15356.645490607323
4896 2648.8919927286224 15396.297179890675
4900 2673.919730632499 15396.961190382037
4903 3155.6958521378688 15406.459831263433
4908 2812.0378461214596 15397.173662926563
4910 1474.174844260137 16689.69814979563
4920 2836.521844216174 15131.805887516985
4927 2875.5510671768875 14526.42762033879
4929 2696.1018653506044 15397.545130357223
4935 2622.7366326565434 15395.603252474624
4937 3132.020649282884 16605.67786705969
4940 3249.461072138762 15403.78164767098
4943 2564.50057562006 16949.326636204267
4945 2661.723677618861 15396.637617105644
4950 2684.54053091704 15397.242970654896
4951 2809.0627578352924 16968.25476103059
4955 3139.9336738550705 16618.42101505892
4957 2600.440035785872 15395.011701839858
4960 3242.9935000548335 16168.940433514686
4963 3147.846679866693 16631.164133168186
4964 2978.177581186066 16312.33813576502
4968 3860.558636560411 15606.886394038713
4969 2871.4225042641706 15416.693426302187
4971 3805.8352593968525 17649.150030867568
4982 2176.305114848744 17209.028503236685
4983 2548.341216715699 15393.62946895157
4993 3226.3010435028714 15335.882109880711
4995 3233.8359856640027 15403.662890227632
5003 1543.6908848547675 16903.998349519123
5005 2583.6852091656224 15394.56717981795
5006 2836.910328391673 15139.343302710397
5010 2865.000922929543 15399.285862372277
5016 2796.0688841299966 16360.83103242669
5017 3383.804934649168 16094.428508182287
5018 1011.701245124956 16583.436686753797
5020 3031.028308683579 17141.865350925524
5022 2592.229514587316 15394.793868640696
5027 2878.8035137564116 15420.121133269591
5028 2837.2988115637213 15146.880698434743
5029 2041.2499900581179 17255.003195620873
5032 2575.594974141931 15394.35253792926
5035 2863.8197902388256 15419.651346558643
5039 3661.8260965660484 16408.11865988628
5040 2610.7412412884946 15395.285002948958
5041 1886.4969427165288 15399.108920575545
5044 2863.921113089943 15416.461016687692
5046 2837.0617385557125 16368.21710017166
5048 4200.735531944706 15445.239290069674
5051 3135.9771669216243 16612.049449679216
5058 3128.064128669238 16599.30627964937
5059 3091.0780624551066 15440.622989435766
5060 2154.175106849241 16695.599345393675
5061 1044.8218795072844 15021.182644729657
5062 3287.406092570084 17172.073254844527
5068 3774.411750683435 15844.60982933692
5070 2809.4758637223194 16298.641039527763
5073 3259.401998708577 15721.927492168123
5074 2796.0189309729312 16357.631032088913
5083 3003.914753033749 16389.52129925199
5086 2872.5008371492013 15399.329789120171
5089 1925.4993124024381 17333.424208619253
5092 2420.929772637846 16748.483391194102
5095 2557.2334500866814 16937.964838699736
5099 2533.124798781537 15393.225762424514
5103 2919.295907341964 16341.68350254718
5105 2852.2466008202387 16367.784289880467
5106 2556.557981717732 15393.847467804977
5108 3090.4982917752727 17111.24471983458
5110 2859.7765990493795 15599.510222175035
5111 2412.5385692300506 16705.107816731746
5112 2902.894798870744 15599.37387080227
5114 2893.786349721848 15420.60955795538
5120 2806.4923305560137 16198.668260786859
5127 2006.4153878288716 17284.86949130051
5128 2853.51 15108.84
5129 3124.107624566535 16592.9347188283
5130 2844.612891234207 16368.001871575398
5133 2878.92385454828 15416.925834649815
5134 2191.6296518010568 17200.425322631178
5137 2540.6455526673726 15393.42529541876
5140 2887.500598018087 15399.417642220205
5142 2832.4824753612274 15426.879888989315
5143 3475.4923374321047 15414.165796875413
5147 2880.000689595943 15399.373715506264
5149 2836.181081517515 15652.957359418508
5150 2428.436550337016 16736.49523935414
5152 2845.2935988319823 15106.015255278407
5153 2789.5158111011806 15402.385753529958
5156 2673.1909425819213 16372.245906208529
5159 2696.9102550611874 17353.885983612767
5162 2765.511056692157 16357.942570052159
5163 2629.277725606754 16372.586841062976
5164 2868.068563287521 16367.345362355782
5167 3648.273258337469 17389.551046013912
5169 2839.877348013657 15529.932812373441
5170 2129.1045229305364 15392.07223036441
5173 3623.9673865936684 14882.50318940127
5174 5063.90298233671 16187.646069390805
5175 2018.9044378341705 16358.07604891067
5176 2837.1603623776973 16371.417137430464
5179 1886.6304304602047 15402.31785484641
5183 2727.066662513509 16895.07424686101
5184 1464.114884030399 16419.28409202748
5185 4855.495196693109 15722.324967650964
5189 1842.43295574472 15386.15637613131
5190 4574.225115868901 15855.201737250592
5191 3161.487559439594 15890.513182857017
5192 2902.5003340545845 15399.505495174795
5193 3378.5767740319693 16986.431405753898
5195 3163.4004216371045 14977.026838715774
5196 4456.325115301942 16372.24103910124
5199 2788.514982767856 16357.707660329826
5200 2871.311680222151 15419.886240799045
5203 2987.9042779807887 16379.097150769701
5204 1414.729038592933 16833.832351375473
5207 4549.323090161417 15868.887756554377
5210 2844.6107344743696 16371.204635408463
5212 3187.765404671252 16637.50086590126
5213 2334.0169879347177 16359.360720962379
5214 2105.0577634510782 15394.986083617898
5215 2474.628230673873 15388.95240201616
5216 3255.467107767015 15390.92550872704
5218 1549.8619845130277 16478.72433823308
5219 3191.6685674619443 16412.879728328015
5220 3566.594209743491 15997.772517139763
5222 3129.5996012548276 16235.509370621212
5223 3120.151102177684 16586.563128559184
5225 1478.5262884186106 16284.880671534942
5226 3193.7921527670783 15403.358539706156
5228 2656.1897222992898 17285.599007153953
5229 2167.9982977870063 15386.009276327653
5230 3143.8901784505197 16624.79257667351
5231 2565.6613764854687 15394.088989817714
5232 2852.4366156658116 15387.839326649844
5233 3728.090923846111 17152.783006767193
5234 3134.4809468962276 16653.21760484479
5235 2358.988847909147 16649.212572266417
5236 2910.0002182635026 15399.549421746919
5238 2577.358925821577 16989.39941084582
5239 2818.382404279291 16364.840988313003
5241 4374.056262580029 15753.107468860078
5242 3225.5031589916284 15672.260942273093
5243 3172.3386389410102 15407.344139405068
5244 1885.9920902679767 16355.810642814275
5246 3640.569836918383 15222.17351884094
5247 3062.0453617240505 16510.454045522405
5248 2860.0693210977875 16367.561320861567
5249 3525.484269433175 16437.5412014654
5250 2361.420612809295 16367.740119160191
5251 3825.5551919076415 16701.738045028662
5252 2849.4360503679604 15380.261148961941
5253 2757.768905812125 16358.021630752819
5254 2295.9688021036136 17116.533229735363
5256 3156.5613176339443 15424.382574414423
5257 4815.0166838369605 15744.207837470256
5258 2482.1290352041506 15389.038509198235
5259 2773.2990198885554 16357.863041528812
5260 1439.1383638428426 15938.25994852151
5261 2849.2366146395166 15387.759365235612
5262 3156.2641438494875 16225.057034510146
5263 3354.3623309008585 16546.60300173421
5264 4066.452351791213 15655.598080536254
5265 2570.6268122297292 16361.876537535385
5268 2781.008485610901 16357.784314599929
5269 3613.95706574883 16334.696852302899
5270 1631.0576979536 16434.343334585163
5271 3463.261789965609 16077.931189967125
5273 3091.3895148722477 15469.058237129475
5274 2849.6354850139187 15372.762973386656
5275 3632.0905724968325 16365.924335404132
5277 3649.199328849917 16393.795934144666
5278 2348.2221899047063 16367.410824484976
5279 2852.6360519128966 15380.341090876724
5280 3751.7481199514423 15264.546669455693
5281 3639.48767066907 16601.98016028684
5283 3170.0994879078376 16647.389906390043
5285 3459.2215005996 16071.106986485194
5288 2814.759869365035 16413.430155148864
5289 3531.8192643937255 16025.136123444685
5290 1124.3817512129347 15549.24608633956
5291 2855.6485996265324 15257.447708521151
5292 2813.0535174393817 16386.455852949373
5293 2748.780500528797 16358.113417858307
5294 4021.9543299260945 15690.455310065387
5295 3402.1358502971502 15408.137318872807
5296 2636.2718745034736 15901.56647642417
5297 2472.852218807406 15408.22735828038
5298 1804.8718168892055 16881.63792749554
5299 2886.2953483808733 15420.356025774317
5300 1828.2239555857752 16804.09530615012
5301 2194.316457830837 15417.816532853307
5302 2821.1840691990255 16352.014880188357
5303 2465.255261296052 15388.844802894288
5304 3091.8507334940346 15521.48779050421
5305 3093.881239077746 15594.932654014028
5306 2580.0490864028093 16987.659679366596
5307 3912.4201985961154 15176.94157440722
5308 2965.996548382053 15648.407713760851
5309 3423.3092400237347 16006.596755237473
5310 3685.052595306487 16445.18056855886
5311 1831.174301488151 17227.60885990335
5313 3500.6925144211878 15401.187782269071
5314 3254.716010663703 17384.51786710072
5315 2947.8411525144256 17509.24740877278
5316 3112.995937663669 15593.198655614102
5317 2893.9575484419756 15417.41152877946
5318 2825.48902039835 16609.77002081829
5319 3840.77060192747 16700.35003673681
5320 4216.71137950118 15877.74095804642
5321 4550.670197919995 15887.747135436024
5322 2845.6541668539367 15447.220844933652
5323 852.8204057387838 15786.16921310119
5324 2850.034388144598 15357.765349994814
5325 1588.7472719430411 16981.61249964579
5326 1433.7585523588127 16431.386957294904
5327 2362.6982132150015 17078.438536507907
5328 1987.5720558421249 16777.149083969834
5329 2853.0349234909077 15365.344653775495
5330 2117.622893891384 17217.113192882036
5331 2447.0662236823864 16368.81059303047
5332 4248.53959266312 15969.280334889609
5333 957.5376594462656 15428.285271700981
5334 3438.246591370145 17302.859035436933
5335 2852.835488489484 15372.842842715278
5336 2849.8349200438574 15365.264783374789
5337 4123.990883982684 15631.15796744793
5338 2886.42520995269 15417.158243156082
5339 2160.4919333168473 15385.853981235172
5340 2435.132185335785 17033.959460629685
5341 2669.5455557059436 16923.507435745207
5342 885.8661987097325 15738.707564503628
5343 3305.729268631819 15799.623088746508
5344 2285.4103926919915 15735.313786390965
5345 3979.352927895135 16206.143188702283
5346 2983.900270599717 17496.86123988847
5347 3654.10835358549 16401.843175360504
5348 3169.2493189541615 15404.460965088405
5349 2723.8440968019872 17334.24637121243
5350 4193.453379718754 16950.21792365606
5351 3754.3256927537427 15807.054828856202
5352 2639.3680075071297 15957.86376706232
5353 3737.798673539836 16535.370712270604
5354 3611.320669009763 15973.860913149909
5355 3494.2843657408253 15380.596266425213
5356 4440.113420490152 15955.619045130385
5357 1858.3501297356327 16262.326460803382
5358 2413.350757338229 15744.64036039776
5359 3437.718771446336 15397.979180964225
5361 1437.8066073231287 16066.896392720764
5362 1878.610296418386 15215.650055894243
5363 2370.6180030388878 16356.731382742571
5364 4073.487559842465 17133.516871007425
5365 2524.230799570586 16982.22742344139
5366 2190.639340078336 17227.494570448987
5367 3050.4290490930457 15422.331756625705
5368 2789.117839291406 15579.671609353201
5369 3020.7782747742062 17150.907644638493
5370 3622.4214354516403 15532.330639571019
5371 2852.0781869648695 16370.991646213717
5372 3983.217927368927 15713.445836942465
5373 4054.757454308671 15524.512702975997
5374 3260.4341810796404 15521.711731026768
5375 2450.8853029952847 16728.031903794512
5376 3246.6536641358457 15700.927922853434
5377 2026.750030605116 16219.250344531489
5378 1362.47288959116 16859.569442666547
5379 3634.450907653067 17570.15152450134
5380 2772.4292048102725 16615.126058524063
5381 4096.156948557654 15693.773234533344
5382 2646.192617058136 15432.057700914824
5383 3300.8194308720654 16525.387288340873
5384 3143.657001485633 16654.090482526924
5385 3091.5286739796875 15558.946643672918
5386 3133.238071709869 16867.52773833903
5387 3025.6676212817724 15317.237201722455
5388 1431.9489508692047 16572.098301924758
5389 4267.256362459666 16466.452698914003
5390 3257.285072112824 14307.950545073956
5391 3014.401814100988 15332.21931952985
5392 3419.6300552496127 15407.70839392494
5393 3685.500023922558 16451.928447132545
5394 3880.2702865629926 15832.096149407529
5395 2452.819546754252 15676.635847558919
5396 2109.909984398976 15191.297963852883
5397 4335.565380645493 16122.966637479538
5398 3233.563308594422 15341.746550371183
5399 1034.8642699911695 16340.359692717262
5400 1826.8455995508555 16285.083518460184
5401 3422.699305705133 15404.092878768748
5402 2925.6089055979814 15399.640841308988
5403 4511.7726694846415 17028.113904212354
5404 2546.70449563177 17437.374157872844
5405 4520.343604819894 15035.124883285382
5406 724.2345335965175 16503.068067124204
5407 1338.3944365088303 15333.523825232005
5408 4432.268719089696 15068.557652406078
