4213 3105.3219651205704 16582.011119968425
4317 4049.792444961058 16916.40411303936
4330 3985.6328747151815 16921.141923122257
4434 2810.453732478187 15400.337070255258
4470 2780.4629605571417 15399.60799806163
4557 2802.9560307036554 15400.154801993063
4569 2795.458360864591 15399.972534507217
4574 2853.6096000000002 15109.074771428572
4583 2757.9699003822025 15399.061194372603
4596 2772.9652925799614 15399.425730621044
4633 2787.9606514069487 15399.790266058246
4685 2765.467622949937 15399.24346314028
4701 2735.476861375683 15398.51439119818
4703 2683.09095337123 15397.204511937525
4714 1398.7856933185333 16011.521017649964
4719 2690.5893278902186 15397.403451185168
4725 2750.4722318795434 15398.878926919244
4736 1486.5539811049757 16802.02660697905
4768 2668.094316591105 15396.806636420553
4769 2727.9791693069956 15398.332123171933
4786 2675.592593909383 15397.005573089364
4821 2742.974568181954 15398.696659582696
4829 2712.9837849641262 15397.967587114443
4830 2832.341821301343 15429.839163365981
4834 2720.481457634071 15398.14985466911
4840 2338.03195867839 16318.348369693844
4841 3302.386345405832 14376.478540855813
4844 2830.350523703357 15471.734832519669
4846 2443.84698252563 16732.18862943565
4852 1891.0635837524023 16355.931110804499
4853 2833.0172014912914 15414.899696390023
4858 2831.8029258595748 15441.177189967118
4861 2664.7394536021793 17106.45689452343
4872 2343.9228369484886 15658.076053402528
4883 2826.6334586981025 15414.339129883685
4885 2615.606328452936 15395.4140784943
4890 2895.0004426416467 15399.461568560479
4891 3146.629225692584 16623.13114513517
4893 2830.7066432757188 15464.2422971006
4895 2898.259685271625 16351.792884621786
4896 2623.1046135812535 15395.613015370318
4897 3168.4310771488617 15573.50931190673
4900 2638.1011984457186 15396.010889509917
4903 2817.9514311183934 15400.519338441258
4905 2472.2315088905416 17258.386818884752
4908 2645.599479332716 15396.20982627341
4909 2831.062764098994 15456.749735363079
4910 2341.2490114691636 16190.31431105892
4920 2823.419542626232 15414.654268041086
4924 1111.2925033549948 17491.30333820127
4926 2822.760767648807 15429.190937751759
4927 2829.89975012551 15412.969114227302
4929 2660.5960411914034 15396.607699802644
4934 2377.533402661453 17083.65927397232
4935 2608.108010393144 15395.215140744574
4937 2830.954676024713 16134.029338679444
4940 2829.2821671551787 15494.212393144424
4943 2342.047639085833 16151.550169601775
4945 2630.602896906143 15395.811952198492
4946 2829.99440605956 15479.22732736293
4947 4119.070691032093 16962.943475963286
4948 4840.597883314044 16426.68773036472
4950 2653.0977554740257 15396.408762910996
4951 3121.363799432856 16588.51605824618
4955 3009.7797939765283 16405.611121357637
4957 2593.111363335829 15394.81726495494
4959 945.9310624974663 15077.013097268446
4960 2796.0639106602102 16360.831083207471
4963 3106.506575201853 16564.58995950779
4964 2788.4498721415976 16357.708325221509
4968 3650.1943414768557 16395.598386278718
4969 2871.4225042641706 15416.693426302187
4971 3135.9058431366543 16611.93458973667
4982 3147.8466869347967 16631.164144550672
4983 2474.5626415073875 15388.95164907049
4991 4469.349102492607 15603.715570126715
4993 2831.4188813308065 15449.25724918772
4995 2828.9260495331328 15501.704887530053
4997 1375.7720281102363 17664.909029166636
4999 4180.682511731647 17073.468720591452
5000 1843.9741443462915 16355.77109599876
5003 2411.007351165555 17064.621697386956
5005 2578.114703707629 15394.419388831784
5006 2829.1421538002887 15429.88671531107
5010 2865.000922929543 15399.285862372277
5012 1893.6682544701246 15396.105114658185
5013 1976.4671107322906 16740.865235919395
5015 3161.4978939548523 15406.980494655882
5016 2072.172497525722 16352.800800262707
5017 2796.0189406765403 16357.631031989822
5018 1957.415111675887 16357.507221518594
5019 2644.296954563503 16369.646071828287
5020 3143.8879074142515 16624.788919392908
5022 2585.6130059080724 15394.618326160744
5023 4624.793445537872 15335.020879404585
5024 1131.0323701405998 15691.36791277132
5025 3397.650762771464 15341.030485298412
5026 1920.020291105197 16356.618946912151
5027 2878.8035137564116 15420.121133269591
5028 2431.0124528427477 15388.451704829895
5029 1848.3990033582645 16463.940110893353
5032 2570.61640106249 15394.220451491026
5033 3058.233222941242 15597.244594672258
5035 2863.8197902388256 15419.651346558643
5039 3096.2741865058993 15593.438972244756
5040 2600.609661422706 15395.016202174762
5041 2526.9011763379426 15415.805171980735
5044 2863.921113089943 15416.461016687692
5046 2844.6071531995553 16368.00203512515
5048 3154.026360810557 15406.310014518645
5051 2837.7957218868723 16356.864377962698
5057 2189.6002878660834 15546.573259881077
5058 2831.622180226585 16072.788790454444
5059 2828.210926701845 15516.750629348948
5060 2562.942537843359 15416.351348335198
5061 1911.8619127518593 15396.380586428451
5062 3131.2886810926407 16604.499104262493
5063 3368.779714776473 15915.161016243119
5066 3575.3201208189275 16623.79755668211
5068 3002.3467073305173 15599.183158030452
5069 4038.0381259706446 15552.783258052898
5070 2837.0616266073293 16368.217103362496
5072 1504.2909674698385 16505.510218652784
5073 2829.6382874279416 15486.719842989345
5074 2765.284651066098 16357.944882043712
5077 2900.7916737153437 15599.380521451027
5078 3191.1809222190504 14307.380558895553
5081 2392.486659267246 17082.52065890255
5083 2424.8331869736962 16360.800217902151
5084 2456.230914038972 15388.741205858898
5086 2872.5008371492013 15399.329789120171
5089 2600.2773696820973 16962.15587207186
5090 4175.80628638637 17058.94022320814
5091 2640.2838557620994 15398.868838604203
5092 3164.6511590550667 16650.070360660997
5093 2036.802800757113 16351.41699456813
5094 2334.6175928417233 16550.093202994645
5095 2542.980150680017 15416.04883523936
5096 1333.5940484794032 15682.099123012595
5097 2030.9779880608642 16360.794342720717
5099 2398.1412258912637 15388.074352145564
5100 2647.954350360432 15533.839615136321
5103 2773.2667868409676 16357.863370683766
5105 2859.6981085399134 16367.57190143928
5106 2482.1284072767244 15389.0385019898
5108 2544.736353265126 16900.608907147587
5110 2809.9702294660797 15397.123408355079
5111 2627.0718459114764 15417.323173766645
5112 2817.469253445411 15397.30567629902
5114 3621.609788522491 15331.744967876093
5115 3179.155233263325 15257.525259551741
5116 2557.0209940530344 16973.28353436293
5117 2450.3056351735486 16728.374246844724
5120 2780.7931525885306 16357.786513521118
5121 3170.523021637205 15407.62868487851
5122 4289.866716461159 16723.238893981423
5123 3687.6800037867515 16092.027474256338
5124 2828.569929046638 15509.19744218191
5126 3093.862893222904 16464.164638357594
5127 1421.7422935039247 16325.761244424499
5128 2853.51 15108.84
5129 2830.4840039692594 15914.819835814453
5130 2852.1526039085907 16367.786969050681
5131 3205.2678722165842 15403.445760157998
5133 2878.92385454828 15416.925834649815
5134 3139.9104943475704 16618.383686741294
5135 2833.0647996970474 15823.410944063573
5137 2466.6733138680042 15388.86108174951
5138 1844.7167420725727 17044.772160294167
5139 4573.85045997266 16306.697259091961
5140 2887.500598018087 15399.417642220205
5141 1264.1727091462951 15570.971931020293
5142 2754.3122157930793 16839.95080241473
5143 2970.8331634244846 15399.069297815297
5144 2740.2917611577386 16620.757943293964
5145 2277.7832157097982 15724.112633214996
5147 2880.000689595943 15399.373715506264
5148 2143.741976898318 15392.240189015605
5149 2802.471221417727 15396.941140798348
5150 2592.4073489933967 15416.797862630627
5151 2869.3196286395323 15988.1411876593
5152 2845.2935988319823 15106.015255278407
5153 1124.3147075979205 15675.306214039623
5154 3608.155906673023 16389.19793125194
5155 3480.017342695484 16106.231960264146
5156 3255.9053824278867 16599.357416684084
5158 3440.543566965013 15426.326879447077
5159 3548.628714794283 16437.35057984723
5160 1424.5055908638997 16166.777071058066
5161 2564.4933501164433 16949.315339480607
5162 1858.4337799938985 16344.809275898857
5163 3066.518082394594 16483.20050740229
5164 3046.0742180578013 16484.301398466618
5166 2335.6963784192317 16211.290536404209
5167 3126.1061312941492 16596.153117403348
5168 2830.664666018865 16305.826227355845
5169 2784.023780785261 15396.492765505198
5170 1831.4240096238593 16206.941648777076
5171 3705.1792124231074 15289.965515947422
5172 1992.6513517320618 15409.26384372553
5173 2605.5300529500223 15401.251184022189
5174 4123.8797876506715 16452.263665077608
5175 2582.73923595895 16985.929907173268
5176 3050.460588401639 16486.01285547228
5177 1837.1597050532837 15386.271923750079
5178 832.3544942917731 17013.278951217828
5179 2398.136235289145 15183.372649092484
5183 4270.56611425025 16039.41436706245
5184 2840.0740312696203 16371.334032785093
5185 3119.5515372129307 16661.81744932888
5186 3548.576913220074 16007.404901784184
5188 2967.838916999692 15741.505916987826
5189 1414.8157777498488 16370.80448515892
5190 3451.0725768712787 16050.971527578818
5191 3180.4466583829994 16627.960882599964
5192 2902.5003340545845 15399.505495174795
5193 2454.052573434007 16758.828345244998
5194 3466.356641145923 16083.158512143216
5195 3702.726633714644 15270.000411892102
5196 4280.647904295244 15992.964359869558
5197 2843.9790507391253 16595.224609344466
5198 3150.5866808327023 16629.50413609027
5199 2756.841036261051 16358.031105899709
5200 2871.311680222151 15419.886240799045
5202 2253.995105721739 16365.508893660615
5203 2362.3873577115774 16359.794724096584
5204 1823.1414037296327 17355.209398000945
5205 4134.321990477854 16121.522728904345
5207 3875.069236765238 16750.239665485245
5208 1460.0493213369323 16284.435288771068
5209 4217.8975889621615 15879.592822021785
5210 3938.87154268558 16224.429600936786
5211 3515.219625872909 17612.58636087856
5212 4274.657590948621 16034.951025617796
5213 3064.201427126619 16520.196997306382
5214 1829.205352997409 16741.88851229869
5215 1946.0999789259624 15380.992118976996
5216 3558.0660071618317 15369.923274539213
5217 3350.373569876131 15428.030685022932
5218 2456.7642393482474 16724.55989288135
5219 3883.363127369273 15771.026007412725
5220 2593.7241267963745 16965.812277774683
5221 1857.3500456671682 15825.292838625757
5222 3746.912161474937 16549.9434583599
5223 3620.4345675193845 15976.296555989933
5224 3544.8177002950774 16209.390581962924
5225 943.3834423460645 16157.944310195464
5226 2812.601301351887 15883.555905374602
5227 1399.1197379756056 16555.41420524033
5228 2936.0832514170866 16778.22363335079
5229 856.4116222459596 15753.748041115727
5230 3044.4174880291584 16463.70817748711
5231 2563.1180878273813 15394.021513869307
5232 2855.853279502281 15247.970192403134
5233 2549.6362697085056 16977.837279797754
5234 2502.742046015444 16995.47653498719
5235 3230.5490790503286 16185.674317287096
5236 2952.2987516455532 15398.930898683137
5237 2939.409200641588 17510.38159993503
5238 3189.226393486593 17412.09502061234
5239 2317.552130904017 17104.19243088469
5240 3030.0948078339934 15399.541086164814
5241 3219.244334078716 16765.491668518447
5242 4042.4064617382337 16915.98729661946
5243 3195.6087871161167 15623.019783408958
5244 2954.889899582477 17507.419017231063
5246 3566.9994332454016 15092.248004202002
5247 3417.0276478242504 17471.05817996946
5248 3009.9699430760793 16426.954988518566
5249 2423.9712269605648 16711.304478139304
5250 3056.4259137300396 15600.543450227495
5251 3333.0320071747146 17322.507127709043
5252 2651.1377075193386 14749.895874159753
5253 1859.5129310980383 16196.608135528106
5254 807.3900534331405 17513.728953977745
5256 4698.522475907346 15231.833942163703
5257 4643.613215906991 16266.880503083075
5258 2302.1717136664956 15753.98247609874
5259 2329.6676357545675 16528.617549777027
5260 1263.8162969786424 15695.723669041536
5261 2856.7129328252495 15121.047632088485
5262 4262.668803350591 15539.944125437469
5263 4526.007964086175 15707.057516629426
5264 3015.1435112319614 16054.376171996195
5265 1334.7238690028798 16592.093814260752
5266 3188.801125749069 16414.490914533893
5267 3819.374057535103 15795.248509365687
5268 2637.8139662534095 16052.96497036155
5269 3207.3105244773537 17212.237423077015
5270 2503.683362202563 15520.305089395422
5271 4336.420944341116 17334.991631301018
5272 3228.9039747398097 15078.857066209805
5273 3802.346668167558 16298.063544320741
5274 3263.918240860982 15132.297546622623
5275 2971.328437843717 15601.410535910696
5276 3441.0056519397076 16761.225360137287
5277 4517.492758912146 16872.63562923082
5278 3036.3860571278333 16109.552805449508
5279 3148.3037569138423 14960.781105451946
5280 4654.857153486 15150.835314588878
5281 4058.776516990578 15975.082253170529
5283 4081.5821980551796 16565.07032176669
5284 2645.9415062975663 16642.428212023526
5285 4146.360252632033 16321.83739636932
5286 2412.1107034172855 16750.029055535175
5287 3986.5293640110685 17999.016223646602
5288 2292.0139025690437 16971.215179972616
5289 3688.51516574878 15691.99570506351
5290 1420.0969183094346 16432.327652214666
5291 3407.8543663113687 15233.284694947382
5292 1859.4949119382577 17353.975511853227
5293 2308.640531507478 16366.664090383634
5294 4405.205461760487 15318.372626054359
5295 3095.904094635036 15426.043845798036
5296 2886.0747677570394 16219.127927112484
5297 3818.0087158908505 15531.230866773676
