4114 3145.6180115385496 17001.21458734777
4213 3127.0102363675746 16617.87228092895
4317 4020.473158801728 16898.74704274923
4330 4009.321622364015 16909.019221975595
4434 2810.453732478187 15400.337070255258
4470 2780.4629605571417 15399.60799806163
4557 2802.9560307036554 15400.154801993063
4569 2795.458360864591 15399.972534507217
4574 2853.6096000000002 15109.074771428572
4583 2757.9699003822025 15399.061194372603
4596 2772.9652925799614 15399.425730621044
4633 2787.9606514069487 15399.790266058246
4685 2765.467622949937 15399.24346314028
4701 2735.476861375683 15398.51439119818
4703 2683.09095337123 15397.204511937525
4714 1420.252040266445 16002.00375115865
4719 2690.5893278902186 15397.403451185168
4725 2750.4722318795434 15398.878926919244
4736 1501.083934149723 16813.899020012952
4757 3578.645705045837 17423.489514439403
4768 2668.094316591105 15396.806636420553
4769 2727.9791693069956 15398.332123171933
4786 2675.592593909383 15397.005573089364
4821 2742.974568181954 15398.696659582696
4829 2712.9837849641262 15397.967587114443
4830 2832.13111795423 15434.272231396166
4834 2720.481457634071 15398.14985466911
4840 2340.029741923446 16234.933083280754
4841 3280.631019744823 14343.422958246316
4844 2830.350523703357 15471.734832519669
4846 2443.84698252563 16732.18862943565
4852 1955.2677247938504 16357.45621260323
4853 2832.4872362846563 15426.779722106648
4858 2831.775000405549 15441.764724238254
4861 2631.8519972628405 17049.547042000642
4872 2344.102294396489 15688.356958260436
4883 2826.092407675506 15426.569973559588
4885 2615.606328452936 15395.4140784943
4890 2895.0004426416467 15399.461568560479
4891 3146.629225692584 16623.13114513517
4893 2830.7066432757188 15464.2422971006
4895 2860.393644355503 16352.976795742914
4896 2623.1046135812535 15395.613015370318
4897 3150.294839699296 15576.543000275435
4900 2638.1011984457186 15396.010889509917
4903 2817.9514311183934 15400.519338441258
4905 2488.525259307669 17287.008969369967
4908 2645.599479332716 15396.20982627341
4909 2831.062764098994 15456.749735363079
4910 2342.5230671231056 16115.677638476902
4920 2822.892474885467 15426.419898999016
4924 1190.6910894356038 17541.747555677342
4926 2822.5363560869782 15433.91241813628
4927 2829.2924092373883 15426.729873901562
4929 2660.5960411914034 15396.607699802644
4934 2446.4172427230783 17044.48309550307
4935 2608.108010393144 15395.215140744574
4937 2831.851534159752 16051.74658492925
4940 2829.2821671551787 15494.212393144424
4943 2343.049534272533 16075.954046842755
4945 2630.602896906143 15395.811952198492
4946 2829.99440605956 15479.22732736293
4947 4101.856264738278 16947.255529679012
4948 4775.768937987349 16476.829221313128
4950 2653.0977554740257 15396.408762910996
4951 3118.6162075888183 16584.091331747397
4955 2989.4661630336145 16380.237591584544
4957 2593.111363335829 15394.81726495494
4959 980.8085111501285 15057.147429836981
4960 2796.057148025563 16360.831152256222
4963 3076.3256893170733 16515.986610425636
4964 2788.2933980768507 16357.709923091325
4968 3656.675852178333 16405.93960805797
4969 2871.4225042641706 15416.693426302187
4971 3133.699199535569 16608.381007192642
4982 3147.840351181705 16631.153941443303
4983 2470.5358277049927 15388.905422350694
4991 4487.364393593525 15638.755968869018
4993 2831.4188813308065 15449.25724918772
4995 2828.9260495331328 15501.704887530053
4997 1402.797285847903 17686.00091533452
4999 4175.842664356291 17059.00310579185
5000 1860.4595099395276 16355.280830922342
5003 2479.055766800692 17025.920648300744
5005 2578.114703707629 15394.419388831784
5006 2828.9357897736104 15434.222388731128
5010 2865.000922929543 15399.285862372277
5012 1893.6682544701246 15396.105114658185
5013 1990.1277965592585 16769.389909423528
5015 3161.4978939548523 15406.980494655882
5016 2001.0653155951459 16349.937300551996
5017 2796.0189406765403 16357.631031989822
5018 2035.4353676833678 16360.8885711078
5019 2677.908434169669 16372.179770148432
5020 3143.788190872976 16624.62833570814
5022 2585.6130059080724 15394.618326160744
5023 4563.548767598103 15369.614564747102
5024 1211.8682722463018 15696.518482014888
5025 3418.515649041518 15374.702628327064
5026 1991.1386363685738 16358.308288355314
5027 2878.8035137564116 15420.121133269591
5028 2377.7536845009668 15387.798281792697
5029 1849.8998327533604 16382.156365573557
5030 4164.624928924686 16951.350942208737
5032 2570.61640106249 15394.220451491026
5033 2988.901261084698 15598.97499489364
5035 2863.8197902388256 15419.651346558643
5039 3027.5404229142982 15599.386672984401
5040 2600.609661422706 15395.016202174762
5041 2526.9011763379426 15415.805171980735
5044 2863.921113089943 15416.461016687692
5046 2844.6071531995553 16368.00203512515
5048 3154.026360810557 15406.310014518645
5051 2830.6612102142944 16337.268865240418
5053 2835.3791209264746 17036.78635307291
5056 3780.8016637658525 15863.254784793799
5057 2214.8853694200384 15637.841970887395
5058 2829.301515078561 15991.09767707317
5059 2827.704680539681 15527.401735312122
5060 2616.6079734709106 15417.164602628805
5061 1959.3848419120786 15396.493599957681
5062 3128.377297180259 16599.81060674304
5063 3400.7744198808878 15974.124367147482
5066 3554.7465853256285 16586.70756241463
5068 2933.119971641039 15599.278290657081
5069 4003.5525266954096 15490.707961852248
5070 2837.0616266073293 16368.217103362496
5072 1564.387255579163 16470.222118457856
5073 2829.6382874279416 15486.719842989345
5074 2761.3763138854583 16357.984792900617
5077 2865.8046078547304 15599.491159986004
5078 3223.227083551832 14297.486361574038
5081 2464.2328068281117 17041.71758046458
5083 2371.206288763238 16359.942119152081
5084 2426.8228886064358 15388.403609779683
5086 2872.5008371492013 15399.329789120171
5089 2602.0864916559835 16961.146465886588
5090 4161.786771369206 17034.706234105182
5091 2574.604326324684 15397.320984346914
5092 3170.0981481978047 16647.390656333955
5093 1963.541130505624 16348.348913912952
5094 2335.676685588641 16476.034205301647
5095 2587.5493846784584 15416.724244289677
5096 1408.2651736276719 15648.040766301549
5097 2082.1481570152573 16361.876072996263
5099 2326.1272013169914 15386.99752506223
5100 2648.981849236393 15478.970205896625
5103 2772.381174942923 16357.872414307207
5105 2859.6981085399134 16367.57190143928
5106 2482.0320130371906 15389.037395410327
5108 2505.5672790399226 16839.36958338764
5110 2809.9702294660797 15397.123408355079
5111 2686.3636786661955 15418.10085626891
5112 2817.469253445411 15397.30567629902
5114 3695.4787148459127 15291.615243149514
5115 3189.890067933951 15275.35965882484
5116 2557.0209940530344 16973.28353436293
5117 2450.3056351735486 16728.374246844724
5120 2780.690135303225 16357.787565505107
5121 3168.969364283288 15407.65096915615
5122 4270.9829987294 16691.686741477162
5123 3715.728149936845 16142.2489704288
5124 2828.569929046638 15509.19744218191
5126 3066.429605340781 16479.578112580446
5127 1421.4149942718275 16237.870576892072
5128 2853.51 15108.84
5129 2832.6540553452846 15837.959048581617
5130 2852.1526039085907 16367.786969050681
5131 3128.1684797058633 15406.703144578065
5133 2878.92385454828 15416.925834649815
5134 3139.3715474467836 16617.51576575131
5135 2836.593151891478 15728.089525176907
5137 2451.0822545283245 15388.682100657565
5138 1842.7685135981817 16968.501068589427
5139 4539.523278128205 16326.289332336028
5140 2887.500598018087 15399.417642220205
5141 1301.9361199623854 15553.52753692818
5142 2691.596266792099 16889.111491466563
5143 2912.8019377548585 15399.567277611042
5144 2798.959136556015 16613.497781575665
5145 2316.874156184951 15792.59540218559
5147 2880.000689595943 15399.373715506264
5148 2069.3382165276107 15391.359065618746
5149 2802.471221417727 15396.941140798348
5150 2653.821136328895 15417.70286221545
5151 2844.7765617260698 15988.306352136133
5152 2845.2935988319823 15106.015255278407
5153 1072.592239847675 15675.04659755362
5154 3549.09925814557 16421.132116223183
5155 3515.264426855324 16165.765635370477
5156 3323.825670380926 16560.408354732783
5158 3507.8562137353783 15397.284071306321
5159 3625.1416110810396 16395.48191198376
5160 1420.637765596762 16175.22432611441
5161 2561.524581593342 16944.673814211452
5162 1822.8534854435306 16347.45698756678
5163 3066.518082394594 16483.20050740229
5164 3087.4372819036744 16552.439122446598
5166 2330.7431406786254 16278.789015988315
5167 3124.1075753364053 16592.934639548017
5168 2830.672870894831 16231.174163380552
5169 2737.8477263715417 15395.370430849309
5170 1830.4013245857332 16264.936283294765
5171 3759.571145784843 15260.276603797849
5172 1992.6514772071732 15409.263848484125
5173 2519.901152433809 15399.58309376571
5174 4104.7499714148635 16419.9569629923
5175 2583.1965756920795 16986.664355226603
5176 3052.2744468695837 16476.88157021411
5177 1837.159601301762 15386.271921856262
5178 826.3096433266223 16974.8139219913
5179 2367.5359983948156 15153.765456932822
5183 4286.879901218849 16016.969692128856
5184 2867.78646537583 16370.553320922323
5185 3050.5709265192118 16701.435376269324
5186 3478.280225235017 16044.971725753318
5188 2968.33607539218 15707.40358489272
5189 1422.2644615583151 16456.036443507284
5190 3436.553110363916 16027.764734234055
5191 3156.7239550970867 16649.077848433968
5192 2902.5003340545845 15399.505495174795
5193 2411.6435247150116 16697.638083260816
5194 3492.927838272722 16128.038281764997
5195 3732.99482181728 15253.707548058528
5196 4254.93390174497 15945.234558136972
5197 2842.159603216328 16560.772641781008
5198 3150.5866808327023 16629.50413609027
5199 2752.2118592001684 16358.078377773842
5200 2871.311680222151 15419.886240799045
5202 2306.573101970242 16366.620385209924
5203 2325.493049210251 16357.748394066455
5204 1833.4545136659453 17379.31245724512
5205 4216.2997075499325 16076.52402378367
5207 3930.2121449848173 16819.401196032555
5208 1432.8636978953853 16283.779985979625
5209 4172.094464426354 15801.145707374786
5210 3968.4967037586725 16208.061126117695
5211 3548.8824718071087 17598.362482177254
5212 4274.657590948621 16034.951025617796
5213 3095.3846849473393 16571.759079267937
5214 1828.2037457958088 16805.3793723842
5215 1912.5476898262154 15378.539779370778
5216 3615.9956678323615 15338.434957677306
5217 3390.592119312526 15428.234766100173
5218 2456.764667661154 16724.559639926225
5219 3952.3647639313153 15731.757565353702
5220 2593.726194500652 16965.81112409156
5221 1858.7320083387654 15744.672179775422
5222 3785.536558008561 16612.08120237993
5223 3616.424254264366 15950.810087039034
5224 3523.6662843487934 16173.669319113904
5225 909.7831395093996 16170.85593086376
5226 2810.2045560103093 15961.995049669767
5227 1347.958066473675 16584.555672503036
5228 2971.6436327694114 16758.72604458151
5229 848.6404620072032 15760.192645820458
5230 3019.0115330751505 16421.09531796063
5231 2563.1180878273813 15394.021513869307
5232 2857.093799195236 15188.97465894085
5233 2526.9709702136365 16991.813699131562
5234 2432.627877046546 17035.370226772375
5235 3303.5683989730333 16146.962575524645
5236 2981.269875297754 15399.147230251627
5237 2959.860032191359 17506.115847638826
5238 3255.136524419538 17384.35020697759
5239 2254.5222650060828 17143.918163003545
5240 2975.148732253729 15399.10152279162
5241 3261.3134147896058 16835.14686589828
5242 4088.059637522224 16941.224535452624
5243 3233.2461897310563 15685.01286853986
5244 2985.624582726379 17496.18889313458
5246 3564.0088551154145 15087.412990432316
5247 3427.968603507692 17489.35978374254
5248 3052.1155888562275 16494.097782931392
5249 2384.406696760616 16654.106380679386
5250 3111.3716129396275 15593.545386468657
5251 3318.162653345796 17295.970749700507
5252 2659.0794477873637 14732.87067203356
5253 1859.1695860374696 16122.21665291193
5254 744.2029690525007 17569.239423210423
5256 4715.347367160225 15262.069821048522
5257 4604.041519654417 16289.465857595584
5258 2304.5510008131105 15754.319530774386
5259 2322.6179130749506 16573.91796777179
5260 1291.467441554307 15697.165237569958
5261 2853.2859904669413 15102.594562520795
5262 4248.868168300412 15515.330896293095
5263 4512.07319248684 15679.90016017916
5264 2994.0117498337772 16021.067434000941
5265 1258.2410590559307 16635.658092690253
5266 3213.142498018265 16400.81374611712
5267 3754.815706776864 15830.854514973928
5268 2638.9790262487263 15982.921699707433
5269 3174.293989142508 17230.036963402974
5270 2505.702053991292 15441.48022177503
5271 4330.408456931207 17319.576694045812
5272 3249.62614260652 15110.523085695608
5273 3816.395385310444 16311.07479124184
5274 3282.18732690354 15160.684718680508
5275 2971.3346361104554 15601.414077777405
5276 3425.5612057201397 16733.836891463157
5277 4584.368856765061 16831.841127574495
5278 3039.5546773629408 16092.854040522823
5279 3160.009647475337 14971.760726909692
5280 4611.2632477889365 15102.1883654619
5281 4085.1526853678542 16023.985113759449
5283 4113.040258548715 16548.225410910894
5284 2619.303597684583 16643.59059399653
5285 4187.176561838136 16299.75245307518
5286 2391.87442927574 16764.87873180388
5287 4002.7914856133007 18024.480326253022
5288 2276.773398515556 16945.130385391793
5289 3697.513110918018 15707.69683079678
5291 3397.5614316044935 15217.014124182891
5292 1849.9499075785582 17348.7546025878
