1007 1135.1624449753017 16716.339906556284
1010 3467.3923375785166 16078.63187815781
1021 3658.1000786374716 15260.103525325274
1046 3124.0352424172206 16592.81815449404
1052 3148.808874732995 15577.191575552104
1070 1501.948694960415 16126.207051700094
1083 2884.874535595084 14518.054208143767
1097 2564.5507365722656 16171.120278933198
1109 1379.9618981471688 16017.968864260472
1113 3164.8475787886073 15571.90749320905
1115 1526.2269779389667 17038.157008593185
1126 2835.4259173097066 15329.806589655947
1135 3647.7403170759153 16387.5924136114
1136 1021.2831936334129 16586.776799523628
1138 2802.394087597819 15400.141141221213
1140 2865.000934477041 15399.285862439909
1146 1812.6859808675865 15719.900367359338
1151 3155.799026346095 15574.140602198595
1157 2553.414744198506 15409.804639258435
1159 3323.7214732310094 15290.951603851792
1169 2297.1943208189937 16610.65265320162
1171 3564.352767543329 17430.855018720373
1174 2827.2222228556793 15259.021519226802
1178 3395.7140965470276 15958.09726210167
1186 1341.733184451034 15344.79925295441
1197 2538.286832412494 15415.977711970021
1198 3091.4092346209395 15572.8386766749
1201 1422.362529342683 15593.785629213666
1202 3140.8679973628796 15580.657509712146
1204 3474.2213508963955 16096.442308129486
1207 2285.3100549134388 17136.10928731617
1209 1925.6643629648781 15378.878228395184
1224 2832.4824764367036 15426.879866361958
1226 2822.8924753402484 15426.419889430694
1230 1918.0300663691798 15752.051097408857
1233 2817.3894430472155 15400.505676576304
1234 3145.091075050197 17084.47741394987
1235 2956.1465786990952 15094.010583690357
1236 2772.7163135825194 17256.07696470531
1241 3999.1437426849666 15489.356640182503
1244 3147.8467115546046 16631.164184198453
1247 2187.5187492673135 15422.594293885468
1248 2831.0580006372143 15456.849955651072
1252 2187.475048624866 15479.98149126459
1265 2357.0114814522726 16367.685009974091
1266 2426.574346971753 17063.134494732607
1267 2304.3109115223183 15773.872912114462
1268 2880.000749564259 15399.373715857497
1269 2849.226073291794 15388.155689934587
1272 4087.7527809379826 15643.225841557918
1275 4603.6913783195905 15880.111804718317
1278 3434.9216898067034 14585.45542128409
1280 2595.809892055214 16964.6485174624
1281 2602.2823901983234 15413.746600391542
1282 2809.891776900584 15400.323409180219
1286 2787.398737795262 15399.776606003394
1287 2844.667211856685 16368.000323288425
1288 2952.6449961086187 17029.098775674618
1292 2779.9010245716263 15399.594337462871
1294 4208.146572622879 17111.91904223055
1295 2387.0130062513604 16368.059995312376
1296 1670.5607109061561 15356.367425682736
1297 2919.5745014738563 17478.42311967908
1299 1560.4741454380423 17023.701900172626
1301 2837.0616687383267 16368.217102161647
1303 1773.8649544976852 16907.779098237897
1305 2970.587299522123 15598.926450324856
1306 2904.2814495270773 15599.369485839046
1309 2872.5008309383793 15399.329789083795
1310 2572.570677150082 16944.126789705384
1313 4026.038284020113 15544.428956437223
1314 3410.28806971659 15991.299201808051
1315 2364.511812934468 16367.778755687248
1317 1856.6499139611842 16363.187522342867
1318 2659.5328531078853 15417.773792089845
1319 3103.4793538453755 16553.643625186232
1322 4242.469822059193 15958.40457550487
1323 4492.155556219794 15458.828169317967
1324 2349.511078350584 16367.59126336577
1326 2810.121315943504 16320.722578594603
1327 3135.9770946849026 16612.049333349078
1328 3670.9501047654458 14951.24011311843
1330 2961.1526997412097 16764.47817350171
1331 3132.0192296316895 16605.67558085103
1332 2809.5387729236036 16269.577838658906
1333 2918.116725427124 17216.405851136173
1334 2605.8881433073266 16959.02532052077
1336 2462.804891168725 17046.20770170467
1339 2852.4366145420163 15387.83936890134
1340 2837.7942280955617 16371.399058098992
1341 2304.892200869376 16357.053895696925
1342 3459.226340919209 16071.115161970398
1343 3506.865240893615 15375.437370299534
1345 3609.1126602085465 15920.464801341714
1347 2273.94717509303 16365.93067764022
1349 2805.0970811603643 15822.924849615378
1350 2311.1979362899547 16366.718153566082
1352 2467.127531081671 15388.866296038746
1353 3150.43024906281 15405.987306788977
1354 2852.96894766064 16367.763701011047
1355 2419.8687477498866 16734.8376274493
1356 3468.9478443545254 16087.535153605411
1357 1336.550443957577 15667.394015459979
1358 2887.5006191285597 15399.417642343848
1359 2855.6366144720914 15387.92937153034
1362 1130.1061115408274 15356.773761334007
1363 3463.2621976555934 16077.931878571124
1364 2482.129009772422 15389.038508906286
1365 1844.7702334168457 17380.141417876093
1367 2160.4902310567986 15385.85394601804
1368 3014.2451439190536 16300.699376151591
1369 3170.0981458302185 16647.390657659285
1370 2152.962994036095 15385.698219104712
1371 2831.414118713815 15449.357451701897
1372 2524.404073162984 16370.508407562202
1373 3235.5622703908366 15351.237079976263
1375 2811.9551553743063 16350.176548713855
1378 2167.9981681320332 15386.009273645292
1379 3784.4353282025772 17308.90725751033
1380 2803.2833105633517 16307.810654360936
1383 1180.7038029277833 16853.987328914463
1384 3270.2531621551143 16154.430519312718
1385 2684.7200837323257 15418.080821066244
1386 3120.3967829267162 16580.887047714506
1387 3444.1736047367344 16045.976198201253
1389 3143.8901997524767 16624.792610978217
1391 1436.3591545053764 15614.177070888647
1392 3478.3296220098478 16103.381335386546
1393 3121.723842225388 15421.001309871885
1395 3361.010313719051 16116.5093123014
1397 2131.7804128422677 16353.890171505596
1398 2849.624942810129 15373.159330271308
1399 4022.973399486903 15525.751786036897
1400 1706.3705612478195 16290.372801900106
1401 1982.9623370925467 17302.443721921565
1402 2794.896400404661 15399.958873313488
1403 2459.626720883968 15388.78018879161
1404 3544.063514892495 16214.433611102444
1406 3042.361836825386 16285.706904859719
1407 2312.3992138295 16357.191090966971
1408 3054.522002865275 16123.09162409703
1409 2844.819992771572 15088.058796845024
1410 2873.433712566876 16367.224929867556
1411 4477.950514178368 15948.148462755518
1412 2379.512571003008 16367.966248302258
1413 2511.257393850715 16358.237979450885
1414 2372.012159347284 16367.872501587022
1415 2293.8748544510167 16356.852546928101
1416 2325.0986172367366 16371.235231105244
1417 2849.4255080116923 15380.657511579362
1418 3001.72774260451 16392.105589499573
1419 2986.977358886015 16374.460837182642
1420 3113.171284040159 16601.16954322632
1421 2244.3568448727697 17142.36281267287
1422 3833.817682294383 15202.937593530274
1424 3129.408387813395 16229.41755136962
1425 2902.50035534953 15399.50549529952
1426 944.6837988622532 15573.07878978788
1427 2474.628268939802 15388.952402455443
1428 2861.6721631971836 16367.515635458321
1429 2825.3478714489725 16722.93806008326
1430 2187.3595072729354 15430.119952582747
1431 1597.611136626487 16287.75118262022
1432 3903.89161938445 15683.65796072451
1434 2852.6360494125443 15380.341184882873
1436 3609.116440969202 16319.980691426332
1437 2832.1263567307064 15434.372404592636
1439 2826.9436676214204 16778.36798208307
1440 1057.8205796876834 16530.54838454853
1441 3091.0071439326084 15434.148209847233
1443 3627.3957746915967 16351.459301319632
1444 3128.0387435542784 16599.265399417804
1445 2406.7846007132775 16683.836894514454
1446 1378.1814226357458 16177.618142950467
1447 2812.984707374557 16385.36809171146
1448 2895.000464783932 15399.461568690165
1449 3631.162513182454 16357.945954133376
1450 2613.3751888892266 16954.847896207288
1451 3328.776682984527 17354.989650085034
1452 1722.381997691125 15384.176840330081
1453 4123.6687017553795 15623.15961243751
1454 959.7397982273039 15297.567256710428
1455 4139.881066340524 15742.690687328723
1456 3969.6300138265196 15710.984389821306
1457 3505.8679396364573 16444.508940954085
1459 4014.9771855741833 16179.020017390514
1460 2772.4032700345765 15399.412067918027
1461 3634.929259710191 16364.432620787333
1462 1428.9181101151028 16458.64556072392
1463 3968.7340314121047 15465.066586564513
1464 2905.5442847876275 16369.701829085045
1465 2642.2871157079458 16365.375319663044
1466 2831.7702361314273 15441.864961617415
1467 2747.3452014298555 15398.802909171001
1468 3139.9336666563554 16618.421003466097
1469 2319.8989520158134 16357.32815328606
1470 4062.6604702523905 15654.162443987936
1471 3158.3233665770103 16666.52895757979
1472 3482.9775129912828 16051.562734341047
1473 3429.7146741090946 16710.18489055856
1474 1853.6608675738364 15403.123511585523
1475 952.0510219495264 15432.521832614504
1476 2583.3145291210435 16967.98409501505
1477 2910.000255041184 15399.549421962325
1478 1722.5309529337605 15397.47091053578
1479 3606.794588604593 16322.362440813007
1480 943.0859922957156 15714.86354311192
1481 3656.3434744233737 16405.409300813746
1482 3851.8547127972897 15209.586213458164
1483 3167.6406831272316 15409.638354306198
1484 4351.364391243673 15501.855280280928
1485 3176.8275504135545 15585.917427160499
1486 3108.844089729028 16204.038217315932
1487 3258.9939112910915 15727.412476608202
1488 3628.9244130022053 15201.335789892702
1489 2292.10350402975 16598.56569747382
1490 2388.6684773461234 15387.965607586173
1491 2193.909662268328 15422.717331072385
1492 2702.6688699213382 15397.712702197992
1493 3015.9244943354443 15399.406001301788
1494 2830.701629307175 15464.347787895878
1495 2037.7510942334989 16351.455427607701
1496 4014.7837637224357 15545.57929711489
1498 987.4134164011601 16394.4605334628
1499 2710.28223592225 17182.924814491165
1500 2852.8354865607153 15372.842915231495
1501 2452.125992617616 15388.694082485024
1502 4147.894210115856 17016.788302426456
1503 2334.5866943508818 16360.752933675432
1504 1830.7684977709503 16893.134251260763
1505 3650.2123630761184 16395.627139660974
1506 3556.2639871290544 15370.905248383804
1508 1858.0101501721165 16861.643603801524
1509 3316.9616833400614 16977.652813996207
1510 3548.0260678683408 16016.36717317162
1511 3664.9383102874363 15895.313959331374
1512 3278.00814404315 17000.95740369901
1513 1948.811826772026 16671.970397626137
1514 4650.344783252576 16263.038493532753
1515 2563.5062815696474 16659.493702157997
1516 3607.7650504046273 15163.39020951493
1517 2924.012247300838 15990.323511782095
1518 1174.1774414838048 16290.656968629355
1519 1430.101106267902 16202.644860395101
1520 3506.489072657247 17287.50196670132
1521 3989.1153266141996 15265.506721657584
1522 4386.17283447749 15765.817425547733
1523 3490.5730569479674 17470.86783142348
1524 1091.983372064647 16254.524124369404
1525 4295.175358650089 16901.796622105445
1526 2219.116059248869 15632.144667506207
1527 3672.503314932675 17447.517315172994
1528 822.6914121596913 16657.040743011567
1529 2814.924543275902 16570.22469024858
1530 3077.354062513603 16153.41708321328
1531 3108.131126047126 16881.447142378674
1532 2491.416859612671 16852.04111271452
1533 3618.119894506826 17578.301333665808
1534 3346.8738228689913 15409.325108410272
1535 3661.9521599961295 17087.654416712994
1536 3269.059731768549 17178.703055234884
1537 4490.985791182647 15638.80310525111
1538 2285.7320462034486 15646.266231665995
1539 2254.4051821840526 15586.252574030714
1540 1436.2733311438144 16283.862174353575
1541 2029.3962584962794 17277.403826203878
1542 3649.39721296356 16593.079094358265
1543 1920.7078540556843 17331.271777632643
1544 3206.235087452446 15640.522625374435
1545 3168.658773455702 15407.623097369104
1546 4454.050091221109 16157.015978621359
1547 1352.5165261232216 15207.203212317878
1548 2406.967031237363 15184.703376742784
1549 2651.6198392780575 17090.49027350706
1550 2809.6791075067636 16807.68652629346
1551 2135.4402182267736 15411.822798425628
1552 3106.4292545381795 15137.24101675599
1553 1299.531900764764 16061.021982958358
1554 3480.0593927504697 17060.1042566045
1555 3053.650731266473 15259.454549803468
1556 2846.010986587443 16621.582425591536
1557 2860.1115701717476 15199.39846763792
1558 1068.107106583712 16515.507939503266
897 3677.380407501066 15520.063649036601
929 2532.685236017189 15409.490309461175
