4317 4256.8662200144845 17025.397205156532
4330 3809.535897317375 17016.087620614166
4434 2810.453732478187 15400.337070255258
4470 2780.4629605571417 15399.60799806163
4557 2802.9560307036554 15400.154801993063
4569 2795.458360864591 15399.972534507217
4574 2853.6096000000002 15109.074771428572
4583 2757.9699003822025 15399.061194372603
4596 2772.9652925799614 15399.425730621044
4633 2787.9606514069487 15399.790266058246
4685 2765.467622949937 15399.24346314028
4701 2735.476861375683 15398.51439119818
4703 2683.09095337123 15397.204511937525
4714 1370.6462421722142 16022.955412258621
4719 2690.5893278902186 15397.403451185168
4725 2750.4722318795434 15398.878926919244
4736 1237.9095478809454 16925.60966051834
4768 2668.094316591105 15396.806636420553
4769 2727.9791693069956 15398.332123171933
4786 2675.592593909383 15397.005573089364
4821 2742.974568181954 15398.696659582696
4829 2712.9837849641262 15397.967587114443
4830 3164.5807722965883 15407.257145867048
4834 2720.481457634071 15398.14985466911
4840 2205.044286535367 16663.015518862285
4841 3462.8913730797535 14621.753319017862
4844 2861.604489996577 15399.464094086183
4852 1512.8288288876158 16500.489147636887
4858 3085.021006677836 15400.870475417356
4861 2902.058569086388 17518.124020802097
4883 2838.189384728232 15108.710477844868
4885 2615.606328452936 15395.4140784943
4890 2895.0004426416467 15399.461568560479
4891 3149.1265192960905 16627.152726930508
4893 2895.8725089542286 15399.469645380357
4895 3283.933388535288 16147.148737524318
4896 2623.1046135812535 15395.613015370318
4900 2638.1011984457186 15396.010889509917
4903 2817.9514311183934 15400.519338441258
4908 2645.599479332716 15396.20982627341
4909 2854.2387470910026 15320.08430960699
4910 2301.6748022432057 16366.516835832977
4920 2836.5230360545115 15131.829011703147
4924 879.0230602185078 17301.29724370493
4926 2808.518695043721 15078.966680573973
4927 2844.1688182172275 15086.52649542177
4929 2660.5960411914034 15396.607699802644
4934 2257.4305632578207 17145.944287134254
4935 2608.108010393144 15395.215140744574
4937 2996.8349224582184 16385.61803490678
4940 2832.480966963837 15426.91162473694
4943 2337.571059861127 16355.142761741976
4945 2630.602896906143 15395.811952198492
4946 2842.001667744002 15394.495696792406
4948 4963.715609751367 15949.715628456339
4950 2653.0977554740257 15396.408762910996
4951 3124.107556598871 16592.93460937306
4955 3112.238010780442 16573.819872944776
4957 2593.111363335829 15394.81726495494
4960 2796.068978645717 16360.831031461652
4963 3120.151050106462 16586.563044703602
4964 2788.5189229674143 16357.707620093599
4968 3474.670868990925 16097.201561407654
4969 2871.4225042641706 15416.693426302187
4971 3135.977147844237 16612.049418956958
4982 3149.7594505242505 16642.490637775456
4983 2548.121346572255 15393.62363558051
4993 3000.4213105069543 15399.29023678694
4995 2831.833552806349 15440.53281796038
4997 991.4136470762669 17392.634171564936
4999 3900.6116451451944 17239.046400213003
5000 1451.7310898654066 16535.348703121464
5003 2092.6677057653083 17243.28878932674
5005 2578.114703707629 15394.419388831784
5006 2837.0311316049515 15141.687140716178
5010 2865.000922929543 15399.285862372277
5012 1536.4332620878597 15515.092211910163
5015 3242.3713404446084 15343.391795290428
5016 2344.4515411617485 16359.192422735747
5017 2796.0189406765403 16357.631031989822
5018 1614.5628921245393 16441.49479450128
5020 3146.0876955224835 16628.33146183978
5022 2585.6130059080724 15394.618326160744
5024 887.7001057939626 15854.353382242927
5025 3240.516274058975 15096.643914617503
5026 1545.5181835679234 16481.266937963366
5027 2878.8035137564116 15420.121133269591
5028 2676.128411191455 15390.615278581492
5029 1839.4350133022035 16852.459705004778
5032 2570.61640106249 15394.220451491026
5035 2863.8197902388256 15419.651346558643
5039 3308.756729050901 15804.727605273394
5040 2600.609661422706 15395.016202174762
5041 2219.5153510389578 15416.770550421312
5044 2863.921113089943 15416.461016687692
5046 2844.6071531995553 16368.00203512515
5048 3499.1065159128457 15377.86588917616
5051 3050.7766805558804 16474.369096443635
5057 2180.5941890375234 15413.629871364496
5058 2937.411041867799 16360.19129805711
5059 2830.452324029467 15469.593016657107
5060 2471.29900107279 15646.434658630618
5061 1562.6707957706894 15485.93280782337
5062 3132.0206127429515 16605.67780821572
5063 3264.342687308737 15923.464359515627
5068 3281.0656713039657 15758.136420292509
5069 4286.795124322307 15990.877209871636
5070 2837.0616266073293 16368.217103362496
5072 1407.7033125066814 16458.595347725775
5073 2833.3707947046787 15406.895403910523
5074 2773.4120990946835 16361.062365743366
5081 1832.8972741270566 17386.42702759541
5083 2788.567540956996 16360.90762363736
5084 2499.942259356317 15541.449847517008
5086 2872.5008371492013 15399.329789120171
5089 2593.724143807864 16965.81226828306
5090 4446.192348174734 16927.147988546327
5091 3117.7747973175988 15406.772368492959
5092 2756.4078923216975 16874.926773130373
5093 2319.807478722174 16357.326481555468
5094 2365.994390395284 16642.29284920015
5095 2454.417574868847 15685.631578318107
5096 860.1365455245476 15758.26245769932
5097 2030.2386804730359 16008.143692770123
5099 2533.1230310880387 15393.225715525869
5100 2815.6408228784617 15575.988085968804
5103 2773.518896751153 16357.860796207184
5105 2859.6981085399134 16367.57190143928
5106 2555.6197255706493 15393.822574946995
5108 2572.570693700058 16944.12681558063
5110 2809.9702294660797 15397.123408355079
5111 2506.54267501138 15533.688072493123
5112 2817.469253445411 15397.30567629902
5114 3016.4347340544705 15424.972248551989
5115 3043.3414252648386 15029.005308593754
5116 2703.580167800689 17118.179573218647
5120 2781.018880617259 16357.784208449002
5121 3212.3161321975545 15312.633269996897
5123 3703.461043231827 16113.798120386253
5124 2831.1448503932425 15455.022690530925
5126 3299.021708852863 16516.002662366984
5127 1574.5415330364117 16937.29708509732
5128 2853.51 15108.84
5129 2849.3451662833027 16356.514452743402
5130 2852.1526039085907 16367.786969050681
5131 3149.2464761113984 15358.841831270132
5133 2878.92385454828 15416.925834649815
5134 3140.3685567400116 16619.12135118382
5135 2832.943020707299 16352.885240710506
5137 2540.6226726048358 15393.424688388206
5138 1936.4195740264163 17311.886488747383
5139 4576.03999606424 16126.264457555388
5140 2887.500598018087 15399.417642220205
5142 2806.3178641495188 16279.283528858236
5143 3322.850338103891 15407.541768984202
5144 2459.8496491192427 16719.023515203724
5145 2194.9950446604244 15410.962379090306
5147 2880.000689595943 15399.373715506264
5148 2693.472720651927 15400.122328263236
5149 2802.471221417727 15396.941140798348
5150 2505.171027918387 15584.004829322079
5152 2845.2935988319823 15106.015255278407
5153 1631.114185050291 15407.968626406064
5154 3968.6826469466405 16181.968857880727
5155 3308.618770422424 15810.77286651634
5156 3048.484563428906 16494.305229806832
5158 3055.387549432257 15600.597463796348
5159 3141.870337201039 16664.879463643643
5161 2564.5005637425716 16949.32661763439
5162 2307.8519072321196 16357.107986147528
5163 2881.130160407405 16370.252401865675
5164 2874.7904075440397 16367.194475886996
5166 2310.5606110304 15751.091565105551
5167 3128.064111741572 16599.30625238903
5169 2794.9722077728443 15396.75887310559
5170 1841.7509170346457 15781.858374857778
5171 3161.823910664084 15424.523403454692
5172 1622.771220225632 15432.861394793412
5173 3232.8587922780916 15406.855672915375
5174 4267.250649346268 16685.56652458966
5175 2577.3588797026578 16989.399336782677
5176 3049.302194949312 16485.811281320588
5177 2282.13021166269 15396.964636584009
5179 2502.0077457271186 15381.82993243252
5183 3807.619672991243 16294.43860584063
5184 2361.300975100848 16367.738623823308
5185 3645.5617886399846 16368.840205845674
5186 3782.9145782537303 15818.732636855659
5188 2970.861492249493 15982.400702112936
5189 1490.6619123425362 15846.221536479683
5190 3634.7244659506955 16364.07994803888
5191 3619.9680347887556 16379.173333102846
5192 2902.5003340545845 15399.505495174795
5193 2568.529365125568 16937.808355573874
5194 3598.464291501306 15931.206981143714
5195 3487.3702419292913 15386.493722277408
5196 3990.0236114520158 16199.839260058672
5198 3157.839495827441 16640.372413750916
5199 2765.052565955749 16357.947252032583
5200 2871.311680222151 15419.886240799045
5202 1862.4909885074603 16355.25239887571
5203 2781.042324733316 16360.984458599823
5204 1592.3310635168643 17000.034556584844
5205 3859.9294987645794 16382.58756731398
5207 3654.107364995285 16401.841598069186
5208 1834.699897886623 16338.75188847247
5209 4022.7205822758333 16174.817214617633
5210 3494.3987170484443 16467.024898088523
5212 4167.870868134324 16099.47150738985
5213 2823.226533022361 16371.114550532879
5214 1836.2761700591304 16207.464790235337
5215 2167.9982612332747 15386.009275571412
5216 2961.908199388791 15420.872657214051
5217 2716.333713170661 15409.313543922653
5218 2322.819917984585 16562.821855150283
5219 3613.5644883006403 15980.906562407365
5220 2813.788077333934 16816.567754870874
5221 1846.469759450967 16452.546079607477
5222 3650.1236430180684 16395.485587199084
5223 3210.6981046043406 16196.198460723375
5224 3799.8626745073766 16073.62769816691
5225 1038.4397643741913 16358.94285431323
5226 2829.7146571910744 15485.113070434205
5227 1474.1065044981965 16710.60877855269
5228 2595.2749252722815 16968.611806500638
5229 1308.6538118252322 15677.469176224376
5230 3116.1945490478106 16580.19148878468
5231 2563.1180878273813 15394.021513869307
5232 2852.4366156658116 15387.839326649844
5233 2718.2146705087744 17177.545405013596
5234 2552.3547589959962 16964.88730761845
5235 3053.945788627055 16481.858860995275
5236 2910.0002182635026 15399.549421746919
5237 2723.726104356137 17338.035118518586
5238 2861.1573475292525 17415.784057008175
5239 2553.9068895667747 16967.68599652196
5240 3245.8784262498757 15368.23890619074
5241 3407.932245525488 16502.389441556516
5242 3671.689954288417 16429.894541851627
5243 3091.518585411445 15560.120048524019
5244 2679.2482875439014 17134.7489329136
5246 3589.011559276848 15129.69503513367
5247 3315.2942408958024 17269.01734103865
5248 2867.24373271771 16367.363877478607
5249 2564.488057316848 16931.489928033596
5250 2839.683132140503 15644.948041499121
5251 3630.6171780780173 17211.887836222613
5252 2857.812469992297 15113.257271025337
5253 2095.5743807169883 16353.228484043337
5254 1153.4075873912675 17510.07243054037
5256 4438.234854352157 14886.426670579604
5257 4518.367256280367 16022.358371378632
5258 2193.8735463738085 15424.4883989767
5259 2391.1795215132734 16360.275941441023
5260 849.0792668255924 15760.612857214339
5261 2849.2366146395166 15387.759365235612
5262 4023.432775271926 15689.577834739446
5263 4215.583169762625 15861.201583173155
5264 3160.4695021266366 16212.866734770236
5265 1557.5719977473998 16462.071854639496
5267 4039.796939480996 15591.207340528188
5268 2707.7918612122658 16358.531982491535
5269 3438.8158434935917 17081.549933939106
5270 2346.5613754007873 15969.570676104622
5271 4124.584934985945 16975.251174144956
5272 3040.315553018687 15020.767796769527
5273 3555.876818023837 16234.67759074736
5274 3139.322854685431 14965.524332847479
5275 3168.909884629327 15573.832304883976
5277 4174.141034866628 17062.450757874263
5278 2821.0789698310723 16175.690504861346
5279 2856.585379595017 15136.234742774603
5280 4651.247758285555 15151.428688034717
5281 3777.526856396473 16089.452879899169
5283 3852.2747194079598 16687.64786035072
5284 2818.240220393884 16468.426697239847
5285 3747.6287064689686 16543.173748823487
5286 2391.3070344264743 16811.501916056495
5287 3726.2305693449334 17543.29638661424
5288 2537.8511833306657 16973.829636046656
5289 3513.8725239184287 15712.447362721665
5290 1423.164275222058 15969.701455224573
5291 3322.400696201007 15222.979099805305
5292 2327.954802982653 17098.244447382276
5293 2028.872787588005 16351.09560196392
5294 4331.776641856087 15203.13097718508
5295 2938.798738959063 15406.416111072667
5296 2821.0767392672874 16196.023209043187
5297 3687.5782675130517 15299.62865945637
5298 1072.836417229972 17017.935278239955
5299 2886.295557517826 15420.356032331418
5300 1856.771505012898 17157.696073223997
5301 2440.7498958190745 15694.255847132661
5302 2965.70279062249 15668.884250281855
5303 2392.3633094941356 15449.579026673386
5304 2965.262502328605 15917.246439544031
5305 3280.7510329635384 15983.424092336065
5306 3045.6403358498046 17138.09762542123
5307 4538.665144906561 15257.564871926841
5308 2967.9381969756505 15734.738971886189
5309 3091.324053941333 15463.081729379423
5310 3327.202027745777 15835.970894484368
5311 1310.3036812619139 17304.295764441595
5312 1127.8717294698351 15358.070489454121
5313 4390.087396379346 14991.598077377737
5314 4166.435817823323 17049.13399008818
5315 3610.8611790339683 17406.88808373061
5316 4064.8488456855757 15130.459187386004
5317 3218.5867768191565 15660.867398263368
5318 3211.294479315739 16603.759071781587
5319 4469.220981000963 16967.692240011824
5320 3739.8723307894134 15063.101298475396
5321 4606.112851698771 15706.681970748768
5322 2512.51950450634 15340.527074632371
5323 760.8527646331617 16521.450536823402
5324 3178.889481312529 15257.083889555399
5325 1780.2570451110603 16779.237816808494
5326 1362.9223103897116 15360.989203525869
5327 1960.7450176549044 17624.938687602073
5328 1827.102778292881 17287.540898167623
