4317 4311.8046009373775 16991.963765569177
4330 3784.8660965390254 17026.17626273991
4434 2810.453732478187 15400.337070255258
4470 2780.4629605571417 15399.60799806163
4557 2802.9560307036554 15400.154801993063
4569 2795.458360864591 15399.972534507217
4574 2853.6096000000002 15109.074771428572
4583 2757.9699003822025 15399.061194372603
4596 2772.9652925799614 15399.425730621044
4633 2787.9606514069487 15399.790266058246
4685 2765.467622949937 15399.24346314028
4701 2735.476861375683 15398.51439119818
4703 2683.09095337123 15397.204511937525
4719 2690.5893278902186 15397.403451185168
4725 2750.4722318795434 15398.878926919244
4736 1203.9849323834412 16945.234123907707
4768 2668.094316591105 15396.806636420553
4769 2727.9791693069956 15398.332123171933
4786 2675.592593909383 15397.005573089364
4821 2742.974568181954 15398.696659582696
4829 2712.9837849641262 15397.967587114443
4830 3168.9577941506864 15407.649930876061
4834 2720.481457634071 15398.14985466911
4840 2132.112685580477 16704.43788058275
4841 3484.9194203662605 14654.905186018927
4844 2901.4308523956875 15399.501700417506
4852 1467.8990746316817 16526.912097812212
4858 3142.1164516137706 15405.24124357184
4861 2863.7398448241042 17526.980351032118
4883 2838.2757533607014 15108.677710999182
4885 2615.606328452936 15395.4140784943
4890 2895.0004426416467 15399.461568560479
4891 3159.8733887585954 16643.418498592742
4893 2949.9056899682855 15398.913029345642
4895 3343.288490277814 16115.554896391408
4896 2623.1046135812535 15395.613015370318
4900 2638.1011984457186 15396.010889509917
4903 2817.9514311183934 15400.519338441258
4908 2645.599479332716 15396.20982627341
4909 2857.6698198368435 15309.520493767466
4910 2260.3925643230386 16365.644135048262
4920 2836.5218520919857 15131.806040324402
4924 817.7213272965998 17252.564377712857
4926 2801.6268658932454 15070.938276457367
4927 2830.2777572159152 15053.838958108116
4929 2660.5960411914034 15396.607699802644
4934 2316.736808028908 17112.029695521658
4935 2608.108010393144 15395.215140744574
4937 3018.118293950351 16419.597107268786
4940 2833.362414311232 15407.091505117169
4943 2337.4030607277 16362.271630630235
4945 2630.602896906143 15395.811952198492
4946 2852.7779588866424 15375.00579219083
4948 4931.6480333037125 15874.826276704453
4950 2653.0977554740257 15396.408762910996
4951 3124.107556598871 16592.93460937306
4955 3112.238010780442 16573.819872944776
4957 2593.111363335829 15394.81726495494
4960 2796.068978645717 16360.831031461652
4963 3120.151050106462 16586.563044703602
4964 2788.5189229674143 16357.707620093599
4968 3459.8600873173214 16072.185583909242
4969 2871.4225042641706 15416.693426302187
4971 3138.78691456718 16616.574271984668
4982 3135.0925357671417 16664.89552812278
4983 2548.121346572255 15393.62363558051
4993 3071.2958223579076 15400.513636367936
4995 2832.642137211077 15423.352707605356
4997 966.8932769269427 17372.587954673265
4999 3856.1323233851504 17265.368857781687
5000 1434.2878493050187 16519.978166147303
5003 2028.701919625565 17277.778203544716
5005 2578.114703707629 15394.419388831784
5006 2836.910724132952 15139.350980928755
5010 2865.000922929543 15399.285862372277
5012 1486.1332231741478 15570.993775601199
5015 3268.465464388606 15327.299150922245
5016 2382.8192168598734 16360.136211630102
5017 2796.0189406765403 16357.631031989822
5018 1545.6536961062916 16481.187617076463
5020 3149.352944576214 16647.84079138123
5022 2585.6130059080724 15394.618326160744
5024 914.4214444636597 15910.93622329557
5025 3219.076905364888 15063.760531002039
5026 1489.9035597117959 16513.971376846024
5027 2878.8035137564116 15420.121133269591
5028 2750.3443867056067 15392.47237225769
5029 1839.4350133022035 16852.459705004778
5032 2570.61640106249 15394.220451491026
5035 2863.8197902388256 15419.651346558643
5039 3330.137417805352 15840.94613187348
5040 2600.609661422706 15395.016202174762
5041 2215.366507413629 15416.762221377661
5044 2863.921113089943 15416.461016687692
5046 2844.6071531995553 16368.00203512515
5048 3568.5879429530373 15340.38777215449
5051 3052.240768619274 16476.824958679066
5057 2149.011215286685 15408.719879962835
5058 2989.9642410828706 16380.60127298051
5059 2831.1760176339085 15454.366951075055
5060 2431.572606815774 15707.653403465873
5061 1511.0533533392797 15543.29848403284
5062 3132.909667399498 16607.109543320854
5063 3269.248092874061 15961.302170627061
5068 3310.6904281321076 15807.99072247293
5069 4296.130640643758 16005.766723582576
5070 2837.0616266073293 16368.217103362496
5072 1379.2389587436269 16474.628562559978
5073 2845.9157566077506 15401.46773372338
5074 2773.5240965566836 16361.061222212
5081 1755.2872377559886 17427.078910601987
5083 2788.567893929143 16360.907620033397
5084 2490.8474600352133 15603.77654605756
5086 2872.5008371492013 15399.329789120171
5089 2593.724143807864 16965.81226828306
5090 4465.213313342342 16955.858106812033
5091 3182.6900377483994 15403.274158810249
5092 2686.1157274475645 16914.262048154756
5093 2322.4192989141225 16357.681085594399
5095 2407.7955517794244 15752.4964297566
5096 852.1152145548974 15761.493451541699
5097 2028.4276185394742 15983.690550194935
5099 2533.1246732968757 15393.225759095283
5100 2816.7666608163604 15555.303236073227
5103 2773.518896751153 16357.860796207184
5105 2859.6981085399134 16367.57190143928
5106 2555.6197255706493 15393.822574946995
5108 2575.835934111344 16949.420063809306
5110 2809.9702294660797 15397.123408355079
5111 2498.290389502397 15602.60458263154
5112 2817.469253445411 15397.30567629902
5114 2959.172997556883 15424.028396721455
5115 3055.187248461919 15048.210810504153
5116 2736.3130481880817 17097.96519005255
5120 2781.018880617259 16357.784208449002
5121 3195.08077955366 15283.988068685378
5124 2831.890243071612 15439.340089861824
5127 1592.7312203459992 16974.881641750406
5128 2853.51 15108.84
5129 2884.727789057018 16355.442429569961
5130 2852.1526039085907 16367.786969050681
5131 3111.217876173858 15370.624137201869
5133 2878.92385454828 15416.925834649815
5134 3147.029175465228 16629.84762271345
5135 2857.4895909099114 16356.267692858193
5137 2540.6230340364564 15393.424697977343
5140 2887.500598018087 15399.417642220205
5142 2806.495301168418 16197.295637139145
5143 3392.357814469322 15408.07200673162
5144 2494.260143080494 16697.91495327511
5145 2206.649037861169 15387.253909095225
5147 2880.000689595943 15399.373715506264
5148 2768.616800810255 15401.893231395146
5149 2802.471221417727 15396.941140798348
5150 2477.516383897459 15648.290772483304
5152 2845.2935988319823 15106.015255278407
5153 1709.2472171303664 15383.937085924714
5154 3958.297117891178 16165.341824113404
5155 3281.243212942665 15764.700841808783
5156 3007.500388860751 16429.043622299065
5158 3039.183184617236 15609.13446078054
5159 3102.691837634336 16686.012393892906
5161 2567.428850040331 16954.069776985107
5162 2312.361378275832 16357.190399499003
5163 2842.822597439249 16371.25563725517
5164 2874.7904075440397 16367.194475886996
5166 2343.398534804754 15751.02937038779
5167 3128.2321112158293 16599.576799023216
5169 2794.9722077728443 15396.75887310559
5170 1842.7915209744647 15723.575426123181
5171 3083.7310662922896 15422.88067762979
5172 1560.3750067595504 15498.049848187386
5173 3317.3814982233293 15407.50004994201
5174 4286.288204246438 16717.259681373973
5175 2574.1102075729423 16984.57127523961
5176 3042.049367465907 16477.908506429892
5177 2374.9992309283316 15397.987358493023
5179 2499.5359814545836 15397.775726403883
5183 3740.4862900659996 16332.81364880585
5184 2337.911586217958 16367.322053174279
5185 3719.808523335013 16327.407626230808
5186 3853.6197605705293 15780.25222882243
5188 2987.754539254929 15977.448128815897
5189 1484.3381356950229 15764.259596094425
5190 3646.3233117186096 16364.754705239784
5191 3632.1316970160665 16365.995155419658
5192 2902.5003340545845 15399.505495174795
5193 2569.292824629785 16939.001994807917
5194 3621.9730738189555 15909.422222274803
5195 3457.103599596636 15399.816045592057
5196 3992.3122962493517 16216.95525003427
5198 3175.486143518582 16667.592285087027
5199 2765.7652320877955 16357.93997448341
5200 2871.311680222151 15419.886240799045
5202 1856.5035883088158 16353.383067061257
5203 2781.066839669223 16360.984208294167
5204 1572.7667766218142 16963.70577459249
5205 3887.8288066070813 16432.62374927282
5207 3654.107364995285 16401.841598069186
5208 1876.247208360763 16344.788162898098
5209 3941.410438436668 16219.371504527
5210 3429.613868574521 16502.16965364697
5212 4113.70147700188 16129.08649890012
5213 2794.4339943400887 16370.54616014468
5214 1836.5116785967202 16135.479618858944
5215 2167.9982612332747 15386.009275571412
5216 2939.06986645516 15414.718183767412
5217 2620.121347119597 15407.337803264181
5218 2323.7150643296627 16494.250911846073
5219 3582.315073080585 15997.814558395361
5220 2832.4654439129936 16738.408967692012
5221 1844.8626382253317 16538.470355933154
5222 3650.1236430180684 16395.485587199084
5223 3146.5852889041553 16230.188352270932
5224 3854.0042366551115 16044.101692926
5225 1051.8730240093673 16358.42597807998
5226 2830.5227791919024 15468.110683640412
5227 1501.0508181737125 16782.721577897348
5228 2595.2742730740274 16968.61217041623
5229 1380.3544294220926 15652.773727801263
5230 3116.1945490478106 16580.19148878468
5231 2563.1180878273813 15394.021513869307
5232 2852.4366156658116 15387.839326649844
5233 2769.414633299515 17250.961685393613
5234 2552.3547589959962 16964.88730761845
5235 3052.058639441557 16487.290862168993
5236 2910.0002182635026 15399.549421746919
5237 2692.095157847622 17356.65055964974
5238 2820.008047367178 17352.495913605973
5239 2553.9068895667747 16967.68599652196
5240 3235.249202240293 15350.719216574425
5241 3489.005722988242 16457.268855747545
5242 3658.1224616234044 16408.247667056632
5243 3091.823946512059 15524.603393614656
5244 2635.777545128821 17065.05034819407
5246 3592.1472761682353 15135.062115820685
5247 3344.3378121010414 17256.544786669907
5248 2867.24373271771 16367.363877478607
5249 2564.488057316848 16931.489928033596
5250 2834.3166830895693 15703.124705026888
5251 3685.1707512068156 17179.021302351644
5252 2856.719947883841 15148.20730351608
5253 2173.4436233885904 16354.651592253404
5254 1226.0211810460514 17554.30382763454
5256 4409.136187270919 14901.962489668867
5257 4488.073878153772 15966.736153808828
5258 2196.4273815451784 15403.067157234653
5259 2447.834627125232 16360.970025749266
5260 856.7409589314759 15753.629635647521
5261 2849.2366146395166 15387.759365235612
5262 3966.831655248508 15723.171289094187
5263 4232.3865122485 15896.641780373853
5264 3200.1550854721577 16191.742686816884
5265 1633.7619685631764 16421.425404063113
5267 4012.3166948337303 15541.096619263508
5268 2749.903587547041 16358.101949204707
5269 3424.81436514288 17063.421415786022
5270 2343.73904071015 16047.450422339529
5271 4111.601161043179 16959.691161043178
5272 2980.4498585303063 15052.653845561066
5273 3513.595709977656 16162.947108652379
5274 3110.23258157688 14981.769366937315
5275 3186.312927052375 15601.539879668304
5277 4161.550678425742 17040.691104366124
5278 2821.074767462095 16213.997199268839
5279 2857.0086539860513 15173.893528520173
5280 4605.092337652224 15100.465517540122
5281 3730.026243466711 16115.357255219622
5283 3834.261579435228 16689.827405864515
5284 2814.0132618489306 16401.627656226436
5285 3730.4764927785313 16523.688205113256
5286 2409.7819693350834 16844.60156932325
5287 3688.654012032903 17476.151433317013
5288 2545.9432101514017 16968.840413860995
5289 3489.187100422757 15726.589363883142
5290 1434.7671979508093 15912.698646169974
5291 3302.126937606771 15191.823468034214
5292 2406.621179945604 17053.69516341112
5293 2054.3239914950245 16352.12710450112
5294 4359.759263894922 15240.731014340567
5295 2938.798738959063 15406.416111072667
5296 2821.0718386809763 16240.69450355892
5297 3668.359950203973 15309.995785053816
5298 1094.2408639990724 17005.15577262635
5299 2886.2953483808733 15420.356025774317
5300 1850.1653037876615 17180.928458160954
5301 2409.5291383925023 15738.959282080894
5302 2966.183940915348 15635.651442327693
5303 2392.960123301304 15424.52443538992
5304 2964.6494467738553 15959.326420510104
5305 3280.441088138577 15989.769811235285
5306 3013.8373460048465 17154.76984509505
5307 4527.649941540424 15237.634076731129
5308 2967.4371738851105 15768.888816460716
5309 3091.0199958490316 15435.321575044345
5310 3345.198537685824 15866.473453704788
5311 1341.3318995997613 17328.57453976698
5312 1096.3985963178916 15376.335985456832
5313 4373.714789881429 14961.72635318269
5314 4151.011275523545 17022.342912982956
5315 3618.361300939632 17406.63058712377
5316 4051.816385080421 15107.489739788523
5317 3187.0646595090075 15608.946539616965
5318 3259.3250573862615 16577.432307112904
5319 4448.629223257591 16936.61117788372
5320 3760.4121216064477 15096.198144283839
5321 4575.49877611052 15723.220152128319
5322 2511.8258967586407 15374.320906605853
5323 786.2463412464742 16507.216510052993
5324 3163.0549206020787 15230.769091749344
5325 1768.7202074286015 16758.05909035537
5326 1367.2660979919 15375.639340891566
5327 1958.280743783687 17608.245523696674
5328 1829.8975122767933 17277.443871856667
5329 2751.403842751642 14903.453628278734
5330 2063.520543351477 17966.054527858236
5331 2844.0016507623245 15614.971657953678
5332 4650.045518023394 16250.85526617331
