4569 4024.5631115607575 15097.589582162158
4574 2853.6096000000002 15109.074771428572
4583 3267.309339167655 16833.024707629596
4633 3889.127527423118 15167.867211611723
4685 3839.056844449033 15203.941999329812
4701 3271.9875483668297 16790.326956709934
4703 2802.8685423646916 15400.152675161671
4719 2810.366268954257 15400.334944027116
4725 3168.9693804379262 15407.650970605833
4768 2787.873134594606 15399.788138534668
4769 3449.875021634924 16049.057447824242
4786 2795.370822888454 15399.97040646915
4821 3551.1658628489363 16220.208665591597
4829 2817.863996495364 15400.517212915694
4834 3154.026391289779 15406.310017253789
4883 2838.277252202681 15108.677142363063
4885 2742.8868206454777 15398.694526450241
4896 2750.3844932508046 15398.876794003336
4900 2765.379920598307 15399.241331106263
4920 2836.521844216174 15131.805887516985
4929 2780.375396419093 15399.605869387571
4935 2735.389111456544 15398.512258007804
4945 2757.8822363641975 15399.059063270473
4950 2772.8776637340025 15399.423600373942
4957 2720.3936981228535 15398.14772124555
4960 4066.1193705647406 15394.497379699742
4983 2660.5960682005416 15396.607700519222
5005 2690.589279484747 15397.403449900921
5006 2836.910328391673 15139.343302710397
5010 2640.4091924339928 15775.794630093062
5022 2712.8960305982587 15397.965453815968
5027 2050.9592688259336 15408.017657820903
5028 2837.2988115637213 15146.880698434743
5032 2683.091003369121 15397.204513264018
5035 2215.361060220058 15410.362012062396
5040 2727.891365264898 15398.329988665833
5044 2837.6872988978394 15154.418174912049
5070 2822.8924759278816 15426.41987706726
5086 2526.9012399716316 15415.80517294505
5099 2645.5994220256166 15396.209824752996
5105 2830.345765623138 15471.834939582954
5106 2668.094427298131 15396.80663935772
5110 3614.022114472537 15965.94066428474
5114 2353.2850245742893 15872.449825894173
5120 2831.7702388746784 15441.864903901109
5128 2853.51 15108.84
5129 4041.875580823804 17518.292330975142
5137 2653.09773283532 15396.408762310368
5140 2563.3726693984004 15409.955635248394
5142 2832.4824753612274 15426.879888989315
5147 2526.9969208954208 15412.605414603695
5149 3316.526880682926 16981.643620031144
5152 2845.2935988319823 15106.015255278407
5156 1344.0665893924106 16040.8114335774
5162 2826.092409281853 15426.569939808249
5163 1099.4959702563506 16996.936132672363
5164 2809.485171161344 16294.34112847457
5169 3403.4367794568734 16926.292524879493
5170 4043.1466257923207 15080.124723174917
5176 1347.3590757564639 16596.363797365935
5189 3194.967443711688 15026.298745975348
5192 2697.448912289709 15418.235983785837
5199 4278.780213101831 15533.083204475848
5200 3211.686385538443 16739.207018135425
5210 1402.2135834653832 16565.349024029332
5212 1770.1174131320608 16376.515169857934
5213 1556.0098616097982 15502.901209257412
5215 2817.5491612770797 15394.105676224395
5225 3132.5954863875713 16606.603585694033
5229 2608.1078972106675 15395.215137741732
5231 2675.5927046133497 15397.00557602645
5232 2852.4366156658116 15387.839326649844
5234 3828.216601592268 16674.685505698664
5236 2849.115329370337 15535.356625150851
5238 1292.8491127560455 16627.183764906535
5239 4584.429085871835 15338.801469905049
5242 2088.7665863360326 15408.288423842803
5246 2840.6151775843678 15619.869680211043
5247 2812.8435119885653 16357.191098556425
5248 2829.989646457387 15479.327466447183
5252 2849.4360503679604 15380.261148961941
5253 3870.682531865736 16033.135944376647
5254 3820.296356877107 16661.94387831763
5258 2638.101114016402 15396.010887269924
5259 2831.0580008752627 15456.849950642685
5261 2849.2366146395166 15387.759365235612
5262 1815.518559417535 16359.290014837377
5265 3824.2564721584713 16668.314680624346
5269 3844.0896445653148 15781.797934716098
5271 3260.8093156576015 15940.080111487225
5273 2127.971740127995 15408.569200798938
5274 2849.6354850139187 15372.762973386656
5278 1583.551837082876 15472.291444171067
5279 2852.6360519128966 15380.341090876724
5280 1505.6437385003885 15558.877411770405
5283 1479.2318558979418 16520.24734925738
5285 3923.3562156624807 15718.190009621203
5288 2831.4141213865905 15449.357395468343
5289 2723.565512944165 16897.02782908591
5291 2853.23435859513 15357.846460970786
5292 3766.731456669832 15104.929596953387
5293 3717.6257479412106 15853.388124330908
5295 3144.3537294862763 14322.075032337312
5297 908.2844337050205 15726.129545868693
5298 3023.173008262762 17145.975682324955
5299 3002.631912799363 16387.369619033638
5301 2615.6061837689713 15395.414074655691
5303 2630.602793765723 15395.811949462075
5304 3161.4979028530374 15406.980495454387
5306 1897.6322000637795 16041.406309756952
5307 1417.207836617221 15588.324973329258
5311 1849.589470583071 15408.751012523033
5314 2254.2440324641693 16642.41761253857
5317 2108.095265921895 15411.62699448789
5319 3463.043128618758 16077.561862577584
5320 3832.176750487523 16681.056362081443
5323 3396.3769452915863 15408.102666669014
5324 2850.0343549497125 15357.76659802811
5327 2644.038102363311 15570.01241972851
5328 2916.8363452121507 16342.898101129802
5329 2853.0349234909077 15365.344653775495
5330 3526.127191135274 16019.40182449045
5331 2696.7724698951583 15269.763343729235
5333 2355.996078904768 15387.460808696615
5334 3525.9874609908625 16183.877250716707
5335 2852.835488489484 15372.842842715278
5336 2849.8349200438574 15365.264783374789
5337 3140.944611407915 16620.049030584003
5338 2393.2859809607376 15076.79135822846
5339 2600.6095910664308 15395.01620030814
5340 3808.2414659026563 16642.550673380236
5342 2474.5629094095743 15388.951652145934
5345 2589.8173990394016 16372.109815185484
5346 2197.8219497204996 16667.119502711375
5347 2349.5115231488144 16367.59126892525
5348 2861.3971535381725 15399.88413497176
5350 2819.8466337723803 16371.039920765337
5351 3350.4575365819323 16962.723090133477
5352 2846.163095062724 16827.526429439957
5353 3459.221495606899 16071.10697805233
5355 4673.452946142254 15492.937170635287
5356 2908.3359041377466 16997.46488010226
5357 2837.434337019024 16353.672301990651
5358 3149.042460078223 16627.01735997973
5362 1017.8411403386648 16784.578597048432
5363 2830.701883231999 15464.342445474726
5365 3559.7840898351856 16001.413334969795
5367 3084.168911458444 15101.230834254511
5368 2832.1263579890096 15434.372378118715
5369 2341.1608622048834 16913.836898809976
5372 3285.3095635811947 16856.986164349375
5373 2987.3361550980217 16391.00449554442
5374 3192.052492932777 16206.08357201716
5375 1533.0018169285495 15518.905790473285
5376 2755.2982143348167 16879.24062639852
5377 2806.335200422434 16271.272999401519
5378 2326.1795497860057 16334.33663373081
5379 3781.1619927476595 16258.70994281164
5380 1601.0285523084165 16994.541216346253
5382 1218.4322245260146 15305.51352436055
5383 2290.544211451165 16621.791730934325
5384 2199.5379523117754 17195.927864481317
5385 2985.8209347756647 16377.575957120944
5386 2634.852075795814 16038.59985252123
5387 2882.844904337379 15399.390373977316
5388 2431.475554807485 15395.40870667107
5389 3315.3625337276403 15427.853028442258
5390 4126.6970472141065 15617.8260795205
5391 2854.7034683600364 15408.508296473698
5392 2871.7783637501307 15399.325557617525
5393 3216.9183838672143 15658.11934698965
5394 3140.452609216454 16662.004297994317
5395 2431.9002658700265 15183.247935618449
5396 2593.111280759496 15394.817262764107
5398 2595.1055452826736 15089.604713677905
5399 2507.2112243585366 16361.408372743139
5400 2466.913541649334 15388.86383949866
5401 3827.770775450729 16285.78510102525
5402 2831.634346456058 15415.941012389267
5403 3312.862384160172 17293.050833977246
5404 2585.4293903633984 16984.20010738845
5405 2683.3036861532955 15405.434238787106
5406 1627.7384016410488 16424.02396129733
5407 1641.919661822597 15395.775008916757
5408 2863.8197836632316 15419.651346352479
5409 3121.1773969433807 16582.144129826997
5410 2482.128449665531 15389.038502476413
5411 3169.249397149726 15404.460972105515
5413 1829.7221817818245 16099.99179974092
5414 3675.3116877344146 16429.63726042367
5415 3826.8423315549853 15205.045626324492
5416 3032.191928069048 15602.156656662622
5417 915.4303387435565 15523.562343016303
5418 3473.535687915945 16095.28419709467
5419 3466.8647814075002 16084.016780506749
5420 3496.964362821611 16465.621860874395
5421 1016.3604568495088 16261.122018164766
5422 1216.0407353248272 16267.460472423161
5423 2936.3866701129523 16360.138852532791
5424 3816.295101644647 16655.506892458994
5426 2817.4692588113335 15397.305676429442
5427 1416.6073684422774 16195.284605903622
5428 3426.4465505611765 15387.77704555377
5429 2363.4820434749704 16367.765884726465
5430 2623.1044603497216 15395.613011304935
5432 2855.636616340545 15387.929301281782
5433 846.0429660474575 15770.406065629708
5434 3821.727627715037 16670.31012440356
5435 2829.215964266257 15495.605260957902
5436 2319.1696689257874 15386.889609695038
5437 2418.5477870780487 15388.308613880095
5438 1867.4975251128126 15525.79064130723
5439 1425.8632667361985 15636.400994043395
5440 2589.396010838526 16990.569799030432
5441 3575.0482226954737 14797.358124826631
5442 2829.6335282458385 15486.819973235592
5443 2830.0113118127488 16684.9344406921
5444 3352.455669150691 15428.041250224034
5446 4132.9159256793355 15253.648965686985
5447 2993.328796561045 16734.15931337756
5448 3765.1702238769603 15432.433136813423
5449 2850.233798596747 15350.268084037943
5450 2585.6129648855926 15394.618325072377
5451 3068.5248580130333 17456.853627628752
5452 3992.1166540161885 15708.164334256362
5453 2607.277935178407 16358.946883031549
5454 3762.8020772061955 15106.40976318672
5455 3146.5548385150587 15405.63953535496
5457 2853.4337934404984 15350.348277898218
5458 3015.168823676425 17484.668951824802
5459 1900.4120118733508 15378.302691622692
5460 3833.648138425551 16688.4025203596
5461 4012.0231502064134 15540.563247047883
5462 4221.90814615075 15921.562352903817
5463 4041.0926589496116 15679.096478610965
5464 4287.801422693267 16007.454211714323
5465 2892.0731774476617 15399.444423665693
5466 3035.961877379893 16289.119511334291
5467 3645.5796838685615 16388.041010460962
5468 1837.5427349214856 15987.536672313407
5469 2809.970258665169 15397.123409064778
5471 2443.493473768109 15388.59498353246
5472 2905.9221664004044 15399.525536732925
5473 859.9414072895931 15801.655179983036
5474 3046.7005899554306 15406.661694771621
5475 4178.595965317818 15331.732465410252
5476 2991.1192619122453 15602.210108206946
5477 852.2764818582175 16630.83926376454
5478 4046.7755751106647 15574.937602156413
5479 3457.42142013229 16061.714101484467
5480 3734.767603603976 16530.53465353695
5481 2319.445309128049 16357.319862683817
5482 3386.2340254841956 16729.391004150908
5483 1061.835591136302 15683.06925640499
5484 4105.223973260194 15641.70115005549
5485 3123.894951723973 14974.139817776353
5487 2344.5821703958554 16304.740708231006
5488 2802.128495588767 15396.932810656672
5489 3463.818319706982 15418.73358610451
5490 4003.9554243823786 17210.77825141539
5491 2960.4758457612306 15398.99195822701
5492 4924.074442003497 15857.129018875583
5493 3280.607836568556 15763.632074401265
5494 3102.952836335492 14985.834633329636
5495 3436.472264702241 17078.07035832903
5496 1875.740276996675 15367.88124346305
5497 3569.8082771544255 17431.64811865459
5498 3040.300998350491 16498.094660322673
5499 3320.628892240067 16137.917826677456
5500 3056.7892879051187 16117.089554940698
5501 3809.9632118332324 17111.16691160317
5503 1605.7294084531825 15442.866306720069
5504 3683.0482435751546 15884.863993213783
5505 3567.332783615253 16248.025582463646
5506 3623.633267022457 15965.748439295407
5507 1425.5811082594012 16272.791474856098
5508 2846.302243799925 16160.729132233559
5509 3839.7112188244155 15213.218218263484
5510 3437.4900582751634 15404.642926754024
5511 4261.288787551821 15536.452910136164
5513 2457.4215099812905 15388.754873574297
5514 3648.050746687113 16371.121810950537
5515 1040.3760404532045 16841.734845664483
5516 4043.6895977102263 15104.09417542798
5517 4075.5210821720293 17514.425968730626
5518 1839.435013936724 16852.459679629963
5519 3560.4340628725245 15087.712584202838
5520 2833.1335280082544 15113.450124559347
5521 4705.298052934644 15237.435043213405
5522 3278.9871003065837 17000.371727160546
5523 2431.9804996219295 15582.864808415845
5524 3769.8392666833715 15822.206048399197
5525 3006.0232294430534 15185.294054398155
5526 4549.407479131227 15269.706536088272
5527 848.7420227299344 15760.289903122733
5528 3583.124449944943 15897.611666027155
5529 1650.1356234245616 15557.010483734768
5530 4276.553082715153 16016.181602322524
5531 4166.781822804444 17671.499082553146
5532 2875.360960795761 16908.466663712956
5533 2479.240517961411 15637.49081302068
5534 4075.2513081741263 15510.363704832576
5535 3034.664588510758 15380.476338024155
5536 1122.9804825454873 15546.37001055673
5537 2333.5159452213147 17481.20572495061
5538 4262.461170128054 15553.3541931069
5539 2347.6381629156435 15745.010018011375
5540 1811.7741746392644 16881.716290575943
5541 3709.2756897567706 15266.475163602678
5542 3179.6234768902136 15338.496395358588
5543 3105.0207482668293 16930.06281312475
5544 1853.2235992739913 15879.110307743396
5545 4192.018806870605 16507.22836859036
5546 3208.0530113498944 16759.513966647348
5547 970.729944714085 16809.64919865535
5548 3780.4764750009226 15855.893191091634
5549 3569.3873861761504 17002.66855773563
5550 2295.3973614932893 16366.384131606064
5551 2916.578625047676 15418.758282130138
5552 3091.7345490911284 17110.57353821799
5553 3946.156297020316 15133.082885082224
5554 788.9520530950825 17202.44994783739
5555 1655.4474184763603 14980.63605472777
