4470 3177.171726585222 15424.93411698964
4557 2917.500077775912 15399.593348174396
4569 3179.0887075089227 15406.446941444347
4574 2853.6096000000002 15109.074771428572
4583 2874.683302753327 16355.74675754903
4633 3166.079055498319 15407.39159874403
4685 3154.9498612532293 15406.392887563787
4701 2830.660096064316 16347.405958822126
4703 2802.8685423646916 15400.152675161671
4719 2810.366268954257 15400.334944027116
4725 3139.083348719605 15404.969059107761
4768 2787.873134594606 15399.788138534668
4769 3138.4460292286144 15581.714619865072
4786 2795.370822888454 15399.97040646915
4821 3223.8296338443165 15663.330042824044
4829 2817.863996495364 15400.517212915694
4834 3124.1403232493017 15403.62810249624
4883 2838.277252202681 15108.677142363063
4885 2742.8868206454777 15398.694526450241
4890 2895.0004426416467 15399.461568560479
4896 2750.3844932508046 15398.876794003336
4900 2765.379920598307 15399.241331106263
4903 4132.683165909735 15241.811301835307
4920 2836.521844216174 15131.805887516985
4929 2780.375396419093 15399.605869387571
4935 2735.389111456544 15398.512258007804
4937 2800.5096554730394 16955.162057171947
4943 2353.290236706341 17472.686403317093
4945 2757.8822363641975 15399.059063270473
4950 2772.8776637340025 15399.423600373942
4955 2958.3920378573494 17038.731893138847
4957 2720.3936981228535 15398.14772124555
4960 4215.377928712051 15568.59839427043
4963 3015.5380293893986 17134.748354930514
4964 4054.213343964239 15663.073368642372
4969 2795.92879777447 15080.063054362183
4983 2660.5960682005416 15396.607700519222
4993 3168.9733907650734 15234.392476005532
5005 2690.589279484747 15397.403449900921
5006 2836.910328391673 15139.343302710397
5010 2865.000922929543 15399.285862372277
5022 2712.8960305982587 15397.965453815968
5027 2527.055312758893 15412.606299714265
5028 2837.2988115637213 15146.880698434743
5032 2683.091003369121 15397.204513264018
5035 2234.1135903991776 15407.199621603595
5040 2727.891365264898 15398.329988665833
5041 1423.5160999735608 16106.541889461267
5044 2837.6872988978394 15154.418174912049
5046 2800.520390775043 16000.870047833352
5051 2816.946202261863 16980.322382683138
5058 3185.776476409887 17059.876160346117
5070 2822.8924759278816 15426.41987706726
5074 3321.1102366997884 15831.936841864048
5083 3346.5508488335918 16603.329175829767
5086 2872.5008371492013 15399.329789120171
5095 2217.9779337183318 17281.18651981855
5099 2645.5994220256166 15396.209824752996
5103 3541.414054907229 15692.978628052491
5105 2809.8182955977923 16140.442140517229
5106 2668.094427298131 15396.80663935772
5110 3447.877495449663 16045.864756318764
5114 2563.868577658361 15416.36538168547
5120 2831.7702388746784 15441.864903901109
5128 2853.51 15108.84
5129 3590.9747557063984 17287.37324243171
5130 3016.1765462212065 16416.340255740564
5133 2527.0816987107496 15409.405340790907
5137 2653.09773283532 15396.408762310368
5140 2887.500598018087 15399.417642220205
5142 2832.4824753612274 15426.879888989315
5147 2880.000689595943 15399.373715506264
5149 3143.8873220990404 16624.78797680031
5150 2571.5015771040084 17422.945643172447
5152 2845.2935988319823 15106.015255278407
5156 1515.1722590078607 16499.110988812474
5162 2825.868784718198 15498.659648034369
5163 1459.6851640397438 16531.74265506563
5164 2837.0616472519255 16368.21710277407
5169 3145.923061215047 16621.993954777015
5170 3275.9878255790663 15407.184278331702
5176 2037.9416000132599 16360.941552511695
5179 888.7910369758351 15856.725818764995
5189 3240.760343922341 15403.715518357716
5192 2902.5003340545845 15399.505495174795
5193 3937.251607019408 16942.308458570817
5199 3614.8992624842085 15968.783045322152
5200 2831.8167842918406 16054.934731094723
5210 2065.0977402150493 16361.515629549616
5212 2453.5463207954804 16368.891586960755
5213 2187.3184015299175 15420.726176334216
5214 3490.3857283143166 15382.87638555428
5215 2817.5491612770797 15394.105676224395
5218 1155.2966795274008 16304.77767583436
5220 4197.382398699608 15431.614972128624
5223 3336.311220692572 16969.543723292052
5225 2651.3246415085036 16362.308919322968
5229 2608.098065538999 15395.214876897819
5230 3315.364650226503 17290.977333759445
5231 2675.5927046133497 15397.00557602645
5232 2852.4366156658116 15387.839326649844
5233 5055.2716701010295 16147.466575224953
5234 3688.432197430023 16450.573310127522
5235 1629.6865607695224 16983.881156040723
5236 2910.0002182635026 15399.549421746919
5238 1862.6294989175933 16355.255689044727
5239 3783.3326800820832 15818.505090183304
5242 2654.4754024057406 15414.51096083788
5244 802.5229019979212 16908.471025552273
5246 3721.1597921510624 15277.59766368698
5247 2844.607131584989 16368.002035741223
5248 2809.7125754589265 16189.283416022643
5252 2849.4360503679604 15380.261148961941
5253 3566.3111882308867 15997.923825748605
5254 3319.086196632001 16551.93665008506
5256 2650.0571479786418 15420.453549544492
5258 2638.101114016402 15396.010887269924
5259 2831.0580008752627 15456.849950642685
5260 1720.4140060835261 17167.747292231412
5261 2849.2366146395166 15387.759365235612
5262 2539.271072084089 16370.877157963085
5264 4411.362969768613 16178.264854420171
5265 3459.3165586682485 16473.719001889705
5268 3602.0800482164827 15978.801122338253
5269 3466.864769230427 16084.016759939206
5271 3463.043144713705 16077.561889762565
5273 2551.5724838832966 15409.77670433078
5274 2849.6354850139187 15372.762973386656
5277 3838.7915175378234 15964.389442747108
5278 2187.359505374359 15430.120042308072
5279 2852.6360519128966 15380.341090876724
5280 2437.5224160455655 15407.83863777491
5283 2343.953217309634 16367.462840930215
5285 3459.2215005996 16071.106986485194
5288 2831.4141213865905 15449.357395468343
5289 3147.846725587757 16631.164206797464
5291 2853.23435859513 15357.846460970786
5292 3703.5023638589673 15865.679824246232
5293 3084.669976340966 16253.905664793465
5294 3129.8109934674944 16235.591153581316
5295 3527.2666605740055 14726.742554908229
5297 1550.1671654827296 15504.614837701843
5298 2568.9653427813096 16944.425762731153
5299 2838.702045044355 15757.553745292804
5301 2615.601689914262 15395.413955429309
5302 2564.4255363958655 16949.20931602502
5303 2630.602793765723 15395.811949462075
5304 3131.611804941345 15404.298578016256
5305 2836.0779535172474 15301.37582757763
5306 2018.30110074215 16357.392723946603
5307 2361.0345977389497 15403.796570878385
5308 3091.6254711825404 15547.688127630729
5311 1836.6001329946534 16142.389783642937
5314 2581.3220041346044 16995.763784761035
5315 2585.4293699994637 16984.200074687567
5316 2838.608858298187 16353.63672222007
5317 2540.412135260142 15412.808763963347
5318 2010.5281040217876 16773.070915702585
5319 3478.3296749103242 16103.381424737478
5320 3795.4660674126526 16621.998358008936
5322 3121.8998005698886 16243.29542204323
5323 2168.219779292687 15392.509738192372
5324 2850.0343549497125 15357.76659802811
5325 1168.752362682977 16848.660094855903
5326 1841.7043129362887 16941.502889019794
5327 2799.9053332665176 16285.167913767029
5328 2796.0004688901568 16357.63122061859
5329 2853.0349234909077 15365.344653775495
5330 2812.6707292598817 16380.404672136674
5331 2193.757273478992 15430.190242857125
5332 3627.249171085076 15983.498307518734
5333 1539.7145893371212 15495.330958788305
5334 3776.535676471557 16597.599408019807
5335 2852.835488489484 15372.842842715278
5336 2849.8349200438574 15365.264783374789
5337 3588.288110352277 15994.582751031456
5338 2812.156902510112 15088.054017364087
5339 2600.533292682828 15395.014176037015
5340 3236.15270950462 16597.429065206878
5341 2325.7192292628247 17095.83530026897
5342 2160.4917647970074 15385.853977748757
5345 3170.098128907595 16647.390667132244
5346 2577.358884335323 16989.39934422235
5347 2844.6120715223324 16371.20459727273
5348 2957.100963382786 15398.966757492404
5349 3459.3575383459433 17480.665855304054
5350 3399.244815563484 16518.63093620458
5351 3045.745211800794 16465.935139893092
5352 3068.7596508847805 16503.802249486147
5353 3474.508053211112 16096.926559319718
5355 4281.698749213463 15815.046918804432
5356 3176.6569126059585 16643.719186143237
5357 2764.9583892920487 16357.948213738593
5358 2795.296195203863 16360.83892183782
5359 4244.826097788871 15932.510407117572
5361 1817.0625053241608 16543.55595483586
5362 1842.246568419999 16346.210644356936
5363 2806.8121684003822 16050.881566023438
5364 4504.804913032052 17248.782860841035
5365 2817.6920353833466 16365.427064379226
5367 3146.554869302782 15405.639538117788
5368 2832.1263579890096 15434.372378118715
5369 2580.0490548619696 16987.659628714
5370 3854.983838133469 15213.94429447749
5371 2114.6649432281583 16362.563473347458
5372 3070.546506049606 16270.678187022144
5373 3493.6051424068783 16045.812485440214
5374 3451.856422955376 16052.224366591776
5375 2187.1195762469165 15442.891562112598
5376 3106.769085524373 16565.012706570014
5377 2784.7936631224084 16357.745661415456
5378 1816.0606117084455 16348.529591179373
5379 3155.8273234030694 16658.074880289067
5380 1954.911500302347 16805.20881791875
5382 1565.6338042733819 15482.639832070121
5383 2750.1768380504877 16617.760094521658
5384 2595.274689384185 16968.611938122205
5385 2843.7163883854146 15622.64643741911
5386 2837.1603695178974 16371.417137226808
5387 2972.100748993731 15399.078763059988
5388 1691.846184659063 15384.443131957085
5389 4023.1271610608605 15560.788138834447
5390 3755.3321749647957 15087.968915427142
5391 2949.6010199320335 15398.910754330436
5392 2964.6008643063647 15399.022760336815
5393 3470.68640089876 16090.471642195193
5394 3461.8720518522064 16062.971630660779
5395 2193.954157907014 15421.090036117086
5396 2592.8591518607545 15394.810573536555
5397 3545.020992924875 14749.17932414202
5398 3027.211687104479 15027.853406243044
5399 1714.9896723772627 16290.58056346184
5400 1857.6578230349467 15399.906018240687
5401 4126.590608627575 15718.57358021814
5402 2924.999928279879 15399.637274549112
5403 4100.596460754639 16956.976423845612
5404 2771.7282071453815 17283.986186742146
5405 3759.1839878035557 15256.842802910525
5406 1022.3710522182411 16736.393237324948
5407 969.9732243948188 15599.168709175598
5408 3385.9321555881393 15428.211120035605
5409 2476.99705170825 16361.185316987661
5410 2167.9982154833365 15386.009274624917
5411 3169.249397149726 15404.460972105515
5412 3395.2489065919667 17031.386778682496
5413 1381.3234204918606 16565.550910866332
5414 3618.449633816528 15922.139298014541
5415 2880.770403140654 15404.536329363787
5416 3984.411998016465 15136.913594855852
5417 839.7919426338701 15141.93156726259
5418 3158.522698250474 16644.1744253172
5419 3622.11238552967 16348.741025566263
5420 3822.5794768404485 16671.680690587476
5421 1057.223585840202 15694.541724860554
5422 943.4586069652756 15972.162519068357
5423 2344.1715550809276 16342.304405559567
5424 4212.298339058436 16071.420119856044
5426 2817.4692588113335 15397.305676429442
5427 1660.3793140775501 16967.68051996775
5428 3822.668689805973 15212.176522746198
5429 3142.239871117661 16643.742674370093
5430 2623.104245570014 15395.613005606618
5432 2855.636616340545 15387.929301281782
5433 816.4614916995378 16206.719483792922
5434 4100.496544867967 16554.94221847747
5435 2824.4030206890616 16566.855767078137
5436 1409.204481607315 15631.294752944084
5437 1831.2665834308693 15382.962920658534
5438 2190.9593230743058 15576.462098183107
5439 1999.5981898874709 15409.527299895686
5440 2798.95409265089 17293.709591002567
5441 4070.2437859566135 15640.096238665972
5442 2809.5857325199527 16247.88313973477
5443 2084.769089561421 17231.335995046447
5444 4335.630643669305 14941.690665752672
5445 4253.938038292385 16055.849764206385
5446 3911.0281550425098 15749.008430681632
5447 2316.232233267653 17104.947114806917
5448 4107.583571611423 15913.258738854875
5449 3189.0231194596913 15016.945768154694
5450 2332.4827512829506 15387.096103332475
5451 2544.6346311111897 17434.863407119246
5452 4105.2222364421295 15641.702125793601
5453 1820.2438792787414 16333.6410971351
5454 3399.193907110499 15337.50980107966
5455 3116.668800801209 15402.957623318862
5456 1848.230112334728 16473.14338243165
5457 2856.9631036676637 15169.840909894698
5458 3391.163118244697 17551.614479873813
5459 2039.1568406169863 15573.103836148235
5460 3835.383668097715 16687.624358785804
5461 4096.996432582043 15646.323352668567
5462 4655.924932176642 15989.626086943872
5463 4257.160213121679 15529.43201975216
5464 3842.536083216621 15204.95766559361
5465 3027.573849895703 15399.325969811249
5466 3566.1619079701577 15870.081312394612
5467 4123.11214410062 16954.663467161005
5468 1835.6842097083343 17171.985512436022
5469 2737.1910076060108 15395.35446893487
5470 3358.0117155032544 15409.410073818459
5471 1842.299138609541 15751.153157702467
5472 3259.1213574184944 15399.408671811896
5473 1160.5944995202635 16138.890399023236
5474 2106.1317698290713 15388.597443087463
5475 4181.93652673718 15342.501250476533
5476 3437.2835974884574 16066.641656562699
5477 945.75547742653 16421.47997790093
5478 3520.935432841148 15366.042589133236
5479 3239.718256883128 15845.0044641223
5480 3618.1399478746616 16973.53361921042
5481 2031.9536085882564 16060.90485342433
5482 3151.0523991353684 17077.125474417713
5483 1298.1677208735434 15749.740320114983
5484 4370.20840029829 15417.259234529134
5485 3412.8576800288797 15241.130637405402
5486 2854.1328134148844 16353.166455081126
5487 2455.1716031129918 15583.243993510716
5488 2716.072679956393 15394.841176248941
5490 3898.914891084119 17246.932098923677
5491 3426.1631533263453 15428.435838428552
5492 4622.559532384125 16585.169837028687
