4470 2845.0884634781864 15593.012925229637
4557 2917.500077775912 15399.593348174396
4569 3168.960125518059 15407.650140088212
4574 2853.6096000000002 15109.074771428572
4583 2847.159044847889 15425.64999603242
4596 2847.88233364938 15553.01054588904
4633 3138.9479263251474 15404.956906578438
4685 3000.0479369175523 15399.287448752371
4701 2822.2316365647334 15400.599120354858
4703 2748.7426735134813 15398.83688155558
4719 2759.5142123820415 15399.098736418548
4725 2861.5738921475568 15399.466445519925
4768 2727.530919085371 15398.321226260936
4769 2805.157066521373 15400.208308918998
4786 2738.3157103160424 15398.58340328729
4821 2840.9956598832214 15400.901606441337
4829 2773.222365079287 15399.431980023744
4830 3108.615677247344 15367.41459883449
4834 2788.63996613768 15399.80678012071
4840 1127.785023336773 17063.250430127395
4858 3335.656306818337 15238.763809931203
4883 2838.277252202681 15108.677142363063
4885 2666.8245709038592 15396.772948819184
4890 2895.0004426416467 15399.461568560479
4896 2675.549248559981 15397.004423094631
4900 2696.650706240695 15397.559135262694
4903 3348.1180783580735 15407.734523927631
4920 2836.521844216174 15131.805887516985
4927 3004.840202323373 14409.1217268684
4929 2717.5944400255344 15398.07967160525
4935 2657.6272868846677 15396.528935832303
4937 3135.8698013893722 16611.876548046595
4940 3211.620871256794 15311.477744489319
4943 2551.654999526134 16985.267603277447
4945 2684.411888703706 15397.239557650508
4950 2707.1729443186214 15397.826326251023
4951 2801.3626516029894 17061.550918049834
4955 3147.92764657839 16631.3461047725
4957 2638.474330687229 15396.020789075112
4960 3556.499227220781 16003.169484132623
4963 3149.5542513624355 16645.852173135372
4964 3285.9026057602237 16146.100552375368
4968 3762.5696216380757 15576.516503974888
4969 2871.4225042641706 15416.693426302187
4971 3988.3116186250945 17545.338598396032
4982 1942.4851984694094 17338.80904220285
4983 2577.7410548685134 15394.40947556075
4993 3160.3971521176763 15226.352092954412
4995 3245.5071156127005 15341.457914900077
5003 1431.4901063630061 16566.09526250956
5005 2620.1704419210846 15395.535168911589
5006 2836.910328391673 15139.343302710397
5010 2865.000922929543 15399.285862372277
5016 2798.5886988767675 16361.04051232291
5017 3611.9362485461456 15973.502702071673
5018 860.1777659559899 16628.91086829159
5022 2629.8174432010983 15395.791113339517
5027 2878.8035137564116 15420.121133269591
5028 2837.2988115637213 15146.880698434743
5032 2610.277263415576 15395.272693159854
5035 2863.8197902388256 15419.651346558643
5039 3766.9096352515635 16530.182707095602
5040 2648.391451655775 15396.283900043929
5041 1646.376027181732 15410.34635841446
5044 2863.921113089943 15416.461016687692
5046 2837.061601580166 16368.217104075839
5048 4145.801522241196 15269.53467148956
5051 3141.53974065689 16621.007427721426
5058 3130.5735259490602 16603.347417223747
5060 1853.8048247166137 16871.49389567113
5062 3320.2687844323214 17149.96375091967
5070 2803.7420882523343 15990.845322411009
5074 2847.547057886787 16353.365957359167
5083 3132.7754404558596 16600.821341263352
5086 2872.5008371492013 15399.329789120171
5089 1800.6777702221254 17312.048598534835
5092 2298.522595609522 16617.25838670199
5095 2569.5419420219446 16970.736204213958
5099 2551.81738765415 15393.721695183991
5103 3198.0738061858465 16192.850520940565
5105 2852.1525004824784 16367.78697199861
5106 2590.3347584999365 15394.743598898962
5110 3083.8712016894947 15595.140752737003
5111 2566.1380630031663 16945.95089349156
5112 3091.360962669325 15578.453204012669
5114 2893.786349721848 15420.60955795538
5120 2812.5861714180724 15883.993163892663
5127 2191.471404785739 17228.934155211016
5128 2853.51 15108.84
5129 3125.2120614576615 16594.713305844052
5130 2844.607058999275 16368.002037810116
5133 2878.92385454828 15416.925834649815
5134 2248.445577415243 17327.507198890024
5137 2564.063596533742 15394.046599144816
5140 2887.500598018087 15399.417642220205
5142 2832.4824753612274 15426.879888989315
5143 3478.3979710138888 15491.27838918002
5147 2880.000689595943 15399.373715506264
5149 2829.133730511995 16007.4672095356
5150 2566.6036220908873 16952.72259951043
5152 2845.2935988319823 15106.015255278407
5153 3161.854450408563 15406.47878956298
5156 2369.249771983416 16367.837974849896
5159 2574.865417387361 17418.090461464755
5162 2770.987460357591 16357.886646534573
5163 2350.664490440632 16367.605679720462
5164 2867.2436259604724 16367.363879875007
5167 3688.223499051956 17546.890651212245
5169 2831.5212871769913 15878.080427332927
5170 2380.5188428600345 15394.847572156832
5173 3537.3269617260157 14742.909049287755
5174 4936.987705900041 15887.303522823648
5175 2025.922806473351 16161.150988132527
5176 2770.3027988185922 16370.88446328048
5179 1665.5483303766268 15405.328991437755
5183 2595.274710119704 16968.611926552137
5185 4648.417900815439 15841.547627466942
5189 2043.3116562551809 15394.249915424802
5190 4535.913410052759 15733.874043311322
5192 2902.5003340545845 15399.505495174795
5193 3532.473864990595 17158.98571737485
5195 3052.7929351398006 15013.845690559185
5196 4378.835381124555 16199.10733104902
5199 2823.2904479066024 16354.98693415166
5200 2871.311680222151 15419.886240799045
5203 3016.8534772422895 16511.489208095154
5207 4548.481093920335 15759.833861407904
5210 2795.3045247108685 16370.533955894212
5212 3137.100253371554 16634.5559400253
5213 2337.6844585818467 16107.129552698285
5214 2419.319900146984 15398.475440738217
5215 2572.7368619626463 15387.872199136207
5216 3191.372090412972 15277.824217603718
5218 1428.79785021712 16493.95017248344
5220 3621.29599996548 15913.498508835859
5222 3060.748781234324 16132.79100217451
5223 3120.3905082880356 16586.94866855951
5225 1734.4483913219904 16291.65730028997
5226 3239.815986349874 15358.262135016721
5229 2167.9982977870063 15386.009276327653
5230 3154.5791940502795 16635.489582569848
5231 2600.136041126934 15395.003636562698
5232 2852.4366156658116 15387.839326649844
5233 4053.6065275180854 16950.657116538394
5234 3136.7053076123048 16651.940330437523
5235 2235.838371858149 16649.19800847208
5236 2910.0002182635026 15399.549421746919
5238 2509.544712644577 16880.172109237024
5239 2934.776287400385 16334.038870419563
5241 4284.109509918257 15584.850922807671
5242 3106.390514265737 15594.608659454814
5243 3254.533800601107 15382.76950281019
5244 1680.1541749072387 16413.623193710446
5246 3653.525077456109 15245.354966998386
5247 2875.2867198649014 16367.183335073454
5248 2859.6979422306044 16367.571906179553
5249 3685.656085006522 16446.143541084224
5250 2176.6970525110864 16363.874823535241
5251 3707.521137280612 16763.100400851556
5252 2849.4360503679604 15380.261148961941
5253 2760.431733243317 16357.994438696542
5254 2554.021686710119 16971.377233622763
5256 2901.8265581678506 15421.086866186364
5258 2539.366628318355 15393.39136429847
5259 2785.81029443296 16357.73527985806
5260 1423.6066703047943 16253.698354162176
5261 2849.2366146395166 15387.759365235612
5262 2989.4101310187575 16360.577421034734
5263 3174.3579124773164 16665.74307290722
5264 4067.8037842183967 15654.772658501071
5265 2788.52740528397 16360.90803343594
5268 2801.9161200333333 16357.066169511609
5269 3472.897680318752 16094.206577827375
5270 1431.2014083026895 16548.743569835144
5271 3463.043144713705 16077.561889762565
5273 2993.207431431414 15424.589390234374
5274 2849.6354850139187 15372.762973386656
5277 3788.1284733981693 16285.621883099917
5278 2337.1123446126085 16154.208175544689
5279 2852.6360519128966 15380.341090876724
5280 3489.587229499606 15406.976887508868
5281 3422.638699644719 16713.78735774823
5283 3119.534808083294 16605.511796596275
5285 3459.2215005996 16071.106986485194
5288 2809.5160770017133 16280.063047870548
5289 3260.914209075657 16169.57601517516
5290 977.7626007652899 15609.276762891152
5291 2853.23435859513 15357.846460970786
5292 2908.304940389417 16347.111140548435
5293 2751.2567751908728 16358.088130827242
5294 3753.0302525832703 15844.482308126537
5295 3737.5263241583957 15249.45509204129
5297 2158.489632082075 15404.768545208715
5298 1874.9230870202186 16843.131478553736
5299 2886.2953483808733 15420.356025774317
5300 1831.4048519207677 16500.625333443204
5301 2362.5157468020225 15387.561932531265
5302 2830.237452058479 16606.452415542117
5303 2525.9886303416215 15393.00283655445
5304 3049.5903365184777 15422.317932029258
5305 3091.325275319113 15463.193239766844
5306 2519.6910246092643 16895.917264832256
5307 3598.73948534768 15347.806833510944
5308 2966.588516433286 15608.110990041407
5309 3524.2216274642888 16174.607202301035
5310 3810.9982097059296 16506.081611897935
5311 1828.016483391084 16917.124090399877
5313 3367.2496763777954 15463.40834167869
5314 2965.47187769991 17504.005597375133
5315 2798.4179006975155 17319.289995324925
5316 2883.1848812804888 15602.6362304983
5317 2893.925712091815 15417.40963339172
5318 2568.3552506147603 16658.272862433874
5319 3710.723310485272 16492.17208975853
5320 4263.829510948814 16043.114698149822
5322 2835.6059118376893 15754.652996850897
5323 992.3268335132016 15695.382098806986
5324 2850.0343549497125 15357.76659802811
5325 1501.3140877635797 16814.385717275927
5326 1498.722517319956 16765.34278243538
5327 2553.9062607966057 16967.686384198525
5328 2263.5159749115996 16615.264855686048
5329 2853.0349234909077 15365.344653775495
5330 2487.297396267595 17008.247374496135
5331 2333.9031181528767 16280.501771681622
5332 4091.7754319380247 15921.73153236422
5333 929.9594752686115 15546.943592787806
5334 3718.7112266315708 17158.517076619988
5335 2852.835488489484 15372.842842715278
5336 2849.8349200438574 15365.264783374789
5337 4096.948110120125 15646.350500053002
5338 2886.42520995269 15417.158243156082
5339 2160.492060423797 15385.853983864818
5340 2545.9459697006346 16968.838712432593
5341 2593.724159111241 16965.812259744485
5342 1201.9825980349879 15678.738672687306
5343 3172.83542950971 15885.3094944231
5344 2195.1520973695156 15389.85146090263
5345 3809.5076039661376 16296.957884396788
5346 2869.269699391134 17428.2609566381
5347 3533.794264905936 16445.46814806716
5348 3115.9316311602665 15402.891471219624
5349 2849.7828451281634 17373.22915624544
5350 4013.0143397255497 16897.31685335221
5351 3639.969032180687 15909.721969899429
5352 2638.0510434923567 16226.891098990905
5353 3650.861930893803 16396.663522253355
5354 3675.183938426283 15877.714512208544
5355 3777.9767430676607 15231.336682099907
5356 4176.642455506517 16094.654039808374
5357 1975.6183903327772 16348.860140421933
5358 2353.8534876192944 15944.907713946084
5359 3545.7137256567617 15352.701612394223
5361 1427.0390665981295 16312.179115949366
5362 1869.3342245077054 15367.816049235398
5363 2675.4673940419007 16358.862070998277
5364 4207.065376048342 17110.177451868134
5365 2552.3547134359146 16964.887335708983
5366 2272.778064306843 17369.381210911044
5367 2941.6824703244815 15401.766464716175
5368 2831.0396908620487 15457.235181989618
5369 2886.5586704344723 17241.62224201346
5370 3768.274584784391 15451.39345337339
5371 2824.4562013162267 16371.141702188042
5372 3720.775786743509 15863.094087077432
5373 4080.9605831779836 15645.853541616334
5374 3201.7243171198506 15626.922499523696
5375 2356.880996203185 16627.664081825318
5376 3331.8516632210158 15843.851632577993
5377 2044.0694745373123 16351.71150293279
5378 1478.8750796607362 16802.239274838837
5379 3672.0436861494572 17446.702423729028
5380 2536.347473259768 16675.759216393202
5381 3999.555739044743 15703.74914665505
5382 2492.3484426782716 15417.962684121929
5383 3213.7982546121593 16400.445283185945
5384 3143.6873769522203 16654.111857855263
5385 3083.2908809163655 15426.074246159078
5386 3234.674900249683 16802.760940456075
5387 3035.099366976222 15390.260711524714
5388 1411.65600779438 16223.940089862723
5389 4409.981648984184 16394.744530540025
5390 3366.4006521395736 14473.461749962029
5391 3011.109534859337 15399.37004730331
5392 3258.080683531473 15408.647715141462
5393 3639.943512128514 16378.804126539844
5394 3950.228875097254 15766.923945350523
5395 2348.157597476439 15754.303481452836
5396 2106.041618320816 15315.495877615049
5397 4177.8550233658925 15828.295732036067
5398 3233.7178860312683 15342.003404608347
5399 1158.5655119059584 16299.307555623276
5400 1837.48858355807 16002.782537421705
5401 3511.5906222150516 15371.073964866866
5402 2924.999928279879 15399.637274549112
5403 4605.690546180062 17189.086434450473
5404 2410.326405233882 17512.996672976336
5405 4427.620912006174 15060.077755736696
5406 787.2226775238611 16612.23235182415
5407 1282.7140394973208 15283.834427109752
5408 4366.990476870043 14949.457883669123
5409 1586.9623174836288 16287.494495444189
5410 1854.9123293688422 15208.862157246018
5411 3169.2051885243723 15404.457004913693
5412 3670.0934681630106 17555.93832488804
5413 922.4034086979882 16839.63406597888
5414 3504.2378886655215 15598.164353395729
5415 1877.2317182092468 15272.233032611577
5416 4171.338592730461 15305.086845032567
5417 997.1888184406696 15242.622557282784
5418 3485.260748904882 17122.788662975585
5419 4192.6091426716785 16296.812984956105
5420 4109.544250199801 16917.210934578754
5421 873.5187813916122 15740.267741635269
5422 1301.0174505608431 15718.487432315187
5423 2378.213085519993 15755.25948377154
5424 4253.8200876323035 15523.751934452372
5425 3183.730807042323 15403.282069108898
5426 2530.79 15264.78373791622
5427 2127.00889441603 16714.676585861416
