4470 2995.7914349907824 15599.081668944262
4557 2917.500077775912 15399.593348174396
4569 3168.969328847609 15407.650965976223
4574 2853.6096000000002 15109.074771428572
4583 2836.291273646401 15649.992302952953
4596 2938.391765235886 15599.261619824427
4633 3161.4978492219525 15406.980490641641
4685 3154.025268561032 15406.309916502403
4701 2842.6275928534533 15490.55505656525
4703 2802.715499209173 15400.148954700277
4719 2810.359960219833 15400.334790662513
4725 3066.32960227067 15400.384520341962
4768 2781.9793218164373 15399.644860628307
4769 2851.5218735304998 15408.016764898322
4786 2793.407751274695 15399.922684425466
4821 2850.870227570859 15510.23015211527
4829 2817.863996495364 15400.517212915694
4834 2841.927508354261 15400.89634176071
4840 1055.958887803126 17031.454715882726
4858 3404.956474957921 15228.740368908188
4883 2838.277252202681 15108.677142363063
4885 2694.7798003634052 15397.511394905825
4890 2895.0004426416467 15399.461568560479
4896 2708.4679246666433 15397.857807073373
4900 2739.1334315684653 15398.603281996277
4903 3603.9930606903267 15324.975690421594
4920 2836.521844216174 15131.805887516985
4927 3123.5106346829757 14327.377246646725
4929 2768.126003257602 15399.30808805782
4935 2682.2857164333445 15397.183148209935
4937 3100.777153341676 16683.405287079717
4940 3154.858431491386 15217.141183692913
4943 2352.3544455430715 17109.020976966745
4945 2724.5043348273607 15398.247650347985
4950 2753.9160515057665 15398.962645775697
4955 3044.4031910933536 16717.453360629705
4957 2658.0208734361854 15396.539378070449
4960 3604.0119247406374 15923.822470998148
4963 2976.865751384668 16755.862781663833
4964 3556.7657752761093 16003.02698254301
4969 2871.4225042641706 15416.693426302187
4971 4093.614368600595 17539.198738072188
4983 2597.057455492572 15394.92195865926
4993 3094.0662685733264 15117.2416223503
4995 3347.2476515353765 15274.71215714666
5005 2637.598932618077 15395.997563903733
5006 2836.910328391673 15139.343302710397
5010 2865.000922929543 15399.285862372277
5016 2828.5304033786438 16490.405489284105
5017 3628.873848608758 15905.476439208594
5018 742.3497841876833 16706.57320757402
5022 2649.1175830677103 15396.303165024148
5027 2878.8035137564116 15420.121133269591
5028 2837.2988115637213 15146.880698434743
5032 2625.3341542414037 15395.672167275894
5035 2863.8197902388256 15419.651346558643
5039 3921.113141371285 16445.24893678653
5040 2669.6883813739705 15396.848928526368
5041 1451.0114269180845 15624.778020274654
5044 2863.921113089943 15416.461016687692
5046 2837.061601580166 16368.217104075839
5051 3071.9662441988817 16702.585816308765
5058 3162.8559912299265 16658.845749093332
5060 1843.0308087389315 17077.85109870804
5062 3426.4789841457214 17091.540934699206
5070 2813.1209970983114 15716.548555753734
5074 3012.94187091239 16293.322016511054
5083 3209.5774726576456 16723.46922763163
5086 2872.5008371492013 15399.329789120171
5089 1652.2953015152661 17088.51146296566
5092 2087.953977188454 16736.71940864293
5095 2392.082262179435 17086.42772921835
5099 2579.163620533165 15394.447217626357
5103 3476.1803977328027 16046.093973149265
5105 2852.1525004824784 16367.78697199861
5106 2606.794337672618 15395.180287715828
5110 3191.4589881482552 15610.015462466316
5111 2698.8702633287835 17153.471206993665
5112 3091.1469233558446 15446.909910522685
5114 2893.786349721848 15420.60955795538
5120 2823.6498989529123 15618.005204300875
5127 2270.94700313298 17366.25124403796
5128 2853.51 15108.84
5129 3154.806964961513 16641.588930417467
5130 2844.607058999275 16368.002037810116
5133 2878.92385454828 15416.925834649815
5134 2324.307433557572 17457.464133015346
5137 2588.036721987257 15394.68262973108
5140 2887.500598018087 15399.417642220205
5142 2832.4824753612274 15426.879888989315
5147 2880.000689595943 15399.373715506264
5149 2830.6650799577787 16302.060004150142
5150 2680.094730419207 17130.275948726518
5152 2845.2935988319823 15106.015255278407
5153 3474.2698568128026 15392.16195893968
5156 2243.522557665077 16365.287505447004
5159 2680.3016669332487 17359.626108566743
5162 2799.8717147191765 16300.707405818463
5163 2159.3580617635835 16363.508279675367
5164 2867.2436259604724 16367.363879875007
5167 3588.340096691632 17593.119634464434
5169 2830.6791092458043 16174.41452704732
5170 2594.5654871151787 15397.791404399777
5175 2032.09800499135 15915.564120009438
5176 2515.492357231771 16370.287367738387
5179 1463.8942514636667 15605.277205856293
5183 2591.2840140689104 16980.705551552117
5185 4634.2460985926355 15936.734405727711
5189 2359.483642221224 15397.816492765922
5190 4435.606270694435 15744.691190196721
5192 2902.5003340545845 15399.505495174795
5193 3630.202770428835 17105.93426199867
5196 4231.336234878475 15933.057833760768
5199 2982.1190675580992 16310.259902304575
5200 2871.311680222151 15419.886240799045
5210 2564.0271924701947 16371.49119105511
5212 3029.9994142040896 16464.782118546027
5213 2328.599856227095 15828.79220120204
5214 2686.11849553397 15399.949012943298
5215 2807.623521542201 15393.864449513132
5216 3132.9572618136813 15180.717956891669
5218 1409.4054162723912 16260.952167354979
5220 3828.063133010098 15794.16110260303
5223 3145.0870387824607 16626.720002552855
5225 1889.845478313237 16345.229400750475
5229 2186.666703540332 15385.73652033463
5230 3249.575339109011 16801.509481344383
5231 2615.6788922454202 15395.41600368305
5232 2852.4366156658116 15387.839326649844
5233 4327.68637503425 16835.45353320296
5234 3143.123088247855 16648.42157620841
5235 1984.1027950407024 16788.20797669222
5236 2910.0002182635026 15399.549421746919
5238 2339.3117259584305 16611.562523988792
5239 3186.5932279101226 16198.96146263738
5242 3091.4686781151186 15476.285750211366
5243 3201.185689156847 15294.134444462254
5244 1460.4579861795482 16531.288162464178
5246 3664.032952589753 15264.157224042256
5247 2874.790243845894 16367.194479561558
5248 2859.6979422306044 16367.571906179553
5249 3823.318908439382 16666.806382840092
5250 2017.2245656369716 16325.692286385545
5251 3606.229463438722 16815.75889633256
5252 2849.4360503679604 15380.261148961941
5253 2847.7403170523366 16353.36010295968
5254 2565.716585116536 16965.090945891596
5256 2901.2687206750634 15421.05375007642
5258 2569.800850741979 15394.198814139256
5259 2809.6941778171345 16197.782877913862
5260 1442.481611099248 16524.92992200454
5261 2849.2366146395166 15387.759365235612
5262 3046.927811267724 16484.747460892682
5263 3285.576942196512 16851.594667154826
5264 4074.550229646318 15651.602240324984
5265 2914.477247204022 16355.812512603514
5268 2947.339183591427 16327.834971065962
5269 3466.864769230427 16084.016759939206
5270 1210.301217768127 16673.856396917916
5271 3463.043144713705 16077.561889762565
5273 2907.5801228749765 15418.22255329798
5274 2849.6354850139187 15372.762973386656
5277 3967.1209550708395 16179.294894254992
5278 2332.87 15856.386105820015
5279 2852.6360519128966 15380.341090876724
5280 3240.263246224544 15426.406310543713
5281 3467.875669525341 16808.86750740592
5283 2984.528530981151 16392.92584464072
5285 3459.2215005996 16071.106986485194
5288 2810.3203079742957 15953.285104163568
5289 3029.0243217056895 16292.818776558255
5290 879.6551688738068 15615.157247586516
5291 2853.23435859513 15357.846460970786
5292 3133.791544955835 16227.067016057952
5293 2795.935555583268 16357.631883495302
5294 3608.0476977422645 15928.50947754813
5295 3792.73145628939 15157.388056931457
5297 1911.392419688437 15399.570944241535
5298 2105.7400339137635 16710.15869576811
5299 2886.2953483808733 15420.356025774317
5300 1835.9335541550656 16243.406606582288
5301 2482.1251880197865 15389.038465033613
5302 2676.8412001473357 16640.000604579356
5303 2560.462994039851 15393.9510716209
5304 2950.713038517023 15398.919057933968
5305 3029.4539842054596 15421.986022203371
5306 2384.6309763066224 16684.311989012167
5307 3315.4237157266307 15427.853338898214
5308 2966.588516433286 15608.110990041407
5309 3625.453710393916 16170.857414695976
5310 3879.0134540405134 16423.377544363047
5311 1827.4469195500458 16895.950726164654
5313 3363.0788941621513 15544.198947879411
5314 2856.565233942035 17408.721328308482
5315 2637.8387708812043 17068.360312565383
5316 2842.126388834787 15665.424233893295
5317 2893.925712091815 15417.40963339172
5318 2444.915836736785 16731.557380300957
5319 3643.0816069401035 16383.94701764484
5320 4045.8345651842287 16162.271878868656
5322 2831.7363032799267 16062.318506773594
5323 1298.5700817005766 15679.456386702102
5324 2850.0343549497125 15357.76659802811
5325 1442.988323581889 16701.214641549614
5326 1596.8280730761046 16976.006597935233
5327 2563.628137877308 16962.56783530112
5328 2329.921959782293 16509.13652339374
5329 2853.0349234909077 15365.344653775495
5330 2550.7714536722237 16969.61919099612
5331 2339.3150975779226 15958.294579787911
5332 3911.150724057051 16017.64207934655
5333 998.5306767337011 15624.40168135873
5334 3944.0130992552586 17008.053038001108
5335 2852.835488489484 15372.842842715278
5336 2849.8349200438574 15365.264783374789
5337 4078.3264994213696 15657.104820801354
5338 2886.42520995269 15417.158243156082
5339 2170.199935000843 15386.010066653538
5340 2549.8830000457197 16966.41129596717
5341 2584.1979353738548 16970.073109471126
5342 1476.1981898024098 15567.939746193708
5343 3026.0571980172936 15961.348380466012
5344 2236.8412248036566 15180.270023569667
5345 3583.622518692093 16418.201599429787
5346 2714.511711055342 17195.3738824721
5347 3287.3300750743465 16581.766478037072
5348 2977.134719530827 15399.11635244572
5349 2990.6576669048695 17487.559365437093
5350 3849.9286184222183 16713.827374390257
5351 3609.3827499307727 15983.169158845816
5352 2659.3819899277632 16359.026330690369
5353 3565.5989801540704 16251.420003444933
5354 3640.5420294441888 15859.26279892236
5355 3879.1001445351935 15256.807447932102
5356 3909.943990593252 16240.404867977095
5357 2229.6847425245264 16355.679433229374
5358 2347.1236552622013 16209.703994063322
5359 3801.3892896768525 15218.744619757867
5361 1457.009218705544 16632.925981340195
5362 1869.0833035438561 15416.878318259018
5363 2787.7225400870248 16357.715752535021
5364 4326.674469342157 17313.188279979
5365 2560.9339742117904 16960.360314586764
5366 2334.8212256135216 17475.436127242152
5367 3103.700415479702 15401.793866884653
5368 2832.1263531007357 15434.372480964978
5369 2792.22722334384 17296.157362941394
5370 3888.945197168216 15384.590556989288
5371 2612.2146024994413 16372.418000564461
5372 3611.8408846314164 15942.259307165572
5373 3943.3362467777397 15737.116100286654
5374 3340.9078682304585 15859.201132593998
5375 2332.609088132444 16333.292914760088
5376 3450.945827376172 16050.768940979786
5377 2268.467248791804 16356.388207338154
5378 1465.4404922832728 16695.350757149412
5379 3521.29946180372 17191.458189654557
5380 2429.3018865633203 16737.3234944179
5381 3768.1915759560575 15835.785430536935
5382 2223.6271460010457 15416.778805087626
5383 3071.2451224695656 16480.54443187363
5384 3138.484818825729 16663.065726520992
5385 2922.6840676039924 15422.325075493816
5386 3155.611346130579 16674.323042338296
5387 3035.1055132708334 15390.399029419697
5388 1428.4973619730272 15936.763889857353
5389 4443.620011345954 16320.915128142931
5390 3461.1272429042433 14619.098869695885
5391 2949.6010199320335 15398.910754330436
5392 3138.3232991459954 15404.900853810057
5393 3537.8538719554263 16203.920073318399
5394 3898.1307024558155 15762.727991930074
5395 2270.1210463178736 15712.860090731776
5396 2131.274978273681 15385.24952754078
5397 4029.862231950406 15559.74293290531
5398 3221.330641781509 15327.623021306115
5399 1309.743465519255 16215.539688699851
5400 1842.6449101958563 15731.786915784709
5401 3735.480525186039 15254.188630545892
5402 2924.999928279879 15399.637274549112
5403 4464.302194795464 17271.686678231097
5404 2439.350868995663 17493.25021256211
5405 4364.073581810911 14944.136025801019
5406 842.2323623408165 16638.376395301795
5407 1157.6621223262334 15340.781575159801
5408 4261.076967341734 14983.129842352819
5409 1813.9929481668983 16327.859558286234
5410 1877.7145513832793 15252.415413224066
5411 3169.249397149726 15404.460972105515
5412 3599.3158633974335 17587.685274741107
5413 803.1412750291252 16906.76488780126
5414 3613.6185330213416 15555.485732587655
5415 1928.747198269597 15382.292236791138
5416 4199.956456342801 15429.606872874505
5417 1123.3397886985895 15183.483417049523
5418 3481.2919809490745 17131.830970904564
5419 4022.6165557226027 16390.44116190444
5420 4200.454602772883 16866.483318052313
5421 1084.9803221844527 15680.076117929262
5422 1280.7447911363433 15807.771888754904
5423 2381.6612429755296 15752.819776762617
5424 4166.720767770722 15607.152473190572
5425 3253.213446423877 15380.502019280804
5426 2636.079474421178 15265.273807077507
5427 2014.404829249141 16770.882733546903
5428 3833.81872367008 15415.116349372294
5429 3413.954144343709 17032.5893719336
5430 2472.586878323741 15179.991671952577
5431 3275.983580613361 15755.853607573841
5432 2856.000115283474 15241.17109465178
5433 571.6918661843457 15975.750691198089
5434 4429.204782637868 16388.96510554685
5435 2964.021874562166 16697.012370146338
5436 1012.7527345107704 15656.994179063153
5437 1056.408080652747 15677.388657401028
5438 2492.3801805170274 15608.366696454841
5439 1952.898794100629 15557.123850187681
5440 3038.1723502613854 17138.27343399409
5441 3611.772340561206 15915.25488335669
5442 2354.6990331811044 16356.465246550793
