1007 1026.2027882466982 16825.716128470034
1010 3593.199519955234 16292.570362641356
1021 3648.144720464745 15242.289914015024
1046 3124.385882933892 16593.382826568253
1052 3220.9880896970176 15658.650008474293
1070 1645.6503520204728 16078.996049047513
1113 3247.2941411486186 15701.98294234225
1115 1240.0795436663477 17196.63278519444
1126 2804.8949232519494 15043.99670123803
1135 3767.97655089465 16577.77482843961
1136 863.6831619206324 16626.28040842171
1138 2802.394087597819 15400.141141221213
1140 2853.6259477642893 15470.77400069108
1151 3290.5292505547245 15501.999573893989
1157 2465.897550862726 15405.679008108518
1159 3361.5186380200817 15220.291938341552
1169 2059.2791691759403 16745.55382212885
1174 2796.8750234715108 15079.299138118811
1178 3451.856341736198 16052.224236777318
1186 1260.8586745850412 15292.325035735548
1197 2507.561282836252 15493.91398345145
1198 3094.191144819466 15432.647637308504
1202 3238.6239467834453 15529.930704768263
1204 3470.686463410112 16090.47174777926
1207 2024.2187119929206 17280.19548338131
1209 2141.7244919944155 15385.46571184759
1224 2832.4824764367036 15426.879866361958
1226 2822.8924753402484 15426.419889430694
1230 1918.992020213583 15783.467368876682
1233 2817.3894430472155 15400.505676576304
1234 3105.2529840714506 17169.670301092356
1236 2920.5545804211074 17479.900350545024
1241 4119.6234661483495 15705.93087632823
1244 3179.181839335416 16685.92945160035
1247 2128.6468269693823 15411.774154246477
1248 2831.0580006372143 15456.849955651072
1252 2179.421731432765 15413.268803105591
1265 2265.395115297248 16365.749888282116
1266 2150.019041419855 17219.64491328668
1267 2186.6759172401507 15468.083999380122
1268 2859.725154137261 15401.260814521818
1269 2849.226073291794 15388.155689934587
1272 4254.310081301483 15546.986748993484
1275 4637.382571689588 15943.310420081865
1278 3355.1056073582026 14462.178326292862
1280 2593.724146451291 16965.812266808152
1281 2377.8885404163702 15417.874266813269
1282 2809.891776900584 15400.323409180219
1286 2787.398737795262 15399.776606003394
1287 2849.5031123185227 16353.306702606475
1292 2779.9010245716263 15399.594337462871
1294 4339.206794873917 17335.390201094084
1295 2368.3308649753094 16367.826489545147
1297 3084.4808771245525 17450.170254980665
1299 1325.07442562288 17148.493836177488
1301 2872.1345131200374 16352.621129630697
1305 3171.393429239171 15576.967408283965
1306 3145.4375107418587 15578.663066053492
1309 2848.270698835287 15408.808718801794
1310 2572.570677150082 16944.126789705384
1313 4065.49762828206 15631.435953117983
1314 3257.458935907117 15724.884782865543
1315 2306.703770646015 16366.623147527609
1318 2646.451321248079 15591.813622712527
1319 3166.2573745636782 16652.979553697187
1322 4099.016581714606 15917.85044527271
1323 4579.0222289635885 15592.762767251392
1324 2237.3190412843787 16365.156363971004
1326 2810.0475669114794 16034.521891854789
1327 3142.7593852190353 16622.971545363183
1328 3522.184118916492 14718.586624751266
1330 2860.0464936920444 16877.54874790621
1331 3135.8990973763207 16611.92372635295
1332 2810.3639426438763 15950.834581119909
1334 2600.2743968683285 16962.157530764114
1336 2222.1538138850365 17183.06620212909
1339 2852.4366145420163 15387.83936890134
1340 2837.1603982848087 16371.41713640631
1341 2312.3992359527037 16357.191091371285
1342 3459.221466558867 16071.106928989091
1343 3351.8773609861546 15409.363277898206
1345 3803.9428713000007 15803.646380803386
1349 2823.9984637327652 15470.566323817175
1350 2087.2025119949553 16361.98292135961
1352 2511.907244000087 15387.463748608172
1353 3161.497767296427 15406.980483289812
1354 2833.3797361192305 16365.401002092021
1355 2318.2668429823907 16606.039640127117
1356 3466.8647657023253 16084.016753980108
1357 1568.2277073146374 15469.533334584581
1358 2870.6655746075585 15399.319040048566
1359 2855.6366144720914 15387.92937153034
1362 1005.1350304233396 15381.987399642545
1363 3463.0430897674687 16077.561796956268
1364 2562.7698482366 15394.012274730609
1365 1759.193359543205 17249.552628392557
1367 2160.4920482321268 15385.853983612591
1368 3053.0074164727384 16485.408798343873
1369 3109.0134793027587 16588.11497134357
1370 2152.9857736433714 15385.698690379619
1371 2831.414118713815 15449.357451701897
1372 2380.7700825107 16367.981965782663
1373 3135.003294837108 15366.252165055672
1375 2800.16652793331 16164.435973528804
1378 2167.998286670987 15386.009276097679
1379 3617.3874648794495 17392.47752127844
1380 2810.111094310371 16005.17309204529
1384 3569.4718216072456 15996.234091866416
1385 2648.246173374569 15521.328990859647
1386 3193.4248353178778 16696.994460839865
1387 3320.77511296959 15831.368835541678
1389 3143.925924522404 16658.834358267886
1391 1357.9350662153922 15403.061216395321
1392 3474.508455978784 16096.927239609742
1393 2812.2079338911217 15414.483502213836
1395 3146.445561087395 16230.262430024124
1397 2297.35050307599 16356.91606654026
1398 2849.624942810129 15373.159330271308
1399 4183.927719315799 15815.989325328332
1400 1855.708207234875 16343.612134357407
1401 1827.2238357579788 17367.13582673458
1402 2794.896400404661 15399.958873313488
1403 2487.8917500823254 15389.489174552209
1404 3478.3321819123476 16103.385659159912
1406 3047.925544774071 16469.591705511677
1407 2319.899013035213 16357.328154401228
1408 2935.7958352517035 16160.97191262489
1409 2855.0524666001124 15285.051107955012
1410 2856.334917222545 16367.667761631363
1411 4337.231956136124 16010.45758255958
1412 2354.567186593487 16367.654459035743
1413 2793.1749339629605 16357.660074198757
1414 2340.345652326235 16373.364003892397
1415 2304.8911704120037 16357.053876864684
1416 2143.4179354039247 16363.17130761466
1417 2849.4255080116923 15380.657511579362
1418 3118.4786940523395 16583.86987971837
1419 3108.597614669124 16561.885949806652
1420 2940.3725117820973 16372.600490775696
1421 2524.0383869371412 16982.346057425293
1422 3752.362745756133 15260.566061919357
1424 3448.779267920704 16060.656249377189
1425 2895.07868736651 15399.462026837227
1426 1019.8029113306023 15672.355980759654
1427 2535.600899661268 15393.291455815108
1428 2843.929180289099 16368.02135921566
1429 2812.01475110914 16420.730033908996
1430 2156.480033220548 15411.97345433386
1431 1805.009597158785 16319.55078125492
1432 3817.981910215544 15546.997314665989
1434 2852.6360494125443 15380.341184882873
1436 3623.6290019233024 16344.972589477144
1437 2832.1263567307064 15434.372404592636
1439 2817.154323363945 16501.3721625834
1440 1028.4103164798373 16711.01355402569
1441 2955.9361785382234 15423.97504385892
1443 3627.3957746915967 16351.459301319632
1444 3129.407170502834 16601.46911646335
1445 2562.9423389071117 16929.073257432923
1446 1427.1217935472216 16248.8813189916
1447 2938.2063565774597 16332.345009097551
1448 2882.4051758358964 15399.387798502123
1449 3631.162513182454 16357.945954133376
1450 2606.824638527497 16958.50279960656
1451 3121.4839175235916 17440.977697480375
1452 1870.4016973716139 15385.283779802663
1453 4254.575428799134 15531.349984603172
1454 1014.5515494825746 15399.444936986158
1455 4282.040666854825 15995.549577036718
1456 4085.933648291867 15640.58882350823
1457 3787.901429016967 16293.079664671299
1459 3742.9392652595443 16335.109424951776
1460 2772.4032700345765 15399.412067918027
1461 3634.929259710191 16364.432620787333
1462 1415.670350664847 16139.07850078177
1463 3836.0329433255015 15233.4973466028
1464 2844.610620437007 16371.204638661075
1465 2442.9946804843203 16368.759703316906
1466 2831.7702361314273 15441.864961617415
1467 2764.905536123796 15399.229798874603
1468 3148.882600172855 16634.66570536278
1469 2439.6308419424677 16357.709172610013
1470 4000.326575106771 15512.804450532321
1471 3296.0662151792344 16564.5911925197
1472 3195.8735053528803 16204.057833538156
1474 1991.2161220919204 15384.763421460277
1475 939.8832181939032 15564.400458521406
1476 2469.104096424835 16811.500778724596
1477 2908.0198962592663 15399.53782306687
1478 1455.6305284786017 15605.315361332976
1479 3483.3083854956417 16111.790657600275
1480 1240.9190238752024 15681.36378577929
1481 3640.5909215292336 16394.31786386601
1482 3975.8760998191365 15430.953076047235
1483 3065.6295539716252 15400.36631988915
1484 4110.916801275038 15638.50293985449
1486 3224.407225047913 16178.833632289216
1488 3642.2389158511264 15225.160083747814
1489 2330.4216632129205 16470.859622060674
1490 2454.6110430794683 15388.72261018385
1491 2236.468122733532 15385.606860693959
1492 2757.4078329441236 15399.04753057825
1493 2917.0767099932527 15399.590868523388
1494 2830.701883339699 15464.342443208781
1495 2260.4561678289215 16356.241799915933
1496 3858.3741995449113 15272.985936064502
1498 1025.67750445842 16309.534486580324
1499 2589.801405357846 16991.22079100146
1500 2852.8354837983557 15372.843019088357
1501 2469.318334506067 15388.891445862155
1502 4035.851989730567 16960.719091927396
1503 2193.2515473322615 16364.224783260026
1504 1983.8252512338763 16783.056361023282
1505 3631.7536183026045 16365.344070839072
1506 3331.2983154245144 15483.591123097334
1508 1851.39503731879 16865.496207268516
1509 3283.2524805146845 16881.978865306308
1510 3266.7612806230795 16166.47614620829
1511 3610.0305401556484 15982.81866158223
1512 3310.292499769875 16912.033142704026
1513 2025.0225130160268 16752.169740791094
1514 4587.011533131215 16144.735412678308
1515 2449.0530078998427 16751.011719030004
1516 3622.385126385246 15189.631591543222
1517 2832.079100208727 16030.868409844266
1518 1301.7217898515974 16219.984507827052
1519 1494.7399937638115 16285.27149892925
1520 3268.3407423692306 17379.085644816285
1521 3931.844531168802 15167.579861363636
1522 4234.036220918878 15899.703466770843
1523 3391.2780159494578 17428.57384683332
1524 1013.3743174304078 16245.613095890836
1525 4090.989048507696 16943.269102227037
1526 2205.8397812019307 15387.52570792931
1527 3507.872342332475 17171.38901581765
1528 913.6232657116565 16584.804489039914
1529 2799.8797070589835 16297.0131087495
1530 3152.0315765732175 16217.358117509035
1531 3230.4571587951086 16813.629037490173
1532 2329.5494386452156 16581.441459056394
1533 3704.601099420717 17511.213964440914
1534 3202.107988063521 15408.221997737419
1535 3777.666542534107 17023.68425176472
1536 3422.6940445431837 17093.41763963071
1537 4513.603261352124 15689.902282793502
1538 2347.506826237567 15722.848812123859
1539 2196.441041847445 15570.103299762064
1540 1647.3390791388215 16288.949862489053
1541 1836.8999838003888 17381.56322964816
1542 3723.1862631891113 16512.05667590993
1543 2165.102568228014 17198.799433590546
1544 3106.390114567875 15594.608744774934
1545 3168.9693005366967 15407.65096343566
1546 4542.842231661751 16067.297314800191
1547 1358.076711705516 15344.835018134814
1548 2504.2922287505958 15267.721782211713
1549 2585.432091814679 16984.2044454419
1550 2817.0959910167176 16621.941969521038
1551 2043.7407135044862 15458.607558803567
1552 3035.763822710604 15025.202347754195
1553 1406.2125842779233 16003.928366537453
1554 3608.034585743864 16979.572668117766
1555 2982.245027153615 15146.565670362696
1556 2871.508926221831 16790.302049504502
1557 2856.2408186535813 15365.213012422457
1558 1182.1803363197107 16450.26435132942
1559 3697.001475066877 16102.19655247085
1560 3749.5217102883316 15403.457671230497
1561 1462.8809223986266 16974.942405460464
1563 2645.6350541226097 15495.66343516917
1564 1158.5447764977816 17247.501491100327
1565 4101.4588160518215 16414.39881363427
1566 1182.6471527365925 17232.017987502317
1567 3738.6228190889615 15061.091421920946
1568 853.7384763706722 17136.51420859063
1569 3407.6864815131867 16333.464077363144
1570 2031.7374180248564 16351.211701523474
1571 2834.253038465917 17041.239265831642
1572 4531.963830612984 15725.924248797928
1573 854.246027327927 15747.720052306677
1574 1000.6192656918774 17388.777087436232
1575 2812.4506278855033 15419.63783933518
929 2434.9273025999696 15408.71475611106
