4470 3074.331934461343 15596.079293544934
4557 2917.500077775912 15399.593348174396
4569 3168.969328847609 15407.650965976223
4574 2853.6096000000002 15109.074771428572
4583 2833.3969125028493 15727.873947577613
4596 3010.4294646422263 15599.308295722822
4633 3161.4978492219525 15406.980490641641
4685 3154.0263700403584 15406.31001534691
4701 2840.911606442838 15561.018524375855
4703 2802.8674548566773 15400.152648724477
4719 2810.366268954257 15400.334944027116
4725 3121.883935870837 15403.4256188975
4768 2787.3246173499974 15399.77480414395
4769 2851.3736638755877 15410.329431220256
4786 2795.172032891016 15399.965573907324
4821 2846.5967679476353 15571.417158837161
4829 2817.863996495364 15400.517212915694
4834 2844.0957836754724 15400.809631898925
4840 1015.0392977112236 17030.314223909638
4858 3418.183266842475 15249.481952164742
4883 2838.277252202681 15108.677142363063
4885 2712.6044028480164 15397.95836437912
4890 2895.0004426416467 15399.461568560479
4896 2726.457803023279 15398.29513893369
4900 2755.6928577461517 15399.005839729714
4903 3671.0511662436365 15288.873512188957
4920 2836.521844216174 15131.805887516985
4927 3160.3444868652377 14313.55174338929
4929 2778.5041531621514 15399.560379680612
4935 2696.654077872482 15397.559221297435
4937 3048.71755488933 16711.486297712217
4940 3135.9777094516144 15185.735055847643
4943 2272.5883797672905 17154.384015728298
4945 2740.948148428839 15398.647397553079
4950 2768.5262891859106 15399.3178189624
4955 2983.075601467635 16752.457950257864
4957 2669.7516540549213 15396.850607212797
4960 3632.2117256287866 15907.257023381022
4963 2902.291038907736 16796.75174351315
4964 3603.707331222158 15977.931146322948
4969 2871.4225042641706 15416.693426302187
4971 4121.479711233745 17587.157843351968
4983 2601.70199689839 15395.045182908807
4993 3075.9720511319247 15087.970911204815
4995 3344.243790618652 15257.10791467595
5005 2644.220468481941 15396.173239759833
5006 2836.910328391673 15139.343302710397
5010 2865.000922929543 15399.285862372277
5016 2832.6178867249664 16562.052518029803
5017 3665.573492083778 15884.492008304742
5018 703.0411330161984 16703.538277095413
5022 2657.0899796482568 15396.514680543094
5027 2878.8035137564116 15420.121133269591
5028 2837.2988115637213 15146.880698434743
5032 2634.2128307901426 15395.907727293361
5035 2863.009825762291 15419.625951632812
5039 3968.713076090735 16417.81545672507
5040 2681.7219075116363 15397.168189804961
5041 1462.4863675541405 15670.302718478006
5044 2863.062569800249 15416.43441712631
5046 2837.061601580166 16368.217104075839
5051 3012.3855231535654 16734.72372960245
5058 3186.9142827359424 16698.60354848443
5060 1849.6648823299017 17162.24336051073
5070 2813.0785482207802 15641.781539527981
5074 3081.524286359255 16255.634298527379
5083 3241.5028263535933 16775.796056747266
5086 2872.5008371492013 15399.329789120171
5089 1609.5266330163197 17024.080767535936
5092 2017.8399854876436 16776.292153978935
5095 2321.427297932909 17126.60927572737
5099 2583.466485326482 15394.56137685947
5103 3550.2031800642903 16006.535469027855
5105 2852.1525004824784 16367.78697199861
5106 2612.776199859989 15395.338992400428
5110 3219.0422344063195 15655.445177182557
5111 2738.6420910778097 17215.083243449448
5112 3089.6718526126915 15427.709427903805
5114 2893.786349721848 15420.60955795538
5120 2826.880923896915 15544.733065296827
5127 2292.5331780438905 17403.150072625518
5128 2853.51 15108.84
5129 3176.127102442143 16674.7767174448
5130 2844.607058999275 16368.002037810116
5133 2878.92385454828 15416.925834649815
5134 2334.256965756862 17474.47159657307
5137 2591.8574958114177 15394.783998616838
5140 2887.500598018087 15399.417642220205
5142 2832.4824753612274 15426.879888989315
5147 2880.000689595943 15399.373715506264
5149 2830.6601107560614 16347.272285972896
5150 2719.3873066439337 17191.162111935395
5152 2845.2935988319823 15106.015255278407
5153 3537.504196338791 15360.757570625114
5156 2168.2697090650013 16363.696670663474
5162 2799.9806235955934 16250.366485306999
5163 2078.6546905925493 16361.802221600552
5164 2867.2436259604724 16367.363879875007
5167 3596.572989107506 17589.054075428787
5169 2830.670290790902 16254.649238977874
5170 2653.0082032444075 15399.168710354052
5175 2033.2262593757112 15847.943173104835
5176 2437.198834507602 16368.687261756726
5179 1429.0607465949445 15642.002345894078
5183 2604.881379422265 17007.7103866861
5185 4652.195365749806 15974.367324877188
5189 2446.8292319371253 15398.778387797922
5192 2902.5003340545845 15399.505495174795
5193 3655.8690227378183 17091.375828853492
5196 4189.074812118748 15861.786964765695
5199 3046.7644906091887 16274.735658123172
5200 2871.311680222151 15419.886240799045
5210 2490.7545600489952 16369.673789121982
5212 2998.4980046523315 16414.743817336996
5213 2300.944733570559 15767.34898828226
5214 2758.437653212867 15401.653341781455
5215 2817.494069546305 15394.104337308478
5216 3111.018948518167 15144.665687492343
5218 1413.2807187652174 16197.220923915625
5220 3900.4926016335694 15754.742273389447
5223 3147.8218137338768 16631.124088706332
5225 1959.5675005320008 16348.180711439172
5229 2220.366206502701 15385.357110623838
5230 3295.0055256305577 16877.499584288722
5231 2623.669503327151 15395.62800245062
5232 2852.4366156658116 15387.839326649844
5233 4384.070151692719 16767.92194823145
5234 3166.765494873061 16635.459363960606
5235 1913.5829622371743 16829.27831946255
5236 2910.0002182635026 15399.549421746919
5238 2323.200556564984 16533.66377763653
5239 3265.819271294536 16156.790613716354
5242 3091.0989805321856 15442.53278582933
5244 1434.6168171954123 16546.701726314444
5246 3666.9678739094184 15269.40882290064
5247 2874.790243845894 16367.194479561558
5248 2859.6979422306044 16367.571906179553
5249 3840.339018517218 16689.39696943622
5250 2019.9472043738645 16280.856697635449
5251 3578.9525930137875 16829.939321075562
5252 2849.4360503679604 15380.261148961941
5253 2896.6553148411595 16351.878321036926
5254 2590.339820263409 16952.20012697249
5256 2901.2687206750634 15421.05375007642
5258 2573.537474945005 15394.297950452838
5259 2809.898099758542 16103.573696685458
5260 1448.2671659079372 16599.07152764639
5261 2849.2366146395166 15387.759365235612
5262 3036.5524876242357 16469.17750920047
5263 3328.9249989564205 16918.063917266936
5264 4092.2139861395385 15662.814064792687
5265 2984.23024979059 16372.455098878501
5268 3003.6592500904003 16298.423044134668
5269 3466.864769230427 16084.016759939206
5270 1141.4888363993903 16712.76296084568
5271 3463.043144713705 16077.561889762565
5273 2901.7720545219663 15417.876768008811
5274 2849.6354850139187 15372.762973386656
5277 3951.544129542425 16154.663372304176
5278 2313.2926220500826 15800.582920325707
5279 2852.6360519128966 15380.341090876724
5280 3171.0464802302004 15424.420598314346
5281 3485.3914279596584 16839.929331358366
5283 2920.137892565668 16370.48470359527
5285 3459.2215005996 16071.106986485194
5288 2813.6311927649053 15853.791810002906
5289 2986.0022263662495 16341.570328514026
5290 846.6376147147174 15633.740249001901
5291 2853.23435859513 15357.846460970786
5292 3212.7664942443166 16185.029820803475
5293 2796.01860020961 16357.631035466577
5294 3614.955027166686 15948.069082384713
5295 3770.16268611834 15118.938741894575
5297 1893.5181207816806 15399.305140208377
5298 2174.0133721905468 16671.24621398554
5299 2886.2953483808733 15420.356025774317
5300 1836.6046898387845 16173.001715268332
5301 2482.1290329892518 15389.03850917281
5302 2621.344141185368 16646.287858384938
5303 2564.241201346821 15394.05131117511
5304 2988.9857278791515 15399.204845638285
5305 2971.800398181394 15421.035711471737
5306 2345.230153358916 16621.06317600437
5307 3232.616764511215 15426.22878240639
5308 2966.588516433286 15608.110990041407
5309 3673.399862764176 16143.473495486533
5310 3856.325875943458 16382.688370557082
5311 1827.4269735925131 16885.261355468345
5314 2811.7290811157486 17345.63939988347
5315 2601.9813616521515 17010.779648798423
5316 2840.0051291546906 15722.495202767626
5317 2893.925712091815 15417.40963339172
5318 2425.5050758720595 16736.26677770592
5319 3627.7717356216344 16358.486920930945
5320 3975.4888818786276 16200.51957427606
5322 2830.818514501272 16146.521554188037
5323 1379.8457503870216 15656.734759240542
5324 2850.0343549497125 15357.76659802811
5325 1418.6825865324845 16714.33658978475
5326 1612.7269109884012 16981.555576544448
5327 2591.877316408099 16947.704852682993
5328 2330.751255652859 16445.613092758653
5329 2853.0349234909077 15365.344653775495
5330 2568.457840498421 16960.066882994153
5331 2339.27 15869.031135436047
5332 3861.879360397148 16043.451390906077
5333 1015.7010741935684 15655.56408497992
5334 4004.258340168601 16964.19243689722
5335 2852.835488489484 15372.842842715278
5336 2849.8349200438574 15365.264783374789
5337 4049.4053096830676 15674.16281912038
5338 2886.42520995269 15417.158243156082
5339 2197.2377269410954 15385.560914262836
5340 2566.0031674883467 16957.73534745855
5341 2558.3502979970276 16981.546999606002
5342 1534.0504852992074 15506.072286493321
5343 2985.4379933640753 15982.245012647105
5344 2269.948386432314 15180.259338335096
5345 3523.1453367225204 16451.295354444796
5346 2672.04791644781 17129.351923192226
5347 3222.252782457418 16618.195495008444
5348 2957.255023284676 15398.967907879964
5349 3052.690430724255 17463.278185180185
5350 3813.5190083990747 16657.10302502939
5351 3574.3968742124894 16002.098826556898
5352 2694.1886697004566 16361.871263327543
5353 3533.1927254608263 16196.047218367501
5354 3612.1787717340494 15886.053313008837
5355 3910.969223378579 15313.670995913528
5356 3837.303164999903 16280.520830198107
5357 2288.0691889542404 16356.746444827324
5358 2345.187411621515 16280.525828766886
5359 3835.8524015537496 15203.195515689913
5361 1474.4543373485058 16690.578664375822
5362 1868.9338136541917 15465.52862713475
5363 2788.5008920591936 16357.707804220241
5364 4342.044575572751 17335.82731268946
5365 2585.1517133782754 16947.755747390594
5366 2349.388817552556 17474.898020299894
5367 3142.1648882423215 15405.245590176042
5368 2832.1263531007357 15434.372480964978
5369 2771.9463224653737 17278.418897294097
5370 3908.45743572476 15372.863567418799
5371 2534.6544862572764 16370.76265147234
5372 3623.338456537068 15964.883339674347
5373 3892.9930918490927 15765.614855352713
5374 3379.5835160793613 15928.366938999434
5375 2334.7702586830455 16245.125977399844
5376 3446.4024098074706 16071.238050177506
5377 2312.312380090368 16357.189504027085
5378 1447.2161086260112 16637.18627247086
5379 3481.678542063876 17132.40598422068
5380 2402.3965638325194 16718.88834361393
5381 3701.5601220533636 15874.182092855739
5382 2150.9526186795065 15411.933875199818
5383 3054.770055463769 16489.86996851028
5384 3113.1797572255377 16676.71530748158
5385 2908.822073233297 15421.502156031538
5386 3145.4146029727062 16656.265354381143
5387 3035.1055132708334 15390.399029419697
5388 1456.1135131896167 15905.407186741048
5389 4419.447703785571 16275.304472563435
5390 3487.7082518473394 14659.102619944832
5391 2949.6010199320335 15398.910754330436
5392 3101.8619223762685 15401.628884265358
5393 3502.510093289613 16144.223077488088
5394 3857.580854447036 15785.513267415325
5395 2241.568489657878 15669.986203405542
5396 2168.3885428128697 15386.017349894773
5397 3988.710643992633 15485.168311353415
5398 3206.5532433097655 15303.055333546312
5399 1349.9515732975283 16193.260332873748
5400 1846.8288637884273 15660.93368475571
5401 3796.0697624676245 15221.605642070685
5402 2924.999928279879 15399.637274549112
5403 4412.180956503087 17301.16063395474
5404 2472.724371756498 17474.742399263174
5405 4353.54064745335 14932.095961310799
5406 869.0803127732694 16618.22962847326
5407 1123.3651290757862 15360.685904039188
5408 4198.444451414712 15017.942879298278
5409 1835.2122347930833 16338.891758395983
5410 1876.3890168114026 15306.821243318647
5411 3169.249397149726 15404.460972105515
5412 3628.8114825830835 17572.96581640755
5413 816.3641237445834 16896.561774435184
5414 3632.490167648585 15588.138571945996
5415 1982.067743196752 15390.302693797314
5416 4201.325636406933 15439.433398852469
5417 1127.1276481543912 15169.895755030573
5418 3452.0125257384334 17088.314464912768
5419 3965.177235643099 16423.545418274378
5420 4187.851417104912 16875.676356235555
5421 1174.4818820487546 15680.268511800496
5422 1245.2044425568718 15812.32248907436
5423 2395.1812650829825 15763.811506410706
5424 4114.6879666149625 15636.384312798069
5425 3239.513141725169 15357.763752917797
5426 2676.8628828609817 15265.463633181953
5427 1950.662259365422 16807.68355126475
5428 3864.0637274771016 15398.368448622437
5429 3444.666668560761 17064.471664073706
5430 2510.3669525031787 15203.14021553246
5431 3246.1610681434786 15706.280217639478
5432 2853.8284994359387 15224.916154748475
5433 586.1049059567689 16007.323587641706
5434 4398.272457153954 16403.98524488939
5435 2944.2511864958833 16663.87864237918
5436 997.5014624129167 15628.9476121955
5437 1095.487029350388 15672.51965428514
5438 2478.246751981084 15632.240915995113
5439 1952.7877000547935 15564.412204300004
5440 3060.437167579535 17127.056269895635
5441 3625.8653323839785 15907.19667392654
5442 2365.2993042380617 16356.64246378257
5443 1864.649977166493 17152.97098777055
5444 4454.988500956606 15068.132453475675
5445 4879.126319173941 15716.74491366299
5446 3867.495673998872 16024.567576612144
5447 1854.38 17384.08
