4470 3295.8480339034204 15499.15681083181
4557 2917.500077775912 15399.593348174396
4569 3168.969328847609 15407.650965976223
4574 2853.6096000000002 15109.074771428572
4583 2829.5546554772272 15961.590039729354
4633 3161.4978492219525 15406.980490641641
4685 3154.0263700403584 15406.31001534691
4701 2832.7766355959366 15833.617393509116
4703 2802.8685423646916 15400.152675161671
4719 2810.366268954257 15400.334944027116
4725 3139.083348719605 15404.969059107761
4768 2787.873134594606 15399.788138534668
4769 2850.0240382803377 15522.345813516575
4786 2795.370822888454 15399.97040646915
4821 2905.39059479517 15599.365978422677
4829 2817.863996495364 15400.517212915694
4834 2953.760445572737 15398.941813362999
4840 1032.3888828304277 17097.30136352601
4883 2838.277252202681 15108.677142363063
4885 2742.1243470207637 15398.67599080469
4890 2895.0004426416467 15399.461568560479
4896 2750.117640257197 15398.870306837953
4900 2765.3667569019253 15399.241011098327
4903 3868.6482015017095 15182.530814314667
4920 2836.521844216174 15131.805887516985
4929 2780.375251115656 15399.605865855261
4935 2733.2439368309456 15398.460109060983
4937 2873.5972968421033 16812.484386464992
4940 3078.142941319162 15091.48272373857
4943 2194.18001491663 17233.620417993243
4945 2757.8174297336823 15399.057487828788
4950 2772.8747818902207 15399.423530316655
4955 2838.8576317397974 16831.53198039927
4957 2712.4894430562044 15397.955569719887
4960 3804.1884090962667 15807.154621434061
4963 2849.7326662466608 16860.832201797
4964 3612.0805816019456 15918.767778277981
4969 2842.393310138609 15413.9396303944
4971 4219.870418640812 17756.498316110923
4983 2631.9644456985516 15395.848075426493
4993 3041.098736374439 15026.16811388428
4995 3307.941049679362 15194.92750191791
5005 2688.869075636838 15397.357811201704
5006 2836.910328391673 15139.343302710397
5010 2865.000922929543 15399.285862372277
5016 2856.0257720101504 16784.1473844643
5017 3653.4251790575786 15804.559338628282
5022 2702.1543407257873 15397.699572832313
5027 2857.0454805848067 15419.817300711491
5028 2837.2988115637213 15146.880698434743
5032 2676.427894436708 15397.027734433537
5035 2814.3722642168977 15416.46077623068
5039 4063.847219045026 16365.775761612369
5040 2724.064440569531 15398.236956569499
5041 1498.6609147198458 15875.420990574177
5044 2830.257691478728 15405.970049524987
5046 2837.061601580166 16368.217104075839
5051 2853.9317533244434 16823.266910888247
5058 3306.4286492136057 16894.96553166029
5060 1855.8124870943632 17344.201415920536
5070 2822.2401277182344 15440.144879694704
5074 3302.9635864023494 16137.019245189389
5083 3307.4332803281754 16771.423562556854
5086 2872.5008371492013 15399.329789120171
5092 1858.6934801102047 16868.64691575096
5095 2181.00798295079 17209.702869509707
5099 2606.790920615058 15395.18019705793
5103 3603.3497395091945 15946.030175638449
5105 2852.1525004824784 16367.78697199861
5106 2647.9647514417634 15396.272579267763
5110 3340.6206792709804 15858.71437164573
5111 2858.2597113743873 17397.584569091396
5112 2971.335069154645 15424.228865555317
5114 2886.795002735393 15420.371691504904
5120 2831.769427447912 15441.881975818125
5127 2344.221385425931 17477.827308386673
5128 2853.51 15108.84
5129 3286.0067719996705 16858.042427064836
5130 2844.607058999275 16368.002037810116
5133 2856.576403268983 15416.64451776385
5134 2355.7211967346234 17555.18559285039
5137 2618.5083545443013 15395.491072099485
5140 2887.500598018087 15399.417642220205
5142 2832.4824753612274 15426.879888989315
5147 2880.000689595943 15399.373715506264
5149 2928.9384783034407 16356.556617859153
5150 2778.7250130160405 17304.852085545906
5152 2845.2935988319823 15106.015255278407
5153 3536.053244735168 15359.722143943705
5156 1935.6535071961541 16356.9902975072
5162 2800.4340785001573 16040.766147325958
5163 1872.500226654674 16355.490157793665
5164 2867.2436259604724 16367.363879875007
5167 3703.4654678079496 17535.710581383155
5169 2852.6929194818504 16356.413022472652
5170 2827.9031662855514 15403.29041943815
5175 2037.4913894208175 15646.784287308308
5176 2349.513813992873 16367.591297558225
5179 1200.7075016287117 15695.801853952516
5183 2703.38816077102 17166.37723242209
5185 4675.802517012666 16057.354777097471
5189 2705.9658007052158 15403.618071310526
5192 2902.5003340545845 15399.505495174795
5193 3733.509033355212 17043.878876897474
5199 3268.2422142611817 16155.500917078409
5200 2855.7894806202025 15439.796733776378
5210 2357.145171208438 16367.686680945775
5212 2855.6071403047167 16370.890992218114
5213 2189.667639629558 15551.219858043203
5214 2975.722916275979 15406.312074979262
5215 2817.5491612770797 15394.105676224395
5218 1383.579062283245 16178.286161677685
5220 4063.8604056048844 15653.429537107519
5223 3150.678520617684 16636.376731932207
5225 2183.8479960662285 16354.841738550838
5229 2412.866149534778 15388.243390236892
5230 3458.0196222575464 17080.71469373226
5231 2662.1424311291826 15396.648727047948
5232 2852.4366156658116 15387.839326649844
5233 4592.493458873175 16602.431794567983
5234 3329.9319513479704 16545.910559022795
5235 1851.396370579109 16865.495430785417
5236 2910.0002182635026 15399.549421746919
5238 2316.635078404998 16366.833093996385
5239 3505.231848809348 16030.567500005724
5242 3016.7196087612415 15424.976944174754
5244 1263.6700824183777 16643.681607105882
5246 3702.4559307983245 15271.965222183737
5247 2874.790243845894 16367.194479561558
5248 2859.6979422306044 16367.571906179553
5249 3931.107848439269 16641.841765401303
5250 2028.5485987994323 16068.08595163413
5252 2849.4360503679604 15380.261148961941
5253 3038.6412694426817 16279.199567223597
5254 2750.5461899711995 16863.94958821818
5256 2898.0374087024334 15420.86192273615
5258 2594.3264400879034 15394.849502135714
5259 2815.639769245077 15799.671677092905
5260 1516.2839551107027 16809.23200064229
5261 2849.2366146395166 15387.759365235612
5262 2923.169616710904 16370.801708971672
5263 3480.0899542913135 17103.00948458834
5264 4170.178636146132 15804.290141513216
5265 3094.1557355839855 16538.629093689393
5268 3227.645135933754 16177.110140304085
5269 3466.864769230427 16084.016759939206
5270 1012.265539008918 16771.07069876057
5271 3463.043144713705 16077.561889762565
5273 2896.5730724740934 15417.567244876242
5274 2849.6354850139187 15372.762973386656
5277 3879.7732620973507 16042.400262189938
5278 2193.9866514940663 15591.966958450574
5279 2852.6360519128966 15380.341090876724
5280 2964.7465943977704 15417.515140773876
5283 2810.283973154423 16370.828772714402
5285 3459.2215005996 16071.106986485194
5288 2826.5412667527057 15551.879241415301
5289 3072.011371809001 16509.038826298405
5290 846.0026704420058 15715.7394870279
5291 2853.23435859513 15357.846460970786
5292 3449.692652584024 16060.174672045108
5293 2796.0189119539878 16357.631032283129
5294 3561.8092545271948 16008.909559546257
5295 3699.027155037648 15003.438585649139
5297 1893.333832845712 15402.504886866294
5298 2321.6734544756114 16586.118124201603
5299 2873.32613873977 15419.94940038953
5301 2482.1290329892518 15389.03850917281
5302 2471.32463299886 16715.79636644509
5303 2582.1644273533184 15394.52683198139
5304 3131.339768900825 15404.274166057123
5305 2905.419985395405 15418.093948791691
5306 2324.7264954459997 16416.77219999537
5307 2987.6357354017787 15414.61806383764
5308 2966.588516433286 15608.110990041407
5309 3765.6196972368407 16092.30204530886
5310 3811.2475389542515 16302.370554535952
5311 1829.107650303352 16748.102240121545
5314 2692.8219741755906 17161.78256361711
5315 2585.4293699994637 16984.200074687567
5316 2833.118221698161 15934.921548545639
5317 2885.420483495647 15417.127114518324
5318 2339.7941961243996 16618.402331727382
5319 3533.0703801365644 16195.840572429006
5320 3767.593057205209 16321.259422868932
5322 2830.6602530895457 16345.977264768548
5323 1561.379585210909 15481.537842924596
5324 2850.0343549497125 15357.76659802811
5325 1333.2764513383497 16760.63508490805
5326 1743.9034632511289 16916.295533942724
5327 2760.4027888060195 16836.596014452447
5328 2367.7985042019573 16359.885163202252
5329 2853.0349234909077 15365.344653775495
5330 2681.9136622657384 16894.44599773902
5331 2227.315825319745 15647.75648557554
5332 3723.5813195420847 16118.871983092758
5333 1069.5697477958083 15675.483991748062
5334 4091.9997410440374 16943.975705584566
5335 2852.835488489484 15372.842842715278
5336 2849.8349200438574 15365.264783374789
5337 3872.4658391771222 15777.14927853933
5338 2868.699156351581 15416.609050987821
5339 2374.3862197642643 15387.746050459355
5340 2704.8076509606117 16885.495873802003
5341 2386.893880357119 17078.335706871025
5342 1738.0675585098136 15381.264517788895
5344 2372.0937075976226 15181.707111999549
5345 3341.81294682376 16549.76138399274
5346 2580.104438546071 16987.748571414806
5347 3129.4238095448245 16621.863080159263
5348 2957.100963382786 15398.966757492404
5349 3284.8578006751395 17364.938429849866
5350 3705.6380627456165 16484.058599385637
5351 3386.484171011069 16103.004155224806
5352 2795.9987424027577 16360.831748597073
5353 3474.5341962053158 16096.970715838203
5355 4027.5184010452253 15533.937384637324
5356 3620.5636598362357 16401.638991093023
5357 2317.8697927229064 16357.291069154378
5358 2368.539782520905 16356.696638679401
5359 3921.229782236431 15331.978766395283
5361 1538.1166662707165 16682.99366444606
5362 1862.6085832019949 15705.22716096008
5363 2788.5188479245744 16357.707620859916
5364 4433.2275203034515 17285.580964593893
5365 2729.474947752561 16864.59185914677
5366 2382.069471480188 17516.01330976047
5367 3146.554869302782 15405.639538117788
5368 2832.1263579890096 15434.372378118715
5369 2663.62798354396 17121.882112614792
5370 3849.3843640010673 15257.096233102739
5371 2368.171874924893 16367.824502348221
5372 3537.3396513553175 16022.149229771907
5373 3709.53984937322 15869.577554628277
5374 3451.843620842171 16052.203904683249
5375 2336.0111153071666 15981.462667056943
5376 3304.9612905912722 16146.224123554874
5377 2332.096917423666 16356.941754339443
5378 1454.3495043680573 16522.920971532327
5379 3331.023020820041 16944.581621710164
5380 2330.798962981868 16604.176798860666
5381 3611.9854512357106 15942.529012057248
5382 1993.7577273928644 15409.305802597728
5383 2914.6254576933193 16570.329249300823
5384 2947.910736466808 16768.09310654915
5385 2906.766495010895 15421.380126309103
5386 3062.253753867163 16516.976484272887
5387 3028.2628975836433 15399.231531803258
5388 1476.8464161183467 15713.141974648373
5389 4311.361275873079 16078.86599222732
5390 3563.506619335084 14779.01789299088
5391 2949.6010199320335 15398.910754330436
5392 2992.6863951276714 15399.232479055612
5393 3470.68640089876 16090.471642195193
5394 3677.0063571589512 15888.350340034203
5395 2195.39578931335 15504.583283720289
5396 2332.673191732244 15387.09905717442
5397 3865.4515502049594 15265.642767032272
5398 3159.091218385743 15224.181735470656
5399 1428.35693669833 16177.359215928192
5400 1849.2097053356313 15444.85460411487
5401 3874.087093923202 15247.862732416188
5402 2924.999928279879 15399.637274549112
5403 4328.843577951574 17323.2314056995
5404 2571.5095926173412 17419.95280759371
5405 4244.912172104561 14992.114721939377
5406 962.2281444210348 16573.54592012385
5407 1027.2310482574107 15404.438870032796
5408 3975.722474614019 15141.744783269745
5409 2023.4644162286904 16350.87527565777
5410 1920.6552499117067 15378.698172100925
5411 3169.249397149726 15404.460972105515
5412 3708.581997684852 17519.251591822645
5413 947.111996087489 16812.609907019418
5414 3698.881726680047 15703.644010568212
5415 2225.2576311030457 15393.137838123579
5416 4177.933352380631 15356.053009529278
5417 1066.1883099819286 15084.996459150994
5418 3307.592875776206 16907.7945297589
5419 3793.235006112968 16519.435408187746
5420 4096.5679170444655 16928.399943131582
5421 1404.5686836153586 15642.494572173093
5422 1150.0035131041361 15857.491164609914
5423 2350.6190636461693 15857.602477613093
5424 4127.203587641212 15719.685903122867
5425 3298.3884709028853 15308.442400603302
5426 2701.2539473073293 15341.649078731709
5427 1857.8871108856433 16861.715261170364
5428 3902.131561036691 15350.327893334343
5429 3410.091099305943 17037.662347617475
5430 2512.6673937636097 15383.325588247688
5431 3165.4335369257706 15575.476828196004
5432 2857.658731959967 15311.903504083311
5433 629.3588926689804 16102.074845169704
5434 4308.617953633438 16449.15623766809
5435 2898.3033955816095 16586.8746660607
5436 1015.5732104120493 15655.040642624326
5437 1310.425763194348 15673.821580148955
5438 2398.670679628584 15754.314496480136
5439 1991.3038927203768 15578.79013846565
5440 3028.556713480483 17146.692232694448
5441 3754.119182146223 15831.276543242466
5442 2496.9681253120475 16358.132484173604
5443 1851.9087003772677 17238.510310848393
5444 4528.149526513324 15026.838056528211
5445 4790.626570038824 15764.669864780191
5446 3829.9358330634436 15954.678627156442
5447 1858.1121181868593 17357.807869042037
5448 4197.216388728953 16061.865368332523
5449 3332.0063773533534 15231.870925691954
5450 2412.8949007324964 15405.397670748242
5451 2332.2865093480104 17514.238701645452
5452 4227.202534607966 15478.456505502372
5453 1454.5902810580246 16284.303699942839
5454 3223.511943637128 15064.691292754163
5455 3076.4603308099563 15400.647907663955
5456 1856.4898895349513 16039.418246487434
5457 2963.902669172261 15114.645039992387
5458 3386.098469906124 17535.53917766419
5459 1920.89 15581.278571428571
