4703 2802.8685423646916 15400.152675161671
4719 2810.366268954257 15400.334944027116
4725 3538.8481220851904 14745.359926838715
4768 2787.873134594606 15399.788138534668
4786 2795.370822888454 15399.97040646915
4821 4362.0347772060495 16418.601035398053
4829 2817.863996495364 15400.517212915694
4885 2742.8868206454777 15398.694526450241
4896 2750.3844932508046 15398.876794003336
4900 2765.379920598307 15399.241331106263
4929 2780.375396419093 15399.605869387571
4935 2735.389111456544 15398.512258007804
4945 2757.8822363641975 15399.059063270473
4950 2772.8776637340025 15399.423600373942
4957 2720.3936981228535 15398.14772124555
4983 2660.5960682005416 15396.607700519222
5005 2690.589279484747 15397.403449900921
5006 3016.1333163475338 14399.922880107864
5022 2712.8960305982587 15397.965453815968
5027 1197.5782190957123 15424.156496543006
5028 2999.669374977587 14413.82322752834
5032 2683.091003369121 15397.204513264018
5040 2727.891365264898 15398.329988665833
5070 2541.9058395801817 15416.032554963156
5099 2645.5994220256166 15396.209824752996
5105 2854.1456686170454 15400.037301838976
5106 2668.094427298131 15396.80663935772
5120 2920.3692483442464 15399.610918387221
5137 2653.09773283532 15396.408762310368
5140 1307.9820788586112 15694.808376804835
5142 2935.9143278041247 15399.717140641887
5147 1476.4764029136943 15690.510914033579
5152 3249.794754383049 15706.102053010869
5162 2840.8620947446025 15104.273998061824
5164 2830.9431756206386 15459.265802940741
5192 1877.8875162163226 16355.618127187343
5212 1403.7687341630428 16005.22537837001
5215 2817.5491612770797 15394.105676224395
5225 3554.0400088367182 17245.992109704413
5229 2608.1078972106675 15395.215137741732
5231 2675.5927046133497 15397.00557602645
5232 3122.4570764776836 16590.276673426797
5236 3257.6839883445814 16815.69458880502
5247 2830.099103202107 15477.024564275222
5248 2834.723500985664 15402.837540869326
5252 2343.719985253456 16047.976240250737
5258 2638.101114016402 15396.010887269924
5259 2904.9256066742178 15399.52185470977
5261 2342.6623079106225 16105.171485931303
5269 3251.1649673645275 14304.482254815615
5273 850.7386560592447 15752.381782890034
5274 2352.890874452289 15883.326568037712
5279 3033.1721673574066 16438.59412839535
5288 2912.7932048323405 15399.567227248168
5291 2638.0884647061757 16036.462155486328
5301 2615.6061837689713 15395.414074655691
5303 2630.602793765723 15395.811949462075
5304 3610.234606396144 15174.454340077484
5307 1008.294095681811 15037.807730354483
5314 1016.2706921249231 17027.214664669875
5317 1788.4570255390154 15513.212871231313
5319 2901.2688217172513 15421.053756074807
5323 3341.2224036775865 14441.164580409399
5324 2347.620133497801 15940.355214099658
5329 3294.7956389757724 15714.365863158315
5333 2548.121444384969 15393.623638175577
5335 3010.07084423145 16406.099293664112
5336 1893.3395174222658 15402.504971168708
5339 2600.6095910664308 15395.01620030814
5342 2570.616319399937 15394.220449324439
5345 1515.2590826806302 16392.32670852122
5348 2348.8266085832347 16123.03985087268
5350 1432.5651586643241 16500.277147848767
5353 3744.726649907119 15069.62097657992
5357 4257.376864097946 15536.113994670966
5358 3850.181532640446 16688.767780949038
5363 2852.762033930291 15375.604525265404
5368 2927.8789549665676 15399.65422696059
5374 2813.930987593356 16841.960907429788
5377 2831.5999373603822 15445.44794237137
5385 3360.694573445005 17370.43575725724
5387 2865.000917558501 15399.285862340817
5389 2871.4224164985912 15416.693423583016
5392 2342.9955822635807 16080.024894518245
5393 2886.2954264028735 15420.356028220553
5396 2593.111280759496 15394.817262764107
5400 2563.1180419012053 15394.02151265084
5401 3373.7303556984593 17337.232156720078
5402 1971.7085987524422 16799.13330256946
5404 2828.6127137684593 15508.297278111982
5406 2906.0803388951376 16355.380448171321
5407 2422.31202469826 15628.634933091074
5408 2863.8197836632316 15419.651346352479
5409 4263.573999481044 16928.687978831436
5410 2578.114689166365 15394.419388445991
5411 2902.5002363320627 15399.505494602437
5417 2160.4919850734677 15385.853982305936
5419 2986.8888492176966 15399.189187942187
5420 1908.3745599686097 16356.342314825562
5422 1881.2914604821642 17352.553830418507
5426 2817.4692588113335 15397.305676429442
5429 2066.330112150782 15411.32793448305
5430 2623.1044603497216 15395.613011304935
5432 3899.0072095337664 15292.327343291445
5433 2167.9982875901305 15386.009276116694
5434 3112.9395241742677 15916.658238314645
5435 2832.278680965325 15431.167596961614
5436 2540.62316910959 15393.424701560965
5437 2555.619755148924 15393.822575731736
5442 2832.971421096396 15415.931472039976
5444 2871.311669594107 15419.886240465823
5448 2893.925796896511 15417.409638440597
5449 2639.8182561301496 15796.953767748011
5450 2585.6129648855926 15394.618325072377
5451 4302.784592148285 17104.597873929044
5452 3001.2412551144334 16038.442633672124
5455 4396.789535564252 15468.857514710593
5457 2830.661714377017 16332.681740712509
5458 2375.796444617397 16664.08459368221
5460 3158.215649347778 15576.583746265407
5461 2893.7864595822934 15420.609564477261
5462 3234.195558437399 15426.265437217771
5463 3148.90460654273 16634.742203696154
5464 3598.435023986507 17299.863795137484
5465 2872.500761945825 15399.329788679708
5466 3058.3381459432326 16843.197765876284
5467 3055.1501416962865 15425.61039909732
5468 3041.18889536482 15406.634545424251
5469 2809.970258665169 15397.123409064778
5471 2810.0494659135184 15393.923408189654
5472 2880.0006240777757 15399.373715122527
5473 2494.084845039631 15396.098159194957
5474 3781.846187639296 15828.069166678486
5475 2901.4174873181837 15417.855658731916
5477 1532.6899696909113 16843.395113356368
5478 4154.990702224647 16504.80421415311
5479 4684.021412032567 16048.548040108555
5480 2649.7558381598346 16934.549180627047
5481 3119.430947633515 16234.815793257987
5483 3240.0899249509225 15358.71294736018
5484 2908.9092006902088 15418.301680389592
5485 2524.9320481353575 15409.463450340925
5487 3610.2088095409536 15958.826524760414
5488 2802.128495588767 15396.932810656672
5489 2878.923802383191 15416.925833033627
5490 4210.702146738294 17122.10693174667
5491 3168.683991522088 14979.318617072084
5492 4070.631576668973 16930.894575657738
5494 2525.144941313649 15412.644000073227
5496 3787.797367195656 15148.984249231165
5497 2504.094031761202 17022.743492080215
5498 1852.0839289282485 17133.944811974965
5499 2854.964440277477 16819.052341105813
5501 2357.8403731535154 16647.369101289663
5504 2963.068965344945 16695.41538806436
5505 2673.8570070716614 16924.764334360934
5506 2918.0974927889415 16784.438675332018
5508 1467.6956220393083 16527.031747202698
5509 2886.4252364917847 15417.158243978321
5510 2895.000336302951 15399.461567937657
5511 3135.023365419888 16604.441345775413
5517 2930.7787760488654 16781.132052086283
5518 2800.4696034152976 16024.345475402062
5519 3665.910885276075 15267.517501227723
5520 2534.403522923359 15415.918863698718
5521 4685.025052207394 15814.48195114125
5522 2837.0616782366233 16368.21710189092
5523 2796.018952255914 16357.631031871577
5524 3380.9177323197105 15314.795766236764
5526 3434.8479936772123 15427.413668783473
5527 1828.5503903018575 15792.541151124648
5528 3265.5700155517475 16167.107704347434
5529 2931.988715510858 15405.74337946802
5531 3147.5961801795033 16653.5932463699
5532 1434.4872296112458 17405.946457227914
5533 1457.1327732189134 16533.243702569755
5535 2887.500476487546 15399.417641508404
5536 1395.5942865136096 15647.68059672779
5537 1439.9115479644872 16634.948325333007
5538 2908.7511756021804 15421.497947182586
5539 1850.376103643418 17188.835663939117
5540 1216.9767869523396 16670.082025880994
5541 3450.596331459696 16050.210333712475
5542 2910.0000873344766 15399.549420980073
5543 3919.8438984854256 16104.536025387306
5545 3412.2800342176715 15994.720726368323
5546 2824.7554698717418 15590.634853986065
5547 1974.815187376966 16348.826141100153
5548 3141.385879919838 16620.75965013327
5550 1619.213996888908 15925.800555250073
5551 2863.921068325399 15416.461015300787
5552 2852.152624772409 16367.786968456006
5553 4035.2371229173978 16296.681293511438
5554 1732.7211295991165 16381.124557591551
5555 1837.2392006616626 15383.071762035926
5556 3445.713405679076 16048.437297046921
5557 1837.159427753626 15386.271918688417
5558 2353.4456877268176 16367.640441560474
5559 2554.1619135222477 16963.86707310444
5560 2534.5657612795467 15412.72014395528
5561 3702.93781446431 16473.719538914393
5562 4098.3392665823285 15667.308179368996
5563 2254.770041007985 15690.315843721039
5564 3123.523082957548 16228.336445734718
5565 2844.6071222087307 16368.002036008473
5566 4340.8880597048055 15691.062235548143
5567 3590.4416450339327 15352.318905810414
5568 3816.3741803431003 15210.68523687194
5569 2856.7589705195737 15151.679153241479
5571 2622.1416080871873 16949.95664073153
5572 2878.803586839776 15420.121135560983
5573 3075.953482408415 15425.953302970192
5574 2569.1961273862385 16361.865975522243
5575 2337.413520334017 16358.65635141339
5576 2326.010867669948 16563.56513688607
5577 2482.7894552580997 16358.027805426418
5578 2917.4999348249958 15399.593347337137
5579 1609.8283972001302 16433.0281788376
5580 3103.592944043793 16253.057061572681
5581 3641.9474102858226 16382.088230630798
5582 4137.52794690292 15611.813733771904
5583 1566.024247751358 15471.88956003706
5584 3118.69290701887 16219.864744551347
5585 4022.9976690224676 16174.666823130285
5586 4072.1283926301626 15652.267334555872
5587 3825.5365118619798 15208.089168532364
5588 1023.2601550804601 16732.65683035778
5589 3742.0912158408346 16335.585841976848
5590 2849.2366163627257 15387.759300447862
5591 1823.6910799187133 16511.03708400361
5592 3459.960489965325 16469.690230392735
5593 2829.308492934963 15493.658515029381
5594 2961.696605040067 16365.792159117005
5595 3008.503455916828 16390.965315885467
5597 1179.4887219980892 15677.33070113211
5598 2771.733693800312 16370.864403094947
5599 3091.686221608766 15540.622224608009
5600 1663.0508572002502 16408.790223872715
5601 4096.948102773965 15646.350504180049
5602 2789.1583836666796 14961.798723273672
5603 2936.6885959280526 15399.221335289838
5605 2682.4981304385365 16901.433657590198
5606 1849.4707948417201 15420.033299479199
5607 3349.516770932134 17357.820219329722
5608 2855.6680595395837 15386.747126409868
5609 2290.462463556099 16599.524297092168
5610 1854.6560988113154 17352.022828669324
5611 1025.1752181107618 16710.79927319459
5612 2252.6466715582965 16625.315337493605
5613 870.0128494843924 15745.15483212378
5615 2525.406015163705 15415.82242637892
5616 2809.2804417333778 15580.367578657506
5617 2099.5092122266733 15411.565513922686
5618 3329.5913774161204 15503.692045285865
5619 1855.0580445548774 16449.60242543733
5620 3347.429919837499 15474.534980654706
5621 2308.400568395062 15386.72257469286
5622 3045.972385405884 15673.666971228216
5623 2419.668764239099 16169.071965274894
5624 2810.0362006569 16039.772947872521
5625 1492.0727823837474 15550.963397920019
5626 3865.814767772447 16731.493543798588
5627 2151.950782565924 16354.25879739393
5628 1871.9960091319433 15224.287341825762
5629 2486.587784649032 15189.758625488486
5630 980.6092315399005 15606.77865548813
5631 1367.3563151168444 16573.506513802906
5632 3874.347461883633 16475.089462734537
5633 4387.809219680147 15765.05714718174
5634 3704.1880370121116 16481.74508971383
5635 1608.8009156122098 17496.897582404334
5636 4695.50870407605 15306.514009236458
5637 3123.7075167122493 16240.140906164532
5638 3941.0725181116077 16437.43779631407
5639 3324.204452014589 15495.264519206099
5640 1565.3922615196614 15467.881818862852
5641 4131.422379413915 16123.102047548888
5642 3375.9792008541303 17402.662340185372
5643 2857.000969256735 15173.209817005936
5644 1326.2837855961006 17320.867525118756
5646 2903.951232356894 16160.84830897877
5647 3699.5159388768575 15704.750690510844
5648 3845.0541411249815 15205.714875178153
5650 3832.541764418943 16279.494329099447
5651 1844.2345454347778 16865.525331833156
5652 1234.0903863745796 15677.695263245176
5653 2826.6050833541804 15550.536579612963
5654 3465.8195085044836 16075.97562852834
5655 2101.68545847428 16170.277564012453
5656 4245.335441243674 16940.149721439127
5657 3192.8428718345035 16634.658597422906
5658 3435.346849200327 17217.211363465343
5659 4458.792434896733 16908.44289882571
5660 2342.23775016519 16137.205694567167
5661 2837.141987161433 15143.837973126849
5662 2024.2732575678713 15384.740520777577
5663 4037.732397567935 15107.268597701615
5664 2184.956686206194 16167.53363296261
5665 3948.7184124311607 15350.858959048383
5666 3340.6898048684875 15865.122550624556
5667 2962.71864228896 15149.930734214584
5668 4124.65764054959 15745.325730446457
5669 1860.5162061916983 15827.33257008703
5670 2820.2017291735874 16818.252298577918
5671 2827.8305800460707 16603.878953796997
5672 1761.294879730749 15960.1980007112
5673 2742.767848261176 15811.127980880208
5674 3259.0060765152134 15397.256761617316
5675 4099.9481159371035 16947.107142320227
5676 2838.3569706038375 15167.672969542891
5677 3186.8391769692903 16415.593313510803
5678 3215.477313032289 14299.87908992364
5679 3966.7038316285157 16626.424694882848
5680 975.6038861847198 16042.765724447216
5681 3823.025706051807 16703.053048665748
5682 4399.846787269838 15936.364438081426
5684 921.6919041314758 15539.50498602467
