1007 1103.497588821903 16808.591249517736
1010 3619.862272258839 16338.485951863218
1021 3638.608132527978 15225.225628854796
1046 3143.8867816622446 16624.78710647999
1052 3343.8236319837015 15864.143105057121
1070 1789.2015239087982 16031.834486018573
1113 3359.0062313826274 15890.440881482355
1115 1144.2148067977678 17099.831370872616
1126 2653.6398837068587 14788.183389201096
1135 3939.560847117251 16825.63658150468
1136 858.6438400420556 16626.061182809488
1138 2802.394087597819 15400.141141221213
1140 2838.2532861542886 15769.627281073159
1151 3374.7786839287965 15562.502576765408
1157 2222.5041038944623 15403.976185319707
1159 3412.1357219829656 15245.94832543136
1169 1842.0723821354952 16870.77882970298
1174 2654.1245404828505 15093.317243434345
1178 3451.8563966763013 16052.224324589333
1186 1124.278510908158 15360.155821059283
1197 2407.835132771378 15746.908517886819
1202 3286.203985641475 15507.938384055242
1204 3470.6863525653866 16090.471560558273
1207 1838.2858285105697 17376.151216316568
1209 2145.4794927055373 15385.543397015292
1224 2832.4824764367036 15426.879866361958
1226 2822.8924753402484 15426.419889430694
1230 1918.026549087773 15815.774747620226
1233 2817.3894430472155 15400.505676576304
1241 4276.369006045986 15985.021957100029
1244 3330.211990741142 16931.88639147852
1247 1947.8825235718048 15404.412244090432
1248 2831.0580006372143 15456.849955651072
1252 2003.8722402207122 15409.689391613769
1265 2038.5998514355788 16360.955467855478
1266 1873.5631472756181 17369.643701461377
1267 2060.533434684085 15408.08622546794
1268 2848.5953465731013 15542.801691611014
1269 2849.226073291794 15388.155689934587
1272 4392.74016544068 15457.821187763937
1278 3274.7181398245116 14340.264583449181
1280 2593.724146451291 16965.812266808152
1281 2212.797795388925 15416.686985840708
1282 2809.891776900584 15400.323409180219
1286 2787.398737795262 15399.776606003394
1287 2970.108022766248 16308.178249280185
1292 2779.9010245716263 15399.594337462871
1294 4192.099045987633 17429.73658443447
1295 2357.011381871166 16367.685008729439
1297 3365.9068935712353 17332.05163504243
1299 1099.8812953746456 17286.92341703764
1301 3043.635498897944 16276.455115748255
1305 3285.831257008898 15766.152618071832
1306 3236.4628776541645 15684.141249592521
1309 2683.4067904691906 15411.663837007505
1310 2614.8962421184665 17011.42924400835
1313 3959.7018035883643 15450.57634401594
1314 3151.591702734777 15579.47272566048
1315 2060.525018091781 16361.418962838065
1318 2639.4750412609474 15889.492685761086
1319 3263.551850049488 16794.8257587215
1324 2025.7600073725666 16360.684035332584
1326 2819.6195272201744 15714.56229623165
1327 3053.469985211165 16708.92283102471
1330 2963.912874605269 17047.98584869003
1331 3114.907035795885 16597.859859519438
1332 2823.3876491351884 15624.497659247761
1334 2600.2743968683285 16962.157530764114
1336 2213.4878285365558 17267.025553468917
1339 2852.4366145420163 15387.83936890134
1340 2837.1603982848087 16371.41713640631
1341 2312.3992359527037 16357.191091371285
1342 3459.221466558867 16071.106928989091
1343 3248.0223469427165 15371.767090638014
1345 3920.0436675551605 15712.313233571973
1349 2826.0924084667627 15426.569956934305
1350 1856.3041708006306 16353.417091441132
1352 2777.836586234806 15393.140525954072
1353 3188.349374490445 15403.317172227396
1354 2941.229770636502 16330.851965117776
1355 2118.409386704313 16719.530198106786
1356 3466.864711067841 16084.01666170037
1357 1821.9369494869313 15382.792903031457
1358 2833.2621051343535 15416.256367900342
1359 2855.6366144720914 15387.92937153034
1362 974.6836848556112 15259.78878347905
1363 3463.0430897674687 16077.561796956268
1364 2749.900925753682 15398.86503853346
1365 1605.2244042721068 17017.599490479246
1367 2160.4920482321268 15385.853983612591
1368 2925.7570562739566 16563.895320614105
1369 2912.2532369190476 16369.66026241549
1370 2152.9857736433714 15385.698690379619
1371 2831.414118713815 15449.357451701897
1372 2364.511729802081 16367.778754648187
1375 2793.297334113123 15953.91932850852
1378 2169.3094274968716 15386.02485978366
1379 3526.8352669786286 17435.428755330086
1380 2821.6722342957105 15666.965767165651
1384 3628.5817987622604 15909.332573503696
1385 2640.581118259904 15769.638632918326
1386 3339.3140920466167 16934.192610713257
1387 3174.8587217395216 15588.841837786793
1389 2949.4398540562943 16767.25474434321
1391 1286.1855229359055 15282.485787663727
1392 3474.5080118252044 16096.926489417334
1393 2505.0427904845883 15408.581539009267
1395 2998.00483157287 16376.176453264246
1397 2297.39962167171 16356.916964212747
1398 2849.624942810129 15373.159330271308
1399 4300.111241421912 15805.6636127325
1400 2122.5935999050876 16353.722276859819
1401 1708.2267160479357 17172.77174183772
1402 2794.896400404661 15399.958873313488
1403 2711.3227107887583 15397.92720659353
1404 3478.3296533258313 16103.381388280442
1406 3017.5719954093097 16439.029747249177
1407 2319.899013035213 16357.328154401228
1409 2849.8243781673004 15365.661127956437
1410 2825.7951426404825 16367.242662761813
1412 2349.511052292669 16367.591263040076
1413 2800.4582548358617 16319.059406850478
1414 2334.378871173726 16566.786252315327
1415 2304.899444758959 16357.054028083454
1416 2016.1445459463405 16343.477723004436
1417 2849.4255080116923 15380.657511579362
1418 3139.852466105124 16618.29023796265
1419 3191.019357960319 16618.51648702026
1420 2852.061205430512 16370.99213056676
1421 2552.354754506473 16964.88731038651
1422 3479.9823324726594 15411.875735536298
1424 3604.099924799938 15947.429728761841
1425 2860.3969322351054 15400.696469400218
1426 1165.5349757734418 15673.386649380589
1427 2742.1075198633157 15398.67558173844
1428 2811.255225716006 16349.80174530976
1429 2806.6746940074595 16114.40402436403
1430 1975.5439844032326 15404.191760260832
1431 1978.3277691627782 16348.974827553004
1432 3717.302853957392 15596.964987808937
1434 2852.6360494125443 15380.341184882873
1436 3623.6290019233024 16344.972589477144
1437 2832.1263567307064 15434.372404592636
1439 2806.4406397604243 16222.552900970333
1440 1029.069333394551 16835.78583949227
1441 2863.9220732161025 15416.461046434513
1443 3627.3957746915967 16351.459301319632
1444 3147.846495797321 16631.163836742562
1445 2597.071922374433 16983.780858094135
1446 1556.9726371628713 16286.771601548784
1448 2857.4828437171423 15414.949270876159
1449 3632.1039656910907 16359.56721761609
1450 2606.824638527497 16958.50279960656
1452 2088.773581944007 15391.590979187918
1453 4178.473092435871 15346.877428590195
1454 898.8256560229192 15477.445883021232
1455 4140.557946257065 16118.12188291754
1456 4320.567651872076 15509.040696506238
1457 4067.0547199273924 16140.29352257997
1459 3488.4684233393723 16473.898895283066
1460 2772.4032700345765 15399.412067918027
1461 3637.775007202051 16370.06574958416
1463 3706.3848756996763 15289.307425144472
1464 2844.610620437007 16371.204638661075
1465 2372.0122963286613 16367.872503299135
1466 2831.7702361314273 15441.864961617415
1467 2764.905536123796 15399.229798874603
1468 2994.577908071248 16741.439499066975
1469 2751.520237120843 16358.085440426978
1470 3857.3558609737515 15251.006356933398
1471 3566.180755699481 16415.532478810517
1472 2986.1436869136637 16345.10756184008
1474 2137.9729144968137 15385.38809750089
1475 1019.9131515778627 15672.807276771875
1476 2328.9944925194736 16595.37111400923
1477 2872.0916093267706 15399.32739228644
1478 1105.154655024155 15684.762218720332
1479 3482.1513195223024 16109.836328855776
1480 1501.4952938283132 15540.88692918067
1481 3447.2724846917436 16492.5979534897
1482 4142.204690579635 15746.907178278074
1484 3970.459236100046 15721.018275660816
1486 3509.2513279731725 16028.419299727408
1488 3655.978212450813 15249.74448192382
1489 2384.545336716531 16360.165061105234
1490 2643.827444542629 15396.162812448341
1491 2477.6647693445057 15388.98726064861
1492 2757.4078329441236 15399.04753057825
1493 2881.719403366385 15399.3837819556
1494 2830.701883339699 15464.342443208781
1495 2289.8998603331784 16356.779901470538
1496 3788.515627913238 15223.852776544416
1498 987.9479276541027 16096.311463768347
1499 2582.940057462687 16980.48284299766
1500 2852.8354837983557 15372.843019088357
1501 2500.497251369713 15519.83145537426
1502 3792.0320036648427 17121.89261794446
1503 2011.2959040227227 16358.991532491766
1504 2284.5704325084616 16610.373530271965
1505 3508.244019249408 16153.907898043064
1506 3391.7871615220984 15589.130793033395
1508 1818.5699200556917 16884.058486655977
1509 3156.9771088394787 16670.44663029225
1510 2996.747174710201 16310.865048462638
1511 3382.41366336608 16105.162165474172
1512 3162.8717334075873 16673.917525594323
1513 2257.4527042567865 16618.80666286812
1514 4494.518366073439 15978.568994230114
1515 2571.7805602691487 16942.891472699896
1516 3635.401100144693 15212.924844282574
1517 2830.6642179352802 16309.903115851304
1518 1416.8718070462671 16158.85005630896
1519 1758.8729574714853 16299.122719477586
1520 2989.324698302468 17494.74613769713
1521 3825.7646180757924 15211.28996603647
1522 4251.859683299283 16049.689573258262
1523 3318.795675444421 17358.9691083784
1524 953.8871694327029 16002.03493912296
1525 3884.3441994223062 16762.049249461135
1526 2457.0571214163006 15388.75069049335
1527 3295.590673530432 16889.079124524542
1528 1051.8918269835083 16598.53147281999
1529 2800.5502553292013 15987.065763036207
1530 3380.7453005319767 16096.018256218436
1531 3169.5902714123476 16690.93506235906
1532 2333.0309560144997 16316.082427081941
1533 3594.0007707039094 17318.430765691654
1534 3082.956855938942 15400.816809865742
1535 3895.230105303543 16964.456689154697
1536 3487.3531722876596 17126.025743451453
1537 4435.803317002358 15539.393155364587
1538 2389.6999086011724 15756.37136023677
1539 2193.893780833573 15423.496132199773
1540 1834.1834284083416 16338.610890341137
1541 1750.3351159114563 17236.207747256183
1542 3636.7929237569606 16373.640760266866
1543 2202.6038993755446 17248.194880287152
1544 3091.429926815395 15472.747801088324
1545 3128.570683653866 15404.025673997925
1546 4455.7349996102785 15940.03837988177
1547 1436.9274781384179 15595.1805231464
1548 2501.555174783739 15386.293779651036
1549 2580.0566297684386 16973.479778610632
1550 2802.9821019339597 16379.335270275618
1551 2039.5065044341882 15696.577672850737
1552 2881.537863799282 15104.93222201582
1553 1461.2969044168083 15903.05895230772
1554 3749.7681290904734 16894.8715174808
1555 2899.8447063895655 15212.585187436436
1556 3112.867301014585 16665.667795258163
1557 2855.636615695166 15387.929325546205
1558 1296.0781198204731 16338.724431794924
1559 3594.768185196468 16192.067064267314
1560 3664.1927416178733 15312.259006451506
1561 1324.6384946149558 17050.618322741546
1563 2600.363324624045 15416.918428713168
1564 990.7890250426137 17371.70364258687
1565 4153.301786226153 16508.226187703804
1566 1005.4794626168484 17360.970365448422
1567 3813.5326563807216 15186.496074478318
1568 788.1640505638469 17219.51635278738
1569 3480.382648783638 16452.607217328226
1570 2211.4183554208066 16355.345603792182
1571 2717.231520143758 17113.506594036397
1572 4385.833363396567 15765.975146674939
1573 1023.7236171987429 15690.082483194541
1574 1145.9042155419263 17505.121267166396
1575 2678.020419802032 15417.999153057981
1576 1476.2315719283156 16696.177661363807
1577 2935.947662054066 15399.71538620768
1578 2102.8723448273745 15278.375534738649
1579 1600.8257082343814 16984.207749902307
1580 3108.646433523281 16250.362424041965
1581 1582.3622600463882 16747.789232787818
1582 1039.9633629845152 16662.138169580612
1583 3284.8417791775655 17233.635924426577
1584 3345.970661736811 17349.302996609018
1585 3210.6601689095182 15303.677167479265
1586 3793.8117231996475 15809.159895964618
1587 3090.1595401756094 15367.333281284611
1588 2207.724006969246 15198.336402438215
1589 4212.47459240574 16286.064160786973
1590 3288.222333951892 17283.862858214507
1591 1164.687052347341 15611.261939900545
1592 2314.701207223049 16366.792212227783
929 2216.185003303331 15407.163569322942
