4703 2802.8685423646916 15400.152675161671
4719 2810.366268954257 15400.334944027116
4725 3623.482373747499 14875.652406696632
4768 2787.873134594606 15399.788138534668
4786 2795.370822888454 15399.97040646915
4821 4433.896798668624 16309.389476577346
4829 2817.863996495364 15400.517212915694
4885 2742.8868206454777 15398.694526450241
4896 2750.3844932508046 15398.876794003336
4900 2765.379920598307 15399.241331106263
4929 2780.375396419093 15399.605869387571
4935 2735.389111456544 15398.512258007804
4945 2757.8822363641975 15399.059063270473
4950 2772.8776637340025 15399.423600373942
4957 2720.3936981228535 15398.14772124555
4983 2660.5960682005416 15396.607700519222
5005 2690.589279484747 15397.403449900921
5006 3226.4964224865016 14293.126838117005
5022 2712.8960305982587 15397.965453815968
5027 1041.2660915424797 15511.881147480266
5032 2683.091003369121 15397.204513264018
5040 2727.891365264898 15398.329988665833
5070 2498.9330982694396 15580.759314292643
5099 2645.5994220256166 15396.209824752996
5105 2897.8796766589426 15399.481220741976
5106 2668.094427298131 15396.80663935772
5120 2920.3792624913767 15399.610976138934
5137 2653.09773283532 15396.408762310368
5140 861.4679797322575 15764.627099232814
5142 2935.9143278041247 15399.717140641887
5152 3401.248669434037 15974.998366227246
5162 2780.665501910064 14948.673997588738
5164 2832.525193808434 15425.981119296257
5192 1583.5925721758829 16458.98048160202
5215 2817.5491612770797 15394.105676224395
5229 2608.1078972106675 15395.215137741732
5231 2675.5927046133497 15397.00557602645
5232 2970.4332689873245 16759.389681313936
5236 3553.632825200453 17231.096782197837
5247 2832.169071615631 15433.473709847794
5248 2890.379773947673 15399.437230440746
5252 2338.389484449201 16294.957771739142
5258 2638.101114016402 15396.010887269924
5259 2905.3795404488105 15399.524472551608
5261 2336.6335154925077 16409.126123975133
5269 3051.4504406181377 14376.268415152608
5273 873.243310003189 15614.741500905526
5274 2339.440857637978 16256.483112058731
5279 3150.5866321497974 16629.504057692484
5288 2912.87939385846 15399.567724301374
5301 2615.6061837689713 15395.414074655691
5303 2630.602793765723 15395.811949462075
5304 3625.7090346832238 15195.579014061668
5317 1588.048712580464 15583.014419341767
5319 2901.2688217172513 15421.053756074807
5323 3203.775277130996 14303.492073427919
5324 2341.222489607294 16319.281228133032
5333 2548.121444384969 15393.623638175577
5335 3143.8891487637216 16624.79091846417
5336 1774.0736326970496 15398.899369483626
5339 2600.6095910664308 15395.01620030814
5342 2570.616319399937 15394.220449324439
5345 1702.3426218367497 16306.593021145154
5348 2341.0014486037408 16577.196072449922
5350 1416.347255063711 16124.376759613153
5368 2927.8791510399055 15399.654228091349
5374 2478.965213815631 17037.017310584073
5377 2867.878865575157 15399.303119066342
5385 3516.415531237177 17455.223900608697
5387 2865.000917558501 15399.285862340817
5389 2871.4224164985912 15416.693423583016
5392 2337.559030025853 16355.653235318041
5393 2886.2954264028735 15420.356028220553
5396 2593.111280759496 15394.817262764107
5400 2563.1180419012053 15394.02151265084
5402 1822.8956830546986 16888.9631602663
5404 2831.456785427019 15448.459770460233
5406 3116.0432932599047 16579.947906210982
5408 2863.8197836632316 15419.651346352479
5410 2578.114689166365 15394.419388445991
5411 2902.5002363320627 15399.505494602437
5417 2249.6071921283583 15385.810655289311
5419 3047.522726997358 15300.815612305161
5420 1772.697401814107 16375.450976489155
5422 2174.24002758351 17202.08217002079
5426 2817.4692588113335 15397.305676429442
5429 1741.5317005540026 15394.70408060203
5430 2623.1044603497216 15395.613011304935
5432 4130.464193620829 15725.602658238022
5433 2281.262541762162 15386.301648142422
5435 2875.3799534045843 15399.347827536849
5436 2540.62316910959 15393.424701560965
5437 2555.619755148924 15393.822575731736
5442 2882.8798598669455 15399.392528966095
5444 2871.311669594107 15419.886240465823
5448 2893.925796896511 15417.409638440597
5449 2805.865283506665 15803.167009214172
5450 2585.6129648855926 15394.618325072377
5451 4341.952159806607 17086.04385134067
5452 2962.82762811576 15864.692151599551
5455 4556.339672106293 15557.789871009076
5457 3007.3071788616576 16401.46385742901
5458 2334.3792962852303 16261.075647465808
5460 3091.2447594292967 15455.842231573592
5461 2893.7864595822934 15420.609564477261
5462 2923.9123268756143 15419.194896517763
5463 2856.2903448401944 16821.97370632463
5464 3842.9560081286572 17719.507248190286
5465 2872.500761945825 15399.329788679708
5467 2916.4009144800857 15418.747702072145
5468 3236.957201455782 15351.611667306111
5469 2809.970258665169 15397.123409064778
5471 2810.0494659135184 15393.923408189654
5472 2880.0006240777757 15399.373715122527
5473 2946.673620710364 15406.089455227479
5474 3865.832493741102 15839.89622236226
5475 2901.4174873181837 15417.855658731916
5477 1689.302631704474 16937.705275329947
5478 4298.041554034438 16450.909891699386
5480 2600.2744701495344 16962.157489876598
5481 3256.8514093560607 16161.564073740316
5483 3332.6085148817074 15238.73951743811
5484 2908.9092006902088 15418.301680389592
5485 2150.8395941446743 15408.732974329283
5487 3851.86670449525 15781.20630758825
5488 2802.128495588767 15396.932810656672
5489 2878.923802383191 15416.925833033627
5490 4060.2176823004247 16925.456794842747
5492 3897.5521021599225 16966.82257763062
5494 2192.0346969200764 15415.057089676278
5496 3662.49778478306 14944.582961190195
5497 2133.683191854337 17232.082525625152
5499 2606.8247921375664 16958.502713899263
5501 2134.22752651703 16703.240992187002
5505 2678.324257186477 17109.81629403646
5506 2613.397200303034 16954.835614858897
5508 1416.13004547635 16388.269524703937
5509 2886.4252364917847 15417.158243978321
5510 2895.000336302951 15399.461567937657
5517 2610.033528607908 16960.376755535304
5518 2823.564374379239 15547.07492087214
5519 3825.9836057445664 15205.508281157605
5520 2473.674028671445 15656.146914608116
5522 2837.0616782366233 16368.21710189092
5523 2796.018952255914 16357.631031871577
5524 3245.312520610604 15103.951146996918
5526 2994.215390488333 15421.405180384389
5527 1706.0177030378452 15831.19011231467
5529 3409.102488178595 15407.446348861924
5531 2905.1424266376816 16366.513158556989
5533 1262.743102685653 16644.20572203278
5535 2887.500476487546 15399.417641508404
5536 1496.8989869602412 15849.91570582617
5537 1418.5505339639215 16146.61409888135
5538 2908.7511756021804 15421.497947182586
5539 1854.2519601333986 17372.982997347972
5540 1021.2049324001897 16727.484185392033
5541 3185.338650210413 16209.642966242922
5542 2910.0000873344766 15399.549420980073
5543 3734.972031363023 16112.660078530327
5545 3193.524677634279 15619.586995162363
5546 2830.742167061056 15463.49489864088
5547 2312.3991850101556 16357.19109044028
5548 2932.750173018966 16776.405118328254
5551 2863.921068325399 15416.461015300787
5552 2852.152624772409 16367.786968456006
5553 4158.3050694617 16510.401564049676
5554 1894.5669159503393 16345.429257681197
5555 1941.093004193271 15380.461076202317
5556 3218.459030809864 15660.656984653588
5557 1938.8376753130171 15386.411292794743
5558 2338.6477841878836 16027.85855893928
5559 2833.258275677872 16755.68444508508
5560 2253.487235480261 15413.638697034523
5561 3973.9336246796393 16863.432086620065
5562 4287.309329997449 16005.329161008585
5563 2193.909663619162 15422.71726482954
5564 3024.923653805428 16431.011590371527
5565 2844.6071222087307 16368.002036008473
5566 4222.939098564605 15477.513769811943
5567 3040.1778630053864 15418.51792745995
5568 4002.321054700818 15495.091051087902
5569 2849.436051195205 15380.261117859907
5571 2593.724184689299 16965.812245473116
5572 2878.803586839776 15420.121135560983
5573 2916.2335608910043 15421.942140154664
5574 2796.0689138188386 16360.831032123557
5575 2718.2127552891843 16361.6259694171
5576 2442.064034102881 16360.92742441773
5577 2788.5115404572043 16357.70769548175
5578 2917.4999348249958 15399.593347337137
5579 1816.0807969893601 16348.52240971617
5580 3122.078733560707 16583.59562072363
5581 3469.623825903071 16088.67691233094
5582 4201.080915340657 15439.188533313423
5583 1908.585288147281 15378.46236821215
5584 3338.2625721202835 16118.230118152544
5585 3593.776301874164 16412.64534164529
5586 4378.833288986044 15479.213051593115
5587 3943.6240601720606 15371.935221938538
5588 1177.6295202142119 16681.574077277728
5589 3318.827646999613 16567.798032682374
5590 2849.2366163627257 15387.759300447862
5591 1829.9586882030685 16085.077372878422
5592 3875.3477201135424 16238.365199099306
5593 2831.812940357923 15440.966491119314
5594 3131.273638929246 16604.474880337417
5595 2992.9715169295096 16525.131932067292
5597 1531.4822136831785 15508.818805699513
5598 2351.3714299624967 16367.614515669884
5599 2978.4400311984323 15424.34597746706
5600 1829.9336044363822 16291.459854195802
5601 3929.4660203844333 15398.649825837478
5602 2855.5866083465216 15260.318158551105
5603 2936.6885959280526 15399.221335289838
5605 3069.3188630520485 16687.01261363487
5606 2253.5681770794918 15393.44959341267
5607 3100.37760181135 17449.974949126216
5608 2855.6366151671587 15387.929345397775
5609 2333.114321911413 16312.681438756863
5610 2172.142039706553 17187.320492338942
5611 1054.5650484229448 16474.32592731111
5612 2463.166061931794 16779.01726344095
5613 1345.209267180391 15668.32648435503
5615 2428.472133649302 15717.721218335575
5616 2830.3829754758003 15471.052067310131
5617 1872.2829862292197 15417.329494157995
5618 3408.381453877535 15428.325034561176
5619 1943.567533928139 16659.986843301976
5620 3211.6439805634905 15643.260224101488
5621 2533.1248108542586 15393.225762744814
5622 3091.739423773914 15501.004517657479
5623 2632.928560332939 16154.241377176717
5624 2824.269692667718 15602.661122064055
5625 1876.0873613413778 15378.83490570121
5626 4141.294884148617 16949.09307165043
5627 2319.899005478783 16357.328154263128
5628 1869.3342486100812 15367.816698660523
5629 2505.322750577762 15379.911911645175
5630 1153.0722573487578 15672.786027308535
5631 1662.0178177942728 16409.235875437036
5632 3678.6097607147235 16440.93506252957
5633 4279.922280356652 15991.617471665215
5634 3649.377456866274 16394.2650202954
5635 2075.548046383072 17239.99266643584
5636 4341.050218669923 15507.842470044441
5637 2988.061058846755 16354.858965857886
5638 3699.079669013426 16473.594711069476
5639 3388.7170215524347 15428.225251287327
5640 1923.9920188575538 15375.56662069282
5641 3796.9516480334946 16304.766359853827
5642 3171.6321436444277 17419.597164478288
5643 2852.4366250552475 15387.838973633749
5644 1239.213149497576 17189.943685149
5646 2821.063657510229 16315.26996550864
5647 3761.3427709455304 15820.320712815366
5648 4049.256516111484 15579.369974172158
5650 3581.8777393979053 16279.453449278673
5651 2237.825935334071 16637.68116863914
5652 1586.3658762621199 15454.819451556825
5653 2831.1000557312773 15455.965142497646
5654 3638.1772881330785 16369.758454111356
5655 2030.2007986206677 16009.487251390023
5656 3985.374899059657 16876.52878727274
5657 3337.1507366463566 16538.221406210385
5658 3401.576709549041 17038.015087885833
5659 4175.657970050768 17065.072445683993
5660 2339.3124293381875 15953.028541846921
5661 2854.861055911851 15293.914206374053
5662 2219.2667390353813 15385.340057245028
5663 3702.437039923129 15291.462284188945
5664 2330.8575068209875 16142.1918386782
5665 3961.1487232848117 15216.052000627134
5666 3165.7224756758133 15575.656274367084
5667 2858.483489358589 15274.42380853037
5668 3905.080033356263 15758.823108760831
5669 1857.860018559719 16290.026192435182
5670 3214.3677648793077 16602.07452687203
5671 2857.017183886209 16353.079078852645
5672 1521.6110126603967 16036.404090924405
5673 2639.4617238673786 15940.26746830799
5674 3090.79946448875 15401.0207086925
5675 3852.072678524439 17085.644939065925
5676 2856.794502444647 15154.840433918529
5677 3110.946935359469 16454.56591857506
5678 2983.4394522240723 14432.87993981752
5679 3811.0785692784757 16653.17652768048
5680 1035.4597221283373 16343.454476851228
5681 3613.610077638416 16811.921936938565
5682 4288.049563320597 15815.403053135517
5683 2110.9165919550787 16170.328134237901
5684 996.4748190618288 15404.796337707456
5685 2833.8306221004577 16841.146896435344
5686 4297.740984869109 16769.166424560586
5687 2986.4818053076274 16307.862470997008
5688 3339.5748143296382 15238.341490390703
5689 1826.0686748158764 17070.136195425905
5690 4337.3754019078015 16802.63138247102
5691 1485.9346193890324 15744.50569942196
5692 2982.1101326316134 16371.349253638055
5693 2857.059524925121 15178.419523561904
5695 3747.8374140024844 15240.982105444378
5696 1112.5424846063145 14980.152717312983
5697 1299.8417887355793 15792.873599718154
5698 3097.0860746450917 16568.39322527176
5699 3430.6907251071593 15406.024662587874
5700 2967.389805903927 15772.117428526262
5701 2803.7493037385225 15069.898616538396
5702 2106.7158863653026 15230.504006148734
5703 3409.0147531562056 15235.104354662457
5704 3905.751614073696 17232.28700803239
5705 1201.4507565134788 17223.740279336685
5707 1774.5905489819281 16806.00471364516
5708 1425.9788345668787 16299.40405966956
5709 1331.249921323381 15218.263153116804
5710 1054.6043133454898 16509.54001868024
