4703 2802.8685423646916 15400.152675161671
4719 2810.366268954257 15400.334944027116
4725 3548.5717485680107 14761.026531425752
4768 2787.873134594606 15399.788138534668
4786 2795.370822888454 15399.97040646915
4821 4340.775868403279 16429.334219250817
4829 2817.863996495364 15400.517212915694
4885 2742.8868206454777 15398.694526450241
4896 2750.3844932508046 15398.876794003336
4900 2765.379920598307 15399.241331106263
4929 2780.375396419093 15399.605869387571
4935 2735.389111456544 15398.512258007804
4945 2757.8822363641975 15399.059063270473
4950 2772.8776637340025 15399.423600373942
4957 2720.3936981228535 15398.14772124555
4983 2660.5960682005416 15396.607700519222
5005 2690.589279484747 15397.403449900921
5006 2996.0329624804735 14417.129482885848
5022 2712.8960305982587 15397.965453815968
5027 1214.402235769107 15414.264318496807
5028 2979.6310589234386 14432.015012880107
5032 2683.091003369121 15397.204513264018
5040 2727.891365264898 15398.329988665833
5070 2541.975435004313 15416.033609622955
5099 2645.5994220256166 15396.209824752996
5105 2838.3300698847233 15401.08245132454
5106 2668.094427298131 15396.80663935772
5120 2920.144607082144 15399.609622878213
5128 2514.3850360526153 15244.309309647388
5137 2653.09773283532 15396.408762310368
5140 1362.8154557731207 15678.133199375869
5142 2935.9143278041247 15399.717140641887
5147 1457.3574147162012 15653.337661544836
5152 3226.458213117209 15667.660170791467
5162 2832.5825307449195 15111.32871064568
5164 2830.180471922399 15475.312616755042
5192 1909.9068568048742 16356.378712924241
5212 1386.4064637825077 16014.519173121786
5215 2817.5491612770797 15394.105676224395
5225 3579.7388120907617 17288.595184293394
5229 2608.1078972106675 15395.215137741732
5231 2675.5927046133497 15397.00557602645
5232 3100.0114798001246 16554.13024701501
5236 3228.954969794266 16767.51161715704
5247 2829.448893242167 15490.704579452078
5248 2833.1128250007905 15412.744581544683
5252 2345.4107608761606 16001.320832274763
5258 2638.101114016402 15396.010887269924
5259 2893.8361667392105 15399.457831457385
5261 2343.4559977724634 16055.260733509836
5269 3266.7527443148815 14328.163436552468
5273 849.5738364383157 15760.96362953746
5274 2353.7899364186824 15858.51656638177
5279 3014.744090126712 16407.685112465966
5288 2911.5881382810667 15399.560277614077
5291 2638.7787214067616 15994.964003378876
5301 2615.6061837689713 15395.414074655691
5303 2630.602793765723 15395.811949462075
5304 3612.319259100184 15178.185297279988
5307 985.473220855718 15050.809596139632
5311 2700.014701876415 15203.477911598975
5314 1005.3031247275777 17026.149162740916
5317 1811.0672793270726 15505.502040324738
5319 2901.2688217172513 15421.053756074807
5323 3356.1348349070313 14463.736174658765
5324 2349.1820854835546 15897.254576643309
5329 3276.7064921722604 15724.657256532542
5333 2548.121444384969 15393.623638175577
5335 2996.5808262180662 16385.43250158431
5336 1893.4576993424407 15402.50672380955
5339 2600.6095910664308 15395.01620030814
5342 2570.616319399937 15394.220449324439
5345 1494.6379088264196 16401.77665414722
5348 2349.4991282500964 16072.30139444389
5350 1434.3097207901544 16520.228292617307
5353 3768.030365368546 15107.01380858211
5357 4256.110796390353 15545.9871532055
5358 3870.288463369768 16678.00994211586
5363 2852.1128612245366 15389.977484374822
5368 2927.8733241820482 15399.654194487786
5374 2860.188819155352 16816.187995138673
5377 2830.953436656939 15459.049917086992
5385 3348.1831194382617 17349.185434507057
5387 2865.000917558501 15399.285862340817
5389 2871.4224164985912 15416.693423583016
5392 2347.5634281956 16030.33973886578
5393 2886.2954264028735 15420.356028220553
5396 2593.111280759496 15394.817262764107
5400 2563.1180419012053 15394.02151265084
5401 3410.4224564857454 17322.81393379324
5402 2022.280181546023 16770.118621471807
5404 2827.998297331804 15521.224219709622
5406 2867.8127109621114 16355.95492283012
5407 2422.975670875699 15605.340952262959
5408 2863.8197836632316 15419.651346352479
5409 4221.636170053791 16943.927277085306
5410 2578.114689166365 15394.419388445991
5411 2902.5002363320627 15399.505494602437
5417 2160.4919850734677 15385.853982305936
5419 2962.561705606372 15399.007533644013
5420 1950.9182776279147 16357.352896063385
5422 1860.8407971718923 17359.021982673254
5426 2817.4692588113335 15397.305676429442
5429 2106.42525811388 15411.615036372139
5430 2623.1044603497216 15395.613011304935
5432 3879.646471724525 15257.782251832044
5433 2167.9982875901305 15386.009276116694
5434 3133.076365976098 15906.30153356742
5435 2831.7963028255363 15441.316534504653
5436 2540.62316910959 15393.424701560965
5437 2555.619755148924 15393.822575731736
5442 2832.440200297027 15427.76933017831
5444 2871.311669594107 15419.886240465823
5448 2893.925796896511 15417.409638440597
5449 2640.548885656762 15770.792757453284
5450 2585.6129648855926 15394.618325072377
5451 4298.580933734387 17106.216782538904
5452 3012.0665534846084 16055.504777853253
5455 4349.613003122959 15496.023646369604
5457 2830.6651655548617 16301.281199091034
5458 2403.7814485725485 16709.01131157709
5460 3169.7448479084796 15580.418649785028
5461 2893.7864595822934 15420.609564477261
5462 3280.5833869081966 15427.34242204447
5463 3146.2674769368123 16628.62098212996
5464 3570.6566028127054 17253.355034228756
5465 2872.500761945825 15399.329788679708
5466 3045.285269804273 16822.190480273024
5467 3075.666553843411 15425.948573493444
5468 2988.2459118436705 15406.373760392198
5469 2809.970258665169 15397.123409064778
5471 2810.0494659135184 15393.923408189654
5472 2880.0006240777757 15399.373715122527
5473 2443.1856766157853 15395.537658349102
5474 3806.748365627336 15814.076438875476
5475 2901.4174873181837 15417.855658731916
5477 1514.1522039919573 16804.79294243031
5478 4144.767418181515 16487.538988609715
5479 4678.953129867292 16052.509377400727
5480 2688.4655482194316 16912.950957108584
5481 3119.430947633515 16234.815793257987
5483 3249.392350156941 15374.052911657283
5484 2908.9092006902088 15418.301680389592
5485 2527.0705776202753 15409.40517215738
5487 3614.8466468487277 15969.856404285954
5488 2802.128495588767 15396.932810656672
5489 2878.923802383191 15416.925833033627
5490 4217.490001928354 17134.61994600608
5491 3160.965022455605 14967.334766942253
5492 4097.944409407091 16947.71719532034
5494 2526.9809957220787 15412.605173208089
5496 3801.135483092802 15171.701909766758
5497 2531.7936178553773 17007.287635407316
5498 1849.929546896826 17100.19030751
5499 2902.774865228233 16792.83954125033
5501 2382.189256392816 16686.452641740023
5504 2974.3050943968606 16714.24603472242
5505 2713.81972491106 16902.465813922605
5506 2973.112427190409 16754.275892507696
5508 1485.9787410693448 16516.27954187283
5509 2886.4252364917847 15417.158243978321
5510 2895.000336302951 15399.461567937657
5511 3118.9432000829074 16578.546232724042
5517 2976.3300355931133 16756.156512096513
5518 2800.356382444976 16076.679573913452
5519 3663.515749240854 15263.23176668896
5520 2534.403522923359 15415.918863698718
5521 4731.195943598665 15789.521714324124
5522 2837.0616782366233 16368.21710189092
5523 2796.018952255914 16357.631031871577
5524 3396.1707102691184 15338.709999376422
5526 3481.9364778147483 15410.87905009266
5527 1809.4870342583886 15798.03525185024
5528 3307.0766625473434 16145.102643198967
5529 2878.4761785931933 15404.482261905276
5531 3155.7520941645143 16668.456754255698
5532 1460.7459357988716 17426.848957741906
5533 1465.852414315335 16528.11572788899
5535 2887.500476487546 15399.417641508404
5536 1355.6665070309532 15668.10351573002
5537 1455.9634629986904 16687.058454097358
5538 2908.7511756021804 15421.497947182586
5539 1848.9968199433781 17138.105944208073
5540 1258.9572702111975 16646.34623410717
5541 3443.1395297656723 16038.291958072548
5542 2910.0000873344766 15399.549420980073
5543 3939.3747633920043 16135.420041311298
5545 3429.459394893628 16022.458142156473
5546 2822.775883790462 15639.642985079363
5547 1930.6549839536992 16346.956853947677
5548 3130.2051441531385 16602.75417456377
5550 1589.9429468739 15936.075800950706
5551 2863.921068325399 15416.461015300787
5552 2852.152624772409 16367.786968456006
5553 4016.9527521733835 16262.720980796299
5554 1683.5389721730464 16400.649430818536
5555 1837.2392006616626 15383.071762035926
5556 3456.772104364032 16066.928906241945
5557 1837.1508576913732 15386.271762255641
5558 2372.270748788647 16367.875733664385
5559 2552.3547095491303 16964.88733810542
5560 2546.9862012552267 15412.908414410524
5561 3682.4178354460473 16440.97635205541
5562 4074.619538346961 15624.682760713269
5563 2285.6336081906475 15735.641597191414
5564 3122.6566167086644 16226.234215881017
5565 2844.6071222087307 16368.002036008473
5566 4352.65045263716 15713.065248992678
5567 3645.896481552134 15322.195751018753
5568 3788.166374734033 15225.856352286703
5569 2856.4975123295235 15128.417179049102
5571 2657.5710586939417 16930.18864990538
5572 2878.803586839776 15420.121135560983
5573 3089.975801356307 15428.215034948473
5574 2515.8408299623256 16361.472080699657
5575 2315.505691851297 16357.24786375974
5576 2318.6150811252332 16582.224967882677
5577 2437.2347710040935 16357.691482819431
5578 2917.4999348249958 15399.593347337137
5579 1565.9610006139621 16457.126581576136
5580 3154.4944324934518 16225.995260298629
5581 3651.0033890451114 16396.889218110777
5582 4108.959001274848 15627.67265442706
5583 1532.2467167330565 15508.001243298178
5584 3118.69290701887 16219.864744551347
5585 4070.26491226791 16149.01207384745
5586 4062.9989674009935 15657.707323672872
5587 3825.407325458304 15208.587458946542
5588 1028.3826463722946 16711.12983616468
5589 3788.3638677751933 16309.590801251185
5590 2849.2366163627257 15387.759300447862
5591 1823.2241971304818 16532.034629923026
5592 3416.0933530733228 16497.835862316984
5593 2828.706952810753 15506.314546981643
5594 2920.9613926113043 16359.349113102222
5595 2986.5067153474533 16347.004485139716
5597 1134.6519817519036 15672.170423252015
5598 2805.2402572726605 16370.71740509189
5599 3091.462269616608 15566.670158040768
5600 1610.9924362303186 16432.430242380142
5601 4096.948102773965 15646.350504180049
5602 2759.9060165552473 14916.592713702952
5603 2936.6885959280526 15399.221335289838
5605 2643.930593870305 16922.67903047758
5606 1849.0188768666187 15462.996319703043
5607 3358.741638490343 17373.434046650505
5608 2856.037239875358 15372.86699558666
5609 2257.725004098736 16618.64760126741
5610 1844.3512771879732 17348.331441716902
5611 1018.7036673961617 16737.99561706649
5612 2200.932527552804 16655.522336059108
5613 847.8688610302072 15753.813354227344
5615 2526.901209797995 15415.805172487795
5616 2799.6696094375066 15580.035833572218
5617 2135.198318528093 15411.821066299237
5618 3338.8355066084573 15518.153938489544
5619 1855.9393991060988 16401.75794282216
5620 3390.8239113049503 15450.007665242454
5621 2266.5526072060093 15386.073488516313
5622 3059.315263509891 15703.31503002198
5623 2391.1301935673555 16168.793698032516
5624 2809.932756853847 16087.562586993614
5625 1452.3898194244468 15593.400505913642
5626 3837.171276221678 16688.964942122137
5627 2105.4797640889474 16353.409511004906
5628 1872.4818463951985 15204.345071717085
5629 2473.3493536746505 15183.190590291795
5630 967.4916982289523 15596.913504605165
5631 1323.7202346905144 16598.36143687102
5632 3914.71402994953 16452.629099909474
5633 4428.538700882705 15747.689425987417
5634 3721.138374787148 16508.78927898362
5635 1566.9737212224402 17535.782206736898
5636 4715.862743374784 15294.939775116798
5637 3123.7075167122493 16240.140906164532
5638 3980.393405015414 16414.7758163506
5639 3327.6662729293002 15500.680333212715
5640 1532.7473023879568 15502.780790081217
5641 4140.719543513221 16126.07855424883
5642 3388.941354550141 17424.616258156995
5643 2856.6629563708675 15143.136760100646
5644 1344.897548841994 17335.432162977977
5646 2914.4542320477403 16160.885488791047
5647 3687.160846957105 15683.191451370183
5648 3833.7531363912512 15202.929411655228
5650 3883.4927924483422 16251.356577375764
5651 1831.4548100642003 16885.290878059226
5652 1204.3011234749592 15675.683444131044
5653 2824.840725724056 15588.627801410732
5654 3454.351837571619 16056.476492080244
5655 2126.177115381303 16170.411734817586
5656 4270.528931289819 16927.38974020833
5657 3225.747244749933 16616.23936221556
5658 3400.158731484556 17232.572891237214
5659 4500.168665952686 16883.203347169198
5660 2342.77295631364 16096.82271814738
5661 2838.102819194766 15184.648351211092
5662 1981.0230101516086 15384.696076834261
5663 4048.503990875407 15103.789786037507
5664 2159.9173201862554 16167.396461683766
5665 3942.9183529601237 15355.406682690204
5666 3347.783855569123 15877.146365371394
5667 2977.737538560199 15140.581826761578
5668 4145.645683053181 15783.276344400612
5669 1861.2189886684396 15786.355464036402
5670 2788.150121884129 16835.92637205505
5671 2846.3288765976636 16604.555818921624
5672 1788.010291533285 15952.122592039337
5673 2767.2417112102594 15811.475821050039
5674 3258.16846957301 15382.663882307075
5675 4097.780114040991 16944.44578101827
5676 2835.0673335295514 15173.694334773314
5677 3202.9633405572777 16406.53331070843
5678 3228.160136074867 14295.96329007248
5679 3974.835618648113 16622.07393367716
5680 972.512575751221 16035.281499187166
5681 3827.604911249384 16700.672457576104
