4703 2802.8685423646916 15400.152675161671
4719 2810.366268954257 15400.334944027116
4725 3678.46397704539 14970.307522019066
4768 2787.873134594606 15399.788138534668
4786 2795.370822888454 15399.97040646915
4821 4155.73783580885 16521.75083971284
4829 2817.863996495364 15400.517212915694
4885 2742.8868206454777 15398.694526450241
4896 2750.3844932508046 15398.876794003336
4900 2765.379920598307 15399.241331106263
4929 2780.375396419093 15399.605869387571
4935 2735.389111456544 15398.512258007804
4945 2757.8822363641975 15399.059063270473
4950 2772.8776637340025 15399.423600373942
4957 2720.3936981228535 15398.14772124555
4983 2660.5960682005416 15396.607700519222
5005 2690.589279484747 15397.403449900921
5006 2800.832358247891 14593.733544931612
5022 2712.8960305982587 15397.965453815968
5027 1355.0746151145124 15392.656734789573
5028 2784.407513191445 14609.496503984908
5032 2683.091003369121 15397.204513264018
5040 2727.891365264898 15398.329988665833
5070 2822.872607860568 15424.696267024361
5099 2645.5994220256166 15396.209824752996
5105 2830.345765623138 15471.834939582954
5106 2668.094427298131 15396.80663935772
5114 1842.496133654389 16961.5909407376
5120 2831.7702388746784 15441.864903901109
5128 2376.1828713252057 15086.910046649677
5137 2653.09773283532 15396.408762310368
5140 1813.8505897261607 15400.112583123368
5142 2832.5643371337733 15425.106126847593
5147 1853.4113550795164 15401.31453296506
5152 2963.80167417365 15599.113765005002
5162 2826.1546893211344 15425.235678488612
5164 2828.565169519795 15509.29757968128
5192 2323.278365915763 16366.505037160532
5210 822.3648955045237 16971.15223176838
5212 1316.96952678592 16055.31613444435
5215 2817.5491612770797 15394.105676224395
5225 3691.549390074711 17466.40637817215
5229 2608.1078972106675 15395.215137741732
5231 2675.5927046133497 15397.00557602645
5232 2831.5897128838606 16351.610823782037
5236 3128.0640743547106 16599.306192181164
5246 2611.305355117899 16588.871703411285
5247 2828.2090518421223 15516.79007523726
5248 2829.989646457387 15479.327466447183
5252 2499.541795381465 15557.04896793396
5258 2638.101114016402 15396.010887269924
5259 2831.0580008752627 15456.849950642685
5261 2494.3512580055067 15595.501406999076
5262 1032.0980029258462 16695.51625004086
5269 3420.095547494576 14563.146838870902
5273 1160.4052069511908 15686.822658633424
5274 2507.6754575367945 15489.455746832018
5279 2830.669617322925 16260.77678736242
5280 1027.3406358506113 16301.256594223572
5288 2831.4141213865905 15449.357395468343
5289 1979.35926658938 17311.65525210493
5291 2646.6776496221473 15584.860973888064
5299 3182.4622493319816 17058.99733918131
5301 2615.6061837689713 15395.414074655691
5303 2630.602793765723 15395.811949462075
5304 3635.8385027244135 15220.26979422404
5307 849.1176765134176 15182.26231154665
5311 2683.491323257227 15390.810623877078
5314 1136.1150452817599 17081.79723811786
5317 1841.1850275695083 15838.291513529217
5319 2966.8355243709148 15424.154699037841
5320 4492.071706202734 17002.182972591327
5323 3507.7721377910652 14695.459787943406
5324 2508.578128897743 15454.208686865364
5329 3142.517245423201 15579.93766668672
5333 2548.1213386174068 15393.62363536946
5334 3407.8476440140553 15439.154323945888
5335 2830.6740471309904 16220.472178684406
5336 2194.7075749573987 15412.213787896171
5337 3061.864641797908 17129.917724767543
5339 2600.6095910664308 15395.01620030814
5342 2570.616319399937 15394.220449324439
5345 1425.5067780494567 16290.930580639093
5348 2439.274127818513 15702.079474252609
5350 1543.8416848472223 16482.2506515359
5353 3984.4433354967223 15484.287122372485
5357 4056.8073573856327 15657.737458827689
5358 3934.933851065136 16639.79473394839
5363 2830.701883231999 15464.342445474726
5368 2832.1263579890096 15434.372378118715
5374 3143.8355833426103 16624.704656620466
5376 2902.8610329732305 17226.72979056339
5377 2828.921288041664 15501.805066363928
5380 1451.6487999461242 16977.449197375736
5382 1041.424711130338 15050.496378103275
5383 1356.1754510214041 16866.237596063154
5385 3480.986712877029 17192.89022016889
5387 2865.000917558501 15399.285862340817
5389 2871.4224164985912 15416.693423583016
5391 2337.0300207684186 16160.982513212142
5392 2477.6789786801764 15640.682273327318
5393 2886.2954264028735 15420.356028220553
5396 2593.111280759496 15394.817262764107
5400 2563.1180419012053 15394.02151265084
5401 3825.7691396633363 17101.769821298083
5402 2334.5568372093708 16554.341651725237
5404 2812.418863561751 15888.828398878648
5406 2796.068835230362 16360.831032925971
5407 2502.4489506266755 15443.80765888113
5408 2863.8197836632316 15419.651346352479
5409 3912.935502618973 16793.2764131917
5410 2578.114689166365 15394.419388445991
5411 2902.5002363320627 15399.505494602437
5417 1910.9241073424723 15378.508060375234
5418 3864.2432267459076 15628.934674780581
5419 3067.489425017936 15425.81378893254
5420 2356.029245465273 16367.672733128287
5422 1627.7997432736197 17033.30085528412
5423 3147.4903380232913 16636.49531982907
5426 2817.4692588113335 15397.305676429442
5427 1299.6176400929323 15787.098286604978
5429 2187.5187474850286 15422.594378114954
5430 2623.1044603497216 15395.613011304935
5432 3565.4578420386274 15342.071106114272
5433 1939.7711659503161 15380.320881237154
5434 3309.812180735201 15812.797556871976
5435 2829.2774063929437 15494.312556635663
5436 2540.6229257155273 15393.424695103482
5437 2555.6196446602653 15393.822572800364
5442 2829.6335282458385 15486.819973235592
5444 2871.311669594107 15419.886240465823
5448 2893.925796896511 15417.409638440597
5449 2649.135602335509 15461.423133460032
5450 2585.6129648855926 15394.618325072377
5451 4253.4038419916005 17123.61533769957
5452 3118.352515675849 16225.377847508207
5455 4060.5548228402813 15593.011815454563
5457 2834.934851033181 15870.600008993304
5458 2577.3588815300864 16989.399339717373
5460 3319.2935963054815 15828.857790348273
5461 2894.365554290627 15420.643942525128
5462 3670.4358055640896 15308.868382819812
5463 3076.577923158751 16267.462095849563
5464 3260.6790611266165 16814.494009040427
5465 2872.500761945825 15399.329788679708
5466 3142.8509785403244 16664.350504514226
5467 3091.865329588094 15592.133249875276
5468 2453.16348789089 15395.647533850659
5469 2809.970258665169 15397.123409064778
5471 2810.0494659135184 15393.923408189654
5472 2880.0006240777757 15399.373715122527
5473 1945.7754074897118 15387.035800209826
5474 4078.396419597586 15637.980668605338
5475 2949.8947837128107 15420.674638692954
5477 1409.7917382778146 16549.335479930844
5478 4047.1672967384716 16318.839695317103
5479 4386.406893529976 16183.543944827601
5480 3097.4624308563143 16685.19325241411
5481 3028.6204304735593 16284.706263809994
5483 2878.235735635922 15404.476595441794
5484 3082.3951102983265 15422.85865691251
5485 2624.187541080741 15414.07864118373
5487 3212.8768909378937 16184.971058279343
5488 2802.128495588767 15396.932810656672
5489 2878.923802383191 15416.925833033627
5490 4169.809150413982 17153.69314215951
5491 3245.4823193880393 15104.20984077154
5492 4432.416498914251 16721.196649406796
5494 2589.8525133845937 15413.558186891622
5496 3510.387841368336 15371.721558767607
5497 2740.660048095604 17241.7707867391
5498 2015.1720849623055 16777.797932576188
5499 3137.6923695770793 16614.81161490286
5500 2634.5943505001596 16220.9072035214
5501 2641.1644164647364 17085.807041802174
5504 2903.2403386906303 16576.90970971021
5505 3121.525543771433 16675.853469928683
5506 3132.25635556191 16606.057448845462
5508 1860.3961146242189 16355.281843378238
5509 2886.4252364917847 15417.158243978321
5510 2895.000336302951 15399.461567937657
5511 3220.093933011111 16191.217191611142
5513 2042.5123504140124 15560.273063548451
5514 4490.931106505176 15971.98236228199
5517 3226.088219155652 16788.811968849466
5518 2756.366646845709 16358.035950233041
5519 3639.9064969590113 15220.986572073403
5520 2624.6929669882757 15417.287123868313
5521 4709.7743321191665 15788.562673654551
5522 2837.0616782366233 16368.21710189092
5523 2681.614969988589 16358.799293655231
5524 3590.10552917748 15330.62744354402
5526 3825.2173274864595 15222.164302773701
5527 1600.0838614072468 15858.385702278789
5528 3624.002411438037 15967.626008228219
5529 2351.9332269658794 15394.532787802114
5531 3400.316204625372 17036.69472180568
5532 1746.0328839596298 17431.924850877873
5533 1843.271782918463 16355.797827665043
5535 2887.500476487546 15399.417641508404
5536 1018.3160998961464 15666.26934644985
5537 1622.8993783846977 17044.226713484906
5538 3120.022527833252 15423.40478216054
5539 1969.0498610561112 16804.379264358024
5540 1449.0710801670305 16665.62455872032
5541 3222.717750743841 15661.498766998862
5542 2910.0000873344766 15399.549420980073
5543 3731.6671183695303 16317.129525786107
5544 1870.5292157620595 15284.495135233466
5545 3539.2667222683403 16206.306431608959
5546 2809.753016605093 16170.600152995874
5547 1816.072413423501 16348.525392397956
5548 3103.750077977424 16252.973274123111
5549 3600.653173840604 16987.7139748123
5550 1523.032730652562 15962.948767640226
5551 2863.921068325399 15416.461015300787
5552 2944.985662322562 16370.213588374347
5553 4250.827907644252 16053.910443977189
5554 1388.6695475263105 16561.366588614976
5555 1694.3566282637564 15380.959870800809
5556 3641.6389328132263 16381.582679924028
5557 1521.0547784630003 15524.660344000786
5558 2821.974369713773 16371.086902177194
5559 2552.3547095491303 16964.88733810542
5560 2822.536354575263 15433.912449941832
5561 3355.1075401090206 16531.86356385046
5562 3859.145349311375 15221.202388204918
5563 2328.876953332847 16225.33939174632
5564 3122.6566167086644 16226.234215881017
5565 2844.6071222087307 16368.002036008473
5566 4447.277213759992 15925.029497066796
5567 4196.045386883442 15019.276351551875
5568 3439.138064002005 15398.490311235271
5569 2679.1511119918473 14796.71082723046
5570 2908.573314755386 15599.355913804082
5571 3045.8505066786825 16716.672676845188
5572 2878.803586839776 15420.121135560983
5573 3106.820764394249 15594.516817600459
5574 2347.9826404864975 16178.28495759003
5575 1905.9177004057153 16345.909732722257
5576 1896.4321680237783 16826.826107252837
5577 2319.8989438713506 16357.328153137216
5578 2917.4999348249958 15399.593347337137
5579 1258.6772463810446 16635.409642272545
5580 3599.0261510919627 15988.772762317521
5581 3807.0034999083123 16511.90787287865
5582 3788.7422749119164 15815.56098609467
5583 1097.9426391775391 15675.47525640847
5584 3118.69290701887 16219.864744551347
5585 4257.321826881746 15949.666975575983
5586 3762.571599867214 15822.036723104862
5587 4017.3173361325635 15550.18630407426
5588 973.5353099685378 16573.165617162253
5589 4023.6889377930065 16281.9900768166
5590 2856.9564367753537 15169.247755490815
5591 1607.6359597646529 16647.53635229817
5592 3185.6904880769653 16710.98531875211
5593 2827.852930856626 15524.28264038781
5594 2831.880712014111 16049.069646279328
5595 3391.741690364162 16100.216841788808
5597 994.6491963058569 15610.065619552846
5598 3045.8960174917893 16484.018352685565
5599 3061.4251314194003 15708.000646933295
5600 1337.6449952925545 16590.429953334366
5601 4269.591667608163 15557.693499877514
5602 2716.111237864104 14678.90802772245
5603 2936.6908890167997 15399.219580578449
5605 2717.0605308281 17193.421800521264
5606 1833.300547568817 16076.191799741071
5607 3380.781406086912 17519.593322184923
5608 2918.0566895816182 15085.670281020959
5609 1790.4710675809915 16885.37221306059
5610 1609.7434073046968 17005.934221619427
5611 1118.674044260632 16804.239873451286
5612 1670.2250334394305 16951.347408851172
5613 988.1319713888745 16097.288203487657
5615 2532.2868594415377 15415.886787453652
5616 2648.8852505182517 15489.994534604493
5617 2187.359505194707 15430.12005079831
5618 3535.3045369053834 15826.087548988462
5619 1857.3071203205131 16004.225192098198
5620 3698.0594755314673 15308.167968245449
5621 2261.480346160556 15700.170493225949
5622 3141.7382906247194 15860.864303091712
5623 2354.0951632813903 15850.365763501439
5624 2823.515998160154 16550.41703985455
5625 1031.1650044430908 15681.877945505503
5626 3650.07 16395.4
5627 1785.2426522408564 16308.710000424919
5628 2039.5037138374912 15190.267693800903
5629 2287.652576276975 15180.396185721542
5630 1001.6627224246561 15407.051586930165
5631 871.9362676224061 16860.74957088048
5632 4121.535880700709 16454.579480718738
5633 4626.805448106935 15695.503520769917
5634 3457.563966489077 16692.418253986347
5635 1471.0030196652258 17653.77941730096
5636 4522.0663908765655 15000.726416711073
5637 3061.8081206305355 16266.468814763966
5638 4149.78698112159 16502.290335524078
5639 3480.1299406251305 15730.107431737384
5640 1390.1170576349746 15453.689001295199
5641 4303.0521429430655 16236.500806322885
5642 3625.3192714654515 17402.88012897428
5643 2835.071762156294 15344.083135588999
5644 1534.1512545636554 17485.281185980686
5646 2981.911502775618 16141.429729529196
5647 3681.6325090961727 15614.733534861882
5648 3695.395720180089 15270.31970577744
5650 4266.836224821825 16048.764953293527
5651 1826.7978953867591 17182.02859922752
5652 1128.318791500664 15627.24780876494
