4569 4108.80571682246 15201.452587948039
4583 3440.88042354187 17060.075787884438
4685 3924.279577013588 15337.42047220977
4701 3410.4724877899075 16716.507842389135
4703 2802.8685423646916 15400.152675161671
4719 2810.366268954257 15400.334944027116
4725 3184.6959342969726 15406.489564588113
4768 2787.873134594606 15399.788138534668
4786 2795.370822888454 15399.97040646915
4821 3632.9511570522955 16361.026155166513
4829 2817.863996495364 15400.517212915694
4834 3157.391060450885 15406.611955798036
4883 2856.5115053342356 15129.662138766847
4885 2742.8868206454777 15398.694526450241
4896 2750.3844932508046 15398.876794003336
4900 2765.379920598307 15399.241331106263
4920 2833.4916372125863 15111.912708892154
4929 2780.375396419093 15399.605869387571
4935 2735.389111456544 15398.512258007804
4945 2757.8822363641975 15399.059063270473
4950 2772.8776637340025 15399.423600373942
4957 2720.3936981228535 15398.14772124555
4983 2660.5960682005416 15396.607700519222
5005 2690.589279484747 15397.403449900921
5006 2836.307164394174 15128.096928943294
5010 2737.452167274494 15807.853774653797
5022 2712.8960305982587 15397.965453815968
5027 1906.4971875628635 15396.29935865546
5028 2837.0942890592537 15142.91252899621
5032 2683.091003369121 15397.204513264018
5035 2196.8847693268817 15345.94797464007
5040 2727.891365264898 15398.329988665833
5044 2837.634271176122 15153.389324882748
5070 2822.8924759278816 15426.41987706726
5086 2526.9012399716316 15415.80517294505
5099 2645.5994220256166 15396.209824752996
5105 2830.345765623138 15471.834939582954
5106 2668.094427298131 15396.80663935772
5110 3674.104815116512 15883.303040223052
5114 2342.228311098407 16137.917901652985
5120 2831.7702388746784 15441.864903901109
5128 2856.61 15107.97
5129 3862.9029250559115 17620.989201166565
5137 2653.09773283532 15396.408762310368
5140 2527.070671355558 15409.405173578723
5142 2832.4824753612274 15426.879888989315
5147 2526.9809379405056 15412.605172332229
5149 3195.778453864258 17053.879969967886
5152 2856.9485531137316 15168.546344939608
5162 2826.092409281853 15426.569939808249
5164 2810.0689379633222 16024.648754701308
5169 3494.9945927528947 16875.03507886973
5170 4228.693231967062 14978.809378926457
5176 1102.268814112895 16734.93798624062
5189 3116.964615325957 14978.009961952026
5192 2534.420791869981 15415.919125395
5199 4461.714248850165 15416.463847604406
5200 3395.3601787273124 17014.87223687332
5210 1177.7507179522909 16692.260470091598
5212 1568.4421397466435 16467.84863322663
5215 2817.5491612770797 15394.105676224395
5225 3143.8902089530616 16624.792625794853
5229 2608.1078972106675 15395.215137741732
5231 2675.5927046133497 15397.00557602645
5232 2852.4366156658116 15387.839326649844
5234 3885.9599981299434 16665.997281916007
5236 2836.63348739973 15813.206803736743
5238 1036.5169216495292 16772.114147806504
5239 4509.332993156041 15205.227752939414
5242 1956.7432552777286 15402.15951780731
5246 2826.5475411248544 15827.358424317854
5247 2809.8369829644134 16131.808829670204
5248 2829.989646457387 15479.327466447183
5252 2849.4360503679604 15380.261148961941
5254 3848.6212612591535 16706.220299259698
5258 2638.101114016402 15396.010887269924
5259 2831.0580008752627 15456.849950642685
5261 2849.2366146395166 15387.759365235612
5262 1599.1375740905926 16449.88137273972
5265 3862.0579079876106 16725.9712243132
5269 4063.674234672517 15653.543248197855
5271 3233.6241526591366 16025.686878450457
5273 1987.5115440737754 15405.485379389389
5274 2849.6354850139187 15372.762973386656
5278 1460.4382731400053 15666.31931968217
5279 2852.6360519128966 15380.341090876724
5280 1299.5692828951346 15696.32620999902
5283 1367.0639080190376 16585.22267274765
5285 3829.609443553238 15552.328268505262
5288 2831.4141213865905 15449.357395468343
5289 2595.2951769304527 16968.60050641801
5291 2853.23435859513 15357.846460970786
5292 3592.530652442042 14825.410327984766
5293 3727.6435054529584 15763.450062017611
5295 3009.1829062940838 14409.657979041564
5297 1015.0474326833105 15666.384565543467
5298 3148.106617203909 17078.908711427255
5299 3107.1179552756175 16565.574527000623
5301 2615.6061837689713 15395.414074655691
5303 2630.602793765723 15395.811949462075
5304 3170.172466253778 15407.636239951427
5307 1341.8696492571971 15345.274041900266
5311 1916.3213758386796 15378.61350370016
5314 2018.7491068523746 16772.11186469738
5317 1951.4724628931208 15404.801859778434
5319 3420.3886447340456 16007.960155999152
5320 3901.1024059824585 16778.207468959525
5323 3663.0538740850748 15289.542574329258
5324 2850.0343549497125 15357.76659802811
5328 3110.099422600187 16239.931560894469
5329 2853.0349234909077 15365.344653775495
5330 3598.844960661805 15937.164456772976
5331 2557.290581003013 15268.107177784832
5333 2437.1145743837837 15388.521755514252
5334 3467.3801926972505 16084.887329915346
5335 2852.835488489484 15372.842842715278
5336 2849.8349200438574 15365.264783374789
5337 3147.846723052541 16631.16420271475
5338 2529.145280528651 15083.014337533305
5339 2600.6095910664308 15395.01620030814
5340 3825.2424828362446 16669.900917047806
5342 2474.6282701026603 15388.952402468793
5345 2363.4768429709184 16367.76581972601
5346 1947.5209047132084 16809.51305804604
5347 2332.289693896376 16346.322895941728
5348 2840.5029128383626 15417.035133305986
5350 2599.905510385284 16372.285688814249
5351 3429.6650342885696 17093.5351718838
5352 2886.2006219373034 16919.93909165332
5353 3534.079144540708 16015.15568083275
5357 3003.557626008026 16298.478889058353
5358 3279.2509893435044 16573.807415789935
5362 1071.109233919984 16931.961923627343
5363 2830.701883231999 15464.342445474726
5365 3589.546664955937 15914.08860970114
5368 2832.1263579890096 15434.372378118715
5369 2262.8866840997953 16928.889272694367
5372 3440.6756718530387 17054.930745494996
5373 2837.10724480709 16368.215803118479
5374 2996.4961235130963 16374.359705900071
5375 1413.0361709788406 15585.768062680396
5376 2602.261926089424 16964.71317825544
5377 2810.1289345605724 15996.931137536765
5378 2337.2041211322125 16146.655987720384
5379 3699.1333880697935 16132.464049669525
5380 1517.8689504044094 16849.39366784088
5382 1104.8935713268465 15371.405909657891
5383 2055.869452165627 16747.478405760736
5384 2216.648980631367 17272.49477520811
5385 3090.4099535974296 16538.667933167348
5387 2865.079572426655 15399.286323019762
5388 2727.5268246262167 15400.924873443848
5389 3033.8583019975035 15422.058619083322
5390 4369.807620439915 15480.710356778436
5391 2759.0728710283447 15418.987171610146
5392 2854.6780234094163 15408.91905067656
5393 3140.428781549473 15584.341341181906
5394 2949.7531691353847 16767.082964538524
5395 2507.4457393411944 15270.09890105712
5396 2593.111280759496 15394.817262764107
5398 2467.400563957972 15082.94334729782
5399 2786.817443382343 16360.92549271613
5400 2467.1274705956544 15388.866295344384
5401 3651.2801076842215 16388.81570061255
5402 2623.844085117428 15417.274259781436
5403 3406.133783605224 17230.006947748225
5404 2585.4293903633984 16984.20010738845
5405 2401.881105437592 15401.045467546588
5406 1815.4775688117238 16348.737024562412
5407 1837.1141997658094 15383.069484094925
5408 2863.8197836632316 15419.651346352479
5409 3206.8437976671567 16609.842714667073
5410 2482.128983183043 15389.038508601046
5411 3169.249397149726 15404.460972105515
5413 1840.824986206234 15863.796263239044
5414 3744.1 16540.497991559878
5415 3899.234055635786 15292.73210159243
5416 2844.3509056515777 15607.759148528658
5417 994.951715853984 15618.331600019143
5418 3463.127321649598 16077.704067831259
5419 3459.229598259653 16071.120663743162
5420 3254.780082277948 16599.98733806851
5422 1327.9399837720166 16205.456978337428
5423 3054.001245901685 16479.778571014147
5424 3835.006527419933 16685.608742031927
5426 2817.4692588113335 15397.305676429442
5427 1431.8767583625752 15922.684053260335
5428 3357.660461444618 15278.332080276952
5429 2337.2193702005284 16363.741204623477
5430 2623.1044603497216 15395.613011304935
5432 2855.636616340545 15387.929301281782
5433 982.87864747844 15698.823762410282
5434 3709.894970074976 16490.85047628196
5435 2829.2774063929437 15494.312556635663
5436 2429.556619965421 15388.434992267112
5437 2444.625199742111 15388.607975436744
5438 1860.974498327731 15800.498666986801
5439 1131.8236723920618 15685.00592725142
5440 2589.396010838526 16990.569799030432
5441 3569.8745039625064 14789.277996266512
5442 2829.6335282458385 15486.819973235592
5443 2897.3999450030133 16576.559662157193
5444 3069.033335625907 15425.839237389793
5446 4025.0631194764987 15311.3736311491
5447 3170.23656196143 16671.267422249424
5448 3693.317150060028 15300.100291577859
5449 2850.2337917272316 15350.268342312185
5450 2585.6129648855926 15394.618325072377
5451 3368.1289225950345 17331.183951700335
5452 3790.784030347365 15823.04692323375
5453 2801.4013630183495 16350.346254840033
5454 3679.140624624178 14971.397729472053
5455 3147.1668501500017 15405.694456030149
5457 2853.4337934404984 15350.348277898218
5458 2892.5150266213477 17464.012563527707
5459 2030.13877503531 15381.536525869371
5460 3759.9495431806354 16570.91346947465
5461 3883.3747101869376 15317.17480760245
5462 4078.376870969729 15928.912847987196
5463 3824.6741228999736 15804.003816219767
5464 4182.2496032886 16087.925510797151
5465 2873.421377894884 15399.335180696673
5466 3067.8883306665566 16502.399073950135
5467 3546.950435576067 16219.355123505866
5468 1847.5222121810793 15693.031106918605
5469 2809.970258665169 15397.123409064778
5471 2452.125958914595 15388.694082098124
5472 2881.7937725951642 15399.384217533696
5473 905.2342128801037 15730.83094683424
5474 3282.1923658793285 15407.231609664166
5475 4072.1411977570215 15143.31181006734
5477 953.5481996740557 16573.966548550732
5478 4160.336554906377 15779.809590183464
5479 3553.5296848089674 16224.25544022321
5480 3628.885457941293 16397.085532496665
5481 2369.9828386248155 16356.720763950036
5482 3584.624431054111 16627.571506314074
5483 1373.2548766047594 15660.445792772245
5484 4051.879292280487 15613.254047001365
5485 2916.9146291212487 15086.272663510783
5487 2430.1900737498386 16357.63947299904
5488 2802.128495588767 15396.932810656672
5489 3154.7554106215457 15424.334247639028
5490 4031.630365522574 17201.25282755885
5491 3099.6573407376754 15401.46539105885
5492 4873.087178518055 15729.85684736058
5493 3172.713677610024 15585.308682575735
5494 2890.161347251762 15100.383745281604
5495 3319.6902952154855 16932.73701759107
5496 1980.9266536512375 15390.199977396003
5497 3426.877734667325 17487.237870865658
5498 2864.3694652487898 16598.13136274942
5499 3046.914744479209 16283.27918914216
5500 2940.608084679344 16160.991400057062
5501 3585.8328926721642 17249.404304271055
5503 1425.3306867472222 15640.865457587744
5504 3623.7168496991067 15970.144143562422
5505 3640.964913116042 16378.688950250345
5506 3439.8806120778504 16074.695630305658
5507 1554.7003891852507 16286.716829568079
5508 2821.067886746846 16276.71835912453
5509 3672.1405675766246 15304.301575486568
5510 3281.948394277157 15408.82982481192
5511 4183.32469267977 15597.824448194508
5513 2459.6267562641033 15388.780189197765
5514 3844.253173491189 16262.44300135113
5515 1173.6699960565986 16771.745418163173
5516 3887.0930834096844 15191.01680109365
5517 3978.9347976533027 17554.408582428605
5518 1907.1778927716312 16820.532411536136
5519 3572.785790474108 15101.923073126414
5520 2856.532228531299 15107.778562538582
5521 4651.744590597058 15331.400278149024
5522 3309.1113823755763 16922.088849966905
5523 2491.814415616246 15609.702318626707
5524 3936.735808135565 15731.065603082438
5525 2937.0754678105573 15166.7407840396
5526 4591.788478291362 15365.476888107405
5527 895.1796461307517 15738.369330639604
5528 3594.6768924652 15916.304078053454
5529 1784.5524062260167 15511.172355341438
5530 4167.260181851703 15878.189870692542
5531 4072.4074961161714 17509.067030664173
5532 2791.806468699183 16858.32639217985
5533 2350.570330540973 15858.947223109984
5534 4166.038580239217 15463.590189323711
5535 2951.4931051714734 15398.924882804446
5536 1254.6023432834654 15485.804140506947
5537 2270.1994793404847 17371.31773764538
5538 4083.037754280232 15648.745025253258
5539 2383.861501022091 15786.414997754804
5540 1811.8571806360874 16881.67407493406
5541 3734.456504441925 15254.739843935013
5542 3254.22880664842 15375.943636315118
5543 3144.181962360329 16861.46039594798
5544 1843.8734428999148 16007.074703432301
5545 4079.307077636573 16566.28858506825
5546 3146.7570432585253 16652.050023497144
5547 809.4215175430013 16912.087943562645
5548 3770.6066195009776 15844.28700216694
5549 3681.979517502161 16935.382558593847
5550 2084.9208023163255 16361.934686333425
5551 2863.921068325399 15416.461015300787
5552 3191.7334137892967 17052.572667076263
5553 4040.749394802544 15092.77083392675
5554 873.3344041839271 17120.42122432899
5555 1547.0288923955993 15060.60317973735
5556 4248.981572242507 16937.64206460979
5557 950.9332157374381 15433.384957635948
5558 3419.7403741068465 17033.685697415076
5559 2353.2952717870753 17476.367089244482
5560 2819.169869848013 15504.741205265218
5561 2403.4490179349627 16833.255467345836
5562 3410.0399501998595 15360.730090316214
5563 2291.3508579181403 16617.655630528414
5564 3105.9633004001103 16199.408941593596
5565 3360.3609337478624 16320.650172953481
5566 4486.923699632102 15957.934798649061
5567 4551.930405949791 15041.625077375405
5568 3304.308811153111 14869.104339948826
5569 3101.5987095062387 14340.523881267914
5571 3403.7096712071393 16723.69028182245
