4703 2802.8685423646916 15400.152675161671
4719 2810.366268954257 15400.334944027116
4725 3711.896273567959 15024.16563200618
4768 2787.873134594606 15399.788138534668
4786 2795.370822888454 15399.97040646915
4821 4143.159058699839 16528.468325574075
4829 2817.863996495364 15400.517212915694
4885 2742.8868206454777 15398.694526450241
4896 2750.3844932508046 15398.876794003336
4900 2765.379920598307 15399.241331106263
4929 2780.375396419093 15399.605869387571
4935 2735.389111456544 15398.512258007804
4945 2757.8822363641975 15399.059063270473
4950 2772.8776637340025 15399.423600373942
4957 2720.3936981228535 15398.14772124555
4983 2660.5960682005416 15396.607700519222
5005 2690.589279484747 15397.403449900921
5006 2753.6579928165966 14638.971055378159
5022 2712.8960305982587 15397.965453815968
5027 1384.0896824145386 15493.178481719391
5028 2736.321194219514 14655.376442810377
5032 2683.091003369121 15397.204513264018
5040 2727.891365264898 15398.329988665833
5070 2822.8924759278816 15426.41987706726
5086 2341.1479768154536 16541.05912628672
5099 2645.5994220256166 15396.209824752996
5105 2830.345765623138 15471.834939582954
5106 2668.094427298131 15396.80663935772
5114 1840.5658128600764 16887.45552177021
5120 2831.7702388746784 15441.864903901109
5128 2407.7441075335196 15080.571220857932
5137 2653.09773283532 15396.408762310368
5140 1927.3438649764992 15403.009256496343
5142 2832.4824753612274 15426.879888989315
5147 1943.5200609341036 15403.938786538689
5152 2878.664084145563 15599.45049485498
5162 2826.092409281853 15426.569939808249
5164 2828.565169519795 15509.29757968128
5176 756.1504844016805 16703.396331873508
5192 2337.9422104605655 16326.552021604564
5210 834.5038910520663 17029.911816012434
5212 1359.8570290955474 16032.359019093305
5215 2817.5491612770797 15394.105676224395
5225 3631.3942238204377 17361.290873277274
5229 2608.1078972106675 15395.215137741732
5231 2675.5927046133497 15397.00557602645
5232 2830.6686636975555 16269.453347791425
5236 3127.8360690153618 16598.93901200152
5242 1674.6631692172737 15351.754668574009
5246 2605.250901867701 16528.200672966752
5247 2828.2090518421223 15516.79007523726
5248 2829.989646457387 15479.327466447183
5252 2508.457506505778 15458.91868971564
5258 2638.101114016402 15396.010887269924
5259 2831.0580008752627 15456.849950642685
5261 2507.6851459267878 15489.077439423749
5262 1039.2395952924285 16664.393699195407
5269 3458.973104528195 14621.64507575876
5273 1294.8883920007872 15690.408644701161
5274 2509.3091991494844 15425.662221210512
5279 2831.045469377156 16125.699451521881
5280 1009.9351348159996 16210.25690990238
5288 2831.4141213865905 15449.357395468343
5289 2083.8996448790363 17255.29552266334
5291 2648.939013032781 15483.85888763383
5299 3218.0385342628374 17040.56313429841
5301 2615.6061837689713 15395.414074655691
5303 2630.602793765723 15395.811949462075
5304 3641.611749241024 15230.600147754352
5307 903.5005482958233 15223.777230578866
5311 2580.6891956685795 15388.083182367365
5314 1164.6586512197953 17135.886019059966
5317 1840.955476811313 15940.494246440856
5319 3054.2238681917215 15425.595131223932
5320 4480.250757954761 16978.55552565657
5323 3537.458437022948 14743.120880901573
5324 2533.372898895072 15415.903245463138
5329 3038.707848213144 15598.430270015444
5333 2548.113727545325 15393.623433440234
5334 3398.248112261024 15441.483666632124
5335 2831.5204263491364 16082.124257139896
5336 2341.0051280461316 15414.191331906752
5337 3120.231510208789 17098.8148655129
5339 2600.6095910664308 15395.01620030814
5342 2570.616319399937 15394.220449324439
5345 1462.3688551946589 16287.693128946723
5348 2502.413935248033 15592.875761101883
5350 1641.631859775219 16429.758818999017
5353 4034.3031703904335 15574.514528030155
5357 3967.193952379467 15712.47230847622
5358 3881.6858066168247 16668.284108486372
5363 2830.701883231999 15464.342445474726
5365 3593.382972647201 15914.210663063357
5368 2832.1263579890096 15434.372378118715
5374 3139.933693798568 16618.42104717596
5376 2844.706335885552 17264.141762265608
5377 2828.921288041664 15501.805066363928
5380 1400.4823157692354 17005.459108832085
5382 1076.6362790834448 15099.55233137888
5383 1423.7973396504408 16832.934042557663
5385 3511.93966733886 17165.169610635596
5387 2865.000917558501 15399.285862340817
5389 2871.4224164985912 15416.693423583016
5391 2342.0862554551522 16148.636443860454
5392 2506.6900064800784 15527.935146969143
5393 2886.2954264028735 15420.356028220553
5396 2593.111280759496 15394.817262764107
5400 2563.1179416392642 15394.021509990793
5401 3922.8853604082215 17035.093554585408
5402 2336.3487273083347 16429.040458707426
5404 2810.08682182601 16016.386651813547
5405 1414.3078397838437 15568.482426024377
5406 2792.718161077326 16360.865244424369
5407 2498.0901389550745 15397.707960758882
5408 2863.8197836632316 15419.651346352479
5409 3854.270288077311 16714.52397111812
5410 2578.114689166365 15394.419388445991
5411 2902.5002363320627 15399.505494602437
5417 1844.4527328075917 15382.700011541285
5418 3892.516400931485 15663.47723905849
5419 3091.0323209951785 15436.446846720699
5420 2445.04412918868 16368.785319122131
5422 1594.8260025333668 16979.209998717568
5423 3143.890211817915 16624.792630408418
5426 2817.4692588113335 15397.305676429442
5427 1279.1389750111855 15804.754607497063
5429 2187.5187474850286 15422.594378114954
5430 2623.1044603497216 15395.613011304935
5432 3441.401209460196 15402.213087551218
5433 1864.7409867655815 15380.242330561481
5434 3349.468539160681 15880.054295978493
5435 2829.2774063929437 15494.312556635663
5436 2540.591028736032 15393.42384884526
5437 2555.6196446602653 15393.822572800364
5442 2829.6335282458385 15486.819973235592
5444 2871.311669594107 15419.886240465823
5448 2893.925796896511 15417.409638440597
5449 2654.2719642464285 15417.83031359396
5450 2585.6129648855926 15394.618325072377
5451 4241.454877832376 17128.217110501166
5452 3125.9514370946276 16233.627734345393
5455 3996.343424312266 15477.592081726585
5457 2835.3096078492695 15762.625589305044
5458 2577.3588815300864 16989.399339717373
5460 3367.3151345674974 15912.461927237373
5461 2945.2949121542993 15420.465761792078
5462 3696.333045104266 15304.971234885352
5463 3138.179205693841 16234.644900521667
5464 3205.3415355563316 16716.52637089914
5465 2872.500761945825 15399.329788679708
5466 3147.8467156825436 16631.16419084609
5467 3105.5766389442506 15594.782390533055
5468 2318.0654965622703 15394.159836885108
5469 2809.970258665169 15397.123409064778
5471 2810.0494659135184 15393.923408189654
5472 2880.0006240777757 15399.373715122527
5473 1867.1715129194442 15385.384558276412
5474 4035.015060722662 15560.472082430162
5475 3071.99025694725 15422.687152510398
5477 1327.7598355327634 16596.060497667062
5478 4008.0898645611574 16246.259575638627
5479 4353.903451370378 16116.301711942217
5480 3152.3917459984773 16656.0878331261
5481 2948.544285484933 16327.239859019786
5483 2736.042807919153 15401.125567649604
5484 3215.506417811832 15425.831531998638
5485 2748.4322598827207 15415.656976387168
5487 3094.7527749242076 16248.364919880714
5488 2802.128495588767 15396.932810656672
5489 2878.923802383191 15416.925833033627
5490 4156.836609576097 17158.158154365003
5491 3277.14999974758 15152.731896707595
5492 4531.502170436006 16640.108568320808
5494 2716.8100582720062 15412.071018379478
5496 3381.665517796351 15407.990440551994
5497 2805.979524237337 17342.65942176577
5498 2140.7948350168367 16706.874842089423
5499 3135.97717343189 16612.049460163358
5500 2638.4956675359326 16312.642639322248
5501 2707.101710198657 17183.89786951387
5504 2970.2760271694997 16538.16389651783
5505 3167.2275572181456 16649.174886198805
5506 3132.020643686821 16605.67785804778
5508 1904.897510709745 16356.259721179842
5509 2886.4252364917847 15417.158243978321
5510 2895.000336302951 15399.461567937657
5511 3349.519842691928 16122.601071956266
5513 2043.5445837809182 15474.840240733409
5514 4536.389984445784 16055.45022739512
5517 3294.1499970046684 16898.599402200573
5518 2634.786736719561 16359.149975907747
5519 3633.5599729375435 15209.630424948598
5520 2676.591268223344 15417.981731891166
5521 4628.466050205954 15832.857291612581
5522 2837.064433746687 16368.217023351313
5523 2548.230012358603 16358.510942103298
5524 3651.5679167161143 15297.549130420546
5526 3851.984481593967 15261.691989723127
5527 1549.2993916029723 15873.021897068644
5528 3601.2207774043786 15925.47708836613
5529 2219.288823324169 15393.07210970576
5531 3475.385311375641 17134.51645122448
5532 1898.492508963993 17348.32136770419
5533 1862.4985434173805 16355.252578334643
5535 2887.500476487546 15399.417641508404
5536 995.140498686181 15618.651784336733
5537 1692.410169080405 17148.944226130985
5538 3252.7803065146863 15426.696918758233
5539 2078.266814295225 16742.186899808432
5540 1487.4866323935328 16780.498682968955
5541 3183.890639239262 15597.550362144486
5542 2910.0042932192555 15399.5494456138
5543 3628.8799731417935 16377.99163715175
5544 1872.4432334124647 15205.930027400025
5545 3598.166517846659 16307.504149058748
5546 2809.4840342358 16294.866372711971
5547 1775.7089300529312 16364.058788253773
5548 3155.281266145445 16225.578114518878
5549 3652.693279649262 16956.614409938127
5550 1597.5312774513861 15936.79974458865
5551 2863.921068325399 15416.461015300787
5552 3031.0019281596424 16460.36124966725
5553 4285.882616688532 16002.680925160015
5554 1298.2744276615997 16612.855258725107
5555 1587.8451017023083 15448.55586590857
5556 3650.1240850571508 16395.48629247049
5557 1439.7591831687946 15612.782484035703
5558 2871.0795512721575 16370.47905721208
5559 2552.3546093079913 16964.887399910123
5560 2822.536354575263 15433.912449941832
5561 3235.227187431304 16597.936332736466
5562 3824.5280667219545 15206.292480439171
5563 2325.5399175628863 16361.769518169674
5564 3122.6566167086644 16226.234215881017
5565 2844.6208340901553 16368.001645182183
5566 4366.809142127583 15969.23962744401
5567 4324.018336236625 14948.14513563453
5568 3412.4658838802397 15358.568383115075
5569 2652.646640312092 14746.252591047725
5570 2851.6114918505273 15599.53604244536
5571 3116.4958966476192 16678.566467695866
5572 2878.803586839776 15420.121135560983
5573 3158.7456140141326 15576.352606570197
5574 2350.5680162497274 16035.56729353911
5575 1844.7924390780163 16350.43606850135
5576 1829.8344883912616 16864.955294412415
5577 2319.898223089772 16357.32813996449
5578 2919.944647354034 15399.60766593703
5579 1150.078227622565 16697.267174620618
5580 3617.075062083218 15952.024240564626
5581 3877.603595384179 16473.309263661144
5582 3684.3658345741405 15877.229478830797
5583 977.411864143303 15700.815131881884
5584 3118.69290701887 16219.864744551347
5585 4190.636278290044 15834.792021191312
5586 3757.440518828495 15812.943450891084
5587 4057.655119976272 15623.793165284278
5588 916.4815948506878 16582.659591952586
5589 4062.7757864171426 16354.58768604849
5590 2863.090690965625 15119.150905540486
5591 1543.7504960954682 16680.12021086728
5592 3230.5975892531774 16783.93439778094
5593 2827.852930856626 15524.28264038781
5594 2834.547436548415 15884.317224511424
5595 3450.0940562325886 16069.28089605393
5597 1034.8865625535534 15591.008481101877
5598 3041.9358937092047 16459.545852931733
5599 3090.6583783281185 15766.02399307852
5600 1214.706749136746 16660.45504771676
5601 4293.102433853449 15601.673301331299
5602 2764.8893288042514 14632.673407543076
5603 2937.1004658409347 15397.24790821671
5605 2760.050735342666 17265.901058235522
5606 1836.047106260839 16231.494524034182
5607 3304.955909838442 17556.31544340969
5608 3001.8727326355493 15041.292085222247
5609 1670.7411277262397 16947.458488930562
5610 1588.0916840883228 16965.295170561934
5611 1178.5711055599793 16772.785665985204
5612 1609.2365085062359 16983.389352309703
5613 985.5255426686754 16141.750324796705
5615 2604.2017104630013 15416.976596204544
5616 2649.389567408937 15432.439369455002
5617 2187.3591664449136 15430.136059862589
5618 3577.5559088338173 15894.684407888075
5619 1867.338753682173 15981.612385438424
5620 3735.770777560469 15377.995848563913
5621 2299.193135923447 15752.793334091284
5622 3106.4871679428543 15789.830514911495
5623 2385.7445306085983 15782.974874919893
5624 2828.9167901259834 16604.467659632206
5625 1015.5680002649614 15655.019313584686
5626 3661.2982662471736 16413.314649347427
5627 1744.2996722675507 16293.824281979627
5628 2087.2185377748597 15190.471545865612
5629 2249.9447285694355 15180.228790626474
5630 1008.5350408874949 15381.870383584599
5631 765.9361300572174 16929.046437434426
5632 4158.261747771727 16516.550617301873
5633 4609.153465727629 15701.404260307327
5634 3381.162220952283 16732.09608655384
5635 1544.3625105622154 17580.68621844531
5636 4479.421954316983 14923.694232372593
5637 3003.770155787275 16298.362098736356
5638 4184.509713370803 16558.91991642017
5639 3520.618396391976 15708.582728340454
5640 1372.0480877975392 15392.146037892166
5641 4355.507250900299 16208.474436748664
5642 3672.5973426947844 17376.245700456635
5643 2824.5415224233857 15381.381858434357
5644 1562.4643274084704 17507.819006978516
