4703 2802.8685423646916 15400.152675161671
4719 2810.366268954257 15400.334944027116
4725 3620.049075349017 14876.190047588661
4768 2787.873134594606 15399.788138534668
4786 2795.370822888454 15399.97040646915
4821 4225.777074701297 16487.083079863078
4829 2817.863996495364 15400.517212915694
4885 2742.8868206454777 15398.694526450241
4896 2750.3844932508046 15398.876794003336
4900 2765.379920598307 15399.241331106263
4929 2780.375396419093 15399.605869387571
4935 2735.389111456544 15398.512258007804
4945 2757.8822363641975 15399.059063270473
4950 2772.8776637340025 15399.423600373942
4957 2720.3936981228535 15398.14772124555
4983 2660.5960682005416 15396.607700519222
5005 2690.589279484747 15397.403449900921
5006 2888.4164675784637 14514.873197050762
5022 2712.8960305982587 15397.965453815968
5027 1313.762797052181 15362.073873935688
5028 2871.259706563812 14530.281693702802
5032 2683.091003369121 15397.204513264018
5040 2727.891365264898 15398.329988665833
5070 2725.957311166122 15418.583497359532
5099 2645.5994220256166 15396.209824752996
5105 2830.6348981975916 15465.751769145187
5106 2668.094427298131 15396.80663935772
5120 2833.9336733755354 15404.04236264749
5128 2378.840997133384 15175.137653683189
5137 2653.09773283532 15396.408762310368
5140 1586.9895698756907 15468.470796181582
5142 2884.620045795136 15399.402900935202
5147 1616.2405073164978 15438.235342654485
5152 3148.8615894046497 15577.168567316023
5162 2835.6487509306385 15320.823819268435
5164 2828.565169519795 15509.29757968128
5192 2175.4784132333807 16363.84906166991
5212 1292.4436084766828 16064.816252499275
5215 2817.5491612770797 15394.105676224395
5225 3695.829782700116 17482.34711474167
5229 2608.1078972106675 15395.215137741732
5231 2675.5927046133497 15397.00557602645
5232 2969.898799140474 16368.731549924312
5236 3145.657835376908 16627.63921434275
5247 2828.2090518421223 15516.79007523726
5248 2830.0725839873385 15477.582512142622
5252 2388.554822627354 15777.840728427578
5258 2638.101114016402 15396.010887269924
5259 2832.17409296804 15433.368063700547
5261 2360.690521380807 15829.31597257812
5269 3352.367960809981 14458.034599080722
5273 921.7139581279486 15733.151113443446
5274 2459.6605349112556 15677.978706123657
5279 2854.4426107463614 16356.360010303546
5288 2832.899042276186 15417.562709700462
5291 2640.5785339257714 15769.731167902735
5299 3140.1915372729595 16992.263516058872
5301 2615.6061837689713 15395.414074655691
5303 2630.602793765723 15395.811949462075
5304 3625.2630125095206 15201.347131307879
5307 858.1978938600162 15124.375418086083
5311 2698.3363998488194 15316.160451885527
5314 1094.687653253141 17008.60877562636
5317 1841.1539168465588 15620.808532360712
5319 2901.2689553297178 15421.05376400673
5323 3438.5971829229125 14590.985857952366
5324 2470.4205216512482 15655.517044231672
5329 3196.786798124005 15618.790386381948
5333 2548.121444384969 15393.623638175577
5335 2836.304886108265 16353.677400486084
5336 1996.3950165330693 15406.201993593988
5339 2600.6095910664308 15395.01620030814
5342 2570.616319399937 15394.220449324439
5345 1434.112558043302 16397.409752869666
5348 2356.8142836942407 15863.20725236188
5350 1456.9377781478963 16533.35837813679
5353 3888.52878548029 15313.975865981221
5357 4093.0629679633666 15636.496708849663
5358 3974.2339705070776 16622.395834310464
5363 2831.358601343579 15450.525502814919
5368 2849.312241304059 15400.408748997635
5374 3100.3498120195077 16683.635795507907
5377 2828.921288041664 15501.805066363928
5380 1543.2066954685574 16927.32793952564
5385 3325.122171253897 17268.278370239354
5387 2865.000917558501 15399.285862340817
5389 2871.4224164985912 15416.693423583016
5391 2338.3497588414602 16052.382733557182
5392 2364.6072176156217 15828.731681473015
5393 2886.2954264028735 15420.356028220553
5396 2593.111280759496 15394.817262764107
5400 2563.1180419012053 15394.02151265084
5401 3645.012627745572 17212.803044947985
5402 2275.5380736321304 16626.640506791242
5404 2821.956951890562 15659.917082925545
5406 2796.0689741708484 16360.831031507343
5407 2497.522190582656 15585.644490615858
5408 2863.8197836632316 15419.651346352479
5409 4083.033572620048 16934.06061456534
5410 2578.114689166365 15394.419388445991
5411 2902.5002363320627 15399.505494602437
5417 2112.6190482104153 15384.863565148999
5418 3770.6094051492864 15685.255724060333
5419 2941.13422283265 15418.112995218666
5420 2225.433951766392 16364.905114826788
5422 1742.9512212009924 17207.679654194846
5423 3099.97336271723 16573.167303441252
5426 2817.4692588113335 15397.305676429442
5429 2187.5187474850286 15422.594378114954
5430 2623.1044603497216 15395.613011304935
5432 3781.411814657783 15229.489183989846
5433 2141.4677876563314 15385.460401031138
5434 3241.9994225584173 15847.402772618861
5435 2829.2786149170483 15494.287130036397
5436 2540.623067866153 15393.424698874878
5437 2555.619755148924 15393.822575731736
5442 2829.6517310800004 15486.436996869581
5444 2871.311669594107 15419.886240465823
5448 2893.925796896511 15417.409638440597
5449 2646.876084837868 15578.08560983283
5450 2585.6129648855926 15394.618325072377
5451 4273.5898722437405 17115.841314466372
5452 3071.666604442466 16150.337857911847
5455 4129.485484762231 15616.27818866015
5457 2831.7007074622534 16065.58426507549
5458 2547.6049480429433 16933.328509870797
5460 3275.9769139761356 15755.842393614881
5461 2893.7864595822934 15420.609564477261
5462 3523.8415093624326 15388.573212426676
5463 3023.1925528410015 16428.108052112217
5464 3399.1892477328515 17014.108670672682
5465 2872.500761945825 15399.329788679708
5466 3011.164365827096 16739.012313193536
5467 3091.7517729104943 15502.131979632855
5468 2693.013923811484 15400.111515904367
5469 2809.970258665169 15397.123409064778
5471 2810.0494659135184 15393.923408189654
5472 2880.0006240777757 15399.373715122527
5473 2167.3369939565614 15392.50001697407
5474 4007.6970689858163 15698.917168142096
5475 2901.4174873181837 15417.855658731916
5477 1444.3677000550028 16590.602852097276
5478 4087.3518704440603 16390.57480594566
5479 4489.523034629105 16139.358189971132
5480 2908.9737541478494 16789.440905184165
5481 3119.0699176550415 16235.011126641863
5483 3131.9122084376945 15406.67821062786
5484 2909.6502036501165 15418.34579624829
5485 2534.48220376907 15412.718877380941
5487 3423.18365595493 16073.967811751252
5488 2802.128495588767 15396.932810656672
5489 2878.923802383191 15416.925833033627
5490 4190.675136779733 17146.51128896923
5491 3189.519057438636 15017.726091824947
5492 4293.391811088768 16904.277331991347
5494 2526.9809957220787 15412.605173208089
5496 3727.640571171764 15254.777133470117
5497 2622.527389989383 17061.936204831167
5498 1844.303070631356 16879.94699351835
5499 3129.450638709309 16667.93877424796
5500 2634.9441296760265 16033.065584009415
5501 2525.522073506657 16904.96594897408
5504 2944.330917118303 16657.76353365635
5505 2940.9271472611067 16775.56774818825
5506 3149.7419262082976 16642.77771793316
5508 1726.4360201308134 16394.532864700694
5509 2886.4252364917847 15417.158243978321
5510 2895.000336302951 15399.461567937657
5511 2988.4326198712347 16321.306466618289
5513 1969.441298943502 15581.772537863224
5514 4429.14894902007 15961.463397977408
5517 3143.751871113104 16667.494451812385
5518 2800.3765314179946 16316.61996282714
5519 3650.1026614701345 15239.23106999153
5520 2534.4286890661438 15415.919245070329
5521 4858.85804829403 15711.156403708263
5522 2837.0616782366233 16368.21710189092
5523 2795.974225769576 16357.63148860607
5524 3479.5410118707914 15391.072649545915
5526 3718.989091969343 15282.427627968378
5527 1695.4308307902556 15830.906498067532
5528 3530.2467345069067 16025.98696589502
5529 2589.607943699783 15397.674571122394
5531 3269.3000800404775 16854.972554359963
5532 1580.480213337319 17519.393675844894
5533 1689.4984065636227 16409.76888635079
5535 2887.500476487546 15399.417641508404
5536 1086.4665994645063 15676.702759683882
5537 1565.6635277112478 16949.32188836208
5538 2918.7314208925136 15422.090426004039
5539 1840.183661695192 16902.924811839417
5540 1421.2742225318798 16554.57212665136
5541 3336.324656193083 15851.432976598446
5542 2910.0000873344766 15399.549420980073
5543 3919.4135717996287 16214.555191368594
5545 3459.3199329283566 16071.273242458414
5546 2811.131821208368 15926.02421473776
5547 1816.1047992525532 16348.513870257611
5548 3003.048861789049 16388.068958568776
5550 1450.9461377554017 15984.868938353166
5551 2863.921068325399 15416.461015300787
5552 2852.1697482703216 16367.786480389272
5553 4055.704843628582 16164.195238903098
5554 1462.1204980456803 16518.340011635093
5555 1837.2143178703168 15383.071308586932
5556 3567.332040838243 16254.404485375566
5557 1679.16522246912 15385.793319583781
5558 2650.200256012725 16372.568220175675
5559 2552.3547095491303 16964.88733810542
5560 2772.7864892438465 15419.154338784108
5561 3568.9917970174993 16414.01226332226
5562 3953.4263544369037 15389.425413966246
5563 2332.80163522231 15982.20303210539
5564 3122.6566167086644 16226.234215881017
5565 2844.6071222087307 16368.002036008473
5566 4421.32132329361 15841.719168191286
5567 3948.526657008022 15156.865073858693
5568 3541.4822340188252 15354.979906219109
5569 2796.5210296208697 14974.404831892298
5570 3032.3319239294533 15601.098012578255
5571 2870.9003446325305 16810.315236764964
5572 2878.803586839776 15420.121135560983
5573 3091.832242045682 15523.638537238427
5574 2346.1548055791664 16355.362479783525
5575 2101.2220375849215 16353.331698439428
5576 2110.8010369810927 16703.625137957464
5577 2319.8989438713506 16357.328153137216
5578 2917.4999348249958 15399.593347337137
5579 1411.1774685447149 16548.54617395193
5580 3430.8580063686923 16079.479032597093
5581 3734.744840338124 16530.498334846532
5582 3985.6455464647256 15701.202284443958
5583 1319.0137009145496 15675.291590155082
5584 3118.69290701887 16219.864744551347
5585 4275.400910157706 16035.814519146272
5586 3858.8150503943134 15773.784159032504
5587 3890.4258424438785 15329.637816136974
5588 1051.9396139080538 16597.31449914156
5589 3964.8697414903945 16210.07046321432
5590 2850.2166629183575 15350.912336818348
5591 1720.404895604842 16590.020184372504
5592 3191.940099987637 16621.66146533334
5593 2827.852930856626 15524.28264038781
5594 2830.664024631463 16311.661890633015
5595 3203.927543286437 16199.78792473924
5597 1020.8387398235914 15676.596403652828
5598 2971.2888430531934 16384.798988381404
5599 3035.968483562854 15609.230724640993
5600 1429.9957143245317 16537.507265181135
5601 4174.613737593936 15602.718231274433
5602 2651.0593288065315 14749.78079872964
5603 2936.6885959280526 15399.221335289838
5605 2601.7608142031854 17010.42548856274
5606 1841.5214462139763 15800.352376963454
5607 3417.848344961972 17472.40625194276
5608 2856.845543279642 15159.38154462604
5609 2002.7182958460346 16764.792356732505
5610 1716.3168630878463 17167.34610866747
5611 1029.0271459032056 16845.121336841632
5612 1889.1189035991401 16834.816498126067
5613 910.0666688552278 15909.230431738255
5615 2526.901209797995 15415.805172487795
5616 2670.262127068773 15575.568967961244
5617 2187.359505194707 15430.12005079831
5618 3427.3907537685186 15656.37334301387
5619 1856.9294245431308 16161.791098144948
5620 3620.4983496468253 15335.989539930884
5621 2195.1594619817633 15498.165204584715
5622 3134.801159105672 15854.08615840672
5623 2350.3941385388766 16040.36529004955
5624 2811.299013767119 16353.526549692164
5625 1169.008324537362 15676.772250466132
5626 3692.5767032768586 16457.186588301945
5627 1869.9336981377671 16344.724710534048
5628 1952.5055157519553 15189.896011358378
5629 2358.4530033550777 15181.495343666244
5630 905.2519215017376 15468.658216668135
5631 1072.8079853085142 16740.02987100983
5632 4066.7918625105076 16366.167044539141
5633 4542.212574452849 15739.322387352497
5634 3654.1380875420487 16590.554512362996
5635 1425.1154757655677 17675.25014760396
5636 4664.993686573351 15165.001559262588
5637 3123.710134176468 16240.135998419122
5638 4081.2718590537843 16386.581035983618
5639 3408.3753138782617 15626.977095361577
5640 1437.4606978160505 15596.764435366007
5641 4215.601670452646 16258.575592781752
5642 3465.340190958792 17481.597546822897
5643 2838.02348674521 15160.94093065971
5644 1448.8986639530524 17417.418272007537
5646 3033.7415247566014 16111.285682945998
5647 3693.514631267719 15612.398543220255
5648 3743.5392504979327 15244.408841412827
5650 4156.947763933409 16105.470615435423
5651 1826.7366339923929 17080.750140142856
5652 1156.5321986335566 15641.84642441157
5653 2809.966448674501 15867.113019599743
5654 3415.4533300071266 16000.071930291899
5655 2261.8743616789193 16171.155114853464
5656 4335.24542952344 16925.29295773013
5657 3442.1068927121905 16499.04182080622
5658 3225.577074361791 17306.38145697194
5659 4671.615686574293 16778.61552979555
5660 2353.0445749787286 15879.085135902853
5661 2831.1653265747773 15372.56437771856
5662 1875.78 15368.92
5663 4102.980555194758 15197.665552316586
5664 2041.987593410085 16166.750416116049
5665 4008.1238157894736 15320.855131578948
