4719 2937.6676091890745 16157.779439922853
4768 2810.79129962565 15400.345276473536
4786 3183.640582646117 15597.138517955327
4829 2962.8025093237466 15866.418525860523
4885 2765.8051769449653 15399.251669038822
4896 2773.302874118045 15399.433937189156
4900 2788.298256665963 15399.79847320301
4929 2803.293619757624 15400.163008743886
4935 2758.3075044983357 15399.069401489585
4945 2780.800549176774 15399.616204801894
4950 2795.795928200475 15399.980740730074
4957 2743.3121558867297 15398.704866300719
4983 2683.0909514278433 15397.204511885966
5005 2728.316742491313 15398.340329536966
5022 2735.814488210567 15398.522598867452
5032 2720.819080588831 15398.158062244056
5040 2750.809829353667 15398.88713387476
5099 2668.0942959920358 15396.80663587404
5105 2897.8796766589426 15399.481220741976
5106 2690.5892636507865 15397.403449480831
5120 2920.3792624913767 15399.610976138934
5137 2675.592613010662 15397.00557359614
5142 2935.9143278041247 15399.717140641887
5162 2950.7197578896917 14458.253433147267
5164 2832.525193808434 15425.981119296257
5229 2630.602705892579 15395.811947130713
5231 2713.3213915543006 15397.97579429157
5247 2832.1690765648736 15433.47360571879
5248 2890.379773947673 15399.437230440746
5252 1350.0358874364501 16594.85032634984
5258 2660.5960195267817 15396.60769922786
5259 2905.3795404488105 15399.524472551608
5274 2564.5006051496716 16949.32668237238
5288 2912.87939385846 15399.567724301374
5301 2638.1010371897128 15396.010885231637
5303 2653.097701319583 15396.408761474226
5319 2631.3612822065347 15410.986573690974
5324 2912.0299810305464 17220.524915586975
5333 2570.6110293120764 15394.220308973207
5335 3710.4700359118197 17509.463236921347
5339 2623.1043928548356 15395.613009514229
5342 2593.11099449824 15394.817255169315
5350 1021.9699523734325 16273.337679917655
5368 2927.8791510399055 15399.654228091349
5377 2867.8800861348095 15399.303126341201
5387 2865.000917558501 15399.285862340817
5389 2584.52616817783 15416.678430000256
5392 1798.596980843237 16792.16736851554
5393 2543.9970595685154 15409.661835151626
5396 2615.6060892318083 15395.414072147527
5400 2585.611783660096 15394.618293733303
5404 2831.4568394275398 15448.45863432269
5408 2521.6428517250056 15416.06944967727
5410 2600.6094616524524 15395.01619687466
5411 2902.5002363320627 15399.505494602437
5417 2476.38914443537 15388.972616823954
5420 1260.206518089606 16246.647021293846
5426 3316.9504597748587 15818.593598158037
5429 1009.6995713063535 15649.650284955816
5430 2645.5993754135343 15396.209823516332
5433 2487.4244685978183 15389.446077343584
5435 2875.3799534045843 15399.347827536849
5436 2563.0977156442905 15394.020973375262
5437 2578.1122591270723 15394.41932397466
5442 2882.8798598669455 15399.392528966095
5444 2648.0082636038405 15531.528322677703
5448 2557.8625277350757 15416.274365078027
5450 2608.107809410815 15395.215135412316
5451 4467.407025606861 17022.59653227678
5457 3288.89368101473 16868.239213658682
5460 2808.2288988905775 15416.385889428082
5461 2649.5223500935613 15422.91335748858
5462 2786.8769457103813 15412.925124376694
5463 2760.666399827151 17237.408084239247
5465 2872.500761945825 15399.329788679708
5467 2711.088297622264 15412.001270881561
5468 3237.172645583043 15085.677128919684
5469 2834.5860468564156 16598.506227655067
5472 2880.0006240777757 15399.373715122527
5473 4021.4408611591093 15522.986410644553
5475 2592.4000650387325 15410.395789221502
5481 4164.245947712136 15596.982291953436
5484 2669.0500251099443 15414.68931755044
5485 1333.4517160939565 15682.149580916323
5488 2818.2889825404695 15400.527544277253
5489 2533.2932875781307 15409.499529589419
5494 1448.3558648555615 15636.544260847451
5496 3252.0553721489982 14305.834970959013
5499 2256.0653097536106 17152.74159693544
5501 1755.8694001581075 16816.408306225887
5506 2295.210996109662 17130.47834341162
5508 1165.6390819030175 16295.388082869315
5509 2611.389216654512 15417.085516782607
5510 2895.000336302951 15399.461567937657
5517 2256.3835788422616 17159.924461824776
5518 2822.892472757547 15426.419943769142
5519 2412.8496359464207 15407.567172473617
5520 2559.0637495078054 16928.945433651395
5523 3611.9616639682413 15918.835774003046
5529 4073.1210580900643 15413.230166446248
5531 2837.0616138807 16368.217103725241
5533 785.6059878575097 16615.828775400794
5535 2887.500476487546 15399.417641508404
5537 859.1837610738683 15792.339188484399
5538 2674.305188280381 15417.953864882073
5542 2910.0000873344766 15399.549420980073
5545 2846.7691964025053 15416.976162440495
5546 2830.744600514886 15463.443700278238
5547 3147.7399328573324 16624.919801345808
5548 2352.5908446217627 17108.886536582035
5551 2532.7476299329614 15415.89377004079
5552 2821.453450007494 15672.382156571219
5554 3017.14267743572 16291.013570380605
5555 2325.476197677266 15386.987427617782
5556 2866.5556166822307 15416.542639409403
5557 3355.566764502622 15407.791346226024
5558 2333.8193796143382 15162.57749384755
5559 3598.585405520917 15930.422372929712
5560 1458.3730961384997 15612.411923600645
5562 4228.867418979462 16485.565660309345
5563 2349.311775761885 15181.353428520417
5564 2915.674755670803 16789.413514964213
5565 2828.6883087062592 15506.706807402348
5567 1457.652578189389 15602.693750370734
5568 4488.6674483035595 15967.826018659043
5569 2849.436051195205 15380.261117859907
5571 1867.1823115017676 16863.703320718847
5572 2509.1802453654086 15413.67637631738
5573 2701.834334018968 15418.289441490842
5574 3360.2862139370413 16528.974066132978
5575 3267.040877725981 16573.203072436376
5576 3561.2565879037934 16000.626109884914
5577 3588.107770297743 15986.270964170357
5578 2917.4999348249958 15399.593347337137
5579 2037.6300021229308 15640.967247251912
5580 3360.4781615862526 16964.809216395955
5583 2291.4668934203974 15386.459923561672
5584 3931.5601918395732 16816.012382363984
5585 2619.097453930036 17017.945999045387
5588 2238.8285727072926 16355.846542338928
5590 2849.2366163627257 15387.759300447862
5591 2195.8476172612895 15385.584006795223
5593 2831.8129592961886 15440.966092669925
5594 3414.537181356878 17033.144914829645
5595 2232.2412228532658 16651.24192041847
5597 2172.320331475863 15385.974842580948
5598 2334.6041096622666 16251.90417928836
5599 2775.804417769855 15415.990639335001
5600 1884.4348025012346 15386.779207322303
5601 2883.623163741172 15417.071429595146
5602 2852.8354850468145 15372.842972149852
5603 2936.6885959280526 15399.221335289838
5605 4348.795986599701 15979.07167358241
5606 3657.0868171882676 15258.290446850486
5607 2580.0490564128677 16987.659631204642
5608 2855.6366151671587 15387.929345397775
5609 2479.4691435185587 15583.641269352609
5610 2900.549935229169 16774.58954399689
5612 2952.4417527459577 16969.46929955954
5613 2151.3824233780665 15385.665519537899
5615 1906.195857814621 16840.983211808554
5616 2830.3884806409237 15470.93624204279
5618 1893.6730099934575 15396.10518666198
5620 3841.054257926797 16694.929964324358
5621 2555.571952258901 15393.821307474069
5622 2816.102726884219 15413.281382744755
5624 2830.0323624857824 15478.42874764442
5625 2252.3734882005324 15385.853562147608
5627 2636.276002773056 15885.826760595904
5628 939.3333995911497 15725.667922848577
5629 2337.6848744069293 16350.074443099915
5630 2130.1177036557947 15385.22558531555
5631 2721.589182779294 16361.59149496856
5632 3210.761883551393 15647.97882313114
5634 3299.424310508056 15497.245376136076
5635 2927.359774681403 16760.9277767434
5636 3945.4649057877978 16220.78841014693
5637 2349.8076315735743 16367.594969947731
5638 3345.8285830729296 15873.832344191407
5640 2186.865786317409 15255.266553273723
5641 2599.4570318085775 16966.278261809068
5642 2582.7392167143566 16985.929876268114
5643 2852.43661590343 15387.839317716076
5644 2227.641747525685 16636.22047575321
5646 2336.2201766526127 16438.02959846243
5647 3632.7453441820076 16360.67172742023
5648 3351.217992122395 16544.66346052204
5650 3091.0170961711033 15435.056837782455
5651 2572.5706695652916 16944.12677784686
5652 1862.515143627595 15710.682417100037
5653 2831.100718415339 15455.95120003508
5655 1577.2649285418343 15469.713439802183
5656 3463.043088017343 16077.561794000238
5658 2575.6552429397852 16371.779604896727
5659 3429.245917715945 16502.36909822788
5660 2459.626795075364 15388.780189643308
5661 2852.6360503585424 15380.34114931602
5662 2467.1275450312614 15388.866296198883
5663 2152.6192593291503 15404.703955709612
5664 2452.1259345455696 15388.694081818374
5665 2872.467795106521 15419.922488625452
5666 2832.8177173255526 15419.409449173705
5667 2849.6354855762684 15372.762952243897
5668 3039.772067635837 16474.291345589634
5669 2793.618747733506 16360.856049134843
5670 4526.3175862264125 15888.837146602718
5671 3180.6295767240304 15598.347155686968
5672 2040.6990559270541 16351.574904469291
5673 2336.781545673718 16398.774842767074
5674 2949.600986067647 15398.910754077566
5675 2781.8668679138586 17299.674638828237
5676 2849.8349199264144 15365.264787790315
5677 3693.165634228095 16132.184491841352
5678 2858.9599314297693 15210.93630971936
5679 3458.4942497792126 16069.217999411234
5680 1432.4537385439264 16283.770104009915
5681 2907.2318718123606 16366.466256398578
5682 3497.172588387034 16465.50791763786
5683 2353.9305650827114 16617.47312959483
5684 1418.724901293359 15631.971842383466
5685 2689.8756069199594 17127.72973860229
5686 4371.184395051104 16413.981582376047
5687 3049.3884376436968 16711.12442273971
5688 3969.9651401108326 15418.935499006191
5689 2487.8379550620907 16811.650475070684
5690 3627.265044352012 16357.614354290661
5691 1480.3522324283067 16284.924685467862
5692 3380.14069015772 16510.565205782903
5693 2853.034922065855 15365.344707353413
5695 4285.614755080224 16020.560474551718
5696 1003.5265796722481 15369.15724420443
5697 1153.5961916488877 15649.161877293556
5698 2993.1687139584938 16742.582771818295
5699 2957.1008703465436 15398.966756797689
5700 3073.770348006745 15596.134546405789
5701 2514.4499619934763 15241.265210534451
5702 2221.147075366949 15385.369222353325
5703 3761.345536595251 15233.013502080204
5704 3718.660241723949 16504.835428595128
5705 1808.2230273462153 16876.346531863437
5707 2293.73554907716 16601.314714682587
5708 1844.1420826051126 17018.014813587077
5709 1337.759904458163 15277.05687888462
5710 1425.5647354785926 16273.045566813853
5711 2906.9390699874793 17486.19692441355
5712 3069.7455379830194 15400.473330752378
5713 1861.2246044162052 15397.781494706087
5714 2959.7125423718207 17184.053499975267
5715 3744.5292733057854 15268.4869541751
5716 3125.153783521836 16670.25650315469
5717 2825.9748330019947 16003.666238485648
5719 3832.1455830034283 16694.409631772058
5720 4301.917018713044 15611.365427725943
5721 1827.7278399267714 16835.61692844219
5722 2550.3285200917317 16358.526435034553
5723 3892.8846527558358 16814.02340426132
5724 1486.2062721809946 15552.545185572613
5725 2409.036901974094 16723.489998843914
5726 3700.3493083712156 16475.620415073263
5727 3710.654562315545 15267.552034764696
5728 3993.9214359394578 15699.89819867144
5729 3608.543686705971 16385.35091435658
5730 3623.888489916321 15968.630588919716
5731 2809.970168075819 15397.123406862955
5732 2817.46925456524 15397.305676326238
5733 2650.3942654109774 17088.522218416656
5734 3657.6127865381513 16407.43448270275
5735 2632.252366609759 16944.315306240118
5736 2232.2701918867956 17156.64312940948
5737 3156.049768054531 14965.610754433288
5738 2745.189533011473 16371.236534381356
5739 2511.842222264568 15373.51470381986
5740 3388.6545803044164 17111.584595356875
5741 1601.9249558056752 16994.663010299686
5742 863.5593137933311 15809.523003055217
5743 3461.3293294153486 16068.382142498916
5744 3457.837172638422 17305.80232500407
5745 1086.615361145664 16339.175211653504
5746 2924.753452990589 15396.436086810787
5748 3299.1638444284054 16779.46780265461
5749 3451.3606276109062 17084.71716579649
5750 3819.7598462611186 16667.144100470887
5751 770.4134548431647 16519.755857868357
5752 2885.4858801087785 16370.15417427126
5753 1906.8691821184425 15381.631211397225
5754 3595.521264508291 15325.89842551892
5755 3292.8213800040344 14367.767294200214
5756 3812.668587990756 15659.956988314125
5757 2521.9592843210485 15409.044176370955
5758 2640.073865349546 16274.532726542942
5759 4285.553558342163 16002.070133837275
5760 2345.332917816872 16275.203659852099
5761 931.4659747691776 16575.776897797972
5762 1450.6625606070793 15665.790493583405
5763 3960.4407719766864 15347.88943033266
5764 1869.887679273689 17351.43967819226
5765 3408.6401192630688 15434.853531292312
5766 1482.7822153549464 15745.172929456914
5767 4556.078120297574 15775.681784223245
5768 3359.113516253011 15409.418478904907
5769 2253.016372476331 15687.677205992335
5770 1430.069741171014 16203.13162064473
5772 2001.540032882143 16778.161409781635
5773 2226.9927333910946 15647.17492010397
5774 892.3433317497638 16604.77372918778
5775 2222.512454841834 16944.81957799526
5776 3193.6812440497993 16339.896855325174
5777 3255.211605455801 15377.600824262292
5778 1722.5480406369024 15826.425885649332
5779 4130.448575819658 16953.718884993927
5780 2420.6537343013865 15577.647392071987
5781 1749.6865071112168 15888.440518609928
5782 2819.4128084782747 15499.629926826285
5783 1348.1977497873308 16315.812257623695
5784 3266.663738345311 15130.662569413073
5785 3045.2451198781073 15244.5286666196
5786 4734.481163410096 16216.132382175396
5787 1424.034688764479 15952.1656237708
5788 3164.3085289793294 17272.956574842854
5789 2370.2366651783623 15417.7741681082
5790 816.4489176830563 16937.433529378788
5791 3677.5542371478623 15305.002344836465
5792 3165.6121866096864 16628.798682336183
5793 2398.1900010453146 17516.07663461036
5794 3505.800058639029 15372.373185599346
