4768 2810.79129962565 15400.345276473536
4786 3571.6562532119706 16255.47097488809
4885 2765.8051769449653 15399.251669038822
4896 2773.302874118045 15399.433937189156
4900 2788.298256665963 15399.79847320301
4929 2803.293619757624 15400.163008743886
4935 2758.3075044983357 15399.069401489585
4945 2780.800549176774 15399.616204801894
4950 2795.795928200475 15399.980740730074
4957 2743.3121558867297 15398.704866300719
4983 2683.0909514278433 15397.204511885966
5005 2728.316742491313 15398.340329536966
5022 2735.814488210567 15398.522598867452
5032 2720.819080588831 15398.158062244056
5040 2750.809829353667 15398.88713387476
5099 2668.0942959920358 15396.80663587404
5105 2898.772929870491 15399.486372144582
5106 2690.5892636507865 15397.403449480831
5120 2936.9039410884284 15399.659207965
5137 2675.592613010662 15397.00557359614
5142 2976.3874188900545 15399.110772243803
5164 2832.525193808434 15425.981119296257
5229 2630.602705892579 15395.811947130713
5231 2713.3213915543006 15397.97579429157
5247 2832.1690765648736 15433.47360571879
5248 2890.379773947673 15399.437230440746
5258 2660.5960195267817 15396.60769922786
5259 2908.8047280666638 15399.544225652056
5274 2512.6097096654385 17006.96522429313
5288 2922.0044874792993 15399.62034883206
5301 2638.1010371897128 15396.010885231637
5303 2653.097701319583 15396.408761474226
5333 2570.616301655801 15394.22044885367
5339 2623.1043928548356 15395.613009514229
5342 2593.111173288058 15394.817259912785
5368 2957.3609153936573 15398.968698591649
5377 2867.8800861348095 15399.303126341201
5387 2732.557190481451 15418.66394900667
5389 2348.1598422871803 15925.46244333896
5393 2197.287290241973 15219.226051913685
5396 2615.6060892318083 15395.414072147527
5400 2585.612886057494 15394.61832298099
5404 2831.4568394275398 15448.45863432269
5408 2342.319150023807 16131.063820859916
5410 2600.6094616524524 15395.01619687466
5411 2880.4852584726646 15399.376553610044
5417 2540.6229875531803 15393.424696744096
5420 1001.1155077894311 16173.116321577007
5426 3631.1622702321424 16357.94553575171
5430 2645.5993754135343 15396.209823516332
5433 2548.1213207603087 15393.623634895694
5435 2875.3799534045843 15399.347827536849
5436 2563.1179548836094 15394.021510342178
5437 2578.1145985841144 15394.419386042755
5442 2882.8798598669455 15399.392528966095
5444 2795.41920981499 15950.989573269168
5450 2608.107809410815 15395.215135412316
5460 2215.412977181972 15407.162016869186
5461 2733.7964277538126 15807.802574485779
5462 2222.9535175882897 15403.97708957261
5465 2823.860796609877 15413.836623631472
5467 2215.4600313152796 15403.962012135442
5472 2857.180700662989 15419.507689997517
5481 4036.986088960131 15304.920883561737
5485 1140.4903295320541 15678.648870676196
5488 2818.2889825404695 15400.527544277253
5509 2349.6666815658664 15883.882590662311
5510 2869.748430333631 15399.313668365086
5517 1504.0416468821845 17640.096580005775
5518 2822.892472757547 15426.419943769142
5519 1538.953391197635 15521.857531146117
5520 2712.597461361577 17162.935080982723
5523 3957.2856027305907 15791.097172468733
5531 2809.657425129841 16214.762122785378
5535 2859.3989392369385 15401.937916037614
5538 2639.4697844165644 15909.535281112057
5542 2889.970513518802 15399.432108433064
5546 2830.744600514886 15463.443700278238
5551 2351.7218689616793 15915.585777349152
5552 2829.3201247921224 15493.413787953079
5555 2467.1275070439456 15388.8662957628
5557 3936.698715045982 15359.579071161583
5559 4067.9518120463345 15650.986004402845
5560 1419.4256235807704 16127.343655371513
5562 4375.3137349654835 16194.946830830546
5564 2996.8056997871468 17103.18184815483
5565 2829.6762446945218 15485.921245590225
5567 1159.9356462833257 15339.462130967517
5569 2849.436051195205 15380.261117859907
5572 1893.585506172918 15402.508619188053
5573 2639.4776254011745 15879.640220455893
5574 3817.5365759363935 16657.504103832816
5575 3966.343867082153 16196.305227557596
5576 4059.7496676031233 15655.940329175462
5578 2898.8129369579665 15399.483898212762
5583 2459.6267689104902 15388.780189342942
5588 2336.952586246993 16386.814517801726
5590 2849.2366163627257 15387.759300447862
5591 2437.1246234424007 15388.521870874694
5593 2831.8129592961886 15440.966092669925
5595 1713.417496341914 16939.685237817157
5597 2429.62374778398 15388.435762876086
5598 2177.935885751334 15412.811224331726
5599 2215.2622158727277 15416.762012006358
5600 2160.4919690669267 15385.853981974786
5601 2825.6668921998926 15042.988971757526
5602 2852.8354850468145 15372.842972149852
5603 2907.7109568946075 15399.536013619296
5605 4245.067252402526 15913.413518602314
5606 3616.4942738835243 15185.6574299025
5607 2460.8992432674386 16804.683548761866
5608 2855.6366151671587 15387.929345397775
5610 3747.341052204763 16315.713940082649
5613 2422.123029997868 15388.349656689812
5615 1855.3286491176973 17244.350866928984
5616 2830.3884806409237 15470.93624204279
5618 1492.9864812282783 15572.944509902687
5621 2555.619629298708 15393.822572392806
5622 2222.9418320179657 15407.177156511038
5624 2830.0323624857824 15478.42874764442
5625 2452.1260637386804 15388.694083301476
5628 961.3583647899869 15595.65748647178
5629 1814.2387386822686 16359.743060170069
5630 2167.998235045203 15386.00927502962
5631 3161.2350037894157 16631.197926039888
5632 3024.670194059964 15421.907170436696
5635 3836.303086787451 16266.737851810254
5636 3836.226575671 16687.513696613612
5637 2283.3236566664677 16366.128895160376
5638 3091.0446193034068 15437.56966812596
5641 2595.274185062944 16968.612219524926
5642 2435.4911883279447 16765.255056932827
5643 2852.43661590343 15387.839317716076
5644 2469.708294647837 16361.131507828912
5646 1857.6423574575642 16861.857804151336
5647 4111.650712652609 16950.259962436387
5648 2620.847698893514 16950.678582072203
5650 2863.921048432219 15416.461014684453
5651 2778.071198417284 16841.478009158407
5652 1754.5980439501025 15962.222288644203
5653 2831.100718415339 15455.95120003508
5655 1721.4840763954433 15299.112789166704
5656 3164.505560850339 15575.152055206649
5658 2349.5128609550584 16367.591285646322
5659 3044.9099867699606 16488.513965987055
5660 2482.129028198377 15389.03850911781
5661 2852.6360503585424 15380.34114931602
5662 2533.124634532716 15393.225758066832
5663 1511.3786087562614 15552.503757436694
5664 2474.6282299135078 15388.952402007431
5665 2641.1947160018217 15747.668077036822
5666 2636.5754038066934 15798.397809596021
5667 2849.6354855762684 15372.762952243897
5668 2606.3286836142443 16372.359759088236
5669 3204.8727671185266 16607.278973323013
5670 4989.567677100193 15997.299482705137
5671 3227.149754636746 15426.101855001589
5672 2336.9440205001815 16358.620590593277
5673 1904.2794269952299 16842.099273306438
5674 2923.125864627187 15399.62629822069
5675 2478.3379363570816 16831.745099503605
5676 2849.8349199264144 15365.264787790315
5677 3969.8814273066287 15804.817046144017
5678 2850.0343551377227 15357.766590959462
5679 3877.1801731472406 15767.429769991606
5680 1853.2022596626252 16343.15393029886
5681 2919.671693880812 16341.497928947747
5682 3001.480167454978 16740.608352270243
5683 2537.0272470120676 16997.057643924807
5684 859.4068145367434 15792.82426049489
5685 3282.519421506198 17365.92457447967
5688 4273.3408330118955 16037.77344684139
5689 2745.337034986 16866.819226308748
5690 3340.815568754844 15865.335709753972
5691 2045.0052653082007 16351.749429254782
5693 2853.034922065855 15365.344707353413
5695 3541.2011740976745 16441.41500884627
5696 1017.1680073372243 15661.569342536763
5698 2600.2743617825017 16962.157550340376
5700 2938.7254863945213 15406.641323744503
5701 2622.983384376355 15392.407411251854
5702 2444.625357362433 15388.607977246182
5704 3639.9806308500706 16378.864958845552
5705 2141.4207794788244 16686.29652037685
5707 2465.341837993387 16788.34884002041
5709 1678.1246859445953 15382.6837963699
5710 1828.6797672481246 16341.384385823727
5711 2389.725922121871 16686.446774058153
5712 2956.8473336157913 15398.964863602268
5713 2579.1994607564166 15397.429276815723
5714 3327.3290633393995 16971.45035995638
5715 2998.182179794581 15602.31945668929
5716 2601.825165090505 16964.95688350342
5717 2502.8320179435323 16369.973349743725
5719 3656.386793629601 16405.478416416503
5721 1840.5373931068195 15872.759581504124
5722 3114.505116248802 16219.19339624998
5723 3496.2138056033805 17053.308258365196
5724 2152.9601589891367 15385.698160451966
5725 2056.858514394052 16361.341453458355
5726 3521.358901846939 16176.059437049194
5727 4092.9741051765345 15636.546037512468
5728 4209.831756381107 16076.426052759873
5729 3564.883088126798 15998.68731484895
5730 2997.4543928046774 16310.350962486309
5731 2809.970168075819 15397.123406862955
5732 2817.46925456524 15397.305676326238
5733 2442.892622556078 16770.822437972787
5734 3410.257186726155 15991.246155225037
5735 2593.7241256886105 16965.812278392765
5736 2552.35475358699 16964.88731095343
5738 2357.092357885427 16367.6860208386
5739 2507.1749717303596 15508.998466358777
5740 3692.3717982515245 16929.172044720915
5741 1331.8338061356667 16605.141794624313
5743 3634.9292517515364 16364.432607081833
5744 2830.1451698865244 17379.828716321263
5745 1427.8616115311381 16237.399958426506
5746 2935.5936730133544 15396.52951885919
5748 2972.186855810951 16385.350211389155
5749 3746.43215454488 16896.865123763655
5750 3649.970371284015 16395.236722703423
5751 919.3796252425586 16580.651457275806
5752 2364.908376709191 16367.783712288696
5753 2707.511009639475 15400.4531653682
5754 3639.004227478793 15225.934381003473
5755 2948.4473768606413 14464.636960310445
5756 3993.6734171958747 15700.049682483708
5757 2413.090381084198 15388.245964353679
5758 3004.5292365163364 16390.551959125714
5759 3881.0635540883336 16033.178191907577
5760 2800.26673474373 16313.342532100341
5761 1096.1191566106431 16727.433883145924
5762 1427.5898835620058 16106.98100648755
5763 3859.1646024902375 15784.623347052227
5764 2555.468552652898 16970.48503712772
5765 3072.741425311793 15400.551220386618
5766 1837.2219712086887 15383.071448056759
5767 4287.951555793366 16010.27979364951
5768 2987.1276527011964 15399.19097112232
5769 2199.230029739167 15395.05859002033
5770 1817.0042686118034 16330.644753935825
5772 1826.4132685892152 16715.895763363715
5773 2220.6639502602457 15385.3617288024
5774 1052.2390549748543 16567.18241222275
5775 2518.340431663077 16985.85919022824
5776 3066.5180653017997 16483.200517006557
5777 2978.849810483139 15399.129159277802
5779 3688.068273285965 16456.02607768114
5780 2239.8814707670426 15404.011149840577
5781 1426.3500084257114 16133.881397742469
5782 2822.5363548233754 15433.9124447217
5783 1060.5402674694155 16524.40557747602
5784 2918.3072862758445 15085.538103202141
5785 2856.1195248035933 15369.773316270597
5786 4480.665694111308 15953.133853567333
5787 1654.029594404353 15389.885352816676
5788 3547.660003120417 17221.09662587748
5789 2318.7913239945465 15517.804229462687
5790 847.1184049395008 17266.194070521527
5791 2929.065906710531 15419.501716614423
5792 3207.028716146038 16367.283107073472
5793 2775.17015285606 17295.222713285933
5794 3870.40931956581 15241.300531492085
5795 2969.15186767347 15399.056743336869
5796 998.3365576156383 15407.695817503321
5797 995.7062871119773 16575.18845206309
5798 2809.5229057266424 16276.908269233334
5799 3330.4245676222877 16575.486096746892
5800 2257.1747056602094 16365.576109962376
5801 1897.3924500208532 16345.548861626095
5802 2964.8451980245 15945.890103299698
5803 3624.9509769466326 15194.221792786548
5804 3603.2023312167826 16617.67851473961
5805 2098.4466184630974 15411.557905204236
5806 1338.1086977381096 17141.111554487292
5807 3310.7680500205715 15814.416054187375
5808 2968.1573308241523 16960.55875944953
5809 1825.075763238524 15715.907064142686
5810 3626.4869157345297 16173.952482900782
5811 4170.981427271511 17056.990073197525
5812 4104.321717523061 16956.223012877326
5813 2606.828121746183 16958.500856132025
5814 3309.5579430592725 16922.78995241124
5815 4164.286243567347 15293.57464586593
5816 1219.0634900655537 16265.785560765666
5817 3119.3702064554764 16220.953128837959
5818 2854.18891302249 15111.228550644466
5819 871.5936848204319 15753.647519523058
5821 3615.363405666845 15177.073236829205
5822 4541.450551648192 15393.949069328464
5823 3063.6429381345497 17458.89847913952
5824 3358.458154252412 15273.613038003154
5825 3254.2421523923067 17496.26955407539
5826 3965.789422303792 16623.286035183788
5827 3320.047248397618 15115.288986229365
5828 1841.8149153031695 15778.273910432126
5829 4299.038996497063 16453.993545799825
5830 4221.14977254847 15849.493046936508
5831 1743.2216088211355 15275.60749489147
5832 3401.8776792560357 17571.381895925122
5833 4673.549064825866 15319.001260643146
5834 2748.276864601357 15095.059766121898
5835 2403.2796221447234 16357.27742554583
5836 1884.6376933466322 15377.051569342419
5837 3681.3094431214417 16142.64331269684
5838 2373.1491024310562 15111.486280066849
5839 3370.5497305621248 15671.30831595391
5840 4537.063995598247 15734.840509499805
5841 918.3243248839918 15534.15890839577
5842 3784.5509848152037 15442.397919769048
