4703 2677.3087087285735 15417.990477395078
4719 2835.581878955543 15755.29964482844
4768 2810.79129962565 15400.345276473536
4786 2848.7860150133147 15540.071718202676
4829 2833.3429552797843 15926.96438872197
4885 2765.781537485645 15399.251094366304
4896 2773.29777305202 15399.433813182832
4900 2788.2979340533548 15399.798465360336
4929 2803.293619757624 15400.163008743886
4935 2758.204551531257 15399.066898714873
4945 2780.799103531419 15399.616169658422
4950 2795.795928200475 15399.980740730074
4957 2742.776099884057 15398.69183484135
4983 2682.2421997835436 15397.181993670434
5005 2724.745388704433 15398.253510339831
5006 3446.4526746926604 14597.018357622406
5022 2734.414012694932 15398.488553469788
5032 2711.442708120491 15397.930123714772
5040 2750.535662285548 15398.880468905072
5099 2664.9522756770702 15396.723274986163
5105 2897.8796766589426 15399.481220741976
5106 2690.5333741499185 15397.40196667743
5120 2920.3792624913767 15399.610976138934
5137 2673.3483426868856 15396.946030898107
5140 988.3069851971001 16098.217020424203
5142 2935.9143278041247 15399.717140641887
5162 2712.3743822827378 14678.03672379532
5164 2832.525193808434 15425.981119296257
5215 2923.1208777577317 15191.678778239502
5229 2610.533455277427 15395.27949018181
5231 2700.274095768584 15397.651594167888
5236 3531.7385083576114 17605.60648219561
5247 2832.1690765648736 15433.47360571879
5248 2890.379773947673 15399.437230440746
5252 1829.5453324797995 16356.610312398214
5258 2654.9745878455433 15396.458557118925
5259 2905.3795404488105 15399.524472551608
5274 2470.828282517894 16802.874559503038
5279 3331.4326060897974 16921.956887171713
5288 2912.87939385846 15399.567724301374
5301 2622.725240479661 15395.602950228971
5303 2645.1088439343243 15396.196809233947
5304 3662.5842749220997 15261.565033943449
5319 2901.2688217172513 15421.053756074807
5323 2858.9713274986925 14545.620021561695
5324 2618.906067895083 17017.64912853201
5333 2548.121444384969 15393.623638175577
5335 3328.0622891086214 16928.549230779994
5336 1487.04809525103 15903.16288089795
5339 2600.932334627826 15395.024763012114
5342 2570.616319399937 15394.220449324439
5348 2655.2840358631215 16909.11724747263
5350 1221.3441132030894 16106.162110130306
5368 2927.8791510399055 15399.654228091349
5377 2867.8800861348095 15399.303126341201
5387 2865.000917558501 15399.285862340817
5389 2871.4224164985912 15416.693423583016
5392 1966.9972021164829 16798.170175080366
5393 2886.2954264028735 15420.356028220553
5396 2593.1678122187705 15394.818762599298
5400 2563.1180419012053 15394.02151265084
5402 1794.3022134842333 17279.639359029967
5404 2831.4568394275398 15448.45863432269
5406 3143.8902006722005 16624.79261245934
5408 2863.8197836632316 15419.651346352479
5410 2578.114689166365 15394.419388445991
5411 2902.5002363320627 15399.505494602437
5417 2474.6281606184853 15388.952401211944
5420 1416.3498649279709 16391.190661195313
5422 2329.7208011053544 17489.727955251397
5426 2933.1062075337113 15599.2783341829
5429 967.5988853038231 15713.989093817012
5430 2632.6176006112246 15395.865404268443
5432 4002.336774873668 16185.880721444479
5433 2482.1289696169965 15389.038508445314
5435 2875.3799534045843 15399.347827536849
5436 2540.62316910959 15393.424701560965
5437 2555.619755148924 15393.822575731736
5442 2882.8798598669455 15399.392528966095
5444 2871.311669594107 15419.886240465823
5448 2893.925796896511 15417.409638440597
5450 2585.6129648855926 15394.618325072377
5451 4410.222501729891 17052.604791949365
5457 3135.9771914357 16612.049489156725
5458 2377.9818846526987 15752.055168851619
5460 2931.1983210557087 15422.830525480651
5461 2893.7864595822934 15420.609564477261
5462 2923.892638818691 15419.19372438272
5463 2601.824854487954 16964.957056814386
5465 2872.500761945825 15399.329788679708
5467 2916.4009144800857 15418.747702072145
5468 3239.3140525109648 15094.812292300285
5469 2830.0271010290635 15732.447172719494
5471 2830.10304656386 15053.427840414688
5472 2880.0006240777757 15399.373715122527
5473 3699.2831481850076 15273.673078462316
5474 4097.513082013885 15696.23032792445
5475 2901.4174873181837 15417.855658731916
5478 4383.7991363793135 16411.190252282348
5480 2378.1713155782586 16787.967990690242
5481 3653.9830511612286 15894.808431703781
5484 2908.9092006902088 15418.301680389592
5485 1893.501010703207 15399.304885768866
5487 4375.773401791044 15480.973421903587
5488 2818.2889825404695 15400.527544277253
5489 2878.923802383191 15416.925833033627
5490 3649.0282565270345 16958.804655760727
5492 3630.3350542549774 17109.50981342758
5494 1893.33382003781 15402.504886676354
5496 3456.094733326906 14617.314051557867
5499 2593.7241864368425 16965.81224449807
5501 1851.3950398257582 16865.496205808475
5506 2600.274426816282 16962.157514054543
5508 1195.7043610212718 16282.387735997492
5509 2886.4252364917847 15417.158243978321
5510 2895.000336302951 15399.461567937657
5517 2595.2741852083336 16968.6122194438
5518 2829.2924059119173 15426.729943769142
5519 3242.5293161157506 15426.458921820626
5520 2344.280382703902 16332.348693383763
5522 2803.1526225233656 16263.266112478728
5523 3219.4537264914975 16181.470306169791
5529 3943.476975180909 15365.12482704544
5531 2837.165924862083 16368.214130575703
5533 1047.012158814629 16595.0181389628
5535 2887.500476487546 15399.417641508404
5536 1443.5569098796934 16537.568468938087
5537 1390.6106331735086 15664.73298075338
5538 2908.7511756021804 15421.497947182586
5540 864.9105556346749 16625.35936841884
5542 2910.0000873344766 15399.549420980073
5545 3085.500517628516 15426.116442133405
5546 2830.744600514886 15463.443700278238
5547 2754.8831012417763 16361.251552978949
5548 2608.3755214628773 16961.301895470955
5551 2863.921068325399 15416.461015300787
5552 2810.6987218949325 16337.896796862395
5554 2542.8382666048924 16358.471135747095
5555 2167.9982506073143 15386.009275351578
5556 3091.046609627887 15437.751382463273
5557 2679.711179158068 15399.798013202357
5558 2193.6263745890633 15436.926110635743
5559 3085.2942645114294 16253.562603144854
5560 1893.6691592201769 15396.105128357085
5562 4041.489482486047 16308.294057720363
5563 2194.2641234012685 15413.007089766916
5564 3139.933696381384 16618.421051335332
5565 2809.4756410796263 16298.743897443375
5566 3952.340947012063 15154.744410524088
5567 2064.0999028714155 15397.10681940759
5568 4381.147271706622 16176.873858228864
5569 2849.436051195205 15380.261117859907
5571 2324.3443758657904 16602.67817533248
5572 2878.803586839776 15420.121135560983
5573 2916.2335608910043 15421.942140154664
5574 3118.5732999643724 16577.95055443427
5575 2998.889669164617 16383.15833560249
5576 2931.627547943482 16335.5938034847
5577 2957.3534476525847 16322.889655480205
5578 2917.4999348249958 15399.593347337137
5579 2024.7755457499102 16191.610760339887
5580 3150.586680251426 16629.504135154195
5583 2160.491933522783 15385.853981239432
5584 3642.4391006654546 16376.741030736552
5585 3062.3937854832557 16707.749212165894
5588 1702.6781563034142 16393.051347217282
5590 2849.2366163627257 15387.759300447862
5591 1935.424502045297 15379.859871429046
5592 3797.9674582516927 15895.193920199337
5593 2831.8129592961886 15440.966092669925
5594 3147.8467074466616 16631.164177583014
5595 2497.7540069268807 16699.522749274758
5597 1837.2391822926722 15383.071761701181
5598 2349.5109958002063 16367.591262333983
5599 2923.7159283703922 15422.38633206948
5600 1849.1330315952441 15452.143837206677
5601 3462.867392150597 15419.10266090622
5602 2852.8354850468145 15372.842972149852
5603 2936.6885959280526 15399.221335289838
5605 3740.3485923140306 16312.284924042242
5606 3219.788296107435 15406.75631798317
5607 2735.154209442622 17233.242916849955
5608 2855.6366151671587 15387.929345397775
5609 2342.112235945041 15750.123465458768
5610 2552.3546821887444 16964.887354974748
5611 888.8207217477751 16182.340449112324
5612 2649.0746720162624 17064.445484365726
5613 1829.7397084276834 15382.935095808552
5615 2335.7100080538057 16473.70407096925
5616 2830.3884806409237 15470.93624204279
5617 1855.1072164407408 16264.731575302225
5618 2574.858038599352 15409.609352578378
5620 3546.8972748859187 16212.930027149223
5621 2533.1248108542586 15393.225762744814
5622 2931.384326892766 15419.639744534274
5624 2830.0323624857824 15478.42874764442
5625 2152.9857077223837 15385.698689015815
5627 2640.052681474435 16349.340689818964
5628 1553.3053536343166 15496.341206532152
5629 2352.6116627398123 15844.766449709718
5630 1821.724065787109 15382.789023567191
5631 2179.405647523243 16354.760551904268
5632 3459.245518930341 16071.147554365714
5634 3383.541961001257 15942.36650232114
5635 2553.9069108976946 16967.6859833701
5636 4229.635120246549 15898.275481165783
5637 2822.353816702614 16371.095280545445
5638 3635.142674857122 16370.936237013882
5639 3021.0629598458386 15399.444522198843
5640 2167.9798145965274 15382.809275280688
5641 3155.358426748699 16656.575430345678
5642 2733.5148727716673 17218.903282208794
5643 2852.43661590343 15387.839317716076
5644 1810.0036215406521 16879.02877726611
5646 2357.011337542309 16367.685008175378
5647 3587.621066834158 15994.943665597337
5648 4110.6049912061235 16127.117109382616
5650 3224.173559753132 15670.070373035898
5651 2408.5551406288146 16692.702023242276
5652 1837.1596367315526 15386.271922502974
5653 2831.100718415339 15455.95120003508
5654 3875.397999173192 16474.515111127293
5655 2040.9685005816325 15423.161749675386
5656 3654.9164258444766 16403.13245109092
5657 3548.3716735642975 16220.673590114462
5658 3054.6221587583987 16504.357503448056
5659 3802.8981249143553 16640.01475985045
5660 2193.8185904296533 15427.183353930466
5661 2852.6360503585424 15380.34114931602
5662 2467.1273811710926 15388.866294317813
5663 2904.3359768243554 15416.375417381214
5664 2193.8658500351844 15479.644328697572
5665 3511.1366189082287 15395.496481811862
5666 2962.461017735259 15424.082593538631
5667 2849.6354855762684 15372.762952243897
5668 3392.1733332904164 16099.988003044316
5669 2319.8980565190377 16357.328136920307
5670 3902.976008157858 16227.0746818877
5671 3441.788749242202 16064.300835445289
5672 1535.8126774850998 16286.261545905827
5673 2530.8969876752335 16370.669453166765
5674 2949.600986067647 15398.910754077566
5675 3196.0166292536996 17409.199681165333
5676 2849.8349226192026 15365.264686549124
5677 3540.280938216025 16219.318360494033
5678 2653.246867605787 14752.992537723501
5679 3645.924822783941 16388.606644058564
5680 1328.4995845056726 16205.14690296819
5681 3262.6480530606495 16843.75487730783
5682 4189.595318892482 16083.890602017194
5683 2067.9659473031206 16352.679994340038
5684 1001.487921479204 15629.41730369984
5685 2614.926198573202 16957.646728472144
5686 4171.200447170328 16537.573464782734
5687 3060.4502193333874 16490.377389549183
5688 3600.4178771125985 15326.898905290174
5689 2095.6224487526206 16719.569387665033
5690 3938.7490825476493 16829.67147047884
5691 1474.7470816859018 15912.329046665394
5692 3146.629258106857 16623.131197334336
5693 2853.034922065855 15365.344707353413
5695 3983.88738396899 15449.21979909948
5696 875.220785477851 15117.285004645113
5697 886.7495778519288 15747.542722545373
5698 3132.0206534633758 16605.67787379196
5699 3092.7445891761936 15401.0712797033
5700 2963.2838218098113 15833.819504598689
5701 2455.0697643097756 15082.453036313502
5702 2145.47946178938 15385.543396375684
5703 3407.558970560459 15350.653597103284
5704 4107.909709584486 16956.428976909516
5705 1181.9740568002217 17222.47582671814
5707 1808.8782608864383 16876.013389544394
5708 1591.822582455076 16965.66385110692
5709 1642.0338266662964 14990.473215830249
5710 1221.9794297241892 16264.169835460201
5711 3349.228274093764 17357.332059827964
5712 3218.978766403981 15320.532749919303
5713 1840.8298154384765 15963.02987842564
5714 2662.1682600588415 17369.67785818073
5715 4140.49088805843 15260.867048783697
5716 3106.0254101631863 16461.00174351947
5717 3150.1054107067994 15897.543219322379
5718 3763.714326186723 16531.929428301963
5719 3718.082767803863 16754.001449296265
5720 4112.230598823461 15207.35523622126
5721 1921.5168780473505 17525.95140084116
5722 2035.4794938782125 16351.363362747486
5723 3967.1150181922308 16626.2046971695
5724 1018.6839151929786 15667.775090321256
5725 2517.3479304275215 16986.47112705117
5726 4093.614088034654 16945.10434061725
5727 3246.645321399536 15363.348284822858
5728 3690.3926592243374 15688.830860124042
5729 3034.1956414543083 16703.445706910883
5730 3981.908598479935 15714.222939590778
5731 2701.5313384760143 15316.652516287491
5732 2817.468892823985 15397.305667533916
5733 2889.4053737959234 17239.695769765378
5734 4007.4887130836464 16893.238730221456
5735 3143.8168343068496 16655.71553212604
5736 2243.9080896641426 17319.65672985047
5737 3331.6210607641137 15236.271604809423
5738 3012.223567585927 16510.44577610711
5739 2698.706352606985 15282.819665923536
5740 3166.553508321291 17237.84938008581
5741 1903.0115512120433 16835.435048103383
5742 1008.5741436600847 16201.274014979259
5743 3300.9219580813365 15810.687231227004
5744 4030.5215602203198 16961.84876025441
5745 913.8890547566795 15909.816733482074
5746 2899.8559269503808 15396.29250246223
5747 2564.7240002568337 15264.941683495646
5748 3722.2673133398657 16557.898843221476
5749 3778.1313149783505 17639.12249029154
5750 4040.030926968914 16910.821998517036
5751 1023.6830169729391 16377.80125912722
5752 3213.2647730765157 16400.745041011
5753 1835.6133333333332 15196.851212121212
