1007 1176.8110844327664 16770.09610873887
1010 3623.4075666257663 16344.591258546072
1021 3633.300805562799 15215.728968060297
1046 3143.8901864534355 16624.792589561417
1052 3405.8138832314203 15976.712210397707
1113 3420.5579964404906 16002.199380082879
1135 4070.554249065074 16927.249831601155
1136 945.4525205630723 16574.358863579026
1138 2802.394087597819 15400.141141221213
1140 2832.7727262858225 15959.482898306424
1151 3417.817855611424 15629.871792014384
1157 2215.4599954233286 15403.962012063224
1169 1728.890917612257 16931.517861489305
1174 2564.661405014452 15088.17037196792
1178 3452.7183109250595 16053.689215844157
1186 1046.5662176696342 15405.256306436982
1197 2353.5672733388124 15864.661049839844
1204 3470.6863525653866 16090.471560558273
1209 2164.5083971656036 15385.937075671542
1224 2832.4824764367036 15426.879866361958
1226 2822.8924753402484 15426.419889430694
1230 1913.8901043566693 15833.842504228436
1233 2817.3894430472155 15400.505676576304
1241 4254.620445293419 16048.173121572654
1244 3313.703256034817 16983.33282082278
1247 1893.555618082404 15399.305697820948
1248 2831.0580006372143 15456.849955651072
1252 1917.2430185187095 15402.859460689873
1265 1970.0222778672444 16357.806691483047
1266 1711.0070014103292 17457.490975622528
1267 1979.4119507479074 15404.609863482361
1268 2839.7602119004314 15729.084525671266
1269 2849.226073291794 15388.155689934587
1278 3236.0969132984683 14293.512823723897
1280 2593.724146451291 16965.812266808152
1281 2133.269965893224 15411.807258301511
1282 2809.891776900584 15400.323409180219
1286 2787.398737795262 15399.776606003394
1287 2955.6807918797927 16246.771397703344
1292 2779.9010245716263 15399.594337462871
1295 2357.011381871166 16367.685008729439
1297 3529.740474763223 17265.770263153587
1299 995.6012328187692 17368.664646607038
1301 3119.946596638006 16227.94023184055
1305 3375.187912730245 15920.265388775593
1306 3323.201709057398 15829.190693317625
1309 2536.0950400652673 15412.743324938701
1310 2713.919086044622 17164.982668519835
1313 3885.8572315154265 15321.562710619535
1315 1994.4806713482938 16358.38767487893
1318 2637.6377174100953 16063.561030207697
1319 3337.2253270672963 16755.532398794112
1324 1943.3253233200896 16357.172533425013
1326 2827.3403914922897 15535.066151430152
1327 2899.463561053112 16798.302036236884
1330 3016.6294908253485 17136.587614944878
1332 2830.0319017828488 15478.438440549044
1334 2600.2743968683285 16962.157530764114
1336 2253.6566069727996 17336.522986579123
1339 2852.4366145420163 15387.83936890134
1340 2800.7297342529464 16370.617810618933
1341 2319.894367228331 16357.328069496254
1342 3459.221466558867 16071.106928989091
1343 3217.4703351923117 15321.20438494247
1345 3864.749934065845 15614.274933552377
1349 2826.0924084667627 15426.569956934305
1350 1758.3254198032569 16302.331871477281
1352 2817.5488803175635 15394.105669396125
1353 3255.931003511797 15399.572309644307
1354 2963.9272015035367 16295.907269311549
1355 1941.2960261604142 16820.54211575461
1356 3466.864711067841 16084.01666170037
1357 1837.238937867066 15383.071757246917
1358 2738.601603051271 15412.336654399072
1359 2855.6366144720914 15387.92937153034
1362 1067.1060779960744 15223.399984399348
1363 3463.0430897674687 16077.561796956268
1364 2749.9101217358225 15398.865262086721
1365 1568.9578536271865 16955.99280891933
1367 2207.5907352482755 15385.388929862544
1368 2846.207243026179 16604.50511134903
1369 2854.582062500404 16370.920229832464
1370 2186.8505615800605 15385.733466080856
1371 2831.414118713815 15449.357451701897
1372 2364.511729802081 16367.778754648187
1378 2230.6357599245066 15385.516397360301
1380 2829.0034032282856 15500.07741365412
1384 3761.387454684368 15830.732502492958
1385 2662.5594197103524 15806.77969224651
1386 3383.535140724905 16938.240385346307
1387 3199.7850476716335 15551.163272464524
1389 2808.4535578275045 16848.783705953283
1391 1194.4435903903122 15319.435376335083
1392 3474.5080118252044 16096.926489417334
1393 2325.523261211383 15406.606353282055
1395 3053.604091145229 16479.116638925076
1397 2304.009629197201 16357.037766157848
1398 2849.624942810129 15373.159330271308
1399 4310.066058006277 15804.184151571073
1400 2264.5938547159326 16356.317418683722
1401 1618.0079427699543 17036.85780046122
1402 2794.896400404661 15399.958873313488
1403 2734.913478557498 15398.500695427087
1404 3478.3296533258313 16103.381388280442
1406 2908.8140956003544 16369.628090260616
1407 2339.8918277537587 16405.096936019407
1409 2849.8243781673004 15365.661127956437
1410 2809.5219712956973 16277.339963702472
1412 2349.511052292669 16367.591263040076
1413 2809.7202290680507 16185.747552034496
1414 2292.894192344439 16613.09613628209
1415 2312.321912484649 16357.189678237442
1416 2021.7871032878304 16250.557800491839
1417 2849.4255080116923 15380.657511579362
1418 3139.933681868297 16618.42102796343
1419 3314.6263257046644 16554.404562851174
1420 2840.225667758114 16371.329707758103
1421 2552.354754506473 16964.88731038651
1422 3295.49965925923 15427.688732693676
1424 3656.320766175075 15893.471753345739
1425 2839.255377040921 15416.966208676295
1426 1357.4049428640246 15660.51103534702
1427 2742.4123598311166 15398.682992362768
1428 2809.6369236991823 16224.233506703476
1429 2810.829607863582 15934.75824893117
1430 1894.3871693278513 15396.115999810883
1431 2133.1559173683017 16353.915309695165
1432 3681.9895488660077 15535.251448234943
1434 2852.6360494125443 15380.341184882873
1436 3627.318905621497 16351.326926064205
1437 2832.1263567307064 15434.372404592636
1439 2806.789847121486 16061.195505067866
1440 1076.7699675336562 16822.625276071816
1441 2863.921095029604 15416.461016128142
1443 3631.161719408231 16357.944587184806
1444 3147.8466902472537 16631.16414988506
1445 2674.665897728873 17104.14159028623
1446 1713.0230004378288 16290.533157316657
1448 2851.102638761954 15506.902509791353
1449 3634.9292657289957 16364.43263115224
1450 2606.824638527497 16958.50279960656
1452 2223.737737096371 15393.121101074572
1454 938.960907704901 15562.733136064588
1455 3997.7709806542516 16195.634902396772
1456 4502.308070654291 15403.97397818152
1457 4227.842343530028 16052.633047613943
1459 3328.6507771064635 16560.740064296548
1460 2772.4032700345765 15399.412067918027
1461 3589.9779515080986 16414.723839227056
1463 3588.29870795034 15353.482334624312
1464 2820.664200530404 16371.05797302447
1465 2372.0120555462076 16367.872500289624
1466 2831.7702361314273 15441.864961617415
1467 2764.905536123796 15399.229798874603
1468 2837.5300566862916 16832.270738710216
1469 2801.101326282872 16338.255089543725
1470 3765.6699781585257 15103.226362646697
1471 3648.46402999554 16388.255072396234
1472 3045.8669509456054 16466.139330331363
1474 2148.9114137441234 15385.614398163343
1475 1070.8443431902363 15675.299541097334
1476 2324.277946405264 16451.132426131087
1477 2857.882601704913 15408.883715334969
1478 901.4026325968623 15741.640468937829
1479 3482.1513195223024 16109.836328855776
1480 1623.4374006954508 15410.495952217629
1481 3289.6218184129893 16580.483604186298
1482 4245.691846623781 15928.079645840704
1484 3819.642469341366 15806.83114155165
1486 3614.8447600647014 15969.894894680096
1488 3663.476918223667 15263.162284442822
1489 2538.545731357668 16361.639699353076
1490 2727.391255727085 15398.317831060862
1491 2482.1289545713826 15389.038508272593
1492 2757.4078329441236 15399.04753057825
1493 2863.2968078260674 15399.417768262649
1494 2830.701883339699 15464.342443208781
1495 2293.5436476638665 16356.846493920755
1496 3707.28722591905 15267.5455207194
1498 942.3752760381268 15977.408731991312
1499 2573.379673413693 16966.497166607016
1500 2852.8354837983557 15372.843019088357
1501 2443.335191149185 15690.481678114915
1502 3635.429179292111 17218.80853191937
1503 1913.952023771451 16356.474801608192
1504 2348.7031853648937 16603.089458335202
1505 3485.973425358094 16116.29201199876
1506 3425.9404025944377 15647.97136731421
1508 1696.1183283632843 16948.81630279443
1509 3145.5584914145734 16649.84581513313
1510 3031.413729846107 16441.897254741878
1511 3208.9757961761516 16197.111555493058
1512 3156.35884681107 16650.087100144414
1513 2329.242366228421 16561.192870846655
1514 4454.960256050222 15947.705289696614
1515 2651.8839377179984 17068.80310717392
1516 3644.0200089981463 15228.347081189582
1517 2857.90671842994 16356.255054723066
1518 1428.234884425147 16231.60707317843
1519 1834.925414785592 16338.813455443367
1520 2921.9568098850095 17505.991313922907
1521 3796.0663916364265 15219.792369052837
1522 4102.840126857328 16131.331563926731
1523 3207.719292887917 17404.209694835354
1524 885.5699258061885 15857.38924858939
1525 3774.3006478002803 16594.003401842707
1526 2474.627965209209 15388.952398968699
1527 3189.344326957328 16716.920776046412
1528 1034.7282423479464 16684.462810310022
1529 2805.1913687408064 15820.20586884544
1530 3464.7898647305233 16074.236729535294
1531 3154.641772272743 16666.550510671572
1532 2337.4203832605913 16128.860017467372
1533 3501.3427468553073 17173.150957979786
1534 2998.17973115581 15399.273498589873
1535 3963.017596464587 16929.122905839376
1536 3577.473036477935 17271.011890381295
1537 4400.057247161036 15474.907060573294
1538 2389.7175437722017 15756.379151676905
1539 2193.9096634137964 15422.717274900358
1540 1943.8226890383369 16347.514238652326
1541 1652.5983998226425 17088.96807841368
1542 3569.581294138183 16258.277896094758
1543 2243.059885742635 17318.18922205975
1544 3075.3528282953243 15425.943402318922
1545 3037.4810858313704 15399.664878533486
1546 4351.537384227653 15995.583800929458
1547 1474.1081867722974 15565.481167098802
1548 2435.0119176695625 15415.115490064125
1549 2588.043409412785 16953.465131407964
1550 2746.3274251607204 16371.220581898522
1551 2036.5392438205442 15841.228192946603
1552 2856.84704072962 15159.51477297413
1553 1486.208808613631 15787.207371417897
1554 3831.609812296387 16845.962243261532
1555 2856.048111123288 15238.948690794186
1556 3175.5159205274726 16679.920715715147
1557 2855.636615695166 15387.929325546205
1558 1388.1988845851959 16291.887676906928
1559 3535.630110433724 16225.484546186093
1560 3551.6496210326723 15373.4197525145
1561 1278.7312001843152 16971.60405976097
1563 2526.929927738582 15415.805607683898
1564 1027.3062698718213 17340.066337959106
1565 4109.3692889466965 16434.03236984505
1566 1000.9127788561545 17359.765579590978
1567 3831.4313216010496 15203.03974998968
1568 863.4317867635855 17279.090014884336
1569 3561.994108756335 16417.796623946357
1570 2283.3584698619106 16356.660353544225
1571 2695.9859499622708 17126.62692109433
1572 4260.032999387417 15829.679398095404
1573 1199.0930293618803 15681.748701998637
1574 1321.1785320147192 17609.81833033745
1575 2649.2273415005134 15450.95340125388
1576 1548.7737628725904 16876.70396356628
1577 2881.210898276902 15399.38080365822
1578 2104.0322983291567 15199.060659101182
1579 1657.990350739729 17073.2164860412
1580 3027.749589874381 16293.498493068635
1581 1676.1801336795274 16697.442708415638
1582 1018.0484382712789 16754.55878998945
1583 3328.9865939463148 17263.13725774408
1584 3416.0611721874025 17311.72578806988
1585 3242.091271158666 15355.853824190246
1586 3900.6612525413457 15754.650487249679
1587 3165.090500406857 15346.481781098344
1588 2277.437987236401 15180.275772582232
1589 4142.896833577041 16323.711387793852
1590 3212.1600444913274 17315.40394559334
1591 1228.8545232200142 15583.019296602237
1592 2262.8320940516983 16365.695706368419
1594 1472.6328267925765 16284.73861108659
1595 1804.0402113312823 15507.898498745437
1596 3510.441827722539 16438.398335585425
1597 3417.0544765277577 17099.787773170945
1598 1820.3706648480927 15616.2830094026
1599 1938.7300977067482 15383.190179008921
1600 1838.0832095072983 17373.377968458615
1602 2642.758589163237 15703.106162567403
929 2215.4105476624286 15407.162011983708
