4703 2645.141489211421 15517.179871272801
4719 2881.0701774323743 16157.595683542517
4768 2810.79129962565 15400.345276473536
4786 3153.54925331569 15575.122554800932
4829 2961.8084534689906 15934.73838935963
4885 2765.8051769449653 15399.251669038822
4896 2773.302874118045 15399.433937189156
4900 2788.298256665963 15399.79847320301
4929 2803.293619757624 15400.163008743886
4935 2758.3075044983357 15399.069401489585
4945 2780.800549176774 15399.616204801894
4950 2795.795928200475 15399.980740730074
4957 2743.3121558867297 15398.704866300719
4983 2683.0909514278433 15397.204511885966
5005 2728.316742491313 15398.340329536966
5022 2735.814488210567 15398.522598867452
5032 2720.819080588831 15398.158062244056
5040 2750.809829353667 15398.88713387476
5099 2668.0942959920358 15396.80663587404
5105 2897.8796766589426 15399.481220741976
5106 2690.5892636507865 15397.403449480831
5120 2920.3792624913767 15399.610976138934
5137 2675.592613010662 15397.00557359614
5142 2935.9143278041247 15399.717140641887
5162 2908.4757157109475 14496.839823581604
5164 2832.525193808434 15425.981119296257
5229 2630.602705892579 15395.811947130713
5231 2713.3213915543006 15397.97579429157
5236 3527.470919502524 17814.247379854147
5247 2832.1690765648736 15433.47360571879
5248 2890.379773947673 15399.437230440746
5252 1427.90985320038 16550.711369495377
5258 2660.5960195267817 15396.60769922786
5259 2905.3795404488105 15399.524472551608
5274 2564.5006051496716 16949.32668237238
5288 2912.87939385846 15399.567724301374
5301 2638.1010371897128 15396.010885231637
5303 2653.097701319583 15396.408761474226
5319 2756.534638513847 15412.55525570558
5324 2848.359072684553 17262.047877725538
5333 2569.9969120035516 15394.204015837273
5335 3694.3333479214984 17471.181366025226
5339 2623.1043928548356 15395.613009514229
5342 2593.102055066396 15394.8170179974
5350 1012.6100135480276 16221.601215668066
5368 2927.8791510399055 15399.654228091349
5377 2867.8800861348095 15399.303126341201
5387 2865.000917558501 15399.285862340817
5389 2644.4008714445163 15417.578567053783
5392 1825.1902680351373 16793.478338314864
5393 2618.074760057177 15410.785104858383
5396 2615.605982727876 15395.414069321874
5400 2585.527576984285 15394.616059647411
5404 2831.4568394275398 15448.45863432269
5408 2526.9912681596966 15415.806537246106
5410 2600.607866478957 15395.01615455314
5411 2902.5002363320627 15399.505494602437
5417 2474.628264476469 15388.952402404206
5420 1313.7129022919005 16216.999076178274
5426 3247.997169954276 15703.140999659496
5429 1013.1783732194568 15686.04908698619
5430 2645.5993754135343 15396.209823516332
5433 2482.1289696169965 15389.038508445314
5435 2875.3799534045843 15399.347827536849
5436 2562.061815618272 15393.993489929178
5437 2577.8318903716668 15394.411885515949
5442 2882.8798598669455 15399.392528966095
5444 2649.2701083700954 15446.072632262858
5448 2660.694410310001 15414.587463722304
5450 2608.107435409218 15395.215125489687
5451 4457.4719611621595 17027.810075618716
5457 3233.8645175224246 16775.558760904572
5460 2865.8309714384645 15419.714403394935
5461 2683.907690789721 15418.070918104806
5462 2852.0161950504626 15416.798727703608
5463 2687.0183257103868 17123.30131810868
5465 2872.500761945825 15399.329788679708
5467 2812.21205285395 15413.233955948104
5468 3202.3790739602905 15031.990281624456
5469 2825.6449573576347 16443.911603834084
5471 2786.310669733504 14951.51630726968
5472 2880.0006240777757 15399.373715122527
5473 3964.551599766063 15409.276141959612
5475 2713.657026224116 15412.032583340046
5481 4088.362546524623 15639.18442331485
5484 2786.201379134278 15412.916889310385
5485 1468.833041525417 15590.220544152255
5488 2818.2889825404695 15400.527544277253
5489 2548.843430150533 15409.735322600975
5490 3511.792704946149 17152.050739794795
5494 1504.251719825658 15560.42448179343
5496 3288.363869300698 14360.995377884252
5499 2378.079887087076 17083.34847289953
5501 1798.3617260843516 16792.314658451538
5506 2420.8916386642054 17059.00022490891
5508 1107.4763527872012 16327.616113716587
5509 2662.0605302303707 15417.804604136281
5510 2895.000336302951 15399.461567937657
5517 2369.3200053571304 17095.69587218962
5518 2822.892472757547 15426.419943769142
5519 2561.305824080995 15409.331048173091
5520 2504.4979688535914 16837.697758510596
5522 2769.2214638455384 15811.504011471485
5523 3608.533756647936 15955.701529459657
5529 4104.012861149711 15467.400830631277
5531 2837.0616138807 16368.217103725241
5533 812.3787866386058 16659.631969581842
5535 2887.500476487546 15399.417641508404
5537 862.5221429157368 15764.202610308039
5538 2772.019342103751 15419.144987362959
5542 2910.0000873344766 15399.549420980073
5545 2881.145681853922 15416.994671751572
5546 2830.744600514886 15463.443700278238
5547 3102.990380112898 16552.85619360103
5548 2462.2044286740247 17046.549185306212
5551 2540.4160233142547 15416.009978057542
5552 2815.6403871181046 15799.658463527869
5554 2929.619013302068 16336.585672443423
5555 2225.832263541816 15385.441892342315
5556 2894.9470051471594 15417.47043641486
5557 3235.33058486287 15406.874462162661
5558 2274.6718461642777 15170.666521017303
5559 3614.182461228875 15971.472781586028
5560 1530.7473282263468 15530.97763438927
5562 4176.649914988216 16511.205477258995
5563 2297.9906931317414 15180.556682257271
5564 3017.5942366498757 16731.914143216465
5565 2823.3185025162543 15626.20950527327
5567 1536.9162702088697 15514.555414925051
5568 4533.184206559299 16049.564040838528
5569 2849.436051195205 15380.261117859907
5571 1963.2541910355183 16807.75445750299
5572 2575.392767648249 15413.339004405505
5573 2801.584952711631 15419.505388206422
5574 3253.141810269588 16588.117543176777
5575 3189.7297959784837 16615.579215660364
5576 3444.994971656276 16062.634921943543
5577 3479.380134611751 16044.383882022097
5578 2917.4999348249958 15399.593347337137
5579 2035.2820476989818 15739.501831214962
5580 3281.945978968613 16846.094394017146
5583 2202.178340290908 15385.478840685879
5584 3893.6261490082165 16768.685802389966
5585 2591.7710719570105 16973.91422648713
5588 2119.9981092501807 16353.67484267485
5590 2849.2366163627257 15387.759300447862
5591 2145.202595475266 15385.537668439076
5593 2831.8129592961886 15440.966092669925
5594 3313.0817666122493 16905.29371933506
5595 2299.6654333564557 16616.609022519253
5597 2133.2378674913916 15385.290136688365
5598 2332.499098698359 16337.78003473429
5599 2847.69917960672 15420.136640157807
5600 1850.634250580664 15406.571693088457
5601 2913.9653466015475 15418.602699725068
5602 2852.8354850468145 15372.842972149852
5603 2936.6885959280526 15399.221335289838
5605 4240.582518735752 16038.488867220467
5606 3663.4121537422475 15269.608682199145
5607 2580.0490564128677 16987.659631204642
5608 2855.6366151671587 15387.929345397775
5609 2424.940689552908 15583.543787003884
5610 2781.172928907679 16839.769524900963
5612 2912.6615651966226 16991.246553339966
5613 2123.132314143872 15385.081068390667
5615 2017.954648798587 16776.227437338315
5616 2830.3884806409237 15470.93624204279
5618 1901.9876925169895 15396.231079996816
5620 3774.7007659012525 16588.59235303959
5621 2554.2471523754884 15393.78615923075
5622 2867.0629538388844 15416.558357831527
5624 2830.0323624857824 15478.42874764442
5625 2179.0475304514607 15385.863090204522
5627 2635.8912453673483 15976.125099420899
5628 1057.7495340149987 15688.000823715216
5629 2339.015410147972 16272.052224496243
5630 2110.168670945897 15384.826225535146
5631 2588.5207684489574 16362.00863944561
5632 3285.563692808905 15771.968326490365
5634 3209.8904727380686 15545.63880790118
5635 2798.2589296338333 16834.00749319101
5636 4051.074646904211 16159.427774293958
5637 2366.713599728233 16367.806275547364
5638 3412.6319685354483 15995.32523107271
5640 2190.296123388936 15350.415619978656
5641 2672.987491876722 16925.24950912867
5642 2582.7392167143566 16985.929876268114
5643 2852.43661590343 15387.839317716076
5644 2122.151356951326 16697.20165630355
5646 2340.2739847936878 16378.375237492222
5647 3590.0930145601724 16287.220688908841
5648 3488.0602454046143 16470.475397311435
5650 3091.6791737069407 15495.503755795733
5651 2572.5706695652916 16944.12677784686
5652 1866.2153664433533 15583.96610796319
5653 2831.100718415339 15455.95120003508
5655 1678.7490125084414 15394.615182581774
5656 3463.56435071159 16078.44222665514
5658 2697.162011180506 16371.909847944522
5659 3533.6052969664274 16445.57155332667
5660 2459.626455909671 15388.780185749778
5661 2852.6360503585424 15380.34114931602
5662 2467.1275450312614 15388.866296198883
5663 2287.451367076931 15406.187462578593
5664 2451.3852642488787 15388.685579126184
5665 2942.4562421677533 15423.499583166134
5666 2880.7798088704812 15420.183096317722
5667 2849.6354855762684 15372.762952243897
5668 3051.356176279928 16475.340105132465
5669 2723.792639600358 16361.568996940981
5670 4414.551619541122 15950.430531437109
5671 3239.8086101492786 15695.819419055933
5672 1919.664512667739 16346.491630846742
5673 2352.0661947113426 16367.62319944833
5674 2949.600986067647 15398.910754077566
5675 2849.0749855700055 17397.20123170368
5676 2849.8349199264144 15365.264787790315
5677 3619.2598266856244 16174.394983461676
5678 2856.5388057372606 15132.091059698698
5679 3459.222484176174 16071.108647783698
5680 1427.3884657632939 16244.742787715018
5681 3017.42052389734 16438.789156697912
5682 3622.2941162063757 16397.040091361825
5683 2335.3239536902597 16500.699628537204
5684 1348.5645529506942 15670.724691491812
5685 2628.310068192891 17032.236245073065
5686 4327.5435760176 16436.014930301728
5687 3127.056709230884 16669.23006271609
5688 3913.2250343946785 15317.696007699446
5689 2415.487002357792 16703.780983818255
5690 3654.135845541443 16401.887038655153
5691 1433.8620351755924 16283.80405065513
5692 3294.1346812621937 16558.352279080733
5693 2853.034922065855 15365.344707353413
5695 4273.939739841593 15980.512803223084
5696 968.7481262158981 15310.55464643481
5697 1138.8349559718501 15672.196370882224
5698 3097.2753839029465 16685.29414576793
5699 2957.1008703465436 15398.966756797689
5700 2996.814932229084 15599.097514784686
5701 2473.50686383909 15176.79034950095
5702 2162.1552619115687 15385.888392935933
5703 3649.3440245896068 15296.927688328527
5704 3782.597261195105 16607.352077589116
5705 1745.0712968930095 16908.48397813037
5707 2190.986478010141 16661.331971122116
5708 1841.1225421564184 16926.743687540475
5709 1324.874702794693 15228.2331579624
5710 1429.7215057527922 16208.535945066493
5711 2945.7872886320392 17509.68651070625
5712 3142.1299793370727 15405.242457522123
5713 1849.169579974781 15448.669249215702
5714 2907.2977147888637 17223.727368060387
5715 3862.386767782551 15204.74702620925
5716 3147.6020945810124 16630.770252615253
5717 2858.341555960663 15991.545486160303
5719 3830.5603487561857 16695.526607885942
5720 4270.596496999498 15552.889254157213
5721 1828.1269625277323 16921.23111902793
5722 2422.293946120506 16357.581177210739
5723 3910.747922906203 16790.491877635603
5724 1404.5570309434563 15634.940456291704
5725 2469.722869263182 16818.37614610173
5726 3763.0205002287607 16575.85442645502
5727 3594.4610946392213 15330.103264555268
5728 3875.2958987385477 15768.455262688423
5729 3511.737254111644 16437.697849070228
5730 3607.645422455853 15934.35868551179
5731 2809.970168075819 15397.123406862955
5732 2817.46925456524 15397.305676326238
5733 2721.197842533955 17199.828913782305
5734 3713.321606020185 16496.317658841435
5735 2743.2132626031776 16882.402300512054
5736 2173.733761360152 17191.010174961324
5737 3185.260760649706 15011.025960114055
5738 2822.782835517028 16371.104753482958
5739 2513.2180702346327 15305.13729495442
5740 3334.7570868783664 17141.83269378527
5741 1666.9034793764645 16964.236852772865
5742 908.6008876044363 15906.147871670637
5743 3451.8540685440976 16052.220603482714
5744 3574.272770108155 17256.07089403973
5745 1042.8153013289661 16363.049661128189
5746 2924.753452990589 15396.436086810787
5748 3360.536313159655 16746.71709415225
5749 3499.2060937797987 17158.47838325307
5750 3885.579768266652 16763.622469167218
5751 817.3394592660441 16493.452119196376
5752 2992.4524337292437 16405.140751850897
5753 1875.9199595945508 15369.362452911806
5754 3492.5551940090586 15381.607572969453
5755 3329.739580038252 14423.784072024398
5756 3859.428129602737 15631.83097142706
5757 2527.070568051578 15409.405172012284
5758 2636.0667559144867 16158.007051585495
5759 4271.810816581864 15969.809157411755
5760 2347.350822995783 16201.394897346552
5761 875.3128052169809 16613.552751095223
5762 1488.5460456809985 15776.507541618055
5763 4013.6395248046547 15317.505821741857
5764 1838.633868863534 17377.24560987089
5765 3355.924584685553 15466.099676747077
5766 1492.4960649517805 15870.541146930516
5767 4585.480844843213 15837.017902596623
5768 3421.7958917320325 15407.431069453425
5769 2308.7322024546434 15775.469831568476
5770 1423.0681869571958 16165.772514715356
5772 2077.999499314313 16734.987302720096
5773 2296.304878520714 15751.529791749796
5774 951.8442183251376 16577.252566883355
5775 2131.696626968292 16996.784513178773
5776 3164.580638033679 16293.330632882411
5777 3247.05301734676 15344.26085673318
5778 1785.2188429061464 15808.36346523474
5779 4206.641664832221 16948.85146669333
5780 2459.666995483486 15586.513013807918
5781 1812.3077881650534 15870.949500756133
5782 2816.658000526379 15557.589381330377
5783 1391.6232583492565 16293.731561025093
5784 3246.7327754844964 15100.297121014682
5785 3063.710282694005 15277.314231307075
5786 4765.125416666667 16197.608333333334
5787 1422.3827620988275 15985.446249784825
