4703 2716.086329371035 15418.463171410174
4719 2837.600877173557 15700.974861541727
4768 2810.79129962565 15400.345276473536
4786 2851.7015825335266 15498.326887272759
4829 2834.8368761522206 15874.069013406777
4885 2765.6573837031865 15399.248076202224
4896 2773.256608957158 15399.43281248845
4900 2788.2961572853965 15399.798422167312
4929 2803.293619757624 15400.163008743886
4935 2757.997779685107 15399.06187211523
4945 2780.7937059343562 15399.616038443462
4950 2795.795615552728 15399.980733129643
4957 2741.1604045298113 15398.652557474323
4983 2680.3637330475262 15397.132156101206
5005 2717.1366569288325 15398.068542951163
5006 3432.5128140270017 14576.043344436823
5022 2729.202319052011 15398.36185780064
5032 2707.061402018223 15397.823614670611
5040 2750.120366866438 15398.870373121508
5099 2660.921878634274 15396.616344590333
5105 2897.8796766589426 15399.481220741976
5106 2689.3608339881284 15397.370858034212
5120 2920.3792624913767 15399.610976138934
5137 2672.2664841890223 15396.917328128584
5140 991.998974847311 16117.810803060222
5142 2935.9143278041247 15399.717140641887
5162 2695.4954050889132 14694.008886058939
5164 2832.525193808434 15425.981119296257
5215 2915.8622792230854 15209.850569997407
5229 2608.1680379715935 15395.216733335244
5231 2698.583805407463 15397.608462620741
5236 3557.067021814795 17596.851226362956
5247 2832.1690765648736 15433.47360571879
5248 2890.379773947673 15399.437230440746
5252 1855.5907884713383 16355.358586916305
5258 2649.5696165035956 15396.315157915597
5259 2905.3795404488105 15399.524472551608
5274 2446.2216094170726 16764.403222280696
5279 3301.610539627433 16875.882758141826
5288 2912.87939385846 15399.567724301374
5301 2616.1000703941518 15395.427177953397
5303 2638.396988016366 15396.018737098017
5304 3660.1016760379634 15257.12279783361
5319 2901.2688217172513 15421.053756074807
5323 2878.881196599026 14527.738442732778
5324 2591.7010913727436 16975.319795524796
5333 2548.121444384969 15393.623638175577
5335 3296.597732203528 16879.91201849019
5336 1502.13980561594 15879.382912634162
5339 2600.6095910664308 15395.01620030814
5342 2570.616319399937 15394.220449324439
5348 2625.7307923242265 16925.399226417503
5350 1240.0358782128073 16096.268139241693
5368 2927.8791510399055 15399.654228091349
5377 2867.8800861348095 15399.303126341201
5387 2865.000917558501 15399.285862340817
5389 2871.4224164985912 15416.693423583016
5392 2011.023009820554 16772.791570643523
5393 2886.2954264028735 15420.356028220553
5396 2593.111280759496 15394.817262764107
5400 2563.1180419012053 15394.02151265084
5402 1769.7848488907182 17242.511667165083
5404 2831.4568394275398 15448.45863432269
5406 3143.8902006722005 16624.79261245934
5408 2863.8197836632316 15419.651346352479
5410 2578.114689166365 15394.419388445991
5411 2902.5002363320627 15399.505494602437
5417 2474.6281606184853 15388.952401211944
5419 2962.613886792756 15105.704277318895
5420 1423.3619389930927 16432.828082982327
5422 2336.817903445221 17480.73659881682
5426 2899.834434761659 15599.383548498676
5429 1021.4361965395685 15695.503839851846
5430 2626.058462213245 15395.691383878455
5432 4050.4715496365134 16159.755111116112
5433 2482.1289696169965 15389.038508445314
5435 2875.3799534045843 15399.347827536849
5436 2540.62316910959 15393.424701560965
5437 2555.619755148924 15393.822575731736
5442 2882.8798598669455 15399.392528966095
5444 2871.311669594107 15419.886240465823
5448 2893.925796896511 15417.409638440597
5450 2585.6129648855926 15394.618325072377
5451 4405.37753485907 17055.101029971753
5457 3135.9771914357 16612.049489156725
5458 2352.3363378323215 15751.166587182353
5460 2931.1983210557087 15422.830525480651
5461 2893.7864595822934 15420.609564477261
5462 2923.892638818691 15419.19372438272
5463 2601.824854487954 16964.957056814386
5465 2872.500761945825 15399.329788679708
5467 2916.4009144800857 15418.747702072145
5468 3253.7729671961897 15116.840903303024
5469 2832.313945711276 15670.984266650521
5471 2839.960853138983 15076.62458688529
5472 2880.0006240777757 15399.373715122527
5473 3654.145325971382 15297.980142683451
5474 4102.437122802342 15705.644232842536
5475 2901.4174873181837 15417.855658731916
5478 4401.826067960582 16402.25968017191
5480 2375.8969883156383 16780.570123364992
5481 3626.2385913343733 15910.672392360446
5484 2908.9092006902088 15418.301680389592
5485 1893.501010703207 15399.304885768866
5487 4343.7411996851915 15499.401727907272
5488 2818.2889825404695 15400.527544277253
5489 2878.923802383191 15416.925833033627
5490 3675.2989786110616 16943.10507150647
5492 3647.4476911031293 17100.221463812235
5494 1893.33382003781 15402.504886676354
5496 3471.0157804055916 14639.767380128904
5499 2593.7241864368425 16965.81224449807
5501 1851.3950398257582 16865.496205808475
5505 2979.515238641957 17171.038396017626
5506 2600.274426816282 16962.157514054543
5508 1218.9961676318123 16269.48172086814
5509 2886.4252364917847 15417.158243978321
5510 2895.000336302951 15399.461567937657
5517 2595.2741852083336 16968.6122194438
5518 2829.2924059119173 15426.729943769142
5519 3301.4156689351353 15427.782257834395
5520 2345.157272453826 16281.628226785062
5522 2806.321192752768 16302.92458416838
5523 3172.291292541391 16206.5741709079
5529 3918.013133476663 15319.691187715423
5531 2839.0657412106575 16368.159980590492
5533 1046.4670626122222 16611.623778759407
5535 2887.500476487546 15399.417641508404
5536 1438.670222911445 16484.063883067865
5537 1412.6534067844784 15652.91869811768
5538 2908.7511756021804 15421.497947182586
5540 883.4603102865781 16611.439575704942
5542 2910.0000873344766 15399.549420980073
5545 3090.9950458345093 15433.043667396645
5546 2830.744600514886 15463.443700278238
5547 2707.5032661234113 16361.73531686621
5548 2608.3755214628773 16961.301895470955
5551 2863.921068325399 15416.461015300787
5552 2814.98987443628 16360.179520556687
5554 2489.6274225912293 16358.078288994411
5555 2167.9982506073143 15386.009275351578
5556 3091.1489163216097 15447.09186600629
5557 2630.8862765663134 15398.647368032001
5558 2193.6126161130837 15437.700712833395
5559 3032.530748893227 16282.55744801127
5560 1893.7954836174074 15396.107041045825
5562 4022.837055747533 16273.650139490719
5563 2193.943640890936 15421.364287536357
5564 3139.933696381384 16618.421051335332
5565 2810.500011316952 16331.986399108591
5566 3987.1506886984166 15135.39094164703
5567 2126.4803254008507 15397.986098039339
5568 4368.898944699267 16155.028963793144
5569 2849.436051195205 15380.261117859907
5571 2331.5921932838655 16605.236910272874
5572 2878.803586839776 15420.121135560983
5573 2916.2335608910043 15421.942140154664
5574 3098.5517930663286 16545.708399349503
5575 2972.195945117079 16366.31337580963
5576 2907.0306964049782 16347.740396837047
5577 2927.7874995678835 16337.49012367018
5578 2917.4999348249958 15399.593347337137
5579 2022.94371836982 16231.511014204862
5580 3150.586680251426 16629.504135154195
5583 2160.491933522783 15385.853981239432
5584 3634.055577909199 16362.928064384896
5585 3099.6912926501186 16687.630891501605
5588 1658.8496241609123 16410.60262915486
5590 2849.2366163627257 15387.759300447862
5591 1907.5797230016458 15378.442723065264
5592 3811.256348467735 15919.921037074726
5593 2831.8129592961886 15440.966092669925
5594 3147.8467074466616 16631.164177583014
5595 2531.480659411227 16678.755907333598
5597 1837.2391822926722 15383.071761701181
5598 2349.5109958002063 16367.591262333983
5599 2923.7159283703922 15422.38633206948
5600 1848.648211945166 15499.361907612383
5601 3511.843544839945 15395.11125702946
5602 2852.8354850468145 15372.842972149852
5603 2936.6885959280526 15399.221335289838
5605 3696.469265156365 16336.77130345508
5606 3157.3464672137534 15406.508813594248
5607 2758.3769301183156 17269.212067578155
5608 2855.6366151671587 15387.929345397775
5609 2325.6577557282417 15751.021427383375
5610 2552.3546821887444 16964.887354974748
5611 912.6999807073748 16173.162618810959
5612 2626.939828946651 17030.11078367993
5613 1829.7397084276834 15382.935095808552
5615 2336.502433634284 16418.292262695333
5616 2830.3884806409237 15470.93624204279
5617 1856.2164328177246 16202.069542920957
5618 2639.362119823639 15410.933989960664
5620 3521.6624061644034 16170.285098429871
5621 2533.1248108542586 15393.225762744814
5622 2931.384326892766 15419.639744534274
5624 2830.0323624857824 15478.42874764442
5625 2152.9857077223837 15385.698689015815
5627 2638.8950616677575 16357.82762153113
5628 1586.8620827511845 15459.047525045993
5629 2366.3743855583634 15818.445821558416
5630 1814.2841464896217 15382.653442961113
5631 2127.480299133208 16353.811584287927
5632 3460.733020652196 16073.660001745118
5634 3406.762442576389 15985.159751979625
5635 2553.906808613092 16967.686046435025
5636 4203.836394866973 15857.64103386627
5637 2840.127339172029 16371.332512319148
5638 3644.3496974054397 16386.025237573194
5639 2999.243290974588 15399.281440344792
5640 2167.9798145965274 15382.809275280688
5641 3172.5132256258667 16646.03874243164
5642 2762.548637829224 17263.86547851974
5643 2852.43661590343 15387.839317716076
5644 1798.5879479789307 16884.832818790615
5646 2357.0114826144277 16367.685009988616
5647 3610.124796438745 15982.767662712484
5648 4160.92022805748 16099.641467149384
5650 3254.3141750633035 15719.706203202271
5651 2385.794538611639 16656.324521455175
5652 1837.1596367315526 15386.271922502974
5653 2831.100718415339 15455.95120003508
5654 3888.962429042029 16467.099142009454
5655 2040.8241763184376 15435.106751261996
5656 3657.96375258056 16407.994447477737
5657 3549.342578825044 16223.074253122199
5658 3079.9532795828177 16546.24297082404
5659 3828.1934182259297 16680.713133061035
5660 2193.7572708360826 15430.190372461322
5661 2852.6360503585424 15380.34114931602
5662 2467.1273811710926 15388.866294317813
5663 2957.330592702816 15417.416552112954
5664 2195.6555188230823 15522.429298333962
5665 3556.8088999976912 15370.608309296087
5666 2999.1829530861596 15424.687885449455
5667 2849.6354855762684 15372.762952243897
5668 3446.3004655863383 16071.292096673238
5669 2319.410299831499 16357.31922286743
5670 3858.8369018839367 16250.921376746115
5671 3419.2784016133887 16075.996933594693
5672 1496.0073816116005 16285.30204900276
5673 2570.43079296728 16371.650021378764
5674 2949.600986067647 15398.910754077566
5675 3239.234042321524 17390.771884967297
5676 2849.8349226192026 15365.264686549124
5677 3540.276951797982 16219.320525116584
5678 2654.708388404667 14737.006504389756
5679 3652.3101034677397 16398.974075217233
5680 1307.0896039145555 16217.010196273359
5681 3292.10602446494 16883.787041638832
5682 4227.605888406429 16063.011876385364
5683 2042.091949797334 16351.631356555663
5684 987.9082344869571 15609.62554034121
5685 2614.926692337791 16957.646452959856
5686 4181.284534841241 16553.74712052997
5687 3032.822513372309 16444.260176923468
5688 3557.49337437802 15346.359286038105
5689 2050.800018867781 16744.934981449453
5690 3970.264373762622 16864.668715279822
5691 1498.4398308826933 15899.650056670023
5692 3146.629258106857 16623.131197334336
5693 2853.034922065855 15365.344707353413
5695 3959.9205717908835 15401.013018410866
5696 899.238473167643 15103.606114746595
5697 929.4438748171185 15729.868124025857
5698 3132.0206534633758 16605.67787379196
5699 3115.6392893192756 15402.865237059394
5700 2962.8920575998854 15860.298989721967
5701 2479.0952908250265 15083.450656808049
5702 2145.47946178938 15385.543396375684
5703 3394.1663638964674 15329.625723756904
5704 4115.734587178897 16963.935502733504
5705 1135.4297091354651 17254.020431104873
5707 1808.8782608864383 16876.013389544394
5708 1578.5484481499923 16938.235768451905
5709 1654.804693711 14981.107411479261
5710 1199.5110702599047 16276.61957763892
5711 3358.5883606409675 17373.174089004282
5712 3202.580462627815 15325.882297568862
5713 1840.739900166652 15988.34477391391
5714 2639.389611728134 17382.30944761397
5715 4162.45283570392 15296.711708672861
5716 3143.612288365579 16439.882060629392
5717 3152.9602032142 15883.48438867784
5718 3747.8958918802273 16541.160820817007
5719 3696.0067008563146 16765.47835431851
5720 4090.771553991027 15169.66774158087
5721 1947.4257569096126 17575.25479479424
5722 2021.5902026006258 16350.12912954953
5723 3978.0736321534077 16620.341494853026
5724 1011.6643183544052 15646.67693822853
5725 2504.2456037478264 16994.549501036116
5726 4110.4795746310465 16952.97894841413
5727 3236.2859436930194 15346.253971239588
5728 3676.5459632645 15664.66881977298
5729 2993.9300782995797 16726.516142253575
5730 4013.5484980322453 15695.444273709973
5731 2701.7883877540144 15293.48902352302
5732 2817.4406836962225 15397.304981895395
5733 2911.2555592886697 17224.908919636466
5734 4014.290170684273 16897.069914657866
5735 3143.413237917961 16653.918945201527
5736 2231.214769249534 17297.695564467736
5737 3344.4054942580215 15234.700224909871
5738 2979.366540158976 16529.229005043133
5739 2698.4322805645897 15307.519515031265
5740 3188.660539756457 17225.931261072812
5741 1934.7396280083076 16816.95679967792
5742 1005.2620396846706 16179.184024675867
5743 3289.9875597277946 15816.857078724008
5744 4056.9637782123605 16958.20611602243
5745 905.3144860774783 15891.7864406991
5746 2880.996127344084 15396.181208305923
5747 2544.41463047693 15264.847153668528
5748 3732.577560152693 16552.40849264596
5749 3779.967508555885 17649.239080102405
5750 4032.921268689937 16906.541468506584
5751 1027.461119408765 16375.683616574237
