4768 2810.79129962565 15400.345276473536
4786 3454.9059117346965 16057.421905337524
4885 2765.8051769449653 15399.251669038822
4896 2773.302874118045 15399.433937189156
4900 2788.298256665963 15399.79847320301
4929 2803.293619757624 15400.163008743886
4935 2758.3075044983357 15399.069401489585
4945 2780.800549176774 15399.616204801894
4950 2795.795928200475 15399.980740730074
4957 2743.3121558867297 15398.704866300719
4983 2683.0909514278433 15397.204511885966
5005 2728.316742491313 15398.340329536966
5022 2735.814488210567 15398.522598867452
5032 2720.819080588831 15398.158062244056
5040 2750.809829353667 15398.88713387476
5099 2668.0942959920358 15396.80663587404
5105 2897.8796766589426 15399.481220741976
5106 2690.5892636507865 15397.403449480831
5120 2920.3792624913767 15399.610976138934
5137 2675.592613010662 15397.00557359614
5142 2935.9143278041247 15399.717140641887
5164 2832.525193808434 15425.981119296257
5229 2630.602705892579 15395.811947130713
5231 2713.3213915543006 15397.97579429157
5247 2832.1690765648736 15433.47360571879
5248 2890.379773947673 15399.437230440746
5252 1032.377508304208 16680.53203595819
5258 2660.5960195267817 15396.60769922786
5259 2905.3795404488105 15399.524472551608
5274 2569.748255022881 16959.843422717368
5288 2912.87939385846 15399.567724301374
5301 2638.1010371897128 15396.010885231637
5303 2653.097701319583 15396.408761474226
5333 2570.616301655801 15394.22044885367
5339 2623.1043928548356 15395.613009514229
5342 2593.111173288058 15394.817259912785
5368 2927.8791510399055 15399.654228091349
5377 2867.8800861348095 15399.303126341201
5387 2848.2749386328423 15408.740276355547
5389 2426.607499537824 15714.808350288853
5393 2198.55378673763 15396.561512935192
5396 2615.6060892318083 15395.414072147527
5400 2585.612886057494 15394.61832298099
5404 2831.4568394275398 15448.45863432269
5408 2350.5203018282723 15860.327719711782
5410 2600.6094616524524 15395.01619687466
5411 2902.2670937501075 15399.504129094097
5417 2540.6229875531803 15393.424696744096
5420 1034.312141113769 16354.41897531261
5426 3557.0022351702814 16230.235475372123
5430 2645.5993754135343 15396.209823516332
5433 2548.1213207603087 15393.623634895694
5435 2875.3799534045843 15399.347827536849
5436 2563.1179548836094 15394.021510342178
5437 2578.1145985841144 15394.419386042755
5442 2882.8798598669455 15399.392528966095
5444 2666.859689959548 15952.15417280431
5450 2608.107809410815 15395.215135412316
5457 3401.561368219602 17028.72630163817
5460 2302.9531713780607 15407.360368886317
5461 2639.8212856078803 15796.845293897431
5462 2273.340336131593 15404.07847150127
5465 2859.4325155280594 15401.86822407201
5467 2241.9118313505255 15404.015235073139
5472 2867.8768465799244 15399.30270656135
5473 4338.550732166683 15498.694086040867
5481 4143.731726829964 15266.15650513777
5484 2308.923971090951 15418.726963169005
5485 889.0700796483443 15740.853642311667
5488 2818.2889825404695 15400.527544277253
5494 1431.0305297751393 16101.81153919782
5509 2452.6605650963315 15676.867938508345
5510 2893.2974004846915 15399.451593899263
5517 1711.4791907472143 17457.243718885235
5518 2822.892472757547 15426.419943769142
5519 1790.439229582419 15399.398526956866
5520 2589.4375120385525 16971.62452188166
5523 3849.0844999636074 15848.944390245082
5531 2829.9417641847967 16367.624590102321
5535 2881.0660240237507 15399.379955134542
5537 1080.1988607818976 15768.338022832459
5538 2640.3954032637234 15776.288366812196
5542 2910.0000873344766 15399.549420980073
5546 2830.744600514886 15463.443700278238
5548 2258.670589299954 17345.19785584233
5551 2402.1948385917867 15754.885692319804
5552 2829.3201247921224 15493.413787953079
5554 3072.3953007049417 16145.447483739687
5555 2467.1275070439456 15388.8662957628
5557 3836.0841586571214 15203.224893350904
5559 4025.107731791367 15677.099229990134
5560 1431.815525413163 16019.312082437826
5562 4462.294637923359 16362.973275402268
5564 2932.430514940117 16995.215522326467
5565 2829.6762446945218 15485.921245590225
5567 1303.4654170797553 15274.467152463067
5569 2849.436051195205 15380.261117859907
5572 1993.4601251993329 15409.294516148788
5573 2641.245609210954 15745.845788558789
5574 3682.9925246500343 16441.893368392284
5575 3746.837193559144 16315.995112898328
5576 3879.221432743497 15762.678714974863
5577 3486.4120782948708 15740.609431346898
5578 2917.4999348249958 15399.593347337137
5583 2459.6267689104902 15388.780189342942
5584 4177.540305710904 17067.6229423682
5588 2319.8990127495476 16357.328154396007
5590 2849.2366163627257 15387.759300447862
5591 2437.124080664034 15388.521864643746
5593 2831.8129592961886 15440.966092669925
5595 1846.107391029931 16868.498918188245
5597 2429.611695909014 15388.435624523863
5598 2221.051935679444 15649.629235113798
5599 2266.7185087478115 15413.665275274572
5600 2160.4919690669267 15385.853981974786
5601 2836.1266709903584 15125.913737812827
5602 2852.8354850468145 15372.842972149852
5603 2936.6885959280526 15399.221335289838
5605 4288.90902576852 15814.96509855922
5606 3629.7114872832813 15209.306424582628
5607 2560.516992302441 16964.68605840027
5608 2855.6366151671587 15387.929345397775
5610 3478.747057785605 16459.245412148088
5613 2422.088551293595 15388.349260883728
5615 1842.3695084136787 16958.37852872813
5616 2830.3884806409237 15470.93624204279
5618 1755.0719091270496 15395.117019868963
5620 4060.6077094393736 16763.114541283678
5621 2555.619629298708 15393.822572392806
5622 2338.8187399648937 15407.76830938752
5624 2830.0323624857824 15478.42874764442
5625 2452.1259636039936 15388.694082151957
5628 1018.0305765701452 15678.59221636177
5629 1950.4333660149134 16357.341377498362
5630 2167.998235045203 15386.00927502962
5631 3065.575916247381 16492.604837271636
5632 3091.4831277836493 15477.604988339393
5634 3111.76802935477 15423.183888564556
5635 3550.639514082345 16423.93720629057
5636 3698.2581685014707 16466.252351834974
5637 2349.5110357035933 16367.591262832731
5638 3091.313081812717 15584.022242955367
5641 2595.274185062944 16968.612219524926
5642 2561.9402256464373 16961.100989934825
5643 2852.43661590343 15387.839317716076
5644 2332.5005871500116 16368.896356428755
5646 2085.104425084672 16730.976992245047
5647 3952.5328280965286 16841.240919382126
5648 2867.1965673765635 16812.345889536195
5650 2863.9211513989317 15416.461017874588
5651 2592.977422269768 16943.444273855304
5652 1837.670632175631 15951.528266219235
5653 2831.100718415339 15455.95120003508
5655 1572.9265343471147 15455.13427331357
5656 3255.833149652909 15722.207547917953
5658 2357.0113667026444 16367.68500853985
5659 3151.529575123928 16645.821334194196
5660 2482.129028198377 15389.03850911781
5661 2852.6360503585424 15380.34114931602
5662 2533.124634532716 15393.225758066832
5663 1742.570619027744 15397.93851453817
5664 2474.6282299135078 15388.952402007431
5665 2648.241775144979 15521.517545549368
5666 2644.6979961882084 15645.674538148192
5667 2849.6354855762684 15372.762952243897
5668 2816.7941905567964 16370.972521381284
5669 3122.2685904136356 16583.901361651486
5670 4889.43316454138 15768.052614422058
5671 3405.7163986350033 15428.311511265274
5672 2312.399240980046 16357.191091463164
5673 2160.605996454085 16691.945292678207
5674 2949.600986067647 15398.910754077566
5675 2574.740514515845 16979.820385802046
5676 2849.8349199264144 15365.264787790315
5677 4041.2761423451902 15944.67592012163
5678 2850.0343551377227 15357.766590959462
5679 3648.709592216804 15897.823734425152
5680 1816.8141526409436 16330.468914072668
5681 2842.705202978972 16368.056245931573
5682 3167.7125860170127 16648.872464968557
5683 2565.9508210630524 16952.0149467162
5684 987.2440474694878 15712.976741761695
5685 3009.312197204822 17479.955874397656
5687 2801.6527303502885 16956.911824709176
5688 4236.053404402819 15910.188967976841
5689 2577.603860741165 16949.24377084835
5690 3444.6041861234407 16046.664406218699
5691 1836.1582262116403 16339.150017650174
5692 3786.2788024352594 16286.654071784671
5693 2853.034922065855 15365.344707353413
5695 3801.934475563591 16298.295093763138
5696 944.9233999396745 15573.493021988856
5698 2600.2746548283585 16962.157386834377
5699 2957.1008703465436 15398.966756797689
5700 3056.5635093304313 15422.43287164384
5701 2511.7213753842107 15379.983092342114
5702 2444.6252393584955 15388.60797589153
5703 3971.3190585664615 14980.118990248318
5704 3650.1807201218066 16395.576653466727
5705 1887.48993395123 16832.063511113513
5707 2341.815322803205 16593.166926997943
5709 1485.070416240022 15553.759709273882
5710 1801.185797719696 16316.014116938548
5711 2563.908008160712 16952.64127499954
5712 2964.600810929061 15399.02275993824
5713 2318.471121768957 15394.164303623535
5714 3208.7000866335334 17042.422078544558
5715 3259.9563945038 15521.969728905064
5716 2609.195557516867 16957.179936733195
5717 2768.6307561239328 16370.907904194806
5719 3660.384310940299 16411.85643768042
5720 4502.00652995003 15729.893471848161
5721 1836.5494383019886 16178.797828539322
5722 2969.3840109904977 16316.923403466373
5723 3620.0800396503914 16976.10433136202
5724 1981.7614826224597 15384.769971262473
5725 2281.726284451914 16366.09512693328
5726 3633.8050236289127 16368.74401688792
5727 3993.700504128712 15472.257392336573
5728 4274.73558173892 15981.990028555687
5729 3459.909464454097 16072.268983784395
5730 3216.2225968350203 16193.269609607956
5731 2809.970168075819 15397.123406862955
5732 2817.46925456524 15397.305676326238
5733 2565.9259233893226 16961.265843966696
5734 3484.1311393126307 16113.180320308571
5735 2593.7241256886105 16965.812278392765
5736 2553.9069045259275 16967.685987298697
5738 2364.511839209807 16367.778756015661
5739 2508.5270637803746 15379.95030073827
5740 3574.7827052694674 16999.444269931435
5741 1431.0722546223667 16560.628529368198
5743 3634.9292517515364 16364.432607081833
5744 2946.8512568596316 17509.459041636906
5745 1405.241003818377 16162.624399872633
5746 2924.753452990589 15396.436086810787
5748 3119.856059904657 16612.22294127092
5749 3611.3432540760627 16977.59538025636
5750 3654.94878302094 16403.184076823465
5751 826.8831830007086 16649.894456539005
5752 2407.419007516337 16368.31504739185
5753 2443.0074934919703 15392.33511970228
5754 3650.8452751629275 15247.122149167273
5755 3059.1523817181865 14370.41989956085
5756 3787.290663217385 15812.7087497296
5757 2238.0359483219136 15385.631178579173
5758 2817.682276581363 16358.73993208987
5759 4075.4612029816185 15930.475577904534
5760 2716.2808452130575 16358.445295337873
5761 1017.9245893972421 16755.079258222642
5762 1470.6832256087691 15907.158431635666
5763 4065.906350793027 15664.369250175036
5764 2432.801578923587 17038.94681128572
5765 2948.5746382925654 15420.65287858319
5766 1642.150347475275 15395.66281513266
5767 4219.27235534664 15867.648850203337
5768 3089.8072769385294 15400.994912954242
5769 2193.7572717052817 15430.190329837156
5770 1762.1705092896327 16300.321616772206
5772 1833.0302754207287 16862.970084539724
5773 2193.90966286633 15422.717301747272
5774 964.9204879278084 16573.415449683438
5775 2361.5212563269133 17075.427121310237
5776 3066.5188556645035 16483.20007290983
5777 3041.8646396315667 15399.74845937486
5779 3819.4904036743415 16666.71058602927
5780 2392.1921670604265 15418.353134098366
5781 1448.6984063196796 15989.040148533233
5782 2822.5363548233754 15433.9124447217
5783 1155.3041273458373 16469.313774916587
5784 3127.688699036478 14972.021255527388
5785 2863.6512285017175 15214.651489863318
5786 4564.811405855965 16107.203861876584
5787 1468.4944523051497 15576.178151689312
5788 3456.695144901142 17204.07702165035
5789 2373.655770885365 15515.501085845663
5790 806.8202033109491 17185.161584851445
5791 3179.687093427147 15424.999915815328
5792 3267.3355277074324 16468.343444261758
5793 2664.7864384145814 17368.225983004795
5794 3757.532497937976 15242.33229114262
5795 2992.5352573029413 15399.231350487626
5796 976.1870604741313 15321.279426712355
5797 863.5226415693029 16622.40011836364
5798 2821.061353279563 16336.274180144159
5799 3398.841109388693 16693.611730178327
5800 2335.121369688999 16359.931825120466
5801 1858.9832963994875 16226.541627628969
5802 2966.954756659105 15801.770481196807
5803 3613.3596254874737 15173.489473921129
5804 3421.5120943976476 16710.772713430673
5805 2187.8661194251476 15485.59775033472
5806 1605.2974166892063 17000.257049526175
5807 3431.353146882998 16025.48496900588
5808 2958.5029290089724 16969.717585279574
5809 1702.4849857773388 15755.418827248068
5810 3767.1899868574887 16095.090073435436
5811 4299.303369612704 17003.314109835952
5812 4295.588262062029 16901.222320865523
5813 2729.3160332383663 16890.158280415366
5814 3473.966617584305 17132.40544344649
5815 4090.4461330854783 15272.258694836517
5816 1102.2714320716868 16330.500165891015
5817 3058.0686621574478 16125.449124051494
5818 2830.49 15117.41
5819 1053.3263090684031 15691.867919777718
5821 3612.8877840507225 15179.20280118119
5822 4723.688314231184 15290.489798977782
5823 2948.7739454562065 17501.842494064236
5824 3285.0885245446407 15159.281644750996
5825 3350.1277091824463 17392.690385969392
5826 3850.6253929034856 16684.902404402248
5827 3380.753226012968 15194.30108371008
5828 1838.222650862069 15923.52457974138
