4768 2810.79129962565 15400.345276473536
4786 3622.0533281570697 16342.25914157146
4885 2765.8051769449653 15399.251669038822
4896 2773.302874118045 15399.433937189156
4900 2788.298256665963 15399.79847320301
4929 2803.293619757624 15400.163008743886
4935 2758.3075044983357 15399.069401489585
4945 2780.800549176774 15399.616204801894
4950 2795.795928200475 15399.980740730074
4957 2743.3121558867297 15398.704866300719
4983 2683.0909514278433 15397.204511885966
5005 2728.316742491313 15398.340329536966
5022 2735.814488210567 15398.522598867452
5032 2720.819080588831 15398.158062244056
5040 2750.809829353667 15398.88713387476
5099 2668.0942959920358 15396.80663587404
5105 2910.1475989006553 15399.551970005194
5106 2690.5892636507865 15397.403449480831
5120 2994.4531252993843 15399.24567148521
5137 2675.592613010662 15397.00557359614
5142 3026.211478806563 15396.27865064727
5164 2832.525193808434 15425.981119296257
5229 2630.602705892579 15395.811947130713
5231 2713.3213915543006 15397.97579429157
5247 2832.1690765648736 15433.47360571879
5248 2901.532869567439 15399.50228875183
5258 2660.5960195267817 15396.60769922786
5259 2920.7977741941563 15399.613389701235
5274 2416.82249405246 17061.314461969218
5288 2934.3387075709206 15399.706922987714
5301 2638.1010371897128 15396.010885231637
5303 2653.097701319583 15396.408761474226
5333 2570.616301655801 15394.22044885367
5339 2623.1043928548356 15395.613009514229
5342 2593.111173288058 15394.817259912785
5368 3013.2004816039507 15399.385660704927
5377 2868.9775948310657 15399.309667783762
5387 2602.2313044281095 15416.946736367401
5389 2343.677403525894 16049.151244104021
5393 2237.320140740934 15180.234035666865
5396 2615.6060892318083 15395.414072147527
5400 2585.612886057494 15394.61832298099
5404 2831.4568394275398 15448.45863432269
5408 2338.953573183741 16274.315128077827
5410 2600.6094616524524 15395.01619687466
5411 2866.7057723142616 15399.295847618365
5417 2540.6229875531803 15393.424696744096
5420 983.9901717693473 16075.30723139519
5426 3631.162520292878 16357.945966378149
5430 2645.5993754135343 15396.209823516332
5433 2548.1213207603087 15393.623634895694
5435 2879.4937992802047 15399.372347148028
5436 2563.1179548836094 15394.021510342178
5437 2578.1145985841144 15394.419386042755
5442 2892.1383974538026 15399.447712302705
5444 2769.4980312606176 15954.189496033161
5450 2608.107809410815 15395.215135412316
5460 2215.4105842827025 15407.162012057346
5462 2222.953132688741 15403.977088798165
5465 2749.923192141559 15418.875638246878
5467 2215.4600313152796 15403.962012135442
5472 2849.3003838513746 15486.80650886335
5488 2818.2889825404695 15400.527544277253
5509 2345.4403423494064 16000.504558557368
5510 2859.347925959697 15402.043800739117
5518 2822.892472757547 15426.419943769142
5519 1459.8621995103188 15610.301700925418
5520 2782.5076477645443 17271.246637381686
5523 3935.8016284374708 15805.727706349722
5531 2809.9258625735806 16090.747651310818
5535 2847.984594945164 15410.665291302816
5538 2638.205244997697 16029.44133801858
5542 2876.206828103671 15399.35149498581
5546 2830.744600514886 15463.443700278238
5551 2347.936903232837 16020.033534578803
5552 2829.3201247921224 15493.413787953079
5555 2467.1275070439456 15388.8662957628
5557 3991.499766688106 15466.89006080048
5559 4102.437141238621 15631.293007175987
5560 1419.0690998017612 16060.92998188496
5562 4314.57902451609 16084.72883213611
5564 3021.1002052663835 17143.353235894912
5565 2829.6762446945218 15485.921245590225
5567 1092.5287889694387 15378.581835919611
5569 2849.436051195205 15380.261117859907
5572 1893.3338583510456 15402.50488724454
5574 3884.594793125631 16757.183581468278
5575 4064.0160814015476 16141.979527196201
5576 4068.712604289793 15637.302300628135
5578 2887.959405611259 15399.420329441004
5583 2459.6267689104902 15388.780189342942
5588 2335.7454973280887 16471.2224185456
5590 2849.2366163627257 15387.759300447862
5591 2437.1246234424007 15388.521870874694
5593 2831.8129592961886 15440.966092669925
5595 1618.3969879676147 16989.840160713502
5597 2429.623882689437 15388.435764424765
5598 2109.5663617920386 15411.63752829175
5599 2215.2622158727277 15416.762012006358
5600 2160.4919690669267 15385.853981974786
5601 2800.059035437161 14982.730236058691
5602 2852.8354850468145 15372.842972149852
5603 2900.033226802384 15399.491045409755
5605 4290.482392910964 15997.722261450781
5606 3610.2594314463313 15174.498770115935
5607 2403.46292456898 16714.54228079565
5608 2855.6366151671587 15387.929345397775
5610 3869.2546699634336 16248.936521157384
5613 2422.123171850698 15388.349658318242
5615 1858.814827929169 17338.68406483179
5616 2830.3884806409237 15470.93624204279
5621 2555.619629298708 15393.822572392806
5622 2222.9081112457748 15407.177088702529
5624 2830.0323624857824 15478.42874764442
5625 2452.1260637386804 15388.694083301476
5629 1727.6455391193876 16394.033962478366
5630 2167.998235045203 15386.00927502962
5631 3215.901570662637 16601.23380944727
5632 2948.807439157291 15420.65671586679
5635 3965.589106698969 16193.056816901853
5636 3906.9582850429592 16785.66544265918
5637 2183.380743571489 16364.016115837381
5638 3059.8341120748273 15425.687605523224
5641 2590.243620632245 16971.37350298074
5642 2365.0170928100733 16652.826482953664
5643 2852.43661590343 15387.839317716076
5644 2591.3260994120815 16358.829113298776
5646 1851.402752261794 16865.49171413033
5647 4186.934961258451 16947.44266480809
5648 2613.375014002089 16954.847993786203
5650 2863.921048432219 15416.461014684453
5651 2901.3350218485566 16774.18947928606
5652 1697.3813482771745 15979.517481539886
5653 2831.100718415339 15455.95120003508
5655 1797.897827777467 15228.040845227653
5656 3121.950003150294 15591.28730701984
5658 2333.0204210758816 16357.105579135387
5659 2979.1988239686425 16389.654335294683
5660 2482.129028198377 15389.03850911781
5661 2852.6360503585424 15380.34114931602
5662 2533.124634532716 15393.225758066832
5663 1418.4048792095916 15649.555793808124
5664 2474.6282299135078 15388.952402007431
5665 2639.484706822613 15852.641120982966
5666 2637.9084579013706 15750.659510154477
5667 2849.6354855762684 15372.762952243897
5668 2455.4039857658163 16368.91480568487
5669 3292.6772286135392 16559.15114543709
5670 5042.8877393893445 16110.953715417203
5671 3095.4962656984735 15419.253332799664
5672 2405.1341795455533 16360.509172382854
5673 1854.6872791790097 16870.979985417158
5674 2910.7317647775726 15399.553706390498
5675 2416.62703508515 16741.693133493754
5676 2849.8349199264144 15365.264787790315
5677 3983.032776198393 15776.28015289349
5678 2850.0343551377227 15357.766590959462
5679 3998.8127607152596 15696.910696544093
5680 1937.3007695009899 16347.238167904105
5681 3008.9138605616486 16295.535506910086
5682 2877.172613086362 16810.524057492137
5683 2454.067294562995 17047.498855256566
5684 894.0635967236782 15868.055280193192
5685 3416.7298812588388 17311.454222076703
5688 4214.69412828127 16070.10414310287
5689 2858.495558394843 16804.40904347355
5690 3280.445447237232 15763.358919100376
5691 2153.159866721832 16354.28089414908
5693 2853.034922065855 15365.344707353413
5695 3422.3427327118206 16506.110909961655
5696 1038.2235633987352 15680.485340693327
5698 2598.6442694111565 16963.06706630776
5700 2947.0261422869175 15399.1994939877
5701 2704.4738174226586 15394.557139768236
5702 2444.625357362433 15388.607977246182
5704 3605.251094538848 16319.70440916338
5705 2260.336990840913 16617.12183177276
5707 2536.1177628962764 16899.012023090345
5709 1798.3757756616137 15382.363538397321
5710 1849.7010503857066 16392.988487188046
5711 2325.9398580216 16569.00469277289
5712 2949.6268110542715 15398.910946916474
5713 2698.5021651141365 15400.240856015937
5714 3362.4238298197592 16950.914467132396
5715 2972.8125121307135 15598.867332460042
5716 2600.716149201818 16965.575695606232
5717 2389.0228220080717 16368.085115750304
5719 3638.0041042952007 16375.625712918281
5721 1842.5975216050035 15734.44109256186
5722 3079.9208307482413 16163.603818666359
5723 3452.215573633014 17081.365604450406
5724 2152.985662255924 15385.698688075185
5725 1942.5105019350797 16357.153178200571
5726 3468.0200655096946 16085.96809960264
5727 4148.427104725278 15609.417632005256
5728 4096.55438862238 16142.026926925631
5729 3614.832402747879 15970.146983943276
5730 3011.6545799886167 16408.75565944408
5731 2809.970168075819 15397.123406862955
5732 2817.46925456524 15397.305676326238
5733 2371.0348249997787 16656.44035887609
5734 3349.6989251050754 15880.461168730504
5735 2588.5701128500723 16968.28093847961
5736 2558.394910047505 16961.67511155821
5738 2350.320290044766 16367.601377602394
5739 2487.4570681718164 15627.965887384573
5740 3745.774908597499 16897.2578994375
5741 1227.345328301798 16664.219646047215
5743 3634.9292517515364 16364.432607081833
5744 2768.7840711558456 17285.33145470149
5745 1433.7177729746634 16283.800573250126
5746 2920.2287414634166 15399.609329866771
5748 2860.293332670599 16370.757331061286
5749 3806.6842981097643 16860.85793895907
5750 3624.965251063256 16353.653909294611
5751 973.5789574647445 16573.166977543802
5752 2361.53416932144 16367.741538488955
5753 2825.7012506534675 15403.238527402465
5754 3633.349313498123 15215.815765691315
5755 2899.157992900547 14509.52737903034
5756 4064.7274826932403 15656.651588601202
5757 2414.622355999853 15388.263551006212
5758 3056.5399905052154 16477.796457513574
5759 3793.17736782491 16080.9179011485
5760 2800.0416309483658 16222.167073123583
5761 1196.494825176079 16670.828480998167
5762 1427.7532274422435 16189.297345949024
5763 3720.065295721814 15863.504061370853
5764 2560.428927153133 16964.224474243263
5765 3161.920833475816 15407.018448385401
5766 1837.2391749768121 15383.071761567862
5767 4247.718474713579 16051.964286816905
5768 2974.7289222772847 15399.098388009836
5769 2264.377053305903 15386.039744412114
5770 1849.0075786514165 16342.230474404603
5772 1824.832025078558 16613.319026535584
5773 2316.269498744144 15386.844626371572
5774 1057.822735344006 16522.660667202752
5775 2547.5869101555472 16967.82697375397
5776 3066.5180653017997 16483.200517006557
5777 2965.365538020275 15399.028470265981
5779 3652.4496216759685 16399.196675904015
5780 2230.461585904914 15403.99219634991
5781 1422.5278005573377 16129.39299948624
5782 2822.5363548233754 15433.9124447217
5783 1055.0051428472764 16572.383710114995
5784 2866.0199513753887 15113.117181610469
5785 2855.836057926718 15380.43086477416
5786 4458.303354516234 15945.923329928555
5787 1773.9766961853124 15381.918904275513
5788 3603.316808007592 17314.28151263708
5790 932.4889929816695 17334.334020864317
5791 2871.51738150751 15416.696365808077
5792 3176.61357991455 16318.616830316794
5793 2749.665515956893 17243.914450688066
5794 3920.1863969336973 15330.117068712816
5795 2957.3194273767886 15398.96838879463
5796 946.0788879633925 15437.133274400303
5797 1043.8487177469563 16590.138594548902
5798 2809.7773435645204 16159.36142648294
5799 3302.0390141088646 16577.196986553627
5800 2147.929061504585 16363.266672194837
5801 1989.9141688393356 16349.4652761103
5802 2965.284566230249 15980.49878690887
5803 3630.034706521563 15203.322492616098
5804 3707.933950308009 16561.907463319527
5805 2005.4252291056807 15406.544993461926
5806 1218.8656321272347 17208.95792004108
5807 3241.2781053229287 15698.239284412788
5808 3021.8304851069365 16930.126738960822
5809 1840.344270545688 15684.898446188292
5810 3557.4893532471483 16213.357022066379
5811 4134.549791846932 16993.008549071234
5812 3964.2508844915037 16997.04427480143
5813 2606.8247113203875 16958.5027589915
5814 3242.8995400156546 16816.40643318958
5815 4181.696195431672 15330.662974621077
5816 1272.9513265497153 16235.926252529867
5817 3110.4053127044785 16249.424548961215
5818 2856.89738545006 15163.993950265796
5819 854.4331256141136 15754.459246265931
5821 3620.3743140391894 15186.035251597812
5822 4419.841181292757 15462.452958430067
5823 3180.6124910100784 17408.90091192896
5824 3394.494473611768 15330.140257845555
5825 3190.9966529140625 17534.49149193584
5826 3974.194167633401 16622.41713009677
5827 3280.889920281339 15140.93330556028
5828 1846.856307753219 15656.977223676593
5829 4243.015176901502 16482.18126557856
5830 4240.928063020271 15919.237208867
5831 1820.9228552613263 15209.525382712136
5832 3378.347071767367 17524.64978817447
5833 4590.112194717155 15366.425029059674
5834 2692.7193013806577 15095.359324143024
5835 2501.440488634195 16358.16550288324
5836 1948.755634579743 15381.273779425124
5837 3621.538681441137 16176.778421745365
5838 2366.7955023565614 15150.082019093283
5839 3410.491578893296 15648.667918935553
5840 4519.764616172797 15724.50518054312
5841 894.801459856251 15491.346840468803
5842 3815.2846518284437 15425.37942613284
5843 3299.876474101626 15796.043874118413
5845 3144.7099741320585 16261.533983877383
5846 4124.901550969495 15228.767742769316
5847 3436.2492421451548 16703.269847006133
5848 2681.962449149019 15268.68746216933
5849 4193.552632188306 17063.927481769824
5850 3797.957210448064 16304.201455210887
5851 4332.856428669004 17330.096921815948
