4768 2810.79129962565 15400.345276473536
4786 4088.6621269634934 16937.76372464809
4885 2765.8051769449653 15399.251669038822
4896 2773.302874118045 15399.433937189156
4900 2788.298256665963 15399.79847320301
4929 2803.293619757624 15400.163008743886
4935 2758.3075044983357 15399.069401489585
4945 2780.800549176774 15399.616204801894
4950 2795.795928200475 15399.980740730074
4957 2743.3121558867297 15398.704866300719
4983 2683.0909514278433 15397.204511885966
5005 2728.316742491313 15398.340329536966
5022 2735.814488210567 15398.522598867452
5032 2720.819080588831 15398.158062244056
5040 2750.809829353667 15398.88713387476
5099 2668.0942959920358 15396.80663587404
5106 2690.5892636507865 15397.403449480831
5137 2675.592613010662 15397.00557359614
5164 2832.525193808434 15425.981119296257
5229 2630.602705892579 15395.811947130713
5231 2713.3213915543006 15397.97579429157
5247 2832.1690765648736 15433.47360571879
5258 2660.5960195267817 15396.60769922786
5301 2638.1010371897128 15396.010885231637
5303 2653.097701319583 15396.408761474226
5333 2570.616301655801 15394.22044885367
5339 2623.1043928548356 15395.613009514229
5342 2593.111173288058 15394.817259912785
5368 4194.521223232436 15835.211504502207
5377 3056.40286180031 15056.277613153017
5387 1865.4347170401634 16355.322324048873
5396 2615.6060892318083 15395.414072147527
5400 2585.612886057494 15394.61832298099
5404 2831.4568394275398 15448.45863432269
5408 1292.770285265925 16627.22833401928
5410 2600.6094616524524 15395.01619687466
5411 2428.803865881531 16169.161037694535
5417 2540.6229875531803 15393.424696744096
5430 2645.5993754135343 15396.209823516332
5433 2548.1213207603087 15393.623634895694
5435 3959.1430974213563 15399.625774195149
5436 2563.1179548836094 15394.021510342178
5437 2578.1145985841144 15394.419386042755
5450 2608.107809410815 15395.215135412316
5462 2354.6184374874106 15387.43944067832
5467 2362.1187357451367 15387.555774659253
5488 2818.2889825404695 15400.527544277253
5509 1851.395067068404 16865.496189942514
5510 1859.3911892676167 15892.604314758846
5518 2822.892472757547 15426.419943769142
5519 1110.6943708238134 16244.333176836302
5531 2826.0924088373217 15426.569949148405
5535 1858.7352091785185 15930.380838461244
5542 3142.4506783157467 16616.402112538417
5546 2830.744600514886 15463.443700278238
5551 1854.6257803007397 16871.015800187775
5552 2829.3201247921224 15493.413787953079
5555 2467.1275070439456 15388.8662957628
5565 2829.6762446945218 15485.921245590225
5569 2649.346367251608 15437.369587410172
5572 933.0481385914482 15950.103761776842
5578 2004.109197330059 15409.698378121173
5583 2459.6267689104902 15388.780189342942
5588 3043.473805967716 17466.916092751493
5590 2534.4087870883664 15415.918943472687
5591 2437.1246234424007 15388.521870874694
5593 2831.8129592961886 15440.966092669925
5597 2429.623882689437 15388.435764424765
5599 1377.3406542270154 15671.130515708359
5600 2384.6197434023397 15387.90477835295
5602 2837.4118345613842 15792.265932115502
5603 2361.108347520976 15835.42506950977
5607 2187.518748895825 15422.594311441759
5608 3178.1429644925634 15406.439752410966
5613 2422.123171850698 15388.349658318242
5616 2830.3884806409237 15470.93624204279
5621 2555.619629298708 15393.822572392806
5624 2830.0323624857824 15478.42874764442
5625 2452.1260637386804 15388.694083301476
5629 1171.26765286466 16846.648812843305
5630 2392.120256167527 15388.00523306185
5631 4486.722938691874 15738.883710609121
5632 3140.4853721247146 15360.008172177397
5638 2863.8198502943515 15419.651348441574
5641 1065.2105134180051 17454.671662927052
5642 1710.2445066770574 15899.73229881011
5643 2957.4627113722754 15599.2013123511
5644 2828.6078855227697 15508.398861413349
5648 1112.9175381152459 17492.51774094845
5650 2863.921048432219 15416.461014684453
5653 2831.100718415339 15455.95120003508
5656 2878.923780709049 15416.925832362114
5658 1893.5010662350048 15399.304886594664
5659 2357.0131105131304 16367.68503033552
5660 2482.129028198377 15389.03850911781
5661 2906.1582118263127 15599.363551010669
5662 2533.124634532716 15393.225758066832
5664 2474.6282299135078 15388.952402007431
5667 2835.3994140143814 15760.209192691138
5668 2179.7537715111234 16363.939442151004
5669 4908.300343434911 15812.139668521842
5672 3704.543013041049 16476.280911754842
5674 2830.9855320029783 16357.249181758254
5676 2845.8078638211045 15597.451471159544
5678 2663.6909469994525 15414.623991104223
5680 2796.0689957152763 16360.831031287367
5682 2210.1803953433036 17178.837639118574
5689 2899.805278336833 16941.989379696923
5690 2886.42513096232 15417.158240708786
5693 2862.68519382319 15599.501024414185
5695 2801.367574864725 17300.254900633925
5696 1805.512976375611 16320.016360933487
5701 2802.4711305473375 15396.941138589693
5702 2444.625357362433 15388.607977246182
5704 2938.2749646849297 15408.02643836229
5705 2816.946782757854 15771.720452032034
5707 3008.9816626635597 17480.090640364102
5709 2320.5492010646326 15386.91100703952
5711 1893.6683299913652 15396.105115801658
5712 2872.5008110135323 15399.329788967096
5713 4157.449318608928 15282.41410347243
5717 2138.4626985022073 16363.066554593739
5719 3089.4634465361755 15427.474952827317
5721 2209.437279547676 15385.358255028279
5724 2377.119434825645 15387.788444211963
5726 2901.4369153130547 15417.856815384079
5728 4264.790184763893 16471.288962528448
5729 3857.2633516531646 15188.66246955717
5730 2223.104336545269 17175.166020499822
5731 2809.970168075819 15397.123406862955
5732 2817.46925456524 15397.305676326238
5733 1901.2792737344375 15396.22035376611
5734 2893.9256312773173 15417.409628580403
5736 3637.3568689163503 16379.731446679683
5738 2336.0911855374193 15911.106013757664
5739 2564.5006112271794 16949.326691874267
5744 1845.2227166647817 17379.82917797401
5746 2525.089497433652 15415.843203380753
5748 2349.510999509336 16367.591262380343
5751 1206.6471866753304 17192.370504036324
5752 2337.330040365774 16136.294233900871
5753 3635.822298368436 14901.60369840556
5755 2997.9246844737886 15399.271594119427
5757 2414.6224658020237 15388.26355226671
5761 2698.664906708908 16361.82555945774
5762 1289.45863451088 16984.410411731078
5764 3645.7809568664943 16385.80211324306
5765 3602.3562234124247 15165.53450686527
5766 2337.967092485272 15387.181168648938
5767 3144.1692010967236 16992.64609411767
5768 2895.0003977602946 15399.46156829761
5769 2399.620980125699 15388.091339318978
5770 2560.4579481665523 16943.00618469947
5772 2038.744962439508 15594.17666656232
5773 2407.121701547987 15388.177445546995
5774 1429.8816069042616 15634.290528199579
5775 3372.7978203336347 15922.566021764016
5776 2364.540342029216 16367.779112268867
5777 2887.5005247313347 15399.417641790968
5779 4629.996212414585 15690.143366928383
5780 2347.1180697066866 15387.323105619045
5781 2636.7183363178833 15398.784810833322
5782 2822.5363548233754 15433.9124447217
5783 1816.1048314384134 16348.513858806615
5784 2728.6106005996403 15415.415353008602
5785 3162.7511603426456 15407.092960223985
5786 4056.2000742199884 16923.35893679188
5787 2301.3804320337185 15386.613688301739
5788 3612.944511124203 18160.40893842022
5790 2289.8485483470936 16603.585169463095
5791 2871.4223954868717 15416.693422932027
5793 2809.76600119284 16164.601448923893
5794 3201.2896629402344 16629.930246193613
5795 2880.000663035181 15399.373715350699
5796 1434.6655574281936 16092.550440970082
5797 1809.0377177464459 16351.028176894864
5798 2828.9640030269334 15500.90636950788
5800 1050.660722028347 16585.568606546978
5801 3013.871261734044 16406.22113625429
5802 2871.31172171392 15419.886242099941
5803 3494.955404855222 15404.238922158696
5807 3245.4067698261897 15341.519799677648
5808 4035.0316845258203 16154.401647031309
5809 2179.8094629607563 15385.850432965024
5810 3774.124289836523 16587.664951996438
5811 3084.7821265403495 16548.04887147754
5812 2525.3573467511324 17449.211287164893
5813 1832.7380326302643 16356.40687948008
5814 2697.100564014054 15810.476321135235
5815 3916.8062472219513 16011.12449661842
5816 2326.211712161519 16357.130637616438
5817 2590.1127320328833 16952.325221146635
5818 2840.914558833703 15611.814288509797
5819 2157.3230835960485 15385.788422626552
5821 3538.7593910013325 15380.444018899609
5822 4034.399075575361 16295.124753764781
5823 2577.3588802910467 16989.39933772758
5824 3781.1172588564123 15857.085363343755
5825 3479.4034561422686 17190.105942831593
5826 3442.5392005862377 17311.25932601727
5827 2849.436944442501 15530.751769760285
5828 2247.4050420263734 15385.776498662579
5829 3650.1236410516026 16395.485584061596
5830 3140.3367647125906 16638.614620695946
5831 2276.063704574081 15386.221011158994
5832 3740.0772194470082 16539.007551115214
5833 3708.0749516176825 15576.610201371212
5834 2652.434111843699 15393.188768004575
5836 2369.6191123921626 15387.67210985605
5837 3091.4595251445035 15475.450094514854
5838 2781.711357766418 15396.436560779044
5839 3097.534969736687 15401.341033383009
5840 3274.0361401168393 16589.20816718407
5841 1672.5304234900125 15380.295438629122
5842 3375.9332645932905 15921.639149115937
5843 3147.8466528100294 16631.16408959609
5845 2372.0946110906884 16367.873532141139
5847 2837.1826498232886 16371.416501740436
5848 2735.6755567326904 15395.317635059475
5849 3654.1077616193106 16401.842230881073
5850 3094.9775165874903 15595.371915892933
5851 2992.9698744229063 17493.32480434684
5853 2695.4372760468855 15394.326074093804
5854 3024.5990473910165 17480.991902754093
5855 1893.3338228257544 15402.5048867177
5856 2684.843894066429 15095.252294418813
5858 1188.893450008724 17168.487540243004
5859 3025.560026680674 15396.275377018497
5860 3372.1727421771047 15428.141300612715
5861 1507.6962134322564 15534.255642722494
5862 2846.9807797379294 16827.078096803078
5863 3240.894755951629 16607.76007673132
5864 2865.0009054693746 15399.285862270013
5865 2793.9091919844955 15413.010846519295
5866 4250.237422491841 15560.233118454045
5867 3227.1449591767346 15539.855869081963
5868 3653.8546481373164 16395.398830825714
5869 2359.5579149880123 16359.747434253311
5870 1817.976482872048 16331.54396309594
5871 3180.1639251666 16641.7560279516
5872 2111.101833014467 16353.51225776564
5873 1163.3389690901392 16689.7139135169
5874 1651.053521377224 16957.803417349718
5875 2915.217971742961 15399.579981955338
5876 842.4635714333509 15139.959780188305
5877 3420.7306014734495 16506.984751757944
5878 2817.818364433691 15413.316222774192
5879 2839.830934987312 15416.998007457862
5880 2955.1491521399817 16746.766856174112
5881 2848.6748668132373 16802.52409471667
5882 2902.5002591423613 15399.505494736037
5883 2300.272225554358 17110.387304731026
5884 4288.053272622602 16012.194156538197
5885 3103.0200285205456 16919.301784506286
5886 1427.419100032817 15948.49981658165
5887 851.5977453374675 15783.510306436527
5889 2215.4600045001057 15403.962012081489
5890 3371.1989494240815 17329.944554049413
5891 3234.0792991147646 15686.384776779
5892 3134.1111318469275 15905.769336676163
5894 3174.665130998101 14312.479781094558
5895 2806.8487610971415 16609.801792630537
5897 1432.2253164542587 16575.713978864704
5898 3985.3387321475184 17217.185921207554
5899 1848.8919001492295 15475.067765358484
5900 3358.3791073408765 16318.085492962848
5901 3022.6670293440816 15399.45655272008
5902 1268.118803440035 16238.603958789812
5903 3091.4533403433043 15401.037708714717
5904 2821.382516217247 15525.530614311778
5905 4117.431102777764 15695.329542917418
5907 3110.1101859493274 16589.92835578215
5908 3118.2318521940797 16219.1238538914
5909 3265.177326203086 16841.737843152772
5910 1990.4631651588245 16784.503733920898
5911 1848.3068707300868 15700.304891667904
5912 3032.5735687765264 16462.857573084697
5913 1564.4035319254378 17505.278239125706
5914 4360.491291988744 15727.732510549191
5915 1020.3577898329144 16816.883134755422
5916 4100.445267620065 15644.385809610634
5917 3932.818731467515 16227.772271455347
5919 2688.1452770136234 17343.30036195296
5920 3137.170935201315 15582.27115684965
5921 1456.6763967211016 16689.21609932774
5922 2520.065121375688 15396.384253591248
5923 2825.773595272656 16022.128907085631
5924 2332.0176309482113 17040.015142428354
5925 2350.5793885580524 16172.451217183001
5926 3705.0985839009863 16483.197863264926
5927 3142.742556242348 15405.297428923519
5928 3177.8107617272676 17327.51916749481
5929 3887.319110190911 15271.472432452625
5930 1904.9102983455393 16345.867089718318
5931 3736.7312563269397 17555.963450351628
5932 844.4959326279532 16636.677806692966
5933 3858.092000301475 15632.634657562447
5934 1606.8482688145382 15859.771843333898
5935 2857.2121249655906 15393.697573337593
5936 2892.7200616795403 15212.379280151377
5937 3847.680675663955 15260.596309344734
5938 2020.5140829772251 16762.074184949903
5939 1860.1895138611342 16158.36954419314
5940 1803.9217860311396 17385.097118430724
5941 3432.0436496176785 16026.588615221779
5942 3438.2279008973596 15666.963894907147
5943 4124.1486611876835 16974.47373423645
5945 3122.2518604574043 15162.935805235295
5946 3644.842593888808 15302.99126530425
5947 2324.3338492613766 15404.380446088298
5948 3347.150507555528 16123.857192802723
5949 2938.0579495033976 15373.567596482037
5950 3136.594185107902 17233.056877980358
5952 3470.8519908518083 15393.366903757906
5953 3034.8452533190975 15629.554535232837
5954 3152.0067882482654 15892.918258281878
5956 3042.446921491266 15239.559892747293
5957 3196.1353249725585 15285.740725938213
5958 2376.3319206555716 16356.826909041585
5959 1831.9113260420747 16403.55197179917
5960 4419.55041203941 15455.50013492842
5961 3718.1619111028676 16140.054301567945
5962 1828.9083420893196 15795.771666927145
5963 1422.598658693948 15646.664293216278
5964 1484.164741028128 16803.20329970902
