4768 2810.79129962565 15400.345276473536
4786 3632.4364558824964 16360.139794778232
4885 2765.8051769449653 15399.251669038822
4896 2773.302874118045 15399.433937189156
4900 2788.298256665963 15399.79847320301
4929 2803.293619757624 15400.163008743886
4935 2758.3075044983357 15399.069401489585
4945 2780.800549176774 15399.616204801894
4950 2795.795928200475 15399.980740730074
4957 2743.3121558867297 15398.704866300719
4983 2683.0909514278433 15397.204511885966
5005 2728.316742491313 15398.340329536966
5022 2735.814488210567 15398.522598867452
5032 2720.819080588831 15398.158062244056
5040 2750.809829353667 15398.88713387476
5099 2668.0942959920358 15396.80663587404
5105 2955.9836073717356 15398.958414033541
5106 2690.5892636507865 15397.403449480831
5137 2675.592613010662 15397.00557359614
5142 3014.8597510675227 15339.103178260655
5164 2832.525193808434 15425.981119296257
5229 2630.602705892579 15395.811947130713
5231 2713.3213915543006 15397.97579429157
5247 2832.1690765648736 15433.47360571879
5248 2936.0554734205243 15399.709674443387
5258 2660.5960195267817 15396.60769922786
5259 2977.455179621857 15399.118745367547
5274 2275.895409442276 17141.463661155856
5288 3003.360791215135 15399.31218631433
5301 2638.1010371897128 15396.010885231637
5303 2653.097701319583 15396.408761474226
5333 2570.616301655801 15394.22044885367
5339 2623.1043928548356 15395.613009514229
5342 2593.111173288058 15394.817259912785
5368 3089.3368386214056 15400.982682097594
5377 2887.918630033571 15399.42256137106
5387 2509.2687664974837 15427.241015189496
5393 2301.0762034035442 15180.60458398991
5396 2615.6060892318083 15395.414072147527
5400 2585.612886057494 15394.61832298099
5404 2831.4568394275398 15448.45863432269
5408 2334.6118152277627 16360.714355185937
5410 2600.6094616524524 15395.01619687466
5411 2858.7031126007355 15403.382194853937
5417 2540.6229875531803 15393.424696744096
5430 2645.5993754135343 15396.209823516332
5433 2548.1213207603087 15393.623634895694
5435 2901.375126677163 15399.50137904658
5436 2563.1179548836094 15394.021510342178
5437 2578.1145985841144 15394.419386042755
5442 2915.6648499331054 15399.583788061898
5444 2677.916817715115 15955.22982256674
5450 2608.107809410815 15395.215135412316
5460 2215.4105842827025 15407.162012057346
5462 2222.953132688741 15403.977088798165
5465 2650.107799632276 15420.370404377207
5467 2215.4600313152796 15403.962012135442
5472 2836.047789559442 15656.54398748427
5488 2818.2889825404695 15400.527544277253
5509 2341.3340428445035 16187.202615551287
5510 2846.519821935576 15415.144391741731
5518 2822.892472757547 15426.419943769142
5519 1487.2891121023058 15729.962841315837
5520 2881.617929226322 17421.212809992543
5523 3856.2986668451313 15848.684506396805
5531 2808.186535821821 15918.552904650556
5535 2781.4561918692193 15412.859046111562
5542 2865.699117686607 15399.289951675724
5546 2830.744600514886 15463.443700278238
5551 2341.851588314517 16165.075082371475
5552 2829.3201247921224 15493.413787953079
5555 2467.1275070439456 15388.8662957628
5559 4217.964932801661 15567.162321230639
5560 1411.47365489914 16004.763245596265
5562 4230.644921579755 15931.798239041953
5565 2829.6762446945218 15485.921245590225
5567 1018.5285097934795 15402.53704076229
5569 2849.436051195205 15380.261117859907
5572 1893.3337517010177 15402.504885662916
5574 3999.9612243051542 16883.69933476151
5575 4202.661597505745 16066.20729170451
5576 4019.4021642074504 15547.326102243402
5578 2874.265475827474 15399.34012455016
5583 2459.6267689104902 15388.780189342942
5588 2358.5045775135045 16612.70789796393
5590 2849.2366163627257 15387.759300447862
5591 2437.1246234424007 15388.521870874694
5593 2831.8129592961886 15440.966092669925
5595 1571.9548078326516 16954.839887739297
5597 2429.623882689437 15388.435764424765
5598 1995.8553890305604 15409.385355610048
5599 2215.2622158727277 15416.762012006358
5600 2160.4919690669267 15385.853981974786
5601 2807.6364245726945 14992.36746958281
5602 2852.8354850468145 15372.842972149852
5603 2883.3482980216986 15399.393322337366
5606 3601.5213973270666 15158.618987538892
5607 2325.7295084965954 16589.89108339846
5608 2855.6366151671587 15387.929345397775
5610 4040.762288461918 16154.882016882824
5613 2422.123171850698 15388.349658318242
5615 1894.0346326370625 17334.77134649804
5616 2830.3884806409237 15470.93624204279
5621 2555.619629298708 15393.822572392806
5622 2222.9081112457748 15407.177088702529
5624 2830.0323624857824 15478.42874764442
5625 2452.1260637386804 15388.694083301476
5629 1599.6054726592754 16449.607493068535
5630 2167.998235045203 15386.00927502962
5631 3356.538223739552 16523.734460133932
5632 2938.798587448502 15406.416576887052
5635 4146.453681060931 16092.867402349648
5636 4029.323645577216 16904.375438425246
5637 2002.727356175088 16358.58356619776
5638 2928.369083579922 15422.662567355726
5641 2513.7805794578217 17013.637396917675
5642 2323.85259959891 16483.7152902667
5643 2852.43661590343 15387.839317716076
5644 2758.664666447234 16358.012483493289
5646 1851.3950870208382 16865.49617832233
5647 4292.232684016926 16900.4028478077
5648 2584.0998585836815 16974.73408681934
5650 2863.921048432219 15416.461014684453
5652 1614.0270702492076 16004.713419547475
5653 2831.100718415339 15455.95120003508
5656 3091.392364717197 15574.800820996388
5658 2334.6083090660477 16251.7328607545
5659 2844.3775682293226 16371.211285854628
5660 2482.129028198377 15389.03850911781
5661 2852.6360503585424 15380.34114931602
5662 2533.124634532716 15393.225758066832
5663 1238.849379937123 15697.964937552399
5664 2474.6282299135078 15388.952402007431
5665 2638.74029582856 15997.27414464612
5667 2849.6354855762684 15372.762952243897
5668 2372.1619867815293 16367.874374261544
5669 3451.103142106329 16470.970929382842
5670 5038.371908486953 16276.973457927099
5671 2913.800403255458 15416.569776138282
5672 2579.707799855171 16361.943577814089
5673 1854.624979901004 16871.01626631226
5674 2894.6541853692875 15399.459540543163
5675 2340.8280876857452 16620.061879816792
5676 2849.8349199264144 15365.264787790315
5677 4062.9913965288088 15731.993903024602
5678 2850.0343551377227 15357.766590959462
5679 4081.4588365333234 15646.86801001553
5680 2111.040857400277 16353.511143398862
5681 3121.0 16230.450179311905
5682 2702.0166835848454 16905.390051844748
5683 2282.1957498295856 17148.920295081003
5684 959.1328801779928 16005.692876373114
5685 3602.8317969864524 17228.431227537727
5688 4081.4066368917215 16146.610966727414
5689 3018.420094315971 16719.856419896812
5690 3195.570636949757 15622.956945326878
5691 2298.538812245582 16356.93778361978
5693 2853.034922065855 15365.344707353413
5695 3258.127920698591 16598.11328249953
5696 1154.405357040774 15679.251791961997
5698 2543.212940374204 16989.95888872376
5700 3021.579932737867 15399.448399495534
5701 2801.5796874098114 15396.919471568988
5702 2444.625357362433 15388.607977246182
5704 3513.016987244346 16161.969623790786
5705 2313.9576145565384 16585.799807572454
5707 2569.846603018878 16945.80354084278
5709 1829.7004816350134 15382.93438096312
5710 1847.595574922279 16561.60667014062
5711 2331.77021833461 16369.708523580695
5712 2949.6010581886826 15398.910754616105
5713 2865.5603661336254 15404.177877944654
5714 3440.4421194542106 16904.064560031293
5716 2543.9285348169556 17000.54652930428
5717 2364.5260082421137 16367.778933112639
5719 3575.5200486250883 16268.504950241504
5721 1848.311119808128 15541.407588701954
5722 3028.6540614375417 16081.648948907081
5723 3371.9903516446357 17124.60697915393
5724 2152.985662255924 15385.698688075185
5725 1847.5628913978205 16348.515934995587
5726 3429.754387495228 16022.929635536762
5727 4258.002257171201 15548.598701050625
5728 3986.494679483713 16205.003838229859
5729 3607.9145845466214 15921.149847123217
5730 3091.170883313262 16539.893335653767
5731 2809.970168075819 15397.123406862955
5732 2817.46925456524 15397.305676326238
5733 2326.9523413505267 16491.445378224933
5734 3280.760975060043 15763.889668852691
5735 2519.98963478141 17002.86417090457
5736 2631.534991453997 16922.20147765269
5738 2349.5111724994035 16367.591264542525
5739 2392.9128013441837 15783.21300768114
5740 3822.373066498387 16851.482199785292
5741 1076.7990800741716 16749.338589967596
5743 3635.4059700415087 16389.86514596125
5744 2672.9849373503216 17142.78793419067
5745 1532.1689941254317 16286.173715811297
5746 2904.012607285089 15399.51435250876
5748 2771.9128176010763 16370.8618918997
5749 3892.9994309328094 16810.389898467743
5750 3551.4624352517944 16227.075637891136
5751 1042.3683500597451 16589.7845638647
5752 2357.0158909346414 16367.685065087664
5753 2993.9385433046577 15406.401800993222
5754 3625.765980845279 15202.246776196022
5755 2829.1686087313237 14572.386853038088
5756 4125.793224996394 15710.502823904071
5757 2414.6224658020237 15388.26355226671
5758 3142.5169864813274 16616.508893619826
5759 3710.871822195249 16124.762862938955
5760 2800.4437107077465 16036.313854615231
5761 1364.238697887535 16575.282295120414
5762 1425.724471653259 16373.743712860152
5763 3606.9104526218744 15932.058684453139
5764 2648.2555429977037 16916.64825552371
5765 3246.0351279663078 15406.955832383075
5766 1837.2391749768121 15383.071761567862
5767 4115.228364926113 16124.607728985471
5768 2972.108669893857 15399.078822206495
5769 2391.4727516234293 15387.997799886987
5770 1970.4284279538233 16348.640450990166
5772 1831.0316067507192 16468.891043645268
5773 2407.120091380924 15388.17742706272
5774 1129.987933570172 16480.115523586708
5775 2606.7539671036907 16935.854263891633
5776 3052.397718537139 16486.391810381898
5777 2964.60145108299 15399.022764718362
5779 3668.817975368017 16359.532885737382
5780 2230.446167408393 15403.992165326777
5781 1427.065810175288 16023.956516344932
5782 2822.5363548233754 15433.9124447217
5783 1042.3791140575902 16650.59535898973
5784 2860.2482956019717 15193.205945027374
5785 2855.836051101348 15380.431121388658
5786 4363.874042162206 15996.256647134462
5787 1822.1098530353881 15382.796053921535
5788 3691.0322810588996 17465.519443309946
5790 993.3472785129527 17357.277344386657
5791 2871.42249553851 15416.693426031847
5792 3135.2617255076434 16252.451064178127
5793 2660.5549578361306 17104.838495212756
5794 4011.724341419503 15512.062097569082
5795 2957.1010229407552 15398.966757937133
5796 900.1383559449055 15499.28590205258
5797 1048.8235363286346 16616.388452394036
5798 2810.187056745657 15970.079473462469
5799 3192.2576175178683 16638.657040460024
5800 1936.9524304605843 16357.021152062292
5801 2170.139106456356 16354.59120017798
5802 2961.9954041153014 15921.889571482938
5803 3636.552649255914 15214.985367662652
5804 3760.531508606003 16565.797678984065
5805 1945.1855189413654 15400.910198044623
5806 1060.222455636581 17318.05881286747
5807 3171.057231944287 15582.580309972462
5808 3097.9919242181804 16887.068361653706
5809 1848.2152386263474 15553.646316918472
5810 3578.371217985061 16267.034730971847
5811 4081.2470310817416 16936.713794176827
5812 3794.6534416629265 17120.32458226637
5813 2593.788239698482 16965.77650574777
5814 3163.5861935527832 16681.182223557622
5815 4203.673492703348 15437.220268661235
5816 1348.6778660360462 16193.966095439182
5817 2998.615158659143 16309.507186779434
5818 2854.8300532064363 15295.349758546417
5819 931.1818758427096 15723.379556496306
5821 3627.5332706428126 15198.845113377962
5822 4248.585720040584 15561.161038920789
5823 3324.942436672592 17348.48324003024
5824 3437.3808149283514 15397.7538766189
5825 3089.152555444188 17555.05681903264
5826 3898.0656948876467 16663.148251690604
5827 3236.105207942096 15089.9197407906
5828 1848.7893705339948 15484.815069461369
5829 4171.161769627053 16517.472398901606
5830 4287.35910297536 16005.421548584682
5831 1872.2818753878014 15194.326483878873
5832 3449.9353043362303 17484.674307280497
5833 4412.118508469366 15466.780503517775
5834 2614.8187236795593 15090.841320257981
5835 2683.645202428327 16358.778561483814
5836 2101.21421582537 15384.73216613262
5837 3554.7474937743227 16214.922899252306
5838 2455.1007367008724 15176.816807757497
5839 3387.269598035058 15593.938661402683
5840 4436.441149966878 15744.33701401138
5841 955.8721132370403 15425.522197363323
5842 3894.0067563750545 15381.787763781638
5843 3267.727583997774 15741.966185159537
5845 3190.8804126942623 16335.415019591088
5846 4168.314329353514 15300.150061342123
5847 3514.7350951563594 16663.311716610177
5848 2611.747920301128 15268.360649109887
5849 4249.94939350811 17029.606526531723
5850 3736.247291668937 16335.194908696765
5851 4305.208546698568 17282.794644053858
5852 4079.746495645947 15664.040161280775
5853 2370.553314947853 14792.106016365267
5854 4561.947041399631 16622.95654105117
5855 2313.550499633268 15649.82469707603
5856 3240.1559834602576 15358.821657820423
5858 1838.6897188453158 17374.588919524846
5859 2963.3921894888927 15826.433139643841
5860 3695.9235633468106 15730.576962450334
