4768 2810.79129962565 15400.345276473536
4786 4235.584152092739 16940.442097391908
4885 2765.8051769449653 15399.251669038822
4896 2773.302874118045 15399.433937189156
4900 2788.298256665963 15399.79847320301
4929 2803.293619757624 15400.163008743886
4935 2758.3075044983357 15399.069401489585
4945 2780.800549176774 15399.616204801894
4950 2795.795928200475 15399.980740730074
4957 2743.3121558867297 15398.704866300719
4983 2683.0909514278433 15397.204511885966
5005 2728.316742491313 15398.340329536966
5022 2735.814488210567 15398.522598867452
5032 2720.819080588831 15398.158062244056
5040 2750.809829353667 15398.88713387476
5099 2668.0942959920358 15396.80663587404
5106 2690.5892636507865 15397.403449480831
5137 2675.592613010662 15397.00557359614
5164 2832.525193808434 15425.981119296257
5229 2630.602705892579 15395.811947130713
5231 2713.3213915543006 15397.97579429157
5247 2832.1690765648736 15433.47360571879
5258 2660.5960195267817 15396.60769922786
5301 2638.1010371897128 15396.010885231637
5303 2653.097701319583 15396.408761474226
5333 2570.616301655801 15394.22044885367
5339 2623.1043928548356 15395.613009514229
5342 2593.111173288058 15394.817259912785
5368 4293.228069708886 16002.81934045372
5377 3060.331573604193 15056.551247863714
5387 1862.4910328377189 16355.252399928728
5396 2615.6060892318083 15395.414072147527
5400 2585.612886057494 15394.61832298099
5404 2831.4568394275398 15448.45863432269
5408 1042.5989831591573 16768.675346383996
5410 2600.6094616524524 15395.01619687466
5417 2540.6229875531803 15393.424696744096
5430 2645.5993754135343 15396.209823516332
5433 2548.1213207603087 15393.623634895694
5436 2563.1179548836094 15394.021510342178
5437 2578.1145985841144 15394.419386042755
5450 2608.107809410815 15395.215135412316
5462 2354.6184374874106 15387.43944067832
5467 2362.1187357451367 15387.555774659253
5488 2818.2889825404695 15400.527544277253
5509 1851.395067068404 16865.496189942514
5510 1885.6172382139935 15978.565937788337
5518 2822.892472757547 15426.419943769142
5531 2826.0924088373217 15426.569949148405
5535 1860.8210015467057 16112.404732670304
5542 3150.5866914998314 16629.504153268357
5546 2830.744600514886 15463.443700278238
5551 1854.6249734267449 16871.01627008264
5552 2829.3201247921224 15493.413787953079
5555 2467.1275070439456 15388.8662957628
5565 2829.6762446945218 15485.921245590225
5569 2646.0080838083495 15605.429565817185
5572 998.9126032946045 16137.847314322926
5578 1901.0916738571425 15402.619935843193
5583 2459.6267689104902 15388.780189342942
5588 3262.657714384559 17374.300682202895
5590 2507.7008176532668 15488.465497684068
5591 2437.1246234424007 15388.521870874694
5593 2831.8129592961886 15440.966092669925
5597 2429.623882689437 15388.435764424765
5599 1118.5749566097713 15691.148820938697
5600 2384.6197434023397 15387.90477835295
5602 2834.615181966759 15987.049572922595
5603 2348.3950108394483 16007.391858138826
5607 2187.518748895825 15422.594311441759
5608 3371.0922011387574 15407.909782011353
5613 2422.123171850698 15388.349658318242
5616 2830.3884806409237 15470.93624204279
5621 2555.619629298708 15393.822572392806
5624 2830.0323624857824 15478.42874764442
5625 2452.1260637386804 15388.694083301476
5629 1104.452007304309 16882.307314240123
5630 2392.120256167527 15388.00523306185
5638 2863.8198502943515 15419.651348441574
5641 997.4642932965859 17386.209493338207
5642 1588.0788909387295 15940.117536457521
5643 3156.8770072948473 15573.670098648417
5644 2828.6078855227697 15508.398861413349
5650 2863.921048432219 15416.461014684453
5653 2831.100718415339 15455.95120003508
5656 2878.923780709049 15416.925832362114
5658 1893.5010662350048 15399.304886594664
5659 2299.0480518028985 16366.461306692941
5660 2482.129028198377 15389.03850911781
5661 3125.1152884643616 15587.342391713992
5662 2533.124634532716 15393.225758066832
5664 2474.6282299135078 15388.952402007431
5667 2831.8031460744514 16056.185977015573
5668 1905.0965704238145 16356.264449633849
5669 5012.269423618701 16045.68932830946
5672 3851.7307385317563 16710.79101201325
5674 2843.3342883056093 16583.015774427662
5676 2967.871350696487 15599.00142308852
5678 2341.244120602753 15417.394899487319
5680 2905.356731368823 16355.343214815486
5682 1959.2704157525447 17315.216931439772
5690 2886.42513096232 15417.158240708786
5693 3057.5529018762736 15597.279804808384
5695 2929.425194233821 17493.316397664228
5696 1814.7593555667968 16328.568414947313
5701 2802.4711305473375 15396.941138589693
5702 2444.625357362433 15388.607977246182
5704 3086.5099550682044 15400.90918636767
5705 2827.6847331362474 15527.821416335973
5707 3229.0199154021193 17388.486463219775
5709 2332.1174293714557 15387.090436977507
5711 1893.6683299913652 15396.105115801658
5712 2872.5008110135323 15399.329788967096
5713 4180.909128010076 15381.001183198325
5717 1881.541559622687 16355.70492514276
5719 2957.9520828634923 15420.807448087458
5721 2302.0485598510836 15386.624051352126
5724 2377.119434825645 15387.788444211963
5726 2901.4173150416127 15417.855648475372
5730 2025.028081919668 17283.398644699748
5731 2809.970168075819 15397.123406862955
5732 2817.46925456524 15397.305676326238
5733 1901.1487479337181 15396.218377463552
5734 2893.9256312773173 15417.409628580403
5736 3702.1381850478188 16472.443591440042
5738 2245.203761535887 15687.391743224436
5739 2564.5006112271794 16949.326691874267
5744 1809.7699333967325 17325.745877801663
5746 2506.6753338706 15528.508075687756
5748 2333.4020466963725 16300.94344191737
5751 1151.177541517314 17115.333911536352
5752 2336.0749884097295 15879.136123123648
5753 3573.94513628834 14801.907866506885
5755 3156.8352577597625 15406.56207919876
5757 2414.6224658020237 15388.26355226671
5761 2837.370958690555 16356.877247443646
5762 1380.8935046417373 17016.182551609967
5764 3720.7379996196587 16502.12282276509
5766 2339.6177613632517 15387.206771481677
5768 2895.0003977602946 15399.46156829761
5769 2399.620980125699 15388.091339318978
5770 2560.458691464888 16943.007346810282
5772 1962.6924946579406 15581.705274033135
5773 2407.121701547987 15388.177445546995
5774 1379.9175802328923 15479.291883053296
5775 3223.2992193971463 15668.62986146579
5776 2349.572480995072 16367.59203082981
5777 2887.5005247313347 15399.417641790968
5779 4594.04660520699 15621.802554750473
5780 2347.1180697066866 15387.323105619045
5781 2920.4451650210153 15405.47133528739
5782 2822.5363548233754 15433.9124447217
5783 1816.1048314384134 16348.513858806615
5784 2440.330477282192 15415.143703494095
5785 3295.7956671668053 15407.335382440986
5787 2324.61677367971 15386.974097452565
5790 2379.018390320804 16639.46107025861
5791 2871.4223954868717 15416.693422932027
5793 2813.414901045327 15860.042689744456
5794 3105.7493557777184 16684.363164892955
5795 2880.000663035181 15399.373715350699
5796 1426.8032648157043 16282.428309717568
5797 1809.037823015712 16351.028139442456
5798 2828.9640030269334 15500.90636950788
5800 1097.4431594887305 16498.729337207085
5801 3082.0153938382246 16470.821191052106
5802 2871.31172171392 15419.886242099941
5803 3245.598221151855 15426.530172497096
5807 3345.3548690612492 15276.018690647994
5808 4256.909077849128 16029.688039772642
5809 2293.9839802015463 15386.498965039164
5810 3909.71261191015 16789.173318611458
5811 2933.4184883333 16371.873359046258
5812 2401.818742625466 17517.714225790158
5813 1616.7238350612163 16440.557899762847
5814 2659.034349546992 15806.729076256854
5816 2505.626784154162 16358.196409602184
5817 2737.5610809384675 16871.102871926643
5818 2837.0411731846007 15802.23831036594
5819 2168.048758260616 15386.01032027695
5821 3285.3577413358394 15427.453268088473
5822 4093.026367577618 16400.157976328377
5823 2577.3588802910467 16989.39933772758
5824 3863.8303295229216 16010.98006245356
5825 3453.7006460325406 17102.24980039253
5826 3163.597203854286 17423.023242589068
5827 2899.295943539722 15599.3852513531
5828 2309.5882466200765 15386.740996271741
5829 3623.005301649019 16350.27870514558
5830 3029.669382977905 16464.257881626498
5831 2317.1147124560853 15386.857736127007
5832 3658.6641764322244 16409.11197064836
5834 2772.003851724679 15396.200614451642
5836 2369.6191123921626 15387.67210985605
5837 3058.4776600309406 15422.464422811392
5838 2794.5649372970806 15396.748974170416
5839 3227.1270445274245 15403.611899361229
5840 3176.7711754002617 16643.655224028258
5841 1837.3118998228354 15379.8712966009
5842 3453.4928565079567 16065.065103049918
5843 3147.846711888485 16631.164184736135
5845 2357.3457967502 16367.689188539545
5847 2737.772082750363 16371.340522046647
5848 2787.0632363067602 15396.566641160234
5849 3650.141356208749 16395.513848516803
5850 3091.593997412379 15487.72725800607
5851 2897.041866657895 17470.974900682006
5853 2779.513543025864 15396.383141670767
5854 2911.4659590904716 17493.159337032663
5855 1893.3338228257544 15402.5048867177
5856 2546.8708850259172 15087.197359579068
5858 1138.6146599970498 17087.36263452147
5859 3009.2578273801423 15328.172589025642
5860 3142.6243815839457 15422.45023830639
5861 1712.4128316381068 15380.79700150559
5862 2878.4043229174717 16907.3029298854
5863 3170.1108681650667 16647.383535940888
5864 2865.0009054693746 15399.285862270013
5865 2556.6144683448906 15413.054360788572
5866 4091.8034691506136 15649.320616987035
5867 3194.6502103357843 15615.2714179191
5868 3738.742615524958 16530.85231134725
5869 2538.0046440717324 16361.635704782886
5870 1820.2658135913189 16333.661384365598
5871 3102.8879867812 16577.986581174693
5872 2316.340080445427 16357.263112723489
5873 1340.225259821461 16588.96024579568
5874 1808.8490865522397 16876.028222737074
5875 2910.0001211625545 15399.549421178202
5876 875.1833948378576 15198.12987889988
5877 3198.461460137463 16631.513419736297
5878 2592.8686155384275 15416.804852735037
5879 2662.313318919195 15417.807685596626
5880 3167.4427483357126 16627.795305535223
5881 3090.3744723279146 16671.231212216975
5882 2902.5002591423613 15399.505494736037
5883 2537.340518357718 16974.144491776737
5884 4133.025973743747 16114.940377957957
5886 1483.610414263424 15795.269193128192
5887 944.4112098993637 15714.302148747565
5889 2206.354084039165 15392.363547742021
5890 3545.0979078442538 17258.279478940538
5891 3155.9137848395067 15577.587685385568
5892 3003.816401105153 15972.790203526192
5894 3067.91660933571 14363.76473027236
5895 2818.1379632977705 16466.83164005357
5897 1411.7502257803278 16282.351481676806
5898 4006.4161070394634 17209.931310308402
5899 1947.6561840392499 15387.20510033145
5900 3526.716389170279 16226.683902300092
5901 2918.7260571535803 15399.600528694797
5902 1384.938391263305 16173.874099356339
5903 2961.692397095641 15399.001042391694
5904 2829.2922887665554 15426.73240497345
5905 4232.127426919384 15902.901649461388
5907 2970.3666397016564 16384.232916573626
5908 3050.070572441591 16281.596428645194
5909 3155.8268717974815 16658.777261398107
5910 1858.9215000137438 16861.112838924593
5911 1849.1917883952892 15446.557935056931
5912 2865.3636740325637 16370.612713077422
5913 1672.2414769186094 17459.277602785307
5914 4308.345115847565 15630.186626704468
5915 1074.3845803436573 16739.17797164915
5916 4018.978159159157 15553.216992866292
5917 3714.5130751688966 16351.078684075504
5919 2764.959286686476 17309.859228375786
5920 3176.1887541448214 15584.865327201747
5921 1417.063024161272 16399.5942384938
5922 2787.236722833824 15405.53331679629
5923 2821.072700667726 16232.83706334116
5924 2399.8604062323534 17053.82931130477
5925 2338.411241784007 16294.161569152711
5926 3654.206071833679 16401.999084395135
5927 3030.718434380383 15399.551538006375
5928 3396.043190101373 17234.340281111407
5929 4011.5643645030027 15511.77337132186
5930 2145.886134545386 16354.147962228555
5931 3602.0233738293964 17325.538182632605
5932 970.3709045610491 16573.151323558086
5933 3754.4065152373732 15695.001815223146
5934 1501.523915123282 15896.436956953234
5935 2975.5430611991846 15399.104467302861
5936 2855.2227788492546 15277.164953635089
5937 3777.5433894039006 15250.466760150844
5938 2182.0806778192405 16666.533981109224
5939 1857.6667921792991 16338.638368158576
5940 1796.1627370407073 17305.24673310444
5941 3317.828950758609 15826.375340268829
5942 3537.5661595255215 15823.650702676649
5943 4026.7316623216693 16906.54844681599
5945 3059.1776030450155 15060.774642213384
5946 3829.1238618000675 15203.816408590532
5947 2214.013927195247 15403.652762535054
5948 3109.5562543957944 16249.877286499035
5949 2936.045950486388 15399.710213132295
5950 3079.5787561463203 17130.074462060733
5953 2967.7188226627736 15602.209446722667
5954 3277.6141897889065 15823.838880838637
5956 2978.5701327551847 15143.246099177237
5957 3210.206269037619 15302.92278470135
5958 2566.0183551761434 16361.842515658249
5959 1848.776487223599 16348.68119015151
5960 4458.65183965176 15440.704675449144
5961 3783.2676932758177 16255.923374416705
5962 1727.3846707808852 15825.03191518961
5963 1318.0672495724307 15689.583480852565
5964 1402.1937063944242 16843.573759528623
5965 3104.8200347777315 17107.125327011854
5966 2382.1324094149477 16668.197503509295
5967 2938.7987492745515 15406.416079358027
5968 1158.591061214882 15671.773983856721
5969 4028.5277232544527 17525.951507681504
5970 3827.87 15200.86
5971 4118.582058196749 16911.990871205187
5972 3949.3242937400632 15440.011067426854
5973 4238.748395588254 15908.448769104838
5974 3455.536207396609 16894.994269983803
5975 1840.3310150221246 16906.663083880732
5976 4137.278426701331 16094.174911189431
5977 2906.1574025652512 16252.504106305063
5978 3970.721496589717 15783.098934942287
