4768 2810.79129962565 15400.345276473536
4786 3634.929237223467 16364.43258206323
4885 2765.8051769449653 15399.251669038822
4896 2773.302874118045 15399.433937189156
4900 2788.298256665963 15399.79847320301
4929 2803.293619757624 15400.163008743886
4935 2758.3075044983357 15399.069401489585
4945 2780.800549176774 15399.616204801894
4950 2795.795928200475 15399.980740730074
4957 2743.3121558867297 15398.704866300719
4983 2683.0909514278433 15397.204511885966
5005 2728.316742491313 15398.340329536966
5022 2735.814488210567 15398.522598867452
5032 2720.819080588831 15398.158062244056
5040 2750.809829353667 15398.88713387476
5099 2668.0942959920358 15396.80663587404
5105 3095.17217579644 15401.202588425573
5106 2690.5892636507865 15397.403449480831
5137 2675.592613010662 15397.00557359614
5164 2832.525193808434 15425.981119296257
5229 2630.602705892579 15395.811947130713
5231 2713.3213915543006 15397.97579429157
5247 2832.1690765648736 15433.47360571879
5248 3061.391199237112 15400.25612752748
5258 2660.5960195267817 15396.60769922786
5259 3126.000319419646 15403.795014756879
5274 2186.462688602996 17186.516852923174
5288 3150.496944560702 15405.993291906852
5301 2638.1010371897128 15396.010885231637
5303 2653.097701319583 15396.408761474226
5333 2570.616301655801 15394.22044885367
5339 2623.1043928548356 15395.613009514229
5342 2593.111173288058 15394.817259912785
5368 3187.87001557668 15406.513692259034
5377 2995.0894282314293 15399.25042285119
5387 2456.3338363242183 15677.174222312833
5393 2414.4607026690533 15182.769055443481
5396 2615.6060892318083 15395.414072147527
5400 2585.612886057494 15394.61832298099
5404 2831.4568394275398 15448.45863432269
5408 2334.5851299052224 16360.75533621698
5410 2600.6094616524524 15395.01619687466
5411 2791.4760723249583 15416.181674710358
5417 2540.6229875531803 15393.424696744096
5430 2645.5993754135343 15396.209823516332
5433 2548.1213207603087 15393.623634895694
5435 3015.6286678834313 15399.403792322904
5436 2563.1179548836094 15394.021510342178
5437 2578.1145985841144 15394.419386042755
5442 3037.6778144506293 15399.668175661183
5450 2608.107809410815 15395.215135412316
5460 2215.4105842827025 15407.162012057346
5462 2222.953132688741 15403.977088798165
5465 2645.713094203941 15614.491439454361
5467 2215.4600313152796 15403.962012135442
5472 2823.00329327677 15979.578508715142
5488 2818.2889825404695 15400.527544277253
5509 2337.600643641415 16353.887404725612
5510 2636.4291050273964 15414.26420021559
5518 2822.892472757547 15426.419943769142
5519 1441.1997940931296 15925.264359072084
5531 2820.3253111367885 15620.959594559512
5535 2492.1898563552963 15414.77508023569
5542 2854.8241206181146 15453.618670601476
5546 2830.744600514886 15463.443700278238
5551 2337.7258610424483 16346.327961008796
5552 2829.3201247921224 15493.413787953079
5555 2467.1275070439456 15388.8662957628
5559 4207.606603331721 15451.380387299292
5560 1289.2959632272186 16070.129428681097
5565 2829.6762446945218 15485.921245590225
5567 933.7293385962186 15265.676004433179
5569 2849.436051195205 15380.261117859907
5572 1815.1693103461294 15400.152804647654
5574 4126.077328993056 16971.404321802936
5575 4326.502350833292 16073.498842172066
5576 3845.439596714029 15231.223632028998
5578 2848.271910998337 15408.789151026844
5583 2459.6267689104902 15388.780189342942
5588 2509.173121507083 16850.945528170156
5590 2849.2366163627257 15387.759300447862
5591 2437.1246234424007 15388.521870874694
5593 2831.8129592961886 15440.966092669925
5595 1465.8551080947936 16716.566751270166
5597 2429.623882689437 15388.435764424765
5598 1875.4784331812605 15423.480020976729
5599 2076.6819211239786 15411.402058765187
5600 2275.1823742829465 15386.207341214445
5602 2852.8354850468145 15372.842972149852
5603 2859.566456339706 15401.590212471367
5606 3586.21142199156 15131.238774730102
5607 2325.9660703436457 16343.046449755004
5608 2855.6366151671587 15387.929345397775
5610 4283.316741673386 16028.350144699933
5613 2422.123171850698 15388.349658318242
5616 2830.3884806409237 15470.93624204279
5621 2555.619629298708 15393.822572392806
5622 2222.9081112457748 15407.177088702529
5624 2830.0323624857824 15478.42874764442
5625 2452.1260637386804 15388.694083301476
5629 1445.7037894101488 16540.073570479566
5630 2309.2761465845374 15386.736155418972
5631 3630.936388701455 16373.234799691498
5632 2961.2257012006207 15398.997557505978
5635 4374.266154540259 15965.169397217964
5636 4158.82584141678 16888.74683914878
5637 1868.6744831630515 16355.399281283428
5638 2863.8199656324987 15419.651352057785
5641 2247.3077268575903 17165.08603095443
5642 2278.994279032422 16366.03737271758
5643 2852.43661590343 15387.839317716076
5644 2806.345045619335 16266.723853217381
5646 1818.1776207133626 16884.280148568305
5648 2340.5140238453996 17112.078253168453
5650 2863.921048432219 15416.461014684453
5652 1477.860813952676 16051.707772671456
5653 2831.100718415339 15455.95120003508
5656 3091.2037741557842 15452.100323211445
5658 2336.1164223973287 15960.918527847434
5659 2658.187022095115 16372.456251085368
5660 2482.129028198377 15389.03850911781
5661 2852.6360503585424 15380.34114931602
5662 2533.124634532716 15393.225758066832
5663 925.8756695954695 15738.34264578425
5664 2474.6282299135078 15388.952402007431
5665 2626.162655605094 16175.455143537101
5667 2849.6354855762684 15372.762952243897
5668 2372.0122068479195 16367.872502180726
5669 3726.073073679998 16320.251221345115
5670 4798.411268475749 16463.36095407706
5671 2602.309885570503 15410.173095864393
5672 2811.7114546804296 16359.320039137352
5673 1822.312769918248 16889.292597242937
5674 2870.4613410683396 15399.317843859526
5675 2221.1382795249374 16653.870350340017
5676 2849.8349199264144 15365.264787790315
5678 2850.0343551377227 15357.766590959462
5679 4310.379509822575 15518.594895693761
5680 2304.6523440812193 16357.049512166885
5681 3041.551354872029 16108.097651306478
5682 2595.279717700686 16968.60913240667
5683 2206.049114247 17254.155569145525
5684 1019.4814844520358 16260.413482431346
5685 3899.9727889825535 17044.825024084585
5688 3837.945744235659 16280.165965228787
5689 3143.6873785823695 16654.111859002405
5690 3108.903788737362 15594.072172019525
5691 2319.898966088918 16357.328153543254
5693 2853.034922065855 15365.344707353413
5695 3104.7867654969064 16684.882387259506
5696 1426.837593148926 15627.608917708438
5698 2292.690632319814 17131.911745230544
5700 3017.928858771968 15318.032808902499
5701 2802.4711305473375 15396.941138589693
5702 2444.625357362433 15388.607977246182
5704 3419.5293365838306 16006.586704250674
5705 2330.478902195805 16466.47515966561
5707 2572.570671697743 16944.126781180865
5709 1874.6241367114292 15379.016406735447
5710 1856.5794916128948 16757.008764702026
5711 2335.5285797968463 16021.169978050639
5712 2949.6010581886826 15398.910754616105
5713 3142.904200360249 15406.605001856904
5714 3470.8347738738753 16889.544920791057
5716 2282.58745141348 17148.697534011364
5717 2364.5118524853824 16367.778756181591
5719 3461.3159114800173 16074.64452667798
5721 1849.5104883888546 15416.2597061232
5722 2997.503961951881 15972.433525088767
5723 3264.460543843482 17194.531010521074
5724 2237.873835724083 15385.628664118653
5725 1835.5724791239184 16153.081921815561
5726 3292.4162399131833 15783.495004695558
5727 4324.484618159322 15653.578845159362
5728 4064.951618912714 16351.871247286794
5729 3810.7703384713836 15803.572488983493
5730 3135.202711600946 16664.836099144217
5731 2809.970168075819 15397.123406862955
5732 2817.46925456524 15397.305676326238
5733 2333.619872351736 16171.880904411852
5734 3192.886724160481 15618.536206225497
5735 2260.01714401596 17150.494077572348
5736 2893.751209333299 16781.643410618257
5738 2349.511051204476 16367.591263026474
5739 2352.701349900208 15976.699901275182
5740 3908.6295633838577 16802.595101031984
5741 1021.8734356047028 16724.67483662368
5744 2577.370328422807 16989.417722474333
5745 1806.9732678179232 16321.366996791303
5746 2884.197703030827 15399.398297274225
5748 2462.516549228005 16369.016239794166
5749 3856.8743055330865 16724.040706698925
5750 3452.1880454556945 16059.10795919773
5751 1032.851828094957 16692.348340304452
5752 2357.0114617870245 16367.685009728297
5753 3280.067561982939 15407.215400598745
5754 3613.3177901924655 15179.97239436501
5755 2711.4399825194905 14683.327901100238
5756 4230.5804157447255 15841.097654543735
5757 2414.6224658020237 15388.26355226671
5758 3275.0438449793032 16568.816445333534
5759 3631.105938470526 15990.424767604267
5760 2798.0266380598414 15811.914178876483
5761 1454.812228629167 16522.64819801435
5762 1471.6804104511777 16702.995487029766
5763 3517.8995044842263 16032.667632212013
5764 2948.9280959632465 16753.529658439038
5765 3563.4726127079284 15343.139981138049
5766 1901.0750525042483 15378.31564506548
5767 3794.060562933753 16302.718268903522
5768 2972.1008616592335 15399.078763901278
5769 2399.620980125699 15388.091339318978
5770 2279.5655763857485 16356.59103608767
5772 1874.333843097215 16344.768933096455
5773 2407.121701547987 15388.177445546995
5774 1270.2562223875743 16399.88980813504
5775 2833.57870294905 16762.66642326074
5776 2895.9582555600814 16369.918007502292
5777 2964.600953046124 15399.022760999449
5779 3884.198947328249 16237.219219866398
5780 2230.446167408393 15403.992165326777
5781 1490.3924518232795 15800.102558828698
5782 2822.5363548233754 15433.9124447217
5783 1015.449077216391 16766.535052430936
5784 2850.2338068055183 15350.267775411483
5785 2855.836051101348 15380.431121388658
5786 4086.5650377452657 16143.811812760718
5787 1852.8989305117318 15381.90713197865
5788 3668.2483571809366 17556.85911549031
5790 1214.4074852674764 17197.081759134166
5791 2871.42249553851 15416.693426031847
5792 3069.4482998956523 16146.772653647009
5793 2585.429917249327 16984.20095347416
5794 4185.631076315279 15825.709490345296
5795 2957.1010229407552 15398.966757937133
5796 983.4409344937046 15607.608565484901
5797 1018.3947979720194 16753.1032319725
5798 2822.6145560152627 15643.636937568088
5800 1856.2318220466527 16355.348349279353
5801 2312.397564784296 16357.191060829658
5802 2964.290122821257 15765.2298052716
5803 3648.4057391127044 15236.194683477408
5804 3918.5106715915776 16800.188390636187
5805 1766.5790863481845 15392.265357154802
5806 922.5600401507442 17336.863925518446
5807 3091.366618983969 15577.795316105932
5808 3227.0866056737877 16815.497687359533
5809 1849.4309371024137 15423.822502286443
5810 3631.161933764228 16357.944956324563
5811 3886.2882752121645 16764.524593798862
5812 3480.052565297041 17297.877783121454
5813 2586.961729455263 16968.0276486928
5814 3077.4391256171593 16535.907353371244
5815 4263.353959697074 15542.788996717236
5816 1430.9810424152265 16188.988982325998
5817 3120.4484283349416 16587.041943099874
5818 2853.234359027468 15357.846444716084
5819 1250.9083822912694 15682.037273265432
5821 3640.115213538194 15221.36003889911
5822 4099.831883429866 15663.39531697218
5823 3258.756145928354 17382.907052789575
5824 3632.4166847322804 15309.684587692514
5825 2959.0611049472827 17563.36501464253
5826 3844.402610621191 16700.01917971989
5827 3151.528355514257 14960.759852459862
5828 1849.58946949466 15408.751115996276
5829 4047.1007736905813 16583.53415934885
5830 4287.682271636625 16006.02140759528
5831 1875.6101026209485 15364.477183537805
5832 3699.388259578346 17356.860334476696
5833 4124.633480850119 15630.796958850588
5834 2481.7313380994988 15083.596380143184
5835 2847.5231718240657 16353.366680939613
5836 2207.3012025202047 15385.39373958655
5837 3508.19379258732 16153.82306328712
5838 2512.285587871477 15351.92019073039
5839 3322.5160613597905 15489.443913212332
5840 4213.2189577121335 15856.531967901643
5841 966.3184989763606 15421.505060403397
5842 3853.48784299141 15270.860586531173
5843 3342.753083729337 15862.328616490402
5845 3167.2410377736583 16426.605307718426
5846 4222.09833038562 15469.766715860926
5847 3539.4095167340997 16565.665720240144
5848 2513.6871765508313 15278.70960682371
5849 4355.627775416437 16941.672694336306
5850 3641.3326053346664 16376.76199003522
5851 4167.54239027369 17051.04645644405
5852 3937.84013842221 15740.317930064795
5853 2364.9053458575218 15030.035768023343
5854 4367.54845262042 16790.518752805467
5855 2243.421429159933 15586.392637631934
5856 3176.8304775868314 15253.662966425887
5858 1831.6270899917786 17377.071579933458
5859 2965.2835307677487 15696.982283455938
5860 3658.4435189447977 15821.443662070818
5861 996.664330113069 16125.268632966427
5862 3042.5460609972993 16097.596053029118
5863 4008.1388456309733 16395.093029289725
5864 2939.2560567995483 15401.175450573443
5865 2855.164885445901 15279.84565520091
5866 4684.494246365306 15206.623921901077
5867 3253.2870567523046 15407.011046234751
5868 4656.423429507406 15990.671249934685
5869 1831.0608211348888 16911.22535955906
5870 1504.0447193485127 15721.067121713588
5871 3851.758390520105 16710.831658490046
5872 1416.2514829415713 16253.799492605664
5873 833.6152079196021 16644.84272878548
5874 869.6542879608685 17126.53826926855
5875 3558.9020659565285 15347.42002148933
5876 939.0033786838324 15273.279546780475
5877 4459.042968867755 16356.837710687018
5878 2862.9073129822204 15129.219144582356
