4768 2810.79129962565 15400.345276473536
4786 3991.2630513835547 16877.101341305068
4885 2765.8051769449653 15399.251669038822
4896 2773.302874118045 15399.433937189156
4900 2788.298256665963 15399.79847320301
4929 2803.293619757624 15400.163008743886
4935 2758.3075044983357 15399.069401489585
4945 2780.800549176774 15399.616204801894
4950 2795.795928200475 15399.980740730074
4957 2743.3121558867297 15398.704866300719
4983 2683.0909514278433 15397.204511885966
5005 2728.316742491313 15398.340329536966
5022 2735.814488210567 15398.522598867452
5032 2720.819080588831 15398.158062244056
5040 2750.809829353667 15398.88713387476
5099 2668.0942959920358 15396.80663587404
5106 2690.5892636507865 15397.403449480831
5137 2675.592613010662 15397.00557359614
5164 2832.525193808434 15425.981119296257
5229 2630.602705892579 15395.811947130713
5231 2713.3213915543006 15397.97579429157
5247 2832.1690765648736 15433.47360571879
5258 2660.5960195267817 15396.60769922786
5301 2638.1010371897128 15396.010885231637
5303 2653.097701319583 15396.408761474226
5333 2570.616301655801 15394.22044885367
5339 2623.1043928548356 15395.613009514229
5342 2593.111173288058 15394.817259912785
5368 4094.2363600439703 15653.255742988955
5377 3103.180429075482 15131.985446461853
5387 1974.7390969643516 16357.918734556477
5396 2615.6060892318083 15395.414072147527
5400 2585.612886057494 15394.61832298099
5404 2831.4568394275398 15448.45863432269
5408 1423.1196837690447 16553.5287017012
5410 2600.6094616524524 15395.01619687466
5411 2349.956292015329 16167.1765916875
5417 2540.6229875531803 15393.424696744096
5430 2645.5993754135343 15396.209823516332
5433 2548.1213207603087 15393.623634895694
5435 3879.2533437052507 15257.080799050913
5436 2563.1179548836094 15394.021510342178
5437 2578.1145985841144 15394.419386042755
5450 2608.107809410815 15395.215135412316
5462 2354.6184374874106 15387.43944067832
5467 2362.1187357451367 15387.555774659253
5488 2818.2889825404695 15400.527544277253
5509 1851.417395661274 16865.483185899164
5510 1865.694983466689 15711.910687583873
5518 2822.892472757547 15426.419943769142
5519 1200.7253843552123 16195.29668697344
5531 2826.0924088373217 15426.569949148405
5535 1861.8675173967395 15748.492595442214
5542 3057.5190593798475 16479.4054245621
5546 2830.744600514886 15463.443700278238
5551 1885.0117218401754 16853.32010301681
5552 2829.3201247921224 15493.413787953079
5555 2467.1275070439456 15388.8662957628
5565 2829.6762446945218 15485.921245590225
5569 2695.0545410545255 15418.206796720358
5572 875.0135647681184 15826.764095431288
5578 2139.2051684193266 15411.849757407486
5583 2459.6267689104902 15388.780189342942
5588 2941.0031514786947 17502.880975643882
5590 2582.1172553567044 15416.641924963602
5591 2437.1246234424007 15388.521870874694
5593 2831.8129592961886 15440.966092669925
5597 2429.623882689437 15388.435764424765
5599 1513.5712621761754 15550.066873191956
5600 2384.6197434023397 15387.90477835295
5602 2841.2963946442137 15603.635090978649
5603 2439.3740494624863 15701.933599912694
5607 2187.518748895825 15422.594311441759
5608 3154.7141050360506 15406.371731281964
5613 2422.123171850698 15388.349658318242
5616 2830.3884806409237 15470.93624204279
5621 2555.619629298708 15393.822572392806
5624 2830.0323624857824 15478.42874764442
5625 2452.1260637386804 15388.694083301476
5629 1128.0923015004028 16866.324158371845
5630 2392.120256167527 15388.00523306185
5631 4536.5216594834665 15735.111999069482
5632 3074.766097161111 15367.273591070423
5638 2863.8198502943515 15419.651348441574
5641 1220.2481808565553 17559.16984038743
5642 1795.9873099055956 15875.185144072857
5643 2859.2393500629505 15599.511921101175
5644 2828.6078855227697 15508.398861413349
5648 1291.3761848928646 17599.015470189875
5650 2863.921048432219 15416.461014684453
5653 2831.100718415339 15455.95120003508
5656 2878.923780709049 15416.925832362114
5658 1893.6365553874007 15399.306901418482
5659 2362.0107062992593 16367.747494665551
5660 2482.129028198377 15389.03850911781
5661 2845.0706205653223 15594.384481122659
5662 2533.124634532716 15393.225758066832
5664 2474.6282299135078 15388.952402007431
5667 2840.9243370668237 15560.836248457965
5668 2323.2286664325857 16366.979898001975
5669 4867.6656305846245 15718.433950583081
5672 3648.6593907288775 16388.500965236115
5674 2830.6777717818395 16186.583442932319
5676 2850.0496523412107 15521.979073719547
5678 2807.178194933258 15413.172593892556
5680 2796.065085622814 16360.831071210712
5682 2375.3756893217605 17084.886426274017
5684 716.8128251854799 16706.223778314477
5689 2853.845375796543 16867.498039400783
5690 2886.42513096232 15417.158240708786
5691 2936.37959958516 16356.939502097397
5693 2847.793033901095 15554.289131573783
5695 2697.96297999139 17140.26194083173
5696 1686.448082007011 16289.892575419848
5701 2802.4711305473375 15396.941138589693
5702 2444.625357362433 15388.607977246182
5704 3019.7146363574307 15421.825487405498
5705 2810.1890634963966 15969.152381739023
5707 2927.1201778291734 17490.033589102968
5709 2210.9060823370264 15385.333855244238
5711 1917.3552000261413 15396.463760771216
5712 2872.5008110135323 15399.329788967096
5713 4090.440268364073 15169.083857379823
5717 2296.8020027727057 16366.41382552792
5719 3091.6693308159324 15494.605111160354
5721 2135.6586893702447 15385.340219755748
5724 2377.119434825645 15387.788444211963
5726 2979.0394660557995 15421.155033865407
5728 4354.469104461817 16426.00171869552
5729 3825.5440422459837 15208.060122765492
5730 2359.6092236329278 17097.531849499966
5731 2809.970168075819 15397.123406862955
5732 2817.46925456524 15397.305676326238
5733 1969.5054070204123 15403.539027420828
5734 2893.925906386248 15417.409644959105
5736 3536.941177319888 16431.345287977656
5738 2337.76455634523 16100.538396746953
5739 2564.497186323965 16949.321337204583
5744 1933.1497624716826 17329.299562068194
5746 2526.901256816374 15415.805173200319
5748 2350.391791792747 16367.602271293876
5751 1210.4242937966249 17192.08439288304
5752 2333.4349485184116 16299.601181871327
5753 3679.3003216098973 14971.655031573633
5755 2887.5678630096695 15399.42047070668
5757 2414.6224658020237 15388.26355226671
5758 4156.456443475434 16102.093367627589
5761 2502.8135262877863 16361.375906791583
5762 1254.4000925882208 16917.92770163389
5764 3594.060922056077 16400.454841765906
5765 3614.0507976917024 15181.28427696467
5766 2239.389855257878 15385.65217846188
5767 3093.884991750722 16901.75107940553
5768 2895.0003977602946 15399.46156829761
5769 2399.620980125699 15388.091339318978
5770 2549.1533625968805 16925.332014695756
5772 2036.2505674483825 15698.856795862575
5773 2407.121701547987 15388.177445546995
5774 1434.1278450498573 15646.102087030968
5775 3437.833409821351 16035.842520555989
5776 2378.0068107277666 16367.947427991292
5777 2887.5005247313347 15399.417641790968
5779 4564.052052937057 15725.771595779104
5780 2347.1180697066866 15387.323105619045
5781 2437.674106984864 15395.476965030608
5782 2822.5363548233754 15433.9124447217
5783 1816.090074469876 16348.51910899991
5784 2835.611068659567 15416.552802594419
5785 3106.6630992460478 15402.059732079904
5786 4068.6242806316423 16926.241639135933
5787 2188.032077985554 15385.713838704503
5788 3620.740329111571 18077.74814624573
5790 2131.061603467699 16695.828681224957
5791 2871.4223954868717 15416.693422932027
5793 2809.287234516943 16377.491761196186
5794 3358.5877012486612 16540.668773422287
5795 2880.000663035181 15399.373715350699
5796 1452.8355501660162 15922.98683416755
5797 1801.9297209785748 16353.649370580219
5798 2828.9640030269334 15500.90636950788
5800 1028.9363533414992 16694.99330464163
5801 2897.890795833854 16355.077236530475
5802 2907.9332800497286 15421.449392685288
5803 3648.3600769647715 15320.857766193194
5805 1084.8184072763315 14999.626162937831
5807 3255.328497400706 15388.341875968974
5808 3878.5069244539145 16240.294405208144
5809 2124.8466600932056 15385.116535561734
5810 3738.9369527990552 16531.162410186716
5811 3144.2748664245382 16642.30828850853
5812 2615.5095026021363 17399.214685066
5813 1919.513287115215 16356.606903565966
5814 2781.847896841728 15811.683803866348
5815 3871.2872152866826 16024.855358494786
5816 2215.1197513132834 16355.413249074229
5817 2593.724130873197 16965.812275500008
5818 2846.5585202628604 15480.166525216682
5819 2098.1139122245913 15384.699599918325
5821 3711.975834603235 15282.610570784978
5822 3988.945711775974 16210.7023544275
5823 2580.0490554363028 16987.659629636342
5824 3809.3492898858526 15812.614959273043
5825 3353.69504637363 17252.52638919457
5826 3631.288320294955 17221.40340941869
5827 2854.7355822692366 15407.989886225178
5828 2152.169181156307 15385.681796341725
5829 3650.1236410516026 16395.485584061596
5830 3181.352639000237 16641.090608806484
5831 2167.783133685401 15386.004824914564
5832 3843.381122682586 16704.1995652605
5833 3672.655744296514 15511.359710833623
5834 2541.9489198079373 15390.25748724186
5836 2369.6191123921626 15387.67210985605
5837 3091.5580866652094 15555.525644077568
5838 2665.65438542935 15393.539514859654
5839 2974.759869879429 15399.098619100056
5840 3437.7143264020015 16497.778870533133
5841 1529.6395403359852 15506.10379129455
5842 3281.6552471166074 15759.128146517294
5843 3147.7953257191293 16631.081432363102
5845 2390.861352498775 16368.108095314929
5846 3683.15005391281 14970.815989319706
5847 2901.23767522083 16369.798949176979
5848 2617.898960436941 15392.272516486242
5849 3665.342986722574 16419.76798305274
5850 3140.695370874252 15584.225070458237
5851 3153.1920414816727 17427.459977645583
5852 2986.004547298459 16341.38094044575
5853 2575.6345711673107 15391.151200688793
5854 3187.720076374895 17412.737310438908
5855 1893.5067203866522 15402.507450792866
5856 2780.713215811129 15089.09732190579
5858 1227.9752985975306 17203.488323114412
5859 2954.47550918634 15398.947152846373
5860 3408.1879890663554 15435.14199187503
5861 1369.2079482940517 15659.056748060324
5862 2985.27384020523 16751.252666363474
5863 3401.4963502622295 16517.41051129206
5864 2865.0009054693746 15399.285862270013
5865 2848.562569039045 15403.165338881256
5866 4407.814070666199 15469.204865948184
5867 3395.144568366079 15447.253065736508
5868 3739.9166368857473 16336.807476487418
5869 2331.1448100727744 16415.467124616378
5870 1721.1242657643236 16290.750808858811
5871 3318.787964889896 16564.07932652234
5872 1932.8691979381426 16347.050580910714
5873 1053.1702014526036 16750.64097604257
5874 1475.0995078942017 17049.642632544772
5875 2949.6021808224887 15398.910762998972
5876 915.4420669214138 15094.377617075175
5877 3602.3930445689352 16407.93016870764
5878 2849.1218199604264 15390.722005880509
5879 2849.4641463736816 15379.20481904068
5880 2802.8800680474405 16827.812875021395
5881 2683.4272247429913 16893.612119983645
5882 2902.5002591423613 15399.505494736037
5883 2113.3013821727855 17215.819141531818
5884 4242.599883245678 15922.340407123871
5885 3090.2266408877604 16901.639608885802
5886 1420.1042898325497 16111.532161090201
5887 905.7888315303361 15900.234075354
5889 2215.4600045001057 15403.962012081489
5890 3362.018442369124 17341.834372828147
5891 3325.0122649124746 15838.550449004195
5892 3223.866928847443 15857.340651628174
5893 3106.7446704472927 16933.374901578067
5894 3241.254855927632 14292.53900065116
5895 2675.0569146076614 16637.1973612434
5897 1454.5239831025779 16682.632005175245
5898 3970.632829177251 17222.247538440104
5899 1846.8216652100548 15662.946407268637
5900 3235.7146814764747 16384.686376923055
5901 3120.8464650827846 15403.332518386143
5902 1187.2843188705538 16283.394433752588
5903 3172.9827144126702 15407.846080248417
5904 2807.444044305834 15580.30419020139
5905 4097.006648994016 15646.31761312525
5907 3171.100728362934 16646.82943123712
5908 3090.2396940592957 16167.090098648529
5909 3326.0706159225265 16942.75481882757
5910 2070.888439509975 16739.001075494612
5911 1838.4615902364258 15789.063335592597
5912 3080.3248443887687 16475.442628881876
5913 1492.2660974915862 17447.85087277886
5914 4395.175810517862 15792.684450613075
5915 1070.997870970048 16829.27643139486
5916 4214.9778104501265 15580.041841046943
5917 3987.0802489067532 16213.995255442978
5919 2648.0969746194332 17270.98613282432
5920 2971.1872071256516 15598.909890097155
5921 1490.549061351858 16789.549686323695
5922 2332.785794082384 15394.321936570954
5923 2856.8472650084595 15991.573291338229
5924 2285.5210396339353 16960.04850265865
5925 2417.137340291455 16172.247574973362
5926 3739.915776603293 16538.56962742117
5927 3168.969363276724 15407.650969065822
5928 3036.7210556955465 17404.78059249539
5929 3829.2247762104216 15203.76261189479
5930 1857.4565501283173 16312.829115161654
5931 3784.9343574973987 17644.96477829253
5932 804.3694732166002 16641.914100254042
5933 3839.236399271765 15640.244877979934
5934 1697.242692684887 15833.719167638657
5935 2854.781602792448 15297.59321104909
5936 2951.6864444468742 15157.162748158922
5937 3933.7219586173283 15412.672824448771
5938 2019.5847903690346 16767.9589517917
5939 1856.9118414052778 16021.190666720788
5940 1666.0203035878073 17458.979142594682
5941 3430.5955113620385 16070.116703374775
5942 3429.966249773569 15660.271222104224
5943 4185.727663423156 17081.87805896595
5945 3165.372662099025 15234.620992868293
5946 3534.545749088669 15358.714605973946
5947 2448.9808087023575 15405.589214266658
5948 3435.827303361433 16076.844522413658
5949 2924.090852793667 15290.883679484641
5950 3176.2609985151907 17303.074913619002
5952 3464.3239844435743 15397.354550757873
5953 3053.4667844946775 15690.319017245354
5954 3106.4360250807526 15916.40754702641
