4768 2810.79129962565 15400.345276473536
4885 2765.8051769449653 15399.251669038822
4896 2773.302874118045 15399.433937189156
4900 2788.298256665963 15399.79847320301
4929 2803.293619757624 15400.163008743886
4935 2758.3075044983357 15399.069401489585
4945 2780.800549176774 15399.616204801894
4950 2795.795928200475 15399.980740730074
4957 2743.3121558867297 15398.704866300719
4983 2683.0909514278433 15397.204511885966
5005 2728.316742491313 15398.340329536966
5022 2735.814488210567 15398.522598867452
5032 2720.819080588831 15398.158062244056
5040 2750.809829353667 15398.88713387476
5099 2668.0942959920358 15396.80663587404
5106 2690.5892636507865 15397.403449480831
5137 2675.592613010662 15397.00557359614
5164 2927.8791491464112 15399.65422808043
5229 2630.602705892579 15395.811947130713
5231 2713.3213915543006 15397.97579429157
5247 2920.379295618427 15399.61097632998
5258 2660.5960195267817 15396.60769922786
5301 2638.1010371897128 15396.010885231637
5303 2653.097701319583 15396.408761474226
5333 2570.616301655801 15394.22044885367
5339 2623.1043928548356 15395.613009514229
5342 2593.111173288058 15394.817259912785
5396 2615.6060892318083 15395.414072147527
5400 2585.612886057494 15394.61832298099
5404 2912.8794301385296 15399.567724510602
5410 2600.6094616524524 15395.01619687466
5417 2540.6229875531803 15393.424696744096
5430 2645.5993754135343 15396.209823516332
5433 2548.1213207603087 15393.623634895694
5436 2563.1179548836094 15394.021510342178
5437 2578.1145985841144 15394.419386042755
5450 2608.107809410815 15395.215135412316
5462 2354.6184374874106 15387.43944067832
5467 2362.1187357451367 15387.555774659253
5488 2818.2889825404695 15400.527544277253
5546 2905.379570442527 15399.52447272458
5552 2875.3799025958647 15399.347827234014
5555 2467.1275070439456 15388.8662957628
5565 2882.8798150644607 15399.39252869906
5583 2459.6267689104902 15388.780189342942
5591 2437.1246234424007 15388.521870874694
5597 2429.623882689437 15388.435764424765
5600 2384.6197434023397 15387.90477835295
5607 1256.465185444639 15574.362565350451
5613 2422.123171850698 15388.349658318242
5616 2897.8796350677003 15399.481220502119
5621 2555.619629298708 15393.822572392806
5624 2890.3796908965637 15399.437229945741
5625 2452.1260637386804 15388.694083301476
5630 2392.120256167527 15388.00523306185
5638 2516.2385677020875 15413.219941423313
5644 2867.8800461429178 15399.303126102839
5650 2854.488209895452 15310.70521753259
5653 3599.7558061374284 15939.325297873203
5656 2689.679624095983 15411.740302011389
5658 939.3483412001498 15563.433525548231
5660 2482.129028198377 15389.03850911781
5661 4099.9439283325355 16945.789486773705
5662 2533.124634532716 15393.225758066832
5664 2474.6282299135078 15388.952402007431
5667 3398.410802806724 17017.779003506548
5690 2632.4919774861696 15411.003718874299
5696 2550.175202584431 16915.048919462824
5701 2831.782401573619 16058.089192905527
5702 2444.625357362433 15388.607977246182
5709 2332.1174293714557 15387.090436977507
5712 2872.5008110135323 15399.329788967096
5719 2938.7368817886695 15413.684997699424
5721 2302.1160870645135 15386.625098738416
5724 2377.119434825645 15387.788444211963
5726 2759.181857109075 15412.587524946597
5731 3091.288769545119 15586.850011183256
5732 2386.934453366229 15780.800994870617
5734 2723.18519466657 15412.148730440435
5736 4454.5592723586215 17032.95318241176
5746 1856.344660934225 17271.84333043794
5748 1900.8789796231513 15396.214292877983
5752 1659.5191656942534 15407.555368420224
5757 2414.6224658020237 15388.26355226671
5761 3351.91008136374 16747.697919698472
5766 2339.6177613632517 15387.206771481677
5768 2895.0003977602946 15399.46156829761
5769 2399.620980125699 15388.091339318978
5773 2407.121701547987 15388.177445546995
5776 1297.2738147867456 16226.107992270609
5777 2887.5005247313347 15399.417641790968
5780 2347.1180697066866 15387.323105619045
5782 1913.725720173009 16832.900479377553
5783 2636.3563732428693 16262.32510281474
5784 1806.8162965643476 15725.148062825025
5787 2324.617054922294 15386.974101814802
5791 2837.036318927116 15246.667943434175
5793 2832.5252047711983 15425.980888646483
5795 2880.000663035181 15399.373715350699
5796 2784.7374587927743 16360.946730051126
5797 2482.2300823820997 16808.822296025322
5803 915.1582201142602 15742.895484788673
5809 2294.6157377550435 15386.508763965641
5811 2357.0113437159603 16367.685008252542
5819 2264.6144373021602 15386.04342637573
5821 2671.4036590777846 15417.918495628726
5823 1424.8595106114626 16449.133758523207
5825 2832.1690865304927 15433.473396048328
5828 2309.6163947194364 15386.741432865105
5830 2372.012138388939 16367.872501325066
5831 2317.116754797058 15386.8577678049
5834 2772.0677588047492 15396.202167748726
5836 2369.6191123921626 15387.67210985605
5837 2943.079282354649 15419.394641177325
5838 2794.5649372970806 15396.748974170416
5840 2312.79415423001 17006.953862141047
5842 2835.748349455691 16829.602284771474
5843 2359.6530839662532 17104.870234235772
5845 1365.8861207038713 16029.131725731357
5848 2787.0659388079453 15396.566706846026
5850 2830.346937390087 15405.303847651461
5851 2219.226478094136 16662.314702598793
5853 2779.566849884718 15396.384437323586
5854 1864.8771164053746 17374.518199178918
5855 737.76401987634 16218.282123085512
5861 2257.1140949867918 15385.927091711437
5863 2387.0128627676977 16368.059993518991
5864 2865.0009054693746 15399.285862270013
5865 1619.7747314269975 15435.327124767184
5868 4091.9335387028786 17183.875066249562
5869 4071.5266830945156 15648.91899742673
5870 2569.877866460531 16945.852418669972
5871 2379.5125009475546 16367.966247426644
5872 3318.2319801674344 16765.670826968646
5873 2666.906830604341 16362.149819985661
5874 3387.5093812271534 16092.503723568572
5875 2910.0001211625545 15399.549421178202
5876 1786.5229823623408 15382.147540234575
5877 1919.4979714295148 16833.236531523613
5878 1679.2157889435723 15397.814516643799
5879 1444.493078837177 16540.797372992387
5881 5051.044693486565 16128.340648578676
5882 2902.5002591423613 15399.505494736037
5883 3450.1384550706603 16056.13778426912
5884 2388.754701391248 17077.277405579065
5887 3242.9376570797494 15403.732066883344
5889 2287.1153990653293 15386.392429357584
5890 3607.694841024989 15975.799348794704
5894 2855.636614557569 15387.929368316616
5897 2183.2461696396595 15385.793342318555
5898 4202.987793294323 17142.27340201195
5901 2917.4999837823125 15399.593347623879
5902 2312.399181919318 16357.191090383792
5903 2949.601060550703 15398.910754633742
5905 4198.474665022231 17147.20473039575
5907 2364.5117244551625 16367.778754581357
5908 2448.3323725185514 16368.82641846777
5909 4061.307798310131 15658.740248593673
5911 2297.365498803972 16356.916340596394
5912 2349.5110112810817 16367.591262527478
5914 3436.5808100015574 15401.76522983
5916 2956.056964102529 15420.776210625569
5917 2341.8764518397606 17114.979822120808
5919 2817.726233461123 16460.322944589687
5920 4125.841775755882 16971.119880158043
5922 2972.100737192829 15399.07876297187
5923 1843.180457130506 15885.173690709156
5924 3542.6545444966873 16010.571111180561
5926 2704.435815397854 17150.290277376957
5927 2957.1009517673083 15398.96675740567
5928 3056.7768661232767 16269.233612412725
5929 4460.737957140542 16353.21492938926
5930 3721.6496969729983 15854.689331127165
5931 3265.8558173058495 15738.833925715157
5932 2271.570199186374 16356.444915661368
5933 3132.02059132797 16605.677773729
5934 2322.125417171206 16357.638437848063
5935 4370.1805279596065 16157.32742042126
5936 2852.4366159677006 15387.83931529967
5937 2712.1586614529497 15418.415293662974
5938 2978.2596141590957 17492.328641347623
5939 2572.5706869705664 16944.12680505933
5940 1414.7933291762965 15591.24152847252
5941 2752.509444109315 15415.706676718195
5942 3139.933634922165 16618.420952361303
5943 2765.838767133406 16902.089422901798
5945 2849.4360495726764 15380.261178862358
5946 2948.556999299337 15420.652587837623
5947 2279.615061106514 15386.276094760864
5948 2409.5140065307464 16368.341232524752
5949 2936.045950486388 15399.710213132295
5950 2326.9659860016964 16302.250571121265
5953 2394.513225987978 16368.15373962884
5954 3135.9771257584594 16612.049383389985
5956 2849.2366142913866 15387.759378324308
5958 3147.846691420309 16631.164151774152
5959 3059.530872194902 16482.710182734303
5960 2986.227620947504 15417.80071050941
5961 4185.539507243713 16947.53554028328
5962 2289.446857535645 16356.771622566335
5963 2109.179852433717 15391.834478135395
5964 1907.9729577154937 17338.147717097498
5966 2846.505346530279 17029.92647472274
5967 2938.7987492745515 15406.416079358027
5968 2203.536049272793 15385.456286394594
5970 1726.4761025614314 15397.560528749544
5971 4137.153987231363 16101.520633525148
5973 2715.891354879428 16897.6486285325
5974 3613.2970292897626 15964.587938171873
5975 2796.7181816571865 16827.553178029433
5977 3143.8901749747893 16624.79257107619
5978 3128.055014978509 16599.291602946585
5981 2809.6157629865697 16234.009469974724
5982 2987.1006064572816 15399.190769164108
5983 3177.99152954147 16646.643771939947
5984 4362.5450924270335 15724.772181065618
5985 2937.7970150192664 15389.594891909413
5986 2979.600715231658 15399.134766392111
5987 2964.6008431026626 15399.022760178485
5988 3737.561282043545 16321.17143403823
5989 2994.6004906430007 15399.246771883534
5991 2600.773421576269 17008.83991046106
5992 4187.129241977466 15410.619281880641
5993 2961.664823766824 16320.76058085589
5994 2402.013648662073 16368.247486481794
5995 2347.1051050357555 15954.566953784859
5996 1755.8391763052118 16298.01972178921
5998 2716.343702397878 16860.89466627898
5999 3825.665527816548 15211.075838085735
6000 2280.6529667642335 16356.610908814335
6002 2457.789314663965 16361.043516106762
6003 2629.584171580706 17055.104884550026
6004 2852.6360506804176 15380.34113721444
6005 3849.671147448192 15264.114505562122
6006 4026.2107197890523 15531.586940310495
6007 2849.836479034277 15365.206169768157
6008 3638.079622188146 16369.598437700737
6009 2522.0736445634197 17001.706078478972
6010 3647.3522010296865 16390.94591400554
6011 1484.480318144425 15720.254308397745
6012 3292.915306000098 16562.664761879736
6013 2272.114754887475 15386.159760656445
6014 2511.7213755637663 15379.983077079878
6015 3668.1429076960353 16424.235244634885
6016 3723.069437519019 16505.84303645151
6017 3867.20854265551 15288.600803233661
6018 970.7422611930347 15699.847807313132
6019 3827.7826121007333 15200.908548832926
6020 4765.458344053366 16488.84850052129
6021 3734.0777420284794 17564.507390072875
6022 2694.4738439682874 16887.526127378413
6023 3163.1054645813365 16638.036229401216
6024 1445.6529738305182 15656.73104268277
6025 4188.967618767873 15871.82581868228
6026 4541.574909293456 16064.970361358228
6027 3489.044693060735 16048.279989510453
6028 3250.8530858490485 16589.371965536
6029 2304.8871616882657 16357.053803602797
6030 2511.2757429534086 16358.238114919239
6031 1175.8531804400004 17150.945301568776
6032 2139.190630887401 16714.387507900454
6033 1641.4783088004506 15399.642083507433
6034 2967.1808800577296 15786.357860374526
6035 2660.939004607284 16906.001715266997
6036 820.8534291471601 16205.032021529849
6037 2314.1686468342864 16601.007248729133
6039 3231.269514295689 16175.180937408111
6040 3779.3543071501767 15125.184055011012
6041 1486.9011209995456 15756.349737339886
6043 4188.66619644306 16559.5399413003
6044 3432.868344727152 16021.875289562455
6045 1925.63532672664 15697.009202448364
6046 3748.193809674103 15247.348702889052
6047 2759.813452313446 16851.53467652245
6048 2178.9911216264504 16668.338636707384
6049 3092.253449715763 15370.541439486187
6050 2821.0704857903156 16253.02677837565
6051 3032.262822080708 16462.36399698
6052 3188.806469044036 15408.120886692883
6054 2852.835485876431 15372.842940958633
6055 2966.379684081285 15622.326722756578
6056 939.8219350452125 15441.964641915776
6057 2825.1405764227584 16586.053289175215
6058 3736.047177182128 15269.471637656894
6059 2963.5568828550213 15420.899832654455
6060 3629.693373716073 16607.19576034849
6061 4262.580900327883 16051.102349278894
6062 2279.822022036315 15180.302863886776
6063 3861.687697012201 15783.205600585068
6064 3355.4014081704227 15884.042089669996
6065 3979.589314252406 15482.540490428017
6066 2111.9388988056453 17216.560107395024
6067 2913.882558402728 15396.373394223776
6068 3843.370867510931 17082.60716517409
6069 4560.625950130241 16099.868063131496
6070 4669.65077908297 15321.218003530954
6071 3617.9864969768864 16399.397266263764
6072 3788.152944985986 17022.626894958044
6073 3315.224846216478 17360.392808934506
6074 2849.6354851377155 15372.762968732248
6075 2294.124980273792 17124.960389530173
6076 1837.8135932268438 16658.384300372636
6077 3225.7211023076206 15426.068686023176
6078 3780.4071683573598 15230.029516874509
6079 3492.8661066315362 17281.347610414407
6080 4241.564838252085 15565.105344931342
6081 3628.94693286998 16360.510713279735
6082 3830.8695641567224 15224.334978968845
6083 4615.87689717353 15649.58680589308
6084 3341.945681639511 15477.613784290028
6085 4044.6681217635914 15577.719009058308
6086 4615.233984565759 17185.794257342794
6087 865.1601233187312 15750.430717383582
6088 3155.06801313778 15891.665624698151
6089 3885.3111893962723 15327.10894826776
6090 2315.975384505005 17449.561131617287
6091 3645.5744377406727 16795.304627260914
6092 1851.4366587458162 16865.471967190137
6093 2643.5120831405975 15955.845384902237
6094 1872.0277776951339 15222.983330552799
6095 2417.014363960935 16368.43497856223
6096 3771.913955614033 15846.719288537499
6097 3956.1897950593902 16628.42213696601
6098 882.1549923619291 16181.472625524819
6099 1828.0214827110942 17036.31847694055
6100 2138.3052979563067 17423.31065338591
6101 4053.674422350928 15671.629048737681
6102 4219.274602126395 16819.491682636915
6103 3021.9284186999816 14399.354008033808
6104 3665.532225210137 15826.53818777602
6105 4685.372247165274 16544.82903302419
6106 3078.132746879808 15419.022501397567
6107 1548.72847059277 17574.183332830176
6108 3664.420233452332 14947.680390240312
6109 3873.2523195266544 15239.825098574845
6110 4339.654951475101 16928.836554159436
6111 2807.6051446139454 15000.487247223333
6112 1541.8300771167908 16900.063368799845
6113 3460.4320720443147 15398.681339075802
6114 1947.4159483043002 16715.45368344756
6115 2580.4786650698807 16371.899241607103
6116 2729.8605676758684 15810.946769813001
6117 1422.3827620988275 15985.446249784825
