4768 2810.79129962565 15400.345276473536
4885 2765.8051769449653 15399.251669038822
4896 2773.302874118045 15399.433937189156
4900 2788.298256665963 15399.79847320301
4929 2803.293619757624 15400.163008743886
4935 2758.3075044983357 15399.069401489585
4945 2780.800549176774 15399.616204801894
4950 2795.795928200475 15399.980740730074
4957 2743.3121558867297 15398.704866300719
4983 2683.0909514278433 15397.204511885966
5005 2728.316742491313 15398.340329536966
5022 2735.814488210567 15398.522598867452
5032 2720.819080588831 15398.158062244056
5040 2750.809829353667 15398.88713387476
5099 2668.0942959920358 15396.80663587404
5106 2690.5892636507865 15397.403449480831
5137 2675.592613010662 15397.00557359614
5164 2927.8791491464112 15399.65422808043
5229 2630.602705892579 15395.811947130713
5231 2713.3213915543006 15397.97579429157
5247 2920.379295618427 15399.61097632998
5258 2660.5960195267817 15396.60769922786
5301 2638.1010371897128 15396.010885231637
5303 2653.097701319583 15396.408761474226
5333 2570.616301655801 15394.22044885367
5339 2623.1043928548356 15395.613009514229
5342 2593.111173288058 15394.817259912785
5368 4964.880377145086 15944.343809474592
5387 1079.7062244773952 16747.69488868417
5396 2615.6060892318083 15395.414072147527
5400 2585.612886057494 15394.61832298099
5404 2912.8794301385296 15399.567724510602
5410 2600.6094616524524 15395.01619687466
5417 2540.6229875531803 15393.424696744096
5430 2645.5993754135343 15396.209823516332
5433 2548.1213207603087 15393.623634895694
5436 2563.1179548836094 15394.021510342178
5437 2578.1145985841144 15394.419386042755
5450 2608.107809410815 15395.215135412316
5462 2354.6184374874106 15387.43944067832
5467 2362.1187357451367 15387.555774659253
5488 2818.2889825404695 15400.527544277253
5518 2801.944773030965 14978.975348308153
5531 2753.303362568496 14906.389107335637
5542 3465.4860097491005 16892.758180211506
5546 2905.379570442527 15399.52447272458
5551 1827.3845576443398 17293.552408418003
5552 2875.3799025958647 15399.347827234014
5555 2467.1275070439456 15388.8662957628
5565 2882.8798150644607 15399.39252869906
5578 1841.1393489007373 15843.442860760257
5583 2459.6267689104902 15388.780189342942
5590 2335.7448689179528 16209.650198578049
5591 2437.1246234424007 15388.521870874694
5593 3091.5554598712674 15555.831167386727
5597 2429.623882689437 15388.435764424765
5599 1095.7261990818192 15710.976488228673
5600 2384.6197434023397 15387.90477835295
5603 2088.0523359391163 16732.991142573912
5607 1778.013843456226 15392.614013831482
5608 4158.785058539308 15770.367335271325
5613 2422.123171850698 15388.349658318242
5616 2897.8796350677003 15399.481220502119
5621 2555.619629298708 15393.822572392806
5624 2890.3796908965637 15399.437229945741
5625 2452.1260637386804 15388.694083301476
5630 2392.120256167527 15388.00523306185
5638 2863.8198502943515 15419.651348441574
5644 2867.874995826953 15399.303096001619
5650 2863.921048432219 15416.461014684453
5653 3105.9599245190543 15591.430062836276
5656 2878.923780709049 15416.925832362114
5658 1092.8015967274566 15684.854940284436
5659 1439.3264428422149 16287.137697243323
5660 2482.129028198377 15389.03850911781
5661 3570.344211104886 16253.211523735235
5662 2533.124634532716 15393.225758066832
5664 2474.6282299135078 15388.952402007431
5667 3147.842165468819 16631.156863174303
5668 1195.7929396906852 16682.05938651476
5676 3468.8665531425213 16050.00283853805
5678 1872.264492770006 15442.166209882107
5680 3608.854998035573 16392.45418261717
5690 2878.8036016925653 15420.121136026664
5696 2297.3996655407664 16356.916965014481
5701 2802.4711305473375 15396.941138589693
5702 2444.625357362433 15388.607977246182
5705 2853.612144112204 15424.991620849241
5707 4118.551302418721 16962.316289713173
5709 2332.1174293714557 15387.090436977507
5711 1329.8621838826184 15354.610924256098
5712 2872.5008110135323 15399.329788967096
5719 2938.7368817886695 15413.684997699424
5721 2302.1160870645135 15386.625098738416
5724 2377.119434825645 15387.788444211963
5726 2893.92575055837 15417.409635681839
5731 2809.970168075819 15397.123406862955
5732 2817.46925456524 15397.305676326238
5734 2886.425166001279 15417.158241794372
5736 4188.218946402095 17067.17336303745
5738 1857.7022178448726 15384.504483215014
5739 2240.5985551364474 17313.93078638347
5746 2283.0979826408975 16622.344941521176
5748 2187.5187488502374 15422.594313596175
5752 1992.651340716135 15409.263843307755
5753 3285.595944782608 14356.790305938743
5757 2414.6224658020237 15388.26355226671
5761 3150.5866696582084 16629.50411809513
5766 2339.6177613632517 15387.206771481677
5768 2895.0003977602946 15399.46156829761
5769 2399.620980125699 15388.091339318978
5773 2407.121701547987 15388.177445546995
5774 887.9006925681191 15110.063366357055
5776 1635.9853528279289 16432.206908932178
5777 2887.5005247313347 15399.417641790968
5780 2347.1180697066866 15387.323105619045
5781 3272.0598713878385 15144.805805772641
5782 2353.249716669269 15873.424162719404
5783 2289.899843565028 16356.77990116409
5784 1872.2843828126984 15415.453882545955
5785 4098.342665285014 15667.314346716912
5787 2324.617054922294 15386.974101814802
5790 2963.520262571662 16689.922988408252
5791 2871.4223954868717 15416.693422932027
5793 2832.5251138234235 15425.98280213138
5795 2880.000663035181 15399.373715350699
5796 2268.570783019415 16356.390099489718
5797 2282.4000874181797 16356.64283851676
5798 2834.234510933777 15619.365754563503
5802 2871.31172171392 15419.886242099941
5803 2057.337626404219 15403.412161410199
5809 2294.6157377550435 15386.508763965641
5810 3387.442164117979 17331.84407846125
5811 2364.511733565701 16367.778754695228
5818 3056.416840507713 16119.793717691482
5819 2264.5748916843404 15386.042813000236
5821 2886.2954478048046 15420.35602889157
5823 2251.188489529732 16365.44956218353
5825 2812.702947536025 16356.53713559541
5828 2309.6163947194364 15386.741432865105
5829 3273.2035422662966 15872.72896799323
5830 2379.5125399912413 16367.966247914646
5831 2317.116754797058 15386.8577678049
5834 2772.0677588047492 15396.202167748726
5836 2369.6191123921626 15387.67210985605
5837 2943.079282354649 15419.394641177325
5838 2794.5649372970806 15396.748974170416
5840 2546.9838574562427 16938.27057520808
5842 3143.7508099315364 16624.568137377555
5843 3129.814173334345 16667.742683229695
5845 1666.983585718843 16419.055796486853
5848 2787.0659388079453 15396.566706846026
5849 3603.3278897757796 15924.320669874287
5850 2948.554736632767 15420.652550541829
5851 2580.0490574017267 16987.65963279269
5853 2779.566849884718 15396.384437323586
5854 2577.3588849551456 16989.399345217735
5855 879.9496829664591 15757.1849133769
5860 1902.4298448381803 15402.639780952426
5861 2255.9124864615037 15385.908454065511
5863 2527.955920401505 16370.596505039039
5864 2865.0009054693746 15399.285862270013
5865 2037.4505445526088 15407.732023341958
5868 4195.739236629554 17148.146236097153
5869 3409.39521362283 16081.132115808345
5870 2304.899457193292 16357.054028310698
5871 2387.0146934553454 16368.06001640053
5872 3041.6231636893585 16452.768802018294
5873 2103.3448719312073 16353.370494540213
5874 2376.2560824745 16360.026518794166
5875 2910.0001211625545 15399.549421178202
5876 967.20438712184 15596.652397013067
5877 2756.6731214211154 16874.77477319313
5878 2036.008964069515 15410.900695638677
5879 2337.722165747182 16346.66573836869
5880 4178.123235433276 16079.435244364577
5881 4229.44963013407 16051.766603837188
5882 2902.5002591423613 15399.505494736037
5883 2830.9097339582568 16704.51068896028
5884 3144.968891771833 16663.053429088694
5887 1944.040833204143 15386.87966064206
5889 2287.1153990653293 15386.392429357584
5890 3827.091144114789 16678.939650437096
5894 2652.032744463834 14740.601766608497
5895 3436.2171140260934 16067.195788176134
5897 1632.669239090632 15402.542118096662
5898 4103.311803231434 17176.580830123898
5899 3247.6556687497405 15406.968150868737
5900 3160.2521666399684 15575.695536133506
5901 2917.4999837823125 15399.593347623879
5902 1772.0949954183945 16303.929881395916
5903 2949.601060550703 15398.910754633742
5904 2740.9609757867074 14887.469373564953
5905 3691.9477127348264 16456.18292475863
5907 2372.0120725072807 16367.87250050162
5908 2844.6105848421357 16371.204639676323
5909 3480.0123716944854 16106.22356405307
5910 1451.3493300915563 16696.700781534157
5911 1859.2366925218387 15901.501459772577
5912 2357.011383879881 16367.685008754546
5913 2334.1540891988097 17474.295742143237
5914 3873.6983251459774 15300.071615525727
5915 1835.4529522661298 16159.865161820939
5916 3258.0608267331945 15426.819516438269
5917 3069.1473347072665 16704.10633951216
5919 2585.4293769264445 16984.200085811077
5920 3590.5865142161515 16288.070538437765
5921 1353.7383500808687 15452.730468038166
5922 2972.100737192829 15399.07876297187
5923 2349.5109998905186 16367.591262385107
5924 2827.8868381849834 16643.673601019713
5925 1725.1529538204625 16940.731268837033
5926 3099.9755099391564 16687.477584350712
5927 2957.1009517673083 15398.96675740567
5928 3068.842396732853 16521.69281894648
5929 4010.2476333230416 16250.267288178833
5930 2986.481494246017 16307.862641932985
5931 3439.020058265951 16477.71281820156
5932 1424.510452971129 16540.799105301972
5933 3526.5962876331587 16027.962098570659
5934 1845.493331436195 16341.456815502745
5935 3839.3244901502367 15204.010730099004
5936 2852.4366159677006 15387.83931529967
5937 2893.7865350322445 15420.60956895636
5938 2569.8803969170162 16945.85637483117
5939 2319.89901484405 16357.328154434284
5940 1418.2408102849795 16412.523967438337
5941 3002.8367929817164 15424.748112115372
5942 3011.250306144732 16395.572548446253
5943 3230.4951492460464 16613.581576580786
5945 2849.4360495726764 15380.261178862358
5946 2987.541386209807 15421.295171999374
5947 2279.615061106514 15386.276094760864
5948 2837.1603301225027 16371.417138350458
5949 2936.045950486388 15399.710213132295
5950 2638.585118049156 17069.558814249
5953 2744.788216571419 16371.242160568007
5954 3071.8524782622453 16269.98181241752
5956 2849.2366142913866 15387.759378324308
5957 3958.828020457846 15129.814874060135
5958 3139.3172269378897 16617.42828791298
5959 2312.399207846952 16357.191090857636
5960 3903.017922840372 15351.894554449384
5961 3633.36559371661 16361.739851315377
5962 1503.6322808505038 16285.485845330493
5963 1379.9974647981749 15656.64933547343
5964 1226.7181103601222 17189.733891794313
5966 2572.5651381633243 16944.118129715072
5967 2938.7987492745515 15406.416079358027
5968 1887.0936272440501 15378.40294835466
5969 4314.091305238706 17353.652804995065
5970 2996.580921970962 15414.736843180175
5971 3956.5489252672846 16851.08538717741
5972 3490.254530230175 15384.806845502493
5973 3596.6788230408383 16411.057051296968
5974 3729.351262566589 16521.892905265682
5975 2322.621737204377 17097.606617582867
5976 3650.928433905919 16382.060914561373
5977 3071.1532656262407 16507.65693066719
5978 3606.9396919198366 15931.32770200409
5981 3258.2229895552478 16836.207955812904
5982 3108.901874894393 15402.260635237924
5983 4273.754179927182 16037.380395191993
5984 3900.1489808197043 15294.364589696363
5985 2937.7970150192664 15389.594891909413
5986 3027.1720016041754 15399.492100585545
5987 2964.6008431026626 15399.022760178485
5988 3326.0965232260332 16942.795496127193
5989 3173.568062460949 15407.873918137604
5991 3356.77184080441 17370.09637221261
5992 4623.364810575559 15667.004707315684
5993 3202.608199592665 16744.568366029038
5994 2821.163418093832 16151.466405059942
5995 2526.9225514963405 15415.805495903185
5996 1410.0759191079421 16453.606160751
5997 1730.8690118427048 15639.448130780494
5998 2273.2428538226254 17376.51968718093
5999 3768.1005754162125 15829.198135976134
6000 1804.8137036838239 16352.530984890544
6001 3114.870321634653 16213.72205249883
6002 1877.3213814202531 16344.798958607238
6003 3606.3654358776053 17237.251907299724
6004 2855.0559264380818 15284.89090329397
6005 4312.697062627834 15638.327482401679
6006 3413.937772462762 15360.993779723216
6007 3148.1538435534335 15205.969157937554
6008 3141.1492041512633 16223.150643094112
6009 3153.7123410735385 17014.781438852795
6010 3445.016412996039 16774.856468479316
6011 1099.204651496816 15560.994829406818
6012 3332.0042444242167 17143.37763111385
6013 2272.114754887475 15386.159760656445
6014 2373.2588568261867 15127.71100737455
6015 3653.5196061132433 16952.39043961304
6016 2838.114694042586 16640.629054136447
6017 4361.165945935493 15728.994534352181
6018 954.7478236455131 16412.76973772942
6019 3565.6839203684262 14788.59748241777
6020 4654.111420135871 15818.88636716665
6021 4425.085696936424 17487.882732445072
6022 1852.3300121283512 17360.936663487908
6023 3591.2635819961397 17325.817713763518
6024 1186.1355236569336 16284.030982417766
6025 4797.212986140583 15740.928389870556
6026 4540.435869646405 16329.455959955261
6027 4180.956218618258 15599.155048360995
6028 2454.640485986587 16765.688224610458
6029 2023.664653128011 16216.738755577564
6030 1992.310756279782 16349.566722882846
6031 1837.0598458054149 16689.493853004722
6032 1961.0522934747917 17094.41634789419
6033 1409.884883880395 16305.278828030028
6034 3394.63575737739 15443.788361169878
6035 1853.5425653145728 17187.48334113324
6036 795.3362291395568 15793.545216279665
6037 2354.165686602613 15754.417321342762
6039 2648.353604721828 16642.367071343928
6040 4049.890138088718 15673.87506755454
6041 1400.1877387415939 16010.770521193625
6043 4401.661013269914 16398.784870407515
6044 3065.0906840553635 15708.346317566326
6045 1934.5430618441446 15592.188414791508
