4768 2810.79129962565 15400.345276473536
4786 4323.945660776419 16849.481886148777
4885 2765.8051769449653 15399.251669038822
4896 2773.302874118045 15399.433937189156
4900 2788.298256665963 15399.79847320301
4929 2803.293619757624 15400.163008743886
4935 2758.3075044983357 15399.069401489585
4945 2780.800549176774 15399.616204801894
4950 2795.795928200475 15399.980740730074
4957 2743.3121558867297 15398.704866300719
4983 2683.0909514278433 15397.204511885966
5005 2728.316742491313 15398.340329536966
5022 2735.814488210567 15398.522598867452
5032 2720.819080588831 15398.158062244056
5040 2750.809829353667 15398.88713387476
5099 2668.0942959920358 15396.80663587404
5106 2690.5892636507865 15397.403449480831
5137 2675.592613010662 15397.00557359614
5164 2920.1751877021015 15399.609799237036
5229 2630.602705892579 15395.811947130713
5231 2713.3213915543006 15397.97579429157
5247 2896.9284989245843 15399.475735287915
5258 2660.5960195267817 15396.60769922786
5301 2638.1010371897128 15396.010885231637
5303 2653.097701319583 15396.408761474226
5333 2570.616301655801 15394.22044885367
5339 2623.1043928548356 15395.613009514229
5342 2593.111173288058 15394.817259912785
5368 4415.338586155651 15946.345761567898
5387 1713.8260553822129 16399.734221187005
5396 2615.6060892318083 15395.414072147527
5400 2585.612886057494 15394.61832298099
5404 2839.5304382375575 15400.90988452973
5408 703.5896771736011 16979.946498191322
5410 2600.6094616524524 15395.01619687466
5417 2540.6229875531803 15393.424696744096
5430 2645.5993754135343 15396.209823516332
5433 2548.1213207603087 15393.623634895694
5436 2563.1179548836094 15394.021510342178
5437 2578.1145985841144 15394.419386042755
5450 2608.107809410815 15395.215135412316
5462 2354.6184374874106 15387.43944067832
5467 2362.1187357451367 15387.555774659253
5488 2818.2889825404695 15400.527544277253
5509 1831.6687427938593 16788.647136889605
5518 2836.06358070119 15302.196293704206
5531 2836.6599630518353 15268.152059419102
5535 1929.8964393406316 16181.104899277358
5542 3197.3654194507462 16703.453223192202
5546 2832.4637853874183 15427.273114472033
5551 1697.2989882297334 16955.43414916884
5552 2829.796986460151 15483.38091356203
5555 2467.1275070439456 15388.8662957628
5565 2830.413594221548 15470.40786784791
5572 1082.1917623169775 16177.52218289744
5578 1867.3064776649346 15534.790525135642
5583 2459.6267689104902 15388.780189342942
5590 2361.4384659279103 15827.885560110932
5591 2437.1246234424007 15388.521870874694
5593 2851.280533262955 15411.741912178515
5597 2429.623882689437 15388.435764424765
5599 850.8136969431047 15773.707622420028
5600 2384.6197434023397 15387.90477835295
5602 2974.8988362808573 15991.776859510881
5603 2337.7993781541663 16339.607952426551
5607 2187.518748895825 15422.594311441759
5608 3751.1290911940346 15245.77306926255
5613 2422.123171850698 15388.349658318242
5616 2831.917262434197 15438.771619193887
5621 2555.619629298708 15393.822572392806
5624 2831.1587163538 15454.730959301693
5625 2452.1260637386804 15388.694083301476
5630 2392.120256167527 15388.00523306185
5638 2863.8198502943515 15419.651348441574
5641 1204.316305294585 17541.87429778606
5642 1439.286165154258 15997.997382756306
5643 3262.049506270379 15726.28857307936
5644 2828.6671769803093 15507.151405839042
5650 2863.921048432219 15416.461014684453
5653 2833.216546008038 15410.406969343834
5656 2878.923780709049 15416.925832362114
5658 1705.4741726736804 15397.342490474228
5659 1979.6109991127234 16358.034461464575
5660 2482.129028198377 15389.03850911781
5661 3243.259508669871 15695.336933491968
5662 2533.124634532716 15393.225758066832
5664 2474.6282299135078 15388.952402007431
5667 2840.512448841821 16356.782066533435
5668 1805.0425740906906 16362.998421903229
5669 4949.716140431378 16348.227579975322
5672 4092.054467119154 16940.111953804062
5674 2988.2416711321866 16524.1455892448
5676 3175.791934433855 15584.21176358221
5678 1986.3998910316386 15408.592529404392
5680 3091.840001758911 16534.899891411897
5690 2886.42513096232 15417.158240708786
5693 3206.782879400712 15635.253971430368
5695 3037.1262158896648 17437.309858119792
5696 1935.9936005083543 16347.182835862704
5701 2802.4711305473375 15396.941138589693
5702 2444.625357362433 15388.607977246182
5705 2828.2844973097563 15515.202749287424
5707 3417.0536968901224 17311.322718980256
5709 2332.1174293714557 15387.090436977507
5711 1685.6926235856738 15393.039822528712
5712 2872.5008110135323 15399.329788967096
5717 1848.3340524101436 16467.47944175718
5719 2938.7368817886695 15413.684997699424
5721 2302.115930344228 15386.625096307593
5724 2377.119434825645 15387.788444211963
5726 2901.4173150416127 15417.855648475372
5731 2809.970168075819 15397.123406862955
5732 2817.46925456524 15397.305676326238
5733 1853.2067265475769 15290.811120951617
5734 2893.9256312773173 15417.409628580403
5736 3833.3178181622616 16682.89204515071
5738 2187.3593324844264 15430.128212958216
5739 2556.307965894673 16982.68193158123
5744 1638.5861413073087 17067.858710449458
5746 2353.9570615455386 15853.904676624397
5748 2336.103312387576 15935.041990597252
5752 2191.271206661552 15578.436254932161
5753 3496.1372988966123 14677.577651046888
5755 3415.556192297329 15406.622043974485
5757 2414.6224658020237 15388.26355226671
5761 3043.983826928362 16456.728291483465
5764 3831.201933805314 16685.55362604728
5766 2339.6177613632517 15387.206771481677
5768 2895.0003977602946 15399.46156829761
5769 2399.620980125699 15388.091339318978
5770 2570.511503551128 16968.3195359248
5773 2407.121701547987 15388.177445546995
5774 1253.8054129295929 15116.261921534979
5775 3167.52945601245 15576.041996439386
5776 2249.0889156898015 16365.405177483717
5777 2887.5005247313347 15399.417641790968
5779 4509.030361488 15490.726413806782
5780 2347.1180697066866 15387.323105619045
5781 3250.6205433427253 15403.784020410596
5782 2693.9567983922843 15418.193415383961
5783 1829.7366067861396 16346.7384268078
5784 2030.7826446962845 15410.709958372614
5785 3671.990628374521 15288.367476987542
5787 2324.617054922294 15386.974101814802
5790 2512.2562671658475 16686.83220991912
5791 2871.4223954868717 15416.693422932027
5793 2827.8497482079474 15524.34960134644
5794 2764.3026940456466 16874.09250537488
5795 2880.000663035181 15399.373715350699
5796 1654.028079431956 16289.111099202035
5797 1813.737804539929 16349.355993064763
5798 2829.145523741364 15497.08728600976
5800 1284.35398075102 16382.730952389746
5801 3313.0048364491427 16342.721539878194
5802 2871.31172171392 15419.886242099941
5803 2889.838581557155 15416.07770301412
5808 4563.670026699742 15861.002757449478
5809 2294.615629260284 15386.508762282823
5810 4093.3007568192925 16956.730918249512
5811 2819.0217327058012 16371.021706561218
5813 1450.3512478774724 16584.56613297659
5816 2637.8099552942963 16296.49283150593
5818 2841.189196319953 15988.221065588586
5819 2168.048758260616 15386.01032027695
5821 2955.71165221963 15420.770518809833
5822 4186.64302393406 16506.29866508788
5823 2520.7826120805953 16897.611201963475
5824 3814.3916273568066 15925.754963479914
5825 3224.641820334504 16780.359099649344
5828 2309.6162582143274 15386.741430747832
5829 3481.3187877606083 16108.430150824377
5830 2851.771193278814 16371.000402391017
5831 2317.116754797058 15386.8577678049
5832 3623.8836359868055 16351.791273622908
5834 2772.0677588047492 15396.202167748726
5836 2369.6191123921626 15387.67210985605
5837 2943.079282354649 15419.394641177325
5838 2794.5649372970806 15396.748974170416
5839 3222.1848524614375 15329.04242401487
5840 3150.6355979529926 16656.949829737157
5841 2043.982063389245 15381.52692164538
5842 3200.4652762844835 16201.623471636063
5843 3147.8472231773903 16631.16500811664
5845 2277.3244475659358 16366.002072711946
5847 2377.4706791648136 16367.940726949368
5848 2787.0659388079453 15396.566706846026
5849 3590.447701113778 16294.211672185013
5850 3054.475416598107 15422.398453369642
5851 2710.6178356772016 17195.23907834125
5853 2779.566849884718 15396.384437323586
5854 2726.9119378822015 17226.37312807285
5855 1691.0761868833767 15398.672799322221
5856 2377.659457658419 15080.733809232532
5858 1083.4433779899305 17015.325951374198
5859 3039.0764996804796 15233.57501908328
5860 2764.4334216653506 15413.502418480628
5861 2088.8083154674937 15384.695813428842
5862 2976.1745849037607 16956.013074671468
5863 3101.473186631279 16575.647234929642
5864 2865.0009054693746 15399.285862270013
5865 2219.5770740620123 15413.570580203126
5866 3835.44479267899 15797.951692965878
5867 3358.395645183059 15889.32753209117
5868 3957.1126646261073 16846.750125473718
5869 2801.4580606395853 16357.110728259564
5870 1979.7477623148197 16349.034935404643
5871 2872.057994358167 16370.45699194682
5872 2431.4766227782343 16360.84926298472
5873 1521.2613035176332 16483.476817892293
5874 2000.9915094097 16765.769596230875
5875 2910.0001211625545 15399.549421178202
5876 980.4934225009272 15327.487948649734
5877 3170.42208120733 16647.209324864452
5878 2237.543462722523 15413.606670077546
5879 2503.676703186659 15520.565107318947
5880 3469.925324680972 16464.129582142607
5881 3429.7787353420304 16490.199953560896
5882 2902.5002591423613 15399.505494736037
5883 2552.3547405176873 16964.88731901144
5884 3761.0342226762073 16321.27083534316
5886 1412.8822457233346 15652.790342943643
5887 1310.3061966226767 15677.121854927304
5889 2287.1152976749763 15386.39242778496
5890 3859.0634893026645 17072.893082255163
5894 2936.3046140190827 14475.725203460384
5895 2919.266077370419 16341.698233397323
5897 1459.7307783085446 15903.747177590389
5898 4034.9073789143827 17200.1249139932
5899 2325.183377140068 15394.238218874601
5900 3466.1641625544285 16082.833408430268
5901 2917.4999837823125 15399.593347623879
5902 1407.0916222310977 16161.598970216935
5903 2949.601060550703 15398.910754633742
5904 2837.513109298679 15219.450566701285
5905 4206.594553302783 16074.5531373135
5907 2837.523473190359 16371.40678066158
5908 3054.757167137121 16474.807859886867
5909 3277.336106778456 16571.204111771225
5910 1800.6935378517326 16893.618097075494
5911 1849.589470358498 15408.751033872793
5912 2798.7683154684064 16370.574501568242
5913 2019.0366011531582 17278.006263805386
5914 4237.838810749592 15567.198613713854
5915 1408.2463105056909 16550.215748919447
5916 3846.3315931514485 15258.211780696785
5917 3328.0668375403156 16557.34282891524
5919 2693.291743287155 17156.61304046653
5920 3326.0851751592218 15834.077923998682
5921 1423.2862241058963 15967.244605728623
5922 3147.0451829687927 15409.776078464405
5923 2723.5188482182 16371.540342811151
5924 2545.933276982191 16968.846538258418
5925 2333.5601628067348 16581.266660729212
5926 3580.048291763647 16423.80788400604
5927 2957.1009517673083 15398.96675740567
5928 3461.461202737003 17113.797461815127
5929 4211.351369195935 15869.373118876032
5930 2370.9910798697233 16356.737619907908
5931 3380.1542283969025 17005.171995695055
5932 1037.6817146206504 16672.051001906304
5933 3755.228997336606 15808.762538738938
5934 1431.8507582170432 16161.842581178724
5935 3216.193164946819 15406.728989715899
5936 2852.4366159677006 15387.83931529967
5937 3477.3600853062626 15413.213177293612
5938 2315.5520280670676 16588.57138571087
5939 2061.9528095117944 16352.43629007713
5940 1621.0651335893285 17041.463436724094
5941 3171.9235066919437 15584.007172523587
5942 3623.3085431157583 15972.18965889489
5943 3785.9140674807563 16612.688588947887
5945 2927.478921038133 15080.700502763655
5946 3732.6141827406614 15271.345479311038
5947 2279.613130192846 15386.27606481127
5948 3053.193862430766 16478.427063990763
5949 2936.045950486388 15399.710213132295
5950 2989.8649592394463 17168.712535984887
5953 2835.2731605960034 15677.38775046144
5954 3382.672989838378 15934.06115770753
5956 2868.8392743840486 15211.68910846181
5957 3266.7007024091927 15403.91320266243
5958 2798.1587812879225 16360.636776008367
5959 2024.9596916247501 16350.937009528405
5960 4262.25991718627 15553.469103589125
5961 3745.733358916299 16195.653075463573
5962 1547.7471933854679 15876.80542887455
5963 943.7086912740202 15723.809683378306
5964 1231.0870799850481 16929.556271835365
5965 2992.848336725209 17102.779230379077
5966 2339.4865898525404 16598.911167707964
5967 2938.7987492745515 15406.416079358027
5968 1421.8348873665482 15625.266852256365
5969 3814.4788420633154 17648.77557861005
5970 3777.537696618511 15250.469867460972
5971 4179.013469077255 16880.780984350276
5972 3834.6941392515096 15231.130985287737
5973 4261.820042508414 16044.218473777744
5974 3450.2411136533947 16784.120828056144
5975 1853.2329869901223 17175.873071524653
5976 4274.815283218516 16034.65620963495
5977 2977.053045405304 16311.50501186526
5978 4095.5655857475463 15713.952212496974
5981 3624.240526842739 17379.027246784393
5982 3490.833553685795 15384.468203481472
5983 4370.6717636028525 15884.077266984525
5984 3861.9926360734535 15399.515296990965
5985 2938.2637048310107 15360.929552750908
5986 3411.324294412248 15408.771904837906
5987 2981.450397181803 15399.148578234632
5988 3017.2068869151635 17137.560605382714
5989 3378.407137737406 15310.859554936942
5991 3602.260714948594 17367.959908469536
5992 4615.778701610539 15386.646920902784
5993 3467.5792670519236 17095.43455282668
5994 2855.492322783414 15444.05141269232
5995 2640.46168470937 15677.409299541992
5996 1054.3457857504332 16654.502178810548
5997 1837.487104290272 16003.199012942956
5998 2405.49400585866 17607.724148663496
