4768 2817.389399981101 15400.505675529372
4885 2772.403174299887 15399.412065590728
4896 2779.9009230488095 15399.594334994865
4900 2794.8963415472685 15399.958871882673
4929 2809.8917309911794 15400.323408064167
4935 2764.9054959388895 15399.229797897713
4945 2787.3986777720493 15399.776604544237
4950 2802.3940626076023 15400.141140613703
4957 2749.42214619536 15398.853399457821
4983 2711.9337786527094 15397.942061582564
5005 2734.4267780848613 15398.488863794939
5022 2741.924477250129 15398.671131993702
5032 2726.9291056704824 15398.306596246486
5040 2757.4078235370275 15399.047530349564
5099 2683.090986321706 15397.204512811733
5106 2767.79313148002 15392.89643593822
5137 2690.5892743990466 15397.403449765994
5229 2645.5993830861667 15396.209823719895
5231 2719.4314420192572 15398.124328911064
5258 2675.5926459001744 15397.00557446873
5301 2653.0977326071143 15396.408762304314
5303 2668.0943350438174 15396.806636910122
5333 2585.613072096036 15394.618327916776
5339 2638.101103634666 15396.010886994487
5342 2608.107919937331 15395.215138344694
5396 2630.602775127146 15395.811948967574
5400 2600.6096361563 15395.016201504419
5410 2615.606220023015 15395.414075617547
5417 2555.619737487522 15393.82257526316
5430 2660.5960138925766 15396.607699078379
5433 2563.1180458604836 15394.021512755884
5436 2578.1147294996526 15394.419389516073
5437 2593.1113601739544 15394.817264871052
5450 2623.104497213413 15395.613012282965
5462 2369.6180308526336 15387.672093080744
5467 2377.1190069149748 15387.78843757482
5488 3801.3683350222414 15218.755889882455
5552 3139.643978895196 15191.824893779843
5555 2482.128941328356 15389.038508120568
5583 2474.628230708237 15388.952402016555
5591 2452.126026832466 15388.694082877802
5597 2444.6253073413045 15388.607976671952
5600 2399.620694138732 15388.091336035926
5613 2437.1245969291226 15388.521870570328
5621 2570.616354982867 15394.220450268489
5624 3970.0477350632123 15419.082872828953
5625 2467.1274486074894 15388.866295091964
5630 2407.121478118352 15388.177442982085
5660 2540.6229229564447 15393.42469503028
5662 2548.1213630633642 15393.623636018036
5664 2533.1246314695554 15393.225757985563
5702 2459.6267388708425 15388.780188998095
5709 2346.9887741300736 15387.321100169578
5712 1873.9540565912757 16355.524691993724
5719 2939.1175137454156 15405.724955729424
5721 2315.564955824558 15386.833698501805
5724 2392.1198997976753 15388.00522897082
5732 1077.3889989735671 16644.97985822023
5736 4258.923718452517 17124.916087277517
5757 2429.623880677434 15388.435764401667
5766 2354.5755374644305 15387.438775274055
5768 2718.30469861715 14672.425010853232
5769 2414.622313025503 15388.263550512878
5773 2422.123066877439 15388.349657113178
5777 1799.444454956404 15399.673190055018
5780 2362.1059207518265 15387.555575891267
5787 2339.3386919566024 15387.202442953141
5793 2832.5252047711983 15425.980888646483
5795 2486.865394996682 16827.94780527325
5809 2307.3620280284104 15386.706466328757
5819 2269.8621900372705 15386.124822067695
5825 2832.1690865304927 15433.473396048328
5828 2323.631819208512 15386.958820236816
5830 1419.2506427947915 16056.698176240101
5831 2331.6452241747056 15387.083112800727
5834 2774.9937644325646 15396.27328594107
5836 2384.619371218135 15387.904772580157
5837 2938.503178626107 15412.959862652968
5838 2797.490831992476 15396.820089666484
5842 1414.0534710625088 17389.680741563334
5848 2789.9917759717146 15396.637820943757
5853 2782.492765374544 15396.455553325075
5861 2259.159137639522 15385.958811510409
5863 2195.2203728732206 15211.19796216083
5870 3524.7198169802987 17440.88970764921
5873 3320.1252319492055 16544.045438619713
5875 2336.75980384466 16400.295179935634
5876 2227.141191840845 15385.462194580245
5882 3426.1609552207033 16011.154716455994
5889 2298.644758215533 15386.571256412384
5894 3186.4957376319944 15406.503245731967
5897 2242.4102886775427 15385.699027137996
5898 3591.370683366218 15984.526549646456
5901 1769.8240564281123 15395.566919946892
5902 3615.9532093670673 15978.65694339968
5903 2364.69012040982 15821.666907768426
5905 3973.473313732407 17224.64783058063
5907 1733.2169641898263 15532.051526309013
5908 2030.640436847117 16360.78720693487
5911 2808.4451044414186 17310.922556718822
5916 2878.9238418334476 15416.925834255882
5922 2880.0006573627356 15399.373715317477
5927 2830.6721494235344 16237.738469972894
5932 3216.5829214129367 16395.21402626681
5934 3905.5479110913175 17040.675549927822
5936 2934.108264982409 15599.275165407085
5937 1598.0458870910431 17007.590765483706
5941 871.9604849320418 15760.401992228259
5945 2577.2508478741433 15416.568178673586
5946 2863.9210576391574 15416.461014969704
5947 2289.4026618397825 15386.427906131286
5950 1330.0960941278188 15294.960778298018
5953 1824.5044832242152 16789.758444108007
5956 2528.6995741746796 15412.631223617596
5960 977.239039325358 15710.107363159228
5962 3182.0339159853497 16619.797520532735
5963 3614.8441646882698 15182.704186527704
5967 2936.8443679640295 15399.817450739096
5968 2250.9078532434232 15385.830829298418
5973 1911.6021228124655 17198.20478766645
5975 3771.290801024947 15443.76770927892
5978 2525.0534967881463 17011.0318613798
5981 2831.81296600647 15440.965951489756
5982 2895.0003994007056 15399.461568307217
5985 2935.8290422839136 15396.51010081222
5986 2887.5005378671367 15399.417641867904
5987 2872.5007783133356 15399.329788775573
5989 2902.500317924041 15399.50549508032
5994 1460.8160065651996 16531.077612574278
5996 3148.160839326133 16625.59761904017
5998 2831.100731292307 15455.95092911165
6000 3165.0827767281594 16662.819953579718
6002 3192.2612783411714 16695.087348152367
6003 1287.9254055856613 16629.967632053344
6004 2872.308411913585 15599.470593204105
6005 2871.4224189711513 15416.69342365962
6007 2694.973601646949 15411.804834890481
6009 1164.8087111590487 16780.012818692303
6011 2652.9130522868563 16359.092389690037
6012 3604.600372709639 15977.453709594321
6013 2278.98127025848 15386.266264296808
6014 2756.9896964910617 15395.83568706749
6015 2886.295488142538 15420.356030156285
6023 3185.27021980552 15878.494356724133
6025 2500.486336217647 15405.330868537794
6026 3984.642028804034 16871.869998540424
6029 3611.2152783409756 15973.917256978095
6033 3832.0384920458523 15202.25236599854
6035 4046.9800135019836 15597.646972081195
6036 1948.429297105491 15387.274692934661
6041 2335.9012410150604 16460.33175633712
6044 4073.7935391798396 16928.94199807902
6045 1855.1075231124312 16099.121303625912
6047 4631.808078784066 15931.622787435035
6048 3752.581971018542 17559.641041917956
6050 2349.511005629376 16367.591262456837
6051 2364.5118320149454 16367.778755925734
6052 2910.000206531973 15399.549421678208
6054 2851.584197881021 15599.53612875625
6055 2871.311704437914 15419.886241558284
6056 1585.8613233766455 16953.346218711977
6057 4235.297800645118 15557.540664924725
6059 2942.3978775817823 15419.05393879089
6061 2387.0192212673155 16368.06007299309
6062 1610.219699077914 16443.394563523583
6063 2483.833283988894 16708.094292302754
6064 4038.9322513043217 16910.16051607027
6065 3254.436900176617 15217.966888743369
6066 3655.042823421244 16397.294770646524
6067 2865.00087733899 15399.285862105253
6068 5054.770046626158 16249.034614955017
6069 2907.156120439181 16953.903549445848
6071 2379.51520238427 16367.966281191566
6072 3463.043124036889 16077.56185483863
6073 2324.140931437994 16461.62819099032
6074 2628.7588713523737 15414.147933932862
6076 1388.9524524121912 15509.109892595954
6077 1840.4936787981264 15873.785491519771
6079 3459.2214990072644 16071.106983795678
6080 3094.0496273801064 16687.03412275409
6081 2878.8036023191635 15420.121136046311
6083 3541.276944280524 16445.022496913098
6084 4096.115137511555 15693.697479713956
6086 3466.86480936129 16084.01682772177
6087 2160.491963781934 15385.853981865448
6088 3147.827791147558 16631.133714743315
6090 1862.050455815884 16514.890414263755
6091 3584.7556365437076 15988.063077746134
6092 3106.624795831439 16665.57058810954
6093 2357.011423344835 16367.685009247813
6095 3052.087454293394 16476.567244597943
6096 3333.7375551717455 15427.946268855529
6098 1797.4986327557328 16313.165930973559
6099 2830.8129680701313 17272.105957245698
6100 2528.7492897223265 16909.973977667858
6101 2543.601104004755 16370.984556975827
6102 3597.9855385435794 15980.99012400387
6103 3149.8586414164834 15405.936011885273
6105 3234.1205744503145 16611.552133268324
6106 2903.972195491409 15405.083120630023
6107 3334.928535076651 17344.32310804568
6108 3173.6113588719536 15569.117175635029
6109 3011.2509980060627 16735.335693844914
6110 3285.20020079912 15823.234284330154
6111 2737.3496326667428 15418.722368236657
6112 1931.531918482104 15379.447021657192
6113 2917.500051366326 15399.593348019716
6114 2806.322681071704 16277.057785340681
6115 2535.3940936987105 16358.416176664847
6116 2831.4568485383998 15448.458442635841
6117 2992.5453894216544 15406.394938635724
6118 2431.321883430796 16368.613806473957
6119 2372.012287080062 16367.872503183538
6120 3686.244750643768 16453.116655336416
6121 1832.5632810440454 17264.305328517472
6123 1829.7909898027424 15400.598771918094
6124 2863.819787940509 15419.651346486584
6125 2968.0581493235127 15409.474537460763
6126 2837.061625840791 16368.217103384344
6127 2131.2210599989985 15404.454020447
6128 2795.169459451305 16357.639706656839
6129 3650.123672437697 16395.48563413797
6130 1400.3086483361112 16554.73700703058
6131 929.4617115384258 15449.964390029318
6132 2767.4946824094914 15396.091016586342
6133 2152.9378383245144 15404.707460914238
6135 2622.539843066604 15392.39564366486
6136 2846.5995192089485 15571.37776652758
6137 2629.608038481354 16923.26310757791
6138 2345.4279810341013 15406.82535741301
6139 2785.597129229161 15416.110011179424
6140 2830.7446140246843 15463.443416040438
6142 1433.3380560154844 16121.268721531687
6143 1843.1418387697913 17362.590563630027
6144 3082.983494874956 17379.367555653484
6146 2508.669545923989 15450.639080533041
6147 2990.8696593946615 15417.862421977836
6148 3374.233854669783 15455.82442388983
6149 3594.917091423649 15990.996034781887
6150 3477.578188118306 16456.238996534932
6151 3146.1309542807653 16230.429221189364
6152 2507.837411971584 15483.131831039567
6153 3143.7344944522097 16624.541862902373
6154 3290.2456096853157 16154.02575248942
6155 2953.999440196723 16764.754881205703
6156 3619.3040205620723 15184.121030615124
6157 3751.5085191487633 15845.360393240268
6158 4061.4992683463156 15601.242494471284
6159 3654.107379523234 16401.841621248466
6160 2749.490621116699 15395.653417874364
6161 2234.712944320866 15385.579636857656
6162 3355.7446089562586 15544.607228706078
6163 3326.3702684245845 16764.947385728312
6164 2167.9982527191914 15386.009275395269
6166 3634.929278790775 16364.432653645765
6167 1123.5344221453424 16318.718320189888
6168 2657.014071968573 15411.296485406498
6169 2707.078784559353 17183.862364128807
6170 3842.531027981832 15575.10680832641
6171 3658.091076780891 16408.19759267862
6172 3375.68084599196 15424.958989065948
6173 2823.720767887333 15413.824563741493
6174 3887.315374128093 15385.493056942338
6175 1436.1636294852317 16619.843449467862
6176 2843.289176831392 15416.954725109606
6177 1847.7706621987984 15709.689619038218
6178 3726.567248020402 15041.699679024541
6179 3720.9510552755582 16347.4619569577
6180 3505.2756943174363 14685.587695786686
6181 3686.4878955708173 15280.560550809596
6183 2821.068452615971 16271.560179114449
6184 2825.402181835535 16592.862504347777
6185 2332.601445321068 16589.662788157577
6186 3951.666637375669 16154.85709305801
6187 2215.2625726786973 15416.762012722667
6188 4245.521853842601 16056.824596352397
6189 2520.4187439014077 17006.28705437146
6190 2052.861721677885 16736.414709517267
6191 3839.8374429752125 15204.146232892565
6192 2329.6519143300334 16529.821798895264
6193 3451.8564241631607 16052.224368522206
6194 2087.1366773020236 17246.271038795305
6195 4033.044928756147 17160.61161499841
6196 1476.5948018840133 16509.80748565779
6197 2636.843102937264 16111.333159376949
6198 2936.784734421982 15399.666298324342
6199 3410.9070103781637 16512.309544358195
6200 3341.4630964114735 15687.815514075377
6201 2298.4521515242614 17565.46749622262
6202 3330.312304365165 16955.374400557754
6203 2831.124546699438 16118.4444581374
6204 857.2426577743457 15759.428116308449
6205 2215.4599776451914 15403.962012027454
6206 3009.6952969193917 16303.125459857527
6207 3367.875261133432 16996.19054595069
6208 4326.949480953645 16107.268195442057
6209 1605.2447007505339 17017.63006697989
6210 2702.119479176274 16371.84034757654
6211 2949.601063344645 15398.910754654604
6212 3135.0278747065063 16076.38727238749
6213 3604.4593865656057 16186.532414779056
6214 2821.435638775483 16126.491365598433
6215 4012.27374073719 16896.772582979564
6216 1484.4472847054008 15892.873769774014
6217 3862.2743064887113 15204.809525163142
6218 2960.0473448700436 15063.474451114671
6219 1051.435520843614 16358.668399055337
6220 4422.514819129809 17049.762699875868
6221 974.3373600185869 15318.61269646897
6222 1859.4856948895865 16198.147450895436
6223 3273.9016223140397 15147.660994386328
6224 3098.0202089245327 15773.309072471433
6225 2649.6192567070893 15399.088843835969
6226 3684.554349778781 15279.78225105301
6227 3417.662106306208 16086.474938284558
6228 3791.3449138656997 16621.426444259596
6229 4357.4996160574065 16175.913709984205
6230 3582.6146659161045 17589.071032214593
6231 2820.9052681633284 15685.953361145703
6232 4312.088974330207 15637.189977893444
6233 2089.7500636995615 17517.432625697726
6234 2184.6142179364215 16681.981503148843
6235 4269.809132159854 17021.264196668373
6236 1368.2404274044734 16573.00292725989
6237 2883.037466477445 17449.435956316218
6238 1806.0813528845117 17320.189057449476
6239 3278.474118891711 16487.319369967103
6241 3829.63208317247 15228.695083547118
6242 3123.8960699462004 16239.622142839044
6243 1981.3160414604595 17086.51157157311
6244 2968.0114517889538 15602.2015240127
6245 1212.3839530941686 15305.328961074021
6246 1861.4598021135105 15981.850147299412
6247 1144.1118147505815 16700.665617640174
6248 4220.5531473106485 16267.336775815189
6249 4236.252312572768 16641.902793173474
6250 2318.9235367776155 17497.332389163064
6251 3528.6401382566128 14722.888185387308
6252 3696.3415219778053 15304.986931031577
6253 3393.294593454019 15409.679229234614
6254 3867.4874117882555 16017.784927203564
6256 1375.5894630796402 16020.309371186839
6258 3325.2121098080074 16336.093577527128
6260 2309.9359109754096 15784.774613840887
6261 2701.3955333134663 15328.890332804753
6262 3096.454470010157 15921.540930497169
6263 2702.9774297006375 17165.740953449913
6264 2963.489513727711 15819.799498017877
6265 1197.4667941369166 15317.680853972075
6266 3785.615292515978 15813.620510338702
6267 1637.3398277079214 15394.75763941161
6268 3568.3969577602784 16617.92431341389
6269 944.5658973842833 15974.531231345194
6270 2641.8980530128097 14736.32541673669
6271 3092.8071923076923 16669.83
