4768 2810.79129962565 15400.345276473536
4885 2765.8051769449653 15399.251669038822
4896 2773.302874118045 15399.433937189156
4900 2788.298256665963 15399.79847320301
4929 2803.293619757624 15400.163008743886
4935 2758.3075044983357 15399.069401489585
4945 2780.800549176774 15399.616204801894
4950 2795.795928200475 15399.980740730074
4957 2743.3121558867297 15398.704866300719
4983 2683.0909514278433 15397.204511885966
5005 2728.316742491313 15398.340329536966
5022 2735.814488210567 15398.522598867452
5032 2720.819080588831 15398.158062244056
5040 2750.809829353667 15398.88713387476
5099 2668.0942959920358 15396.80663587404
5106 2690.5892636507865 15397.403449480831
5137 2675.592613010662 15397.00557359614
5164 3085.3970483726157 15400.880252070097
5229 2630.602705892579 15395.811947130713
5231 2713.3213915543006 15397.97579429157
5247 3015.0911420833213 15399.399778540048
5258 2660.5960195267817 15396.60769922786
5301 2638.1010371897128 15396.010885231637
5303 2653.097701319583 15396.408761474226
5333 2570.616301655801 15394.22044885367
5339 2623.1043928548356 15395.613009514229
5342 2593.111173288058 15394.817259912785
5396 2615.6060892318083 15395.414072147527
5400 2585.612886057494 15394.61832298099
5404 2928.222315101526 15399.656207122845
5410 2600.6094616524524 15395.01619687466
5417 2540.6229875531803 15393.424696744096
5430 2645.5993754135343 15396.209823516332
5433 2548.1213207603087 15393.623634895694
5436 2563.1179548836094 15394.021510342178
5437 2578.1145985841144 15394.419386042755
5450 2608.107809410815 15395.215135412316
5462 2354.6184374874106 15387.43944067832
5467 2362.1187357451367 15387.555774659253
5488 2818.2889825404695 15400.527544277253
5546 2920.1313585643816 15399.609546473843
5552 2877.439413233218 15399.360102462979
5555 2467.1275070439456 15388.8662957628
5565 2887.775092365315 15399.421705848534
5583 2459.6267689104902 15388.780189342942
5591 2437.1246234424007 15388.521870874694
5597 2429.623882689437 15388.435764424765
5600 2384.6197434023397 15387.90477835295
5613 2422.123171850698 15388.349658318242
5616 2911.1624781017726 15399.557822826422
5621 2555.619629298708 15393.822572392806
5624 2900.756268501324 15399.497810083629
5625 2452.1260637386804 15388.694083301476
5630 2392.120256167527 15388.00523306185
5638 1895.5786296081035 15387.817706893835
5644 2869.10548650186 15399.310430051999
5656 2195.0772096221035 15310.954710672317
5660 2482.129028198377 15389.03850911781
5661 4474.872327232362 17566.712688991145
5662 2533.124634532716 15393.225758066832
5664 2474.6282299135078 15388.952402007431
5667 3343.1465045343994 17340.427207985726
5696 2638.44881383172 17053.869053431248
5701 3072.419818900423 16260.637426512072
5702 2444.625357362433 15388.607977246182
5709 2332.1174293714557 15387.090436977507
5712 2736.070991325112 15418.706781769524
5719 2938.7368817886695 15413.684997699424
5721 2302.1160870645135 15386.625098738416
5724 2377.119434825645 15387.788444211963
5726 2193.823639424276 15342.344512803407
5731 2869.492598935125 15419.829206897306
5732 2242.2039847476376 16365.259630998386
5734 2193.2233556172714 15257.279976559463
5736 4397.573428225991 17062.4621481976
5748 1852.1511953809047 15341.526143340929
5757 2414.6224658020237 15388.26355226671
5766 2339.6177613632517 15387.206771481677
5768 2859.5679404518814 15401.587132003237
5769 2399.620980125699 15388.091339318978
5773 2407.121701547987 15388.177445546995
5776 994.1096013073052 16394.37728492703
5777 2848.2701184393295 15408.81808805082
5780 2347.1180697066866 15387.323105619045
5782 1636.7233810868909 16983.78395291856
5783 2686.5384716903186 15807.124004101519
5787 2324.617054922294 15386.974101814802
5793 2832.5252047711983 15425.980888646483
5795 2822.91545785491 15413.755206896594
5796 2796.068954831801 16360.831031704802
5797 2619.3401940478634 17018.322527998578
5803 1010.5397022117957 16213.531083888602
5809 2294.6157377550435 15386.508763965641
5811 2349.5110544981767 16367.591263067643
5819 2264.6144373021602 15386.04342637573
5821 2348.462277963681 15917.11700726563
5823 1313.0372931757654 16057.421007326056
5825 2832.1690865304927 15433.473396048328
5828 2309.6163947194364 15386.741432865105
5830 2364.5117193391666 16367.778754517412
5831 2317.116754797058 15386.8577678049
5834 2772.0677588047492 15396.202167748726
5836 2369.6191123921626 15387.67210985605
5837 2943.079282354649 15419.394641177325
5838 2794.5649372970806 15396.748974170416
5842 2595.2742751945066 16968.612169233038
5843 2187.6753426270056 17395.876671776616
5848 2787.0659388079453 15396.566706846026
5850 2781.686454890699 14950.251757434224
5851 1671.0146388496025 16962.066848739865
5853 2779.566849884718 15396.384437323586
5854 1184.7498411400004 17897.04285098343
5861 2257.1140949867918 15385.927091711437
5863 2379.5124909033234 16367.966247301103
5864 2655.429890818409 15417.723777527675
5865 865.9734068502643 15762.81286027726
5868 4026.393973540159 17206.433095709715
5869 4558.780466259251 15292.991334562053
5870 2623.120895072235 17030.09190991315
5871 2372.0121429813803 16367.872501382466
5872 3453.7286888359154 16697.95905501024
5873 2788.5679419489798 16360.907619543097
5874 3857.209126465059 15778.298761485577
5875 2880.2392802052723 15399.37511292352
5876 1934.4891979860704 15379.760672513674
5877 1652.993171758273 16978.821236205367
5878 850.4683049537861 15772.432895973408
5879 1035.8074439539619 16666.11791583413
5882 2869.0502706971306 15399.30957926734
5883 3220.3468615145075 15539.922477427572
5887 3293.229021988892 15178.060742467982
5889 2287.1153990653293 15386.392429357584
5890 4050.550507999344 15661.55907134658
5894 2855.636614557569 15387.929368316616
5897 2242.1134920776185 15385.6944236504
5898 3962.3907916300695 16857.98533558274
5901 2889.5668310489023 15399.429744078278
5902 2797.7193380765802 16357.474420825718
5903 2910.832134736286 15399.554294254005
5905 4129.503925542245 17170.94373399175
5907 2357.0113834693016 16367.685008749415
5908 2417.0143405222157 16368.434978269273
5909 4520.145253100531 15397.635477748623
5911 2464.7330916529077 16787.3970219013
5912 2282.81452525656 15737.193157772748
5916 2948.5449721266887 15420.652389592344
5919 3279.020868999045 16149.763598879683
5920 4482.453555377492 16981.880413429863
5922 2957.106817741317 15398.966801207745
5923 1863.641731410188 14961.740517031189
5927 2920.1904149568377 15399.609105389698
5928 2894.9697691528713 15990.86392278512
5930 4217.498557072625 15567.421211277846
5932 2341.907683748834 16358.998662438553
5933 3104.534061758921 16681.378806116623
5934 2588.608203120549 16976.392083945186
5935 4477.053908876688 15946.502189601171
5936 2852.4366159677006 15387.83931529967
5937 2352.749315515031 15844.50319457058
5939 2636.438657980189 17044.844994837713
5940 1126.056920471629 14919.362987384831
5941 2028.092187793941 15407.405965866968
5942 2726.601856125149 16891.67266540739
5945 2849.4360495726764 15380.261178862358
5946 2863.962740197962 15416.46230638715
5947 2279.615061106514 15386.276094760864
5948 2402.0135801138576 16368.247485625017
5949 2899.045592093341 15399.485260866146
5950 2189.541279684718 15542.502285448685
5953 2387.0128398796637 16368.059993232917
5954 3063.22999211806 16703.658271445427
5956 2849.2366142913866 15387.759378324308
5958 3486.4821926606455 17118.79517800147
5959 3583.04194289131 16399.140681036075
5960 2200.28463411031 15405.228399865247
5962 2539.397418157101 16361.645986920326
5963 3008.402295120788 15406.473046127707
5964 2259.068784713056 17345.886787897627
5966 3105.759134623717 16924.56429681661
5967 2938.7987492745515 15406.416079358027
5968 2249.613798090006 15385.810757751613
5970 1109.6786164553555 15691.157673018452
5971 4509.815874952448 16129.256781654909
5973 2593.7241755239193 16965.812250586972
5974 3876.497348417198 15635.05791318085
5975 3020.0684468033155 16289.40578841357
5977 3451.613531129331 17077.08787883138
5978 3140.6970057594854 16661.872470202183
5981 2830.1604226216577 15475.734441635195
5982 2972.7960208987124 15399.083954755815
5983 3408.0823036854185 17104.353204225554
5985 2935.8290422839136 15396.51010081222
5986 2964.6577841572885 15399.023185365571
5987 2948.2165574108362 15398.986338592664
5988 4565.321735535607 15860.094987162938
5989 2981.436179958286 15399.148472072568
5991 2519.9229262411905 16884.454766450242
5992 3948.1289903521865 15351.193224216706
5994 2394.5131769968984 16368.153739016507
5995 2297.0340139882874 16614.426442477212
5996 2319.0050501442233 16357.311816680633
5998 2809.8240149564363 16137.799874112288
6000 2362.3473696120404 16359.794055756156
6002 2781.066867563764 16360.984208009355
6003 2508.3153041583428 16878.264299978524
6004 2852.6360506804176 15380.34113721444
6005 3305.624738306581 15427.803615924717
6007 2849.8349215736293 15365.264725859708
6008 4077.4920401523273 16930.87405082584
6009 1833.4447742247107 17379.3028395469
6011 1480.8067734345943 16284.935642067438
6012 3512.1200823226854 16160.45471702672
6013 2272.114754887475 15386.159760656445
6014 2597.729831803814 15391.737409675334
6015 3439.012169497608 16037.726558939641
6017 3634.005931263512 15307.009172290427
6018 990.1884185837695 15406.012780094365
6019 3501.155066243129 15400.93572414394
6020 4034.748382245768 16960.952977474262
6021 3466.4229950634594 17629.73392655345
6022 2896.127318946933 16351.894315615415
6023 3599.392698902743 16309.61573997936
6024 1866.083489428072 15397.409411608558
6025 3902.3038690576277 15680.84114032205
6026 4091.892681551286 16140.92082082035
6027 3046.5981362048374 16112.396461897271
6028 4055.895230666348 16146.485424067716
6029 2781.6759219730625 16357.777498924639
6030 2815.61750381818 16355.733336881054
6031 868.3512958325925 17127.354977253257
6032 1945.343561383292 16716.550636642107
6033 1953.3506418055224 15387.717693064831
6034 3060.8474735741434 16115.405970428052
6035 2875.836860544268 16352.508974428141
6036 891.7377124933155 15870.636639487326
6037 1705.3725597976352 16943.93161766702
6039 3474.4448737589387 15727.645714973254
6040 3383.3148261804995 14505.283687274581
6041 1441.5263669374624 15947.367900188367
6043 4327.193067602678 16843.28514855212
6044 3634.929223732806 16364.432558831131
6045 1918.1757041979138 15763.494803974892
6046 4074.649778347049 15631.286621351725
6047 3596.5215446254633 16395.48907507593
6048 2577.5561659806067 16949.212817922107
6050 2432.0151146978383 16368.622471085604
6051 2820.0319771887425 16371.044013235276
6052 2994.3094988089756 15399.244599005444
6054 2852.835485876431 15372.842940958633
6055 3066.3917820688494 15425.795696356763
6056 1089.0352306844754 15679.64308490531
6057 3105.1981667155615 16242.624921114317
6058 3181.242183918742 15564.946672791088
6059 2956.04549172101 15420.776021524976
6061 3518.721665037272 16453.71603448065
6062 2500.9298590532853 15502.980253335867
6063 3484.603774697555 16050.682819430274
6064 3631.158331150819 16357.938752309481
6065 3733.6093929614453 15253.376734600717
6066 2552.3547566122556 16964.887309088168
6067 2928.9833009268455 15399.660887973583
6068 4536.7232505028915 16633.497987842762
6069 4133.000973643813 16118.597569600024
6070 4047.2146146784926 15675.463023296745
6071 3053.4360475086173 16502.396246999855
6072 4012.04000485416 16904.03605434399
6073 2824.3159471409085 17359.121517870648
6074 2849.6354851377155 15372.762968732248
6075 2791.8280755448504 17285.686736759624
6076 1586.3650420381812 16976.78854875267
6077 2360.5250119943016 15406.991464355227
6078 3420.517971889752 15428.74406693786
6079 4084.0593289857784 16949.756324013597
6080 3683.7487511183344 15884.45977968218
6081 3337.256744942209 15859.303804986796
6082 3980.4453290659335 15441.371486336051
6083 4364.411583131403 15776.484031060452
6084 3502.533704071987 15766.775957471971
6085 3618.5840980260227 15922.06170819624
6086 4305.070123962425 17282.557819015303
6087 1597.1337782012863 15438.623205309086
6088 3042.616279751884 16097.708425399114
6089 3625.05046072472 15333.51727702796
6090 2009.218778110512 17288.283227848053
6091 3446.373337946528 16698.115543081898
6092 2024.0795741899246 16760.056427278676
6093 2605.707593428426 16372.353613368257
6094 1454.8736083672516 15606.296717058738
6095 2409.5140029649338 16368.341232480183
6096 3767.632748016172 15831.56447224378
6097 3774.3317142345227 16594.053385581563
6098 1053.1970486302712 16357.692334611496
6099 2251.6390685044616 16625.90389338266
6100 2341.506221473039 17538.92140819461
6101 3613.007813403755 15981.207760265208
6102 3849.7953476483303 16713.6314054848
6103 2751.772017353859 14645.166320564509
6104 3911.578810606098 15748.708743302599
6105 4923.45465607156 15855.680761239091
6106 2352.2875292788076 15400.4998346229
6107 1771.8115779040068 17409.571103712122
6108 3609.4123348670323 14852.982389814719
6109 4254.211530962739 15943.893708374439
6110 3919.944096734551 16807.048326776832
6111 2853.0350381804296 15365.340341775594
6112 1419.6967093108158 16121.032949436902
6113 3099.7638920130516 15401.47163429764
6114 1839.4350142391402 16852.45966753619
6115 2424.5147337401027 16368.528724754058
6116 2816.7505089218675 15775.917879303897
6117 1467.7791213372557 15581.630488695206
6118 3678.401306473627 16440.602474705942
6119 2826.763008387687 16600.523065496945
6120 3347.523432663016 17354.447333090193
6121 1078.4937027797846 17014.55760101141
6122 2319.1983884865854 16598.149173976428
6123 3907.383800878722 15179.740489286925
6124 2911.2337564795357 15421.645325984367
6125 1040.4558885859985 15680.044918389332
6126 3338.298226605898 17139.845351958804
6127 3829.386280260872 15203.681859869565
6128 1839.6226540059547 16844.95585543959
6129 3994.653824278619 16406.55704609743
6130 1251.9682546908361 16414.02543252916
6131 1025.0245222062265 15032.550908009593
6132 2722.5637293636846 15394.998944810923
6133 4122.495539843862 15056.496032989815
6134 3148.3833295595323 16219.300025334649
6135 2431.53999849282 15183.241724111946
6136 2938.569857496528 15074.847695133414
6137 2300.58206856578 17423.249794261137
6138 3448.1667080768125 15687.816667997344
6139 3194.949923429169 15026.271179038069
6140 2896.2723569515406 16584.364769517062
6141 2645.4256439103783 15955.596550199498
6142 1346.6312734879273 16039.438591946413
6143 673.4797085409449 16999.253172140132
6144 3630.21113706668 17359.310058794676
6146 2698.795547981666 15274.781223634918
6147 4113.15488889434 15483.431934868482
6148 2984.1756321346297 16139.945922054118
6149 4421.500910787821 15347.178301353015
6150 2978.4088146777517 17171.68231321108
6151 3637.3658981482185 15859.783611308378
6152 2417.903640366691 15183.035785936361
6153 3001.574151428499 16128.543723288045
6154 3679.0246915755497 15675.435132014933
6155 3864.137630115111 16729.028269475028
6156 3593.16927919291 15143.249956408705
6157 4117.231983827574 15222.158177287798
6158 3484.1113554920544 14653.688978105205
6159 3659.0656773313385 16403.71393204856
6160 2703.0822521264013 15210.979587517608
6161 2225.227540241133 15650.529790451885
6162 3757.2125809029167 15842.068981222534
