4768 2817.389399981101 15400.505675529372
4885 2772.4030687347667 15399.412063024452
4896 2779.900817531869 15399.59433242976
4900 2794.8963415472685 15399.958871882673
4929 2809.8917309911794 15400.323408064167
4935 2764.9053707346516 15399.229794854013
4945 2787.3985762972156 15399.776602077394
4950 2802.3940626076023 15400.141140613703
4957 2749.42214619536 15398.853399457821
4983 2711.9334083136932 15397.942052579665
5005 2734.4267780848613 15398.488863794939
5022 2741.924477250129 15398.671131993702
5032 2726.9291056704824 15398.306596246486
5040 2757.40764521086 15399.047526014476
5099 2683.090986321706 15397.204512811733
5106 2767.79313148002 15392.89643593822
5137 2690.5892743990466 15397.403449765994
5229 2645.5993830861667 15396.209823719895
5231 2719.43133859543 15398.124326396843
5258 2675.5926459001744 15397.00557446873
5301 2653.0977326071143 15396.408762304314
5303 2668.0943350438174 15396.806636910122
5333 2585.6127321874237 15394.618318898667
5339 2638.101103634666 15396.010886994487
5342 2608.1078189426735 15395.215135665207
5396 2630.602775127146 15395.811948967574
5400 2600.609535645006 15395.016198837755
5404 3817.620219396928 15210.014214329713
5410 2615.606118483637 15395.414072923608
5417 2555.5395550375683 15393.820447943936
5430 2660.5960138925766 15396.607699078379
5433 2563.0918497246207 15394.020817746647
5436 2578.1122173916965 15394.41932286738
5437 2593.1112458915486 15394.817261839027
5450 2623.104497213413 15395.613012282965
5462 2354.6184374874106 15387.43944067832
5467 2362.1187357451367 15387.555774659253
5488 3246.2189248363047 15406.957229508733
5546 3098.355318436189 15370.566299417798
5552 3254.9088683295367 15402.529323695397
5555 2482.128941328356 15389.038508120568
5583 2474.6273038460236 15388.952391376431
5591 2451.2837024886594 15388.684413224988
5597 2441.9083339762974 15388.576786561707
5600 2384.6197434023397 15387.90477835295
5613 2432.63040321529 15388.470278457131
5621 2570.6105882585343 15394.220297271624
5624 3640.974906526277 15305.074680741835
5625 2467.1183263351973 15388.866190370778
5630 2392.165708950963 15388.005754847356
5660 2540.227223817703 15393.414196743119
5662 2547.944595444355 15393.618946199324
5664 2532.1721871895083 15393.200488702465
5702 2459.4667027820014 15388.778351827617
5709 2332.1174293714557 15387.090436977507
5712 2337.898931596789 16330.508030337935
5719 2939.1175137454156 15405.724955729424
5721 2302.1160870645135 15386.625098738416
5724 2377.119434825645 15387.788444211963
5732 1394.4161992514082 16466.07962589072
5736 4306.816782682065 17106.47761873364
5757 2419.7424130141108 15388.322327858717
5766 2339.6177613632517 15387.206771481677
5768 2742.737766719262 14890.14467836317
5769 2400.075581105879 15388.096558013747
5773 2409.0376495779356 15388.199440105738
5777 1893.3341076484712 15402.504890941627
5780 2347.1180697066866 15387.323105619045
5782 1546.5585012618467 17491.07211824781
5787 2324.617054922294 15386.974101814802
5793 2832.5252047711983 15425.980888646483
5795 2342.1555739453024 16143.406147158352
5803 838.9853619909157 16477.654363508893
5809 2294.6157377550435 15386.508763965641
5811 2389.717147844235 15756.378976750955
5819 2264.6144373021602 15386.04342637573
5821 1837.8620537405743 16346.012984450006
5825 2832.1690865304927 15433.473396048328
5828 2309.6163947194364 15386.741432865105
5830 1490.7887166263604 16513.450820759346
5831 2317.116754797058 15386.8577678049
5834 2774.9937644325646 15396.27328594107
5836 2369.6191123921626 15387.67210985605
5837 2938.503178626107 15412.959862652968
5838 2797.490831992476 15396.820089666484
5842 1729.3933981257403 17440.637934075992
5848 2789.9917759717146 15396.637820943757
5851 1062.656464635998 16921.411914102177
5853 2782.492765374544 15396.455553325075
5861 2257.1140949867918 15385.927091711437
5863 2192.467300902957 15523.414667168612
5865 1052.4338672888146 16597.335709662366
5868 3918.5626232910604 17243.547513078945
5870 3358.1782799979237 17366.179624645352
5873 3056.9553046918945 16478.47935783353
5875 2390.285671323313 15781.349429806078
5876 2227.11277090694 15385.461753755058
5882 3185.5633088278646 15600.305255513953
5889 2287.1153990653293 15386.392429357584
5890 4180.268957152866 15321.429130912815
5894 2855.636614557569 15387.929368316616
5897 2242.1134920776185 15385.6944236504
5898 3476.0271543848075 16099.492379383537
5901 2108.212489550798 15408.42769026535
5902 3604.2102796708746 15977.662260649226
5903 2563.2018608472235 15416.355278156021
5905 4024.7959438842395 17206.98312072082
5907 1840.1694349291813 15880.88694286994
5908 2349.511029725898 16367.591262758016
5911 2588.9038305117006 16970.753291414843
5912 1870.78020899937 15665.93812182093
5916 2878.9238418334476 15416.925834255882
5919 3763.171201138111 15686.001359753198
5922 2880.0006573627356 15399.373715317477
5927 2841.9524604177855 15670.103653092272
5932 2943.450647885614 16357.303344163613
5933 1938.567466220137 17340.921239611325
5934 3351.664469300848 17337.613179989894
5936 2852.4366159677006 15387.83931529967
5937 2182.070139067078 16679.749295946873
5941 1489.8061145621668 15576.479124790181
5942 1857.7979853308434 17371.154808233656
5945 2849.4360495726764 15380.261178862358
5946 2863.9210576391574 15416.461014969704
5947 2279.615061106514 15386.276094760864
5948 2016.376136113725 16339.663966385639
5949 3039.223613214179 15608.581386573378
5950 1532.7560972206938 15519.178874077104
5953 1951.0191940543475 16807.475674566267
5956 2849.2366142913866 15387.759378324308
5958 4203.2999801336355 17419.36783427382
5960 1527.0196266915286 15530.339618412378
5962 3021.1565075786834 16418.44052176275
5963 3643.4343221682075 15233.86136700394
5967 2936.8443679640295 15399.817450739096
5968 2249.613798090006 15385.810757751613
5970 853.9251190770915 16195.75233597687
5973 1844.2910313858883 17380.459981537715
5974 3451.1703526109436 15469.079303378085
5975 3819.5435860673815 15795.156249522704
5978 2595.274241004464 16968.612188310504
5981 2831.81296600647 15440.965951489756
5982 2895.0003994007056 15399.461568307217
5985 2935.8290422839136 15396.51010081222
5986 2887.5005378671367 15399.417641867904
5987 2872.5007783133356 15399.329788775573
5989 2902.500317924041 15399.50549508032
5994 1887.9758254716262 16355.857764356253
5995 1861.0952982327165 17365.041423464365
5996 2902.8607075977434 16355.214781461957
5998 2831.100731292307 15455.95092911165
6000 2987.9614276676093 16379.138879727469
6002 3035.927210137323 16443.215102146685
6003 1763.0400578239526 16379.434436380217
6004 2852.6360506804176 15380.34113721444
6005 2871.4224189711513 15416.69342365962
6007 2849.8349215736293 15365.264725859708
6009 1435.7851419972894 16628.86519233647
6011 2319.898959571589 16357.328153424147
6012 3503.889794347775 16031.284757553372
6013 2272.114754887475 15386.159760656445
6014 2756.9896964910617 15395.83568706749
6015 3090.986053570043 15432.222683986818
6023 3433.647145782548 16029.151519589399
6025 3149.5397043285466 15419.72077727698
6026 3731.5004579044466 16519.296192307385
6029 3583.6472389248293 15988.655647901713
6030 3005.6367120428545 15968.250454953675
6033 3442.700848561132 15401.948979605268
6035 3726.7652992660305 15851.591190400472
6036 1784.5520902812505 15385.311655907068
6041 1969.2448735688265 16348.590351515195
6044 3742.780727755664 16537.297560240597
6045 1889.3139010779093 15862.998107137932
6047 4858.543089888401 15710.93533856318
6048 3392.4932117916956 17012.14046671414
6050 2364.511763436962 16367.778755068586
6051 2379.5125355672285 16367.966247859351
6052 2910.000206531973 15399.549421678208
6054 2852.835485876431 15372.842940958633
6055 2871.311704437914 15419.886241558284
6056 1422.51194093012 16296.327684528227
6057 3849.611591334958 15778.792812598409
6059 2942.3978775817823 15419.05393879089
6061 2639.8303965151013 16372.618869898646
6062 2109.320022524702 16362.450482465007
6063 2856.3402338692745 16601.131659953215
6064 3736.554309327109 16527.36048912477
6065 3406.3927257053224 15354.8258315829
6066 3373.677075667653 16521.502488333204
6067 2865.00087733899 15399.285862105253
6068 4874.389006213652 15732.8988362222
6069 3077.1731012069786 16699.77723131478
6070 3675.9858368749783 15524.191202055268
6071 2394.514005362791 16368.153749370149
6072 3631.3983717237898 16364.732305189389
6073 2561.6947331739384 16966.408949720997
6074 2849.6354851377155 15372.762968732248
6076 1458.332548683173 15900.868452088449
6077 1855.2618793147706 15760.394713343114
6079 3617.3355570069193 16340.514909457303
6080 3025.5228239424773 16419.511534290534
6081 2883.789096452197 15420.277446918468
6082 3624.3184063246754 15966.661010158532
6083 4087.9291425448814 16139.424643569851
6084 3910.618573584912 15815.700370929311
6085 3218.4783268127117 16379.576663753553
6086 3651.581078397256 16397.810918927946
6087 2160.47293581371 15385.85358820616
6088 2991.6073105419805 16316.145117851374
6089 3146.6635669780917 15870.792216160029
6090 1892.9158904234293 16828.885566413697
6091 3481.248343952345 16108.311168534228
6092 2581.079863401929 16949.535972970993
6093 2372.01213580301 16367.872501292744
6095 2722.369543085406 16361.583527230086
6096 3694.7980211528456 15302.128918046667
6097 3452.6375467941175 16059.87486168184
6098 1425.5400824182802 16273.428161831322
6099 2586.2395371529333 16972.525257283836
6100 2241.6976947317507 17147.564069587417
6101 3003.934785553851 16423.379852493163
6102 3461.2946377184144 16074.608594479849
6103 2857.3356221612 15324.05151372133
6104 4718.206125427765 15293.607221311879
6105 3874.2465425126125 16260.118816254695
6106 2275.7209366959396 15393.693539254766
6107 2861.5743147964213 17391.001931589355
6108 3750.5370049051894 15261.562611524812
6109 3465.994771363425 16482.44969990685
6110 3469.2767706196255 16088.090722665012
6111 2853.0349219083173 15365.344713276385
6112 1837.2238647566323 15383.071482563635
6113 2917.5001541868814 15399.593348621933
6114 2377.013859662602 16360.039183890429
6115 2357.0114118793263 16367.685009104507
6116 2831.4568485383998 15448.458442635841
6117 2272.567170923186 15396.859323408975
6118 2900.9329134386403 16369.805821983033
6119 2387.0128764037822 16368.059993689427
6120 4051.6653360328546 16920.991051019053
6121 1607.1102536462838 17008.12681322291
6123 2468.7514507606606 15408.182239074968
6124 2863.819787940509 15419.651346486584
6125 2229.3643626503886 15396.383551629528
6126 3067.8201883146294 16520.002615969785
6127 2825.245949797997 15414.75124718335
6128 2332.3338847859613 16369.738344640398
6129 3700.1811097881982 16475.352054974814
6130 1019.1879097032399 16768.79780079338
6131 963.532046185587 15303.034575643316
6132 2767.4946824094914 15396.091016586342
6133 2842.062898983991 15411.895418525302
6135 2511.721375773307 15379.983059268905
6136 2853.2343564672537 15357.846540972867
6137 2552.3540802153943 16964.887726127596
6138 3073.080656832077 15418.955338684673
6139 2850.034357140707 15357.766515652953
6140 2828.5250549301863 15510.141565821863
6141 2963.70576928583 16319.752706525516
6142 1451.8836549152113 15656.688945484593
6143 1396.2512556153586 17672.028288023015
6144 3186.5627815896746 17326.439020699385
6146 2511.8624785104607 15372.528105490506
6147 3615.2149827811763 15338.858949679672
6148 2966.4735209483406 15615.93901602384
6149 3895.277408142403 15764.33128023235
6150 3205.169660847398 16742.62814753927
6151 3614.3932104165915 15947.02095148016
6152 2508.5270625021185 15379.950374877122
6153 3063.6681090932234 16274.345907448804
6154 3592.8346206095052 15913.32349188042
6155 3396.2977349254984 16520.228375778486
6156 3590.7619288359674 15132.690960780432
6157 4101.678798523344 15643.692816407989
6158 3827.816717765982 15200.88960124112
6159 3733.2589984013516 16528.127680580146
6160 2749.490621116699 15395.653417874364
6161 2234.6131074513664 15385.578088329841
6162 3560.266274998952 15866.613968551688
6163 3735.831921272138 16550.675499850593
6164 2167.9982527191914 15386.009275395269
6166 3634.929278790775 16364.432653645765
6167 984.8053413789052 16142.027077238597
6168 3336.218885251454 15427.95885987442
6169 2942.6786743799607 17203.118523493486
6170 4040.324666567579 15679.552291446824
6171 3903.4291073552436 16786.349597747107
6172 3710.352768734003 15330.930762428643
6173 2856.8295682768044 15157.960246239267
6174 3653.2136700142973 15515.197021021799
6175 1270.1608503635478 16816.340427166226
6176 2916.50431008244 15086.489087257858
6177 1834.809439605813 16330.69656255305
6178 3547.4237147453987 14753.10469391191
6179 4247.129621386692 16059.589541599325
6180 3358.520116055734 14461.535652131352
6181 3394.9644455641023 15330.877257022685
6183 2959.7329944519706 15989.658834177848
6184 2580.0567526349378 16973.480515809628
6185 1862.8041743034737 16853.933999549165
6186 3653.3604356653855 16368.15879699139
6187 2715.425832212277 15412.054144848737
6188 4548.761108688554 16078.165071587762
6189 2593.7248201460175 16965.81189091773
6190 1524.3016028447605 17023.802683398077
6191 3474.349457559609 15392.130216310585
6192 2718.560145688636 17195.744130319574
6193 3451.8563520315556 16052.224253232622
6194 2269.4158324740283 17369.97827335108
6195 4140.044053655482 16952.483445532966
6196 1312.2185466098872 16693.73301917291
6197 2776.752627175704 15954.10714251916
6198 2854.058145575072 15110.729042557032
6199 3816.9952575633547 16312.150635752683
6200 3214.1026610500066 15859.043608224523
6201 2084.8652811695847 17508.93061245086
6202 3366.6242268336014 17246.97404492221
6203 2858.6023944498083 15602.713966949246
6204 1297.8355575293701 15714.437338463069
6205 2215.4599776451914 15403.962012027454
6206 3028.5576715698344 16075.520114694646
6207 3690.5710525196037 17479.550219353456
6208 4362.389126268716 16418.42213187704
6209 1843.7497801497655 17396.63702670507
6210 2825.7673623241485 16022.700752450188
6211 3119.1942047921675 15403.184247919426
6212 3208.643305981162 16035.795985590164
6213 3867.058703626996 16036.982462432108
6214 2961.615738963551 15986.422686059263
6215 4197.45546541776 16866.435114286916
6216 1285.696743907654 16072.056043397348
6217 4123.004907572013 15204.865971597934
6218 3162.5627702737975 15229.951177239596
6219 1301.9613800900017 16223.51060728733
6220 4467.768590505054 17026.023987443572
6221 1096.2602502344419 15121.399739659613
6222 1834.1219445712848 16235.400859907424
6223 3373.1537461568682 15172.901801639935
6224 3086.6316628918103 15597.724273900403
6225 1949.2557566223734 15384.136941376892
6226 3884.9033345876437 15184.908687631938
6227 3722.189124257735 15862.278549609582
6228 3954.93606342011 16632.720820110335
6229 4644.863749897845 16683.537007651943
6230 3609.6507903672755 17379.893787339475
6231 2642.245313135153 15806.906892637224
6232 4453.229924477856 15901.562295415653
6233 2250.170564565928 17361.14928230843
6234 2411.800012331586 16733.982262138823
6235 4689.7763559918285 16767.536070645496
