4768 2817.3892925071614 15400.505672916694
4885 2766.462254521534 15399.267642518644
4896 2776.344926737431 15399.50788913618
4900 2794.250469505988 15399.943170808116
4929 2809.8907569937055 15400.323384386402
4935 2758.3075044983357 15399.069401489585
4945 2784.687651607824 15399.710699812016
4950 2802.3732650300717 15400.140635027
4957 2743.3121558867297 15398.704866300719
4983 2683.0909514278433 15397.204511885966
5005 2728.316742491313 15398.340329536966
5022 2735.814488210567 15398.522598867452
5032 2720.819080588831 15398.158062244056
5040 2750.809829353667 15398.88713387476
5099 2668.0942959920358 15396.80663587404
5106 2690.5892636507865 15397.403449480831
5137 2675.592613010662 15397.00557359614
5164 3191.957926680837 15406.54476637629
5229 2630.602705892579 15395.811947130713
5231 2713.3213915543006 15397.97579429157
5247 3155.158760550413 15403.19650713181
5258 2660.5960195267817 15396.60769922786
5301 2638.1010371897128 15396.010885231637
5303 2653.097701319583 15396.408761474226
5333 2570.616301655801 15394.22044885367
5339 2623.1043928548356 15395.613009514229
5342 2593.111173288058 15394.817259912785
5396 2615.6060892318083 15395.414072147527
5400 2585.612886057494 15394.61832298099
5404 2996.27887932269 15399.25930465444
5410 2600.6094616524524 15395.01619687466
5417 2540.6229875531803 15393.424696744096
5430 2645.5993754135343 15396.209823516332
5433 2548.1213207603087 15393.623634895694
5436 2563.1179548836094 15394.021510342178
5437 2578.1145985841144 15394.419386042755
5450 2608.107809410815 15395.215135412316
5462 2354.6184374874106 15387.43944067832
5467 2362.1187357451367 15387.555774659253
5488 2875.565659356753 15399.348934393518
5546 2966.935244077516 15399.040191488033
5552 2898.774481907057 15399.486381095196
5555 2467.1275070439456 15388.8662957628
5565 2912.9913079335897 15399.568369711265
5583 2459.6267689104902 15388.780189342942
5591 2437.1246234424007 15388.521870874694
5597 2429.623882689437 15388.435764424765
5600 2384.6197434023397 15387.90477835295
5613 2422.123171850698 15388.349658318242
5616 2940.144491632259 15399.466461464252
5621 2555.619629298708 15393.822572392806
5624 2926.61661505164 15399.646947030285
5625 2452.1260637386804 15388.694083301476
5630 2392.120256167527 15388.00523306185
5638 2026.9036997254595 15394.054291501943
5644 2886.337570742541 15399.413137838863
5660 2482.129028198377 15389.03850911781
5662 2533.124634532716 15393.225758066832
5664 2474.6282299135078 15388.952402007431
5667 3403.28318607574 17442.340293022648
5696 2769.3408056610588 17250.8473045453
5701 3254.370461934074 16162.884645290329
5702 2444.625357362433 15388.607977246182
5709 2332.1174293714557 15387.090436977507
5712 2541.420637678326 15416.025202138655
5719 2938.7368817886695 15413.684997699424
5721 2302.1160870645135 15386.625098738416
5724 2377.119434825645 15387.788444211963
5726 2194.389426526849 15202.062128486712
5732 1989.1470241150691 16358.260979702307
5734 2266.867756530526 15177.054618615215
5736 4383.340987633632 17069.40733673126
5748 1866.2420151878143 15181.957660399396
5757 2414.6224658020237 15388.26355226671
5766 2339.6177613632517 15387.206771481677
5768 2835.4141965880485 15413.252958679408
5769 2399.620980125699 15388.091339318978
5773 2407.121701547987 15388.177445546995
5776 907.9655955721346 16442.6602784903
5777 2758.6645126732406 15412.58121858704
5780 2347.1180697066866 15387.323105619045
5782 1409.2341138260329 17108.18190870948
5787 2324.617054922294 15386.974101814802
5793 2832.5252047711983 15425.980888646483
5795 2647.5709801298367 15417.620394876712
5796 2796.068954831801 16360.831031704802
5797 2715.352628575102 17167.20364990509
5803 1038.6420114738387 16361.903149944039
5809 2294.6157377550435 15386.508763965641
5811 2333.174461402072 16310.22799300527
5819 2264.6144373021602 15386.04342637573
5821 2341.836241447645 16165.83117134602
5823 1211.0524763033034 16111.691256447937
5825 2832.1690865304927 15433.473396048328
5828 2309.6163947194364 15386.741432865105
5830 2337.138681602812 16367.3040422258
5831 2317.116754797058 15386.8577678049
5834 2772.0677588047492 15396.202167748726
5836 2369.6191123921626 15387.67210985605
5837 2943.079282354649 15419.394641177325
5838 2797.490831992476 15396.820089666484
5842 2593.0211916279036 16969.85419606019
5843 2078.530418310079 17456.526401110066
5848 2789.9320240128286 15396.636368639201
5850 2709.633456566807 14841.460105096838
5851 1471.7550811518051 17066.899295830033
5853 2781.4351958150396 15396.429848509393
5854 1128.4483335890586 18136.60593249278
5861 2257.1140949867918 15385.927091711437
5863 2366.7980981637147 16367.80733168283
5864 2648.1096492204356 15527.181861655674
5865 878.8549376173688 15835.117888405473
5868 4007.6910578423135 17212.870442711566
5869 4494.810409355762 15179.534414559675
5870 2731.02739322365 17197.396102177485
5871 2353.236681655666 16367.637829219508
5873 2788.5679419489798 16360.907619543097
5874 4046.2563023529237 15667.933335999027
5875 2860.9880521859072 15400.216388556197
5876 2138.216756031256 15385.393142205792
5877 1426.7057651483099 17094.60456809782
5878 904.7165778735165 15890.529180960668
5879 1018.3103026874558 16585.74049766883
5882 2857.7022563910323 15411.639001404857
5883 3312.702396149286 15493.775614553353
5887 3228.3073549432074 15077.940527268089
5889 2287.1153990653293 15386.392429357584
5890 4109.18263407699 15627.548513518563
5894 2855.636614557569 15387.929368316616
5897 2242.1134920776185 15385.6944236504
5898 3815.656195319673 16660.54161061304
5901 2872.9908260116536 15399.332658968626
5902 2905.189267108496 16348.64974463778
5903 2891.625242587459 15399.44180012613
5905 4110.01214173681 17177.65260110465
5907 2307.9522222612654 16366.649539621623
5908 2417.0143405222157 16368.434978269273
5909 4584.092193631811 15369.830067234328
5911 2567.6721002036975 16942.403884016447
5912 2189.2317308463817 15521.146511091865
5916 2948.5449721266887 15420.652389592344
5919 3491.0262297117224 16038.159656515412
5920 4584.822302698049 17150.109687449723
5922 2932.3415421205177 15399.689755376394
5927 2900.8458784427166 15399.495805083357
5928 2832.207434747797 16019.0942854166
5930 4447.988133156926 15435.0136650613
5932 2513.4453197979087 16361.45439587553
5933 2911.1829011259692 16788.22970642054
5934 2707.059294863241 17160.26242866136
5936 2852.4366159677006 15387.83931529967
5937 2344.1781642795 16035.333208792827
5939 2744.064349515813 17211.6865978414
5941 1992.6514581032866 15409.263847759617
5942 2600.274892536098 16962.157254204478
5945 2849.4360495726764 15380.261178862358
5946 2863.9210576391574 15416.461014969704
5947 2279.615061106514 15386.276094760864
5948 2401.454704758795 16368.240500311256
5949 2881.9595775509424 15399.385188647802
5950 2164.3531550160133 15412.02982993959
5953 2379.872886963551 16367.970751846771
5954 2862.7767467759872 16818.417242846823
5956 2849.2366142913866 15387.759378324308
5958 3609.421880523071 17318.258832083622
5959 3812.7825977239963 16272.170878344541
5960 1978.7413143927681 15402.67650956946
5962 2757.9914354965563 16361.219815851577
5963 3260.5238747582866 15407.066289120292
5964 2321.8586375356495 17453.278226756745
5966 3152.553790785538 17006.589928466074
5967 2938.7987492745515 15406.416079358027
5968 2249.613798090006 15385.810757751613
5970 892.9165427119905 15751.963436818654
5971 4538.503590911639 16118.556519784104
5973 2591.8515265588844 16966.762141732033
5974 3778.66213029208 15457.509673210889
5975 3219.4821139199294 16181.455195962282
5977 3359.028839030038 17131.880610653017
5978 2981.557321393722 16749.645849545723
5981 2831.81296600647 15440.965951489756
5982 2960.668969967463 15398.993400313377
5983 3303.875164569781 17162.83128097777
5985 2935.8290422839136 15396.51010081222
5986 2950.5528778310663 15398.917861990973
5987 2921.603969822364 15399.617384533485
5988 4557.691551676514 15779.04751374577
5989 2970.619978688938 15399.067705934058
5991 2431.1673955380393 16745.973546819816
5994 2392.381812891126 16368.127099360836
5995 2122.6134027309977 16713.481894475768
5996 2451.502041813584 16360.997100392793
5998 2811.497566293221 15915.45409885011
6000 2557.9459651867032 16361.782921339103
6002 2781.066867563764 16360.984208009355
6003 2367.1921275023115 16656.31799283196
6004 2852.6360506804176 15380.34113721444
6005 3087.2180153054087 15422.899033609596
6007 2849.8349215736293 15365.264725859708
6008 4180.452616818208 16876.255631302858
6009 1816.257969621373 17335.520058308055
6011 1670.0808184233338 16289.498046541828
6012 3459.239417054178 16071.137248063174
6013 2272.114754887475 15386.159760656445
6014 2744.7145590608347 15395.53733303273
6015 3346.7033019690925 15875.314918591683
6017 3520.276308993601 15368.216665108155
6018 982.4754770749902 15335.970162784615
6019 3250.969555321743 15426.654878601925
6020 3824.216447589224 17102.692255913676
6022 3039.322398592578 16278.82527006383
6023 3490.004990015716 16123.101479114071
6024 1873.4377510400886 15547.588123993237
6025 3810.945843669038 15517.99761254717
6026 3902.9614376447707 16244.260989214697
6027 2957.2450179428683 16160.249977547162
6028 4281.69712425299 16023.323974249464
6029 2879.303163948197 16352.403969706585
6030 2928.8123760923277 16336.984011806258
6032 1850.1287744260767 16761.83457536974
6033 2213.8314341474793 15393.012013021582
6034 3151.3126038667583 16063.309963038337
6035 3004.4430533260743 16297.992325048612
6036 847.3861778656019 15754.175366600799
6037 1590.4800654948513 16984.696303780653
6039 3396.94433332556 15660.020869459177
6040 3306.2044797625767 14388.09909767635
6041 1431.6370354833239 16171.816940898821
6044 3658.4866405020057 16402.78997832111
6045 1919.1592302271338 15784.238342614839
6046 4015.725015230453 15694.152484234428
6047 3830.5655991280896 16266.195295657946
6048 2689.535718272129 16893.908594280114
6050 2432.0151146978383 16368.622471085604
6051 2668.6868131688498 16372.309051074399
6052 2981.2676028332944 15399.147213282806
6054 2852.835485876431 15372.842940958633
6055 2930.2215190063744 15422.772537474331
6056 1311.9000545907231 15680.055626103964
6057 3285.267504335009 16146.43860745307
6058 3201.701922154142 15626.885614927383
6059 2956.0448808260608 15420.776011455524
6061 3286.152788371859 16582.42550049392
6062 2425.201204358827 15716.797026992574
6063 3301.2425162539334 16148.19565974519
6064 3646.2428709878172 16382.973148535908
6065 3645.8452476952098 15300.631772802102
6066 2555.0989337732117 16966.98449080854
6067 2911.5747983318015 15399.558644009958
6068 4742.423205215093 16502.62024335648
6069 3918.0069348507204 16232.296110738787
6070 3936.823339942413 15737.833178456392
6071 2872.7731881186946 16370.440863323434
6072 4012.04000485416 16904.03605434399
6073 2700.0774377275834 17167.121485545278
6074 2849.6354851377155 15372.762968732248
6075 2876.768792987262 17244.387114604866
6076 1517.7572853574432 16834.17983830527
6077 2086.6861225807197 15403.826015970963
6078 3203.41068335491 15425.550705693391
6079 4063.0398931624864 16926.93045719599
6080 3616.8047195331983 15951.519886820377
6081 3202.1369942040524 15633.772554680387
6082 4074.8832621261026 15631.703782041906
6083 4212.94352435248 15853.674688566503
6084 3586.787053455353 15903.538600373591
6085 3612.9099847692924 15981.260692012806
6086 4199.739122394873 17104.447703083628
6087 1814.7684869035077 15382.662269288958
6088 3108.354851329256 16203.252037145185
6089 3399.4038147025717 15444.537618134857
6090 1841.5627096122926 17380.92582017427
6091 3610.9080978619872 16613.575086266625
6092 2255.939463951456 16627.099437763063
6093 2449.6420616602663 16368.842788109952
6094 1406.2917892238136 15542.98730928557
6095 2409.5140029649338 16368.341232480183
6096 3883.7634392575233 15760.206890308058
6097 3662.4132437252197 16415.093591003224
6098 1137.2344778892807 16311.12710454652
6099 2346.6429115316573 16599.796836883153
6100 2325.03853571546 17465.052506571818
6101 3466.633621833947 16060.405858097782
6102 3707.916027412333 16487.693081979094
6103 2677.310568964877 14715.62065224335
6104 4065.7251879976607 15656.042214483547
6105 4861.015015020622 15726.61974768883
6106 2125.32594549974 15397.969826562827
6107 2016.9837212788098 17279.122589251743
6108 3677.7591795551734 14963.104624448819
6109 4287.682185542404 16006.021247788962
6110 3780.5416299089225 16604.044709366975
6111 2853.0349219083173 15365.344713276385
6112 1444.2042966930967 15910.872478255886
6113 2996.2541480210293 15399.259119982236
6114 1862.8792934792386 16846.47779085344
6115 2424.5147337401027 16368.528724754058
6116 2824.8892923909334 15587.524644263083
6117 1620.9920923853795 15417.79297239487
6118 3609.367326054636 16407.76531639699
6119 2808.1364623408895 16460.781475854623
6120 3398.101729153869 17319.019204882436
6121 1121.3703413474857 17041.16377058289
6122 2218.4766332978634 16655.38279062187
6123 3745.139305187098 15268.153978643373
6124 2863.8200476196616 15419.65135462834
6125 1227.5600017166403 15683.67274316668
6126 3424.3451232597176 17092.598977275426
6127 3834.133112185908 15216.12714493457
6128 1843.321555550921 16857.630931957166
6129 3818.738638018413 16505.492017390465
6130 1175.1898340523442 16457.939878609828
6131 959.4203285792123 15069.33303977939
6132 2764.5068720478944 15396.018396195608
6133 3903.8371583807616 15181.711491383574
6134 3349.1003567115768 16112.461326009025
6135 2514.041245586392 15260.507805365372
6136 2856.592265277929 15136.847363010971
6137 2244.3546416588415 17326.821800928046
6138 3374.473231826737 15573.908101989677
6139 3144.739985200927 14962.499216185117
6140 2827.3615192897 16602.404471506317
6141 2637.659017426263 16062.280475726946
6142 1288.727069935077 16066.805666650518
6143 712.8386970948785 17104.273936767586
6144 3711.3049223573744 17504.420113316264
6146 2605.785733553897 15268.332898151164
6147 4061.678039804795 15393.164134703215
6148 3038.2096027780008 16096.709783121945
6149 4356.332667508543 15375.737254383263
6150 3076.219815670842 17118.90442801179
6151 3642.2729833511235 15829.810265395685
6152 2511.3156921217787 15237.78776690001
6153 3064.7485875387724 16133.157875249643
6154 3624.1942477531124 15649.236972593073
6155 3908.925827363564 16793.348437411514
6156 3582.4438976554825 15124.791907027931
6157 4150.571324596267 15271.186520278616
6158 3543.700567971037 14747.105861858518
6159 3723.850545641847 16507.089429988275
6160 2701.8752128826563 15285.664946930729
6161 2195.869995550987 15537.165994308296
6162 3679.0149903597026 15887.191299381924
6163 4160.793531765167 17032.98933036697
6164 1958.743636355412 15382.333112946786
6166 3829.480822303978 16061.119876402054
6167 571.6589304233318 15975.678542824935
6168 4090.8788132432205 15176.336477476789
6169 3287.316148030861 17245.312457318905
6170 4293.757351551003 15528.157716821635
6171 4420.071173829894 16931.358570838165
6172 3781.974426259186 15865.436698228263
6173 3233.4078148695176 15085.775953061444
6174 3276.371752390551 15724.847698835265
6175 1448.2523902495518 16698.372727717542
