1010 4060.866511981251 16922.18907342304
1021 3603.613487899769 15162.456514141728
1046 3457.049262264799 17079.268515485277
1052 3631.1620437156107 16357.945145670452
1113 3635.699285976237 16365.698482020583
1135 4210.417415447217 16824.75147433503
1138 2802.394087597819 15400.141141221213
1140 2955.6070689034605 16262.737876455996
1151 3736.992266572512 15586.517645793487
1157 2482.1287639738625 15389.038506084586
1169 1010.0071869697088 17357.443662294947
1174 2623.2235399895626 15088.161122562997
1178 3682.086489435525 16440.44763200517
1197 2271.244676526668 16629.08002920817
1204 3607.4131837856935 15953.610977607079
1209 2675.5837956690784 15397.0053396634
1224 2832.4824764367036 15426.879866361958
1226 2822.8924753402484 15426.419889430694
1233 2817.3894430472155 15400.505676576304
1247 1525.9518990966342 15526.740802914795
1248 2831.0580006372143 15456.849955651072
1252 1521.5789836576137 15541.167203897598
1265 1468.19713737157 16526.736808695776
1267 1578.0446800593168 15473.633446733831
1268 3003.6267710553752 16389.0382732995
1269 2849.226073291794 15388.155689934587
1280 2199.1415978812797 17179.269663583615
1281 2035.3820713443338 15910.578855989435
1282 2809.891776900584 15400.323409180219
1286 2787.398737795262 15399.776606003394
1292 2779.9010245716263 15399.594337462871
1295 2338.073984334809 16364.251773729437
1301 2963.1686385458333 15841.557126208318
1305 3627.3943660573636 16351.456875528398
1306 3623.607441622011 16344.93546075441
1309 2215.262202227509 15416.762011978964
1315 1476.3364802580318 16521.95010431445
1324 1458.0359880232927 16532.712526733856
1326 2829.6335261105664 15486.820018160392
1327 2743.7912590641668 17097.104470759292
1332 2830.345762816642 15471.834998629889
1334 2156.820098674038 17208.698759474377
1336 2486.48354093592 17467.11203045993
1339 2852.4366145420163 15387.83936890134
1340 2379.512462145314 16367.96624694166
1341 2335.674353338133 16365.530111982234
1342 3622.793647776949 15912.642171170359
1349 2826.0924084667627 15426.569956934305
1350 1693.777400336363 16290.069246842188
1352 2817.549177369522 15394.105676615496
1355 1844.929755388178 17057.598557449564
1356 3276.2923551473195 15756.372997610384
1357 2160.4197418765234 15385.85248770572
1358 1949.5187566448353 15401.378594220294
1359 2853.328122074204 15475.038241869854
1363 3240.5103615364637 15696.975015822376
1364 2749.9101217358225 15398.865262086721
1367 2810.0269530407136 15393.922861050485
1368 2368.431526711795 16664.369461201157
1369 2402.0136138980524 16368.247486047283
1370 2683.091075028332 15397.204515165207
1371 2831.414118713815 15449.357451701897
1372 2352.2323288530765 16367.625275938368
1378 2690.5893544760343 15397.403451890515
1380 2829.9896448632267 15479.32749998733
1384 4413.2283880169825 15489.199544304445
1389 2809.717384193709 17284.19873024665
1391 1010.4525312088621 15386.7376113953
1392 3514.106067834387 16025.824696522375
1393 1570.5999175024479 15477.120681370303
1397 2308.729602300367 16357.124026563675
1398 2849.624942810129 15373.159330271308
1400 2282.4000769001073 16356.642838324537
1401 1421.334133544946 16445.64515264609
1402 2794.896400404661 15399.958873313488
1403 2734.914671940004 15398.500724438078
1404 3491.302563441856 16038.011970665633
1409 2849.8243781673004 15365.661127956437
1410 2827.852869360198 15524.283934234598
1412 1868.0324000890887 16355.384029275767
1413 2828.565163064653 15509.29771549347
1414 1808.319972051862 16788.594983610492
1415 2318.683559036522 16357.305941233291
1417 2849.4255080116923 15380.657511579362
1418 3147.8467193561987 16631.164196762154
1419 3798.2855814677528 16626.53422764146
1420 2394.513171519227 16368.153738948042
1421 3215.9502407839445 16608.501795609587
1422 2871.4224882594326 15416.693425806325
1424 3906.564039754394 15339.971121301547
1425 1974.8179008359502 15404.113275121219
1426 2112.9115750405094 15384.869617077507
1427 2742.4123598311166 15398.682992362768
1428 2828.2090394035913 15516.79033693626
1429 2829.277405994966 15494.312565008864
1430 1547.5589297767694 15502.727564996396
1431 2274.900273714701 16356.505774817548
1434 2852.6360494125443 15380.341184882873
1437 2832.1263567307064 15434.372404592636
1439 2828.921285387001 15501.80512221639
1441 2863.921095029604 15416.461016128142
1443 3097.6630114766695 16688.72494882995
1444 2634.798224883197 16942.894835356936
1445 3249.1858336247774 17379.982063153046
1446 2244.9010852020356 16355.957521232398
1448 3295.8913212431885 15783.074664923553
1449 4095.553120115686 16942.552874499317
1450 2454.4366523030417 16800.551550036325
1452 2948.683881816812 15406.136830585348
1454 1543.7298492327625 15500.412833366414
1455 4239.466654091321 16641.00747147087
1459 3500.6957683778132 17146.6673868475
1460 2772.4032700345765 15399.412067918027
1461 2813.541497483776 16845.86712328197
1464 2387.0128138567684 16368.05999290766
1465 2363.03903778745 16367.76034765331
1466 2831.7702361314273 15441.864961617415
1467 2764.905536123796 15399.229798874603
1468 2795.459432233259 17291.240299807094
1469 2765.396970259425 15582.05671083466
1470 3389.784554228584 14515.743165391474
1472 2522.2769396843128 16370.455647665793
1474 2667.8807378136644 15396.800969965618
1475 1837.1261113485755 15386.271310550745
1476 1836.927317629117 16339.572938615062
1477 2900.021663888953 15987.569533052021
1479 3463.029393672699 16053.122493370573
1480 2150.4651960180036 15385.646543519844
1481 2571.5189321369417 16961.78764597272
1482 4019.1042721069666 16266.717087131065
1484 3247.959238432634 16176.444190318447
1488 3300.051394661463 15408.967923540968
1489 2882.3573618430096 16352.311448896331
1490 2727.4169237154924 15398.31845504669
1491 2719.919249736655 15398.136187460204
1492 2757.4078329441236 15399.04753057825
1493 2215.313001330508 15413.562014772848
1494 2830.701883339699 15464.342443208781
1495 2298.5153115766016 16356.937354130629
1498 1233.4098012539594 15680.857510275355
1499 2341.5857429699986 16177.447213122989
1500 2852.8354837983557 15372.843019088357
1501 2195.7875289187336 16364.27839355908
1503 1445.9331465862188 16539.93645323282
1504 2569.8806503782516 16945.856771097027
1505 3457.521518845284 16068.994410315314
1506 3705.0330562690656 15714.489989725453
1508 1412.1465217911045 16291.570236419298
1509 2905.1023482697788 16348.692667521096
1510 2734.798305124665 16622.423944540406
1511 2843.0317886551134 16371.24967063286
1512 3966.1755066122337 16189.031707807151
1513 2810.7784917580693 16356.204062559178
1514 3613.6868010322814 16401.75010546023
1515 3039.616703404465 17441.169135187174
1516 3837.123917919841 15203.445628468842
1518 1867.1992379438975 16344.697228522049
1519 2259.900718876571 16356.231648745365
1520 2577.358916389795 16989.399395699165
1521 3437.101034293861 15402.176777129733
1522 3862.7279536104384 16726.956144222637
1523 2639.707353886612 17077.415777049155
1524 1410.2392557948078 15638.627397083474
1525 3648.9557660385562 16393.57392900048
1526 2712.4215208184733 15397.95391853815
1527 3599.4156323941465 16309.655233455453
1528 1417.0803612854204 16545.18391172498
1529 2822.5363556514253 15433.912427300036
1530 3696.742448629398 16463.833757792894
1531 2862.5730863781505 16352.910773910413
1532 2301.0671449857946 15649.660618136753
1533 3060.492377611545 16507.886214615395
1534 2547.7649828159783 15416.121345323985
1535 3662.533143498828 16415.28489056397
1537 3874.825114441979 15302.063236743563
1538 2342.2673662319526 16462.791574297586
1539 2197.7003792818464 15399.429566202123
1540 2267.400447008677 16356.368710880708
1541 1424.3121839538273 16479.29583741473
1542 3465.735156866813 16082.108801393004
1543 2176.7218874885916 17634.121024833974
1544 2863.8197932921057 15419.651346654373
1545 2773.0113391213763 15412.756104484764
1546 3960.6327543811703 15786.987652590724
1547 2133.675561263661 15385.299191896796
1548 1893.3344913651802 15402.504896632156
1549 3289.2906054891782 16868.840614377543
1550 2372.0120833483893 16367.87250063712
1551 2180.8494118144918 16354.786937582949
1552 2855.836050375109 15380.43114869317
1553 1437.1984017458824 15645.153425142968
1554 3658.203098260821 16408.3763224565
1555 2853.0349204334075 15365.344768728804
1556 2958.2685343795424 16969.850501265075
1557 2855.636615695166 15387.929325546205
1558 1661.7965643274058 16289.298356626836
1559 2978.178677906085 16389.028143766678
1560 2871.311658407242 15419.886240115078
1561 1449.6248062511827 16667.351614352563
1563 2351.568785579344 15846.874106744735
1564 1963.585279306843 16787.495000346364
1565 3752.3986284010302 16541.761544923647
1566 1856.5343178385697 16853.902416244022
1567 3161.977996467484 15424.527526850838
1568 1464.8386636551254 17055.03142124587
1569 3170.266692662181 16647.296308383906
1570 2289.8998699852873 16356.779901646936
1571 2580.0490778216977 16987.659665585874
1572 3886.9155547082614 16253.122342708768
1573 1436.6141419265743 16051.492009942971
1574 2039.822357896666 17255.779591665305
1575 2828.077318207209 15452.258731655
1576 1898.9993451697637 17335.721446408086
1577 2526.901219570907 15415.805172635895
1578 2167.9983024486028 15386.009276424094
1579 2294.8383845091375 17117.179573785426
1580 2801.2810392103006 16370.629983692083
1581 1946.2735284464513 16347.617981893145
1582 1428.1976926774992 16538.586302152118
1583 3167.6053558479703 16681.60703100553
1584 4057.713410394246 16924.149149379387
1585 3825.8356639797075 15201.959857982141
1586 3609.8731692117 15938.588317750566
1587 3021.664419831016 15399.449033148732
1588 2565.3056673519436 15394.079552504703
1589 3654.10761790769 16401.842001589815
1590 2903.9101097316193 17229.87986424312
1591 1155.8288361332643 15634.428018746725
1592 2252.400900166818 16356.09458495466
1594 2140.14799457814 16354.043094198281
1595 1456.8110174004546 15627.01913864841
1596 3472.923868530025 16094.25081071922
1597 3416.3754670243197 17053.51663574325
1598 1505.181201437658 15877.004355727831
1599 2821.6922445692016 15406.345301953283
1600 2542.833121067527 16970.757971204835
1601 3739.0950955157605 16537.439147823672
1602 2643.1377382877945 16346.522287681466
1603 3281.6717483975 15821.5493613776
1604 1493.4513415239046 15554.177986416193
1605 966.9784999846801 17362.458557854257
1606 3255.062220626609 15407.02459710402
1607 3695.8630950409697 16468.462681462403
1608 2572.570670690475 16944.126779606042
1609 4200.140036878999 15882.558454050193
1610 2884.8093210640805 15399.401879500683
1611 1502.2558829046134 15880.63274553634
1612 3892.5230721065045 15280.757788315437
1613 3349.7880018404567 17358.279163510237
1614 3143.890195708893 16624.792604466424
1616 3921.677694216077 16809.133913298185
1617 2874.1162580236155 17409.90586346759
1618 2194.18740536901 15419.12004388283
1619 2829.292408534233 15426.729888674734
1620 4253.901305757186 15558.174762079332
1621 4070.413899957024 15623.718464112404
1622 2751.510708722166 15395.702517225885
1623 4030.238039876862 16294.153993086124
1624 2865.0008677627816 15399.285862049166
1625 4536.966025934875 15736.021925920697
1626 4082.3986788017987 15668.84548606227
1627 3157.5527954642935 15406.626469568087
1628 3673.4752784927323 15287.567779802417
1629 1634.973651914585 15995.034237698117
1630 3809.5690614741166 15515.418023361959
1631 3797.295588001456 15887.176471399054
1632 1446.0867090964907 15657.51541942305
1633 3358.3088311887873 17371.787134874652
1634 3784.750769750398 17644.625805220672
1635 3246.7749457915784 17502.634997508838
1636 1287.8410574978511 15803.646017266954
1637 4554.463440348082 16107.032032373865
1638 4186.4188824819985 17151.35420403099
1639 3634.123161121772 15995.843469375563
1640 4589.786382589965 15366.609315194364
1641 3715.9237724641434 16494.44088804214
1642 815.5014257905217 17174.26559028538
1643 1744.0603369432629 16712.7897829634
1644 2785.3540889110645 15396.525099383254
1645 856.6835434901642 15794.570337978223
1646 3802.3445515881394 17298.02194205034
1647 2504.7908911929853 17015.008429591264
1648 2637.752972470967 15756.227633807563
1649 2853.4229776417505 15350.75492117532
1650 3686.4443754066333 15536.761604659729
1651 2908.425441687219 14501.204067117376
1652 1480.293875242014 15891.475805807242
1653 3448.7410803488265 17485.18235977608
1654 3393.096665549855 15215.935036240106
1655 1073.4420411482572 18304.327335935555
1656 1859.731448196909 15873.00951345163
1657 4217.2747170493585 16283.466902910866
929 2346.5195513486647 15181.310079973327
