4768 2845.498236057225 15449.453447917596
4885 2778.5792428976315 15399.562205103388
4896 2787.6051815809747 15399.781624627925
4900 2806.266298396937 15400.235274217486
4929 2871.761381321135 15399.326259888669
4935 2769.205985101849 15399.334342291435
4945 2796.8354216343128 15400.006010695117
4950 2849.725586753446 15400.376983547825
4957 2749.42214619536 15398.853399457821
4983 2711.9337786527094 15397.942061582564
5005 2734.4267780848613 15398.488863794939
5022 2741.924477250129 15398.671131993702
5032 2726.9291056704824 15398.306596246486
5040 2760.505206978467 15399.122827382469
5099 2683.090986321706 15397.204512811733
5106 2778.1585099401245 15396.350206838822
5137 2690.5892743990466 15397.403449765994
5229 2645.5993830861667 15396.209823719895
5231 2719.4314420192572 15398.124328911064
5258 2675.5926459001744 15397.00557446873
5301 2653.0977326071143 15396.408762304314
5303 2668.0943350438174 15396.806636910122
5333 2585.613072096036 15394.618327916776
5339 2638.101103634666 15396.010886994487
5342 2608.107919937331 15395.215138344694
5396 2630.602775127146 15395.811948967574
5400 2600.6096361563 15395.016201504419
5410 2615.606220023015 15395.414075617547
5417 2555.619737487522 15393.82257526316
5430 2660.5960138925766 15396.607699078379
5433 2563.1180458604836 15394.021512755884
5436 2578.1147294996526 15394.419389516073
5437 2593.1113601739544 15394.817264871052
5450 2623.104497213413 15395.613012282965
5462 2369.6190847717344 15387.672109427642
5467 2377.119390806138 15387.788443529196
5555 2482.128941328356 15389.038508120568
5583 2474.628230708237 15388.952402016555
5591 2452.126026832466 15388.694082877802
5597 2444.6253073413045 15388.607976671952
5600 2399.6210197977293 15388.091339774403
5613 2437.1245969291226 15388.521870570328
5621 2570.616354982867 15394.220450268489
5625 2467.1274486074894 15388.866295091964
5630 2407.1217257945355 15388.177445825339
5660 2540.6230803920253 15393.424699207202
5662 2548.1213630633642 15393.623636018036
5664 2533.1247976392046 15393.225762394206
5702 2459.6267388708425 15388.780188998095
5709 2347.1180696326173 15387.323105617896
5712 1038.9618799294688 16842.47738710234
5719 2939.1175137454156 15405.724955729424
5721 2317.1166778401707 15386.857766611256
5724 2392.120269054162 15388.005233209784
5757 2429.623880677434 15388.435764401667
5766 2354.618367376669 15387.439439590862
5769 2414.622433203082 15388.263551892484
5773 2422.1231718743907 15388.349658318515
5780 2362.1187371996516 15387.555774681814
5787 2339.617752158238 15387.2067713389
5795 2745.707373890805 17324.998879892515
5809 2309.616347352103 15386.741432130411
5819 2279.6151515089955 15386.276096163057
5825 3259.1006766000137 15399.022629866922
5828 2324.6170719698516 15386.974102079219
5831 2332.1173975664615 15387.090436484194
5834 2793.3526147952825 15396.719507998496
5836 2384.619746862429 15387.904778406619
5837 2938.503178626107 15412.959862652968
5838 2833.189993403799 15400.796287760106
5848 2820.1884290927264 15400.562358099207
5853 2808.174203056658 15397.079754935405
5861 2272.1146646201887 15386.159759256347
5875 1726.1451010419178 17176.426133990768
5876 2242.113316106254 15385.694420920981
5882 3633.1462349925087 16361.362096425208
5889 2302.116048899006 15386.625098146447
5894 4078.741513109532 15625.504339454807
5897 2257.113984282413 15385.927089994348
5898 4067.8037564363312 15654.772675469681
5903 1868.6649314829742 16355.399054393321
5908 1025.9735176128197 16778.0753951142
5911 3520.542324789023 17453.13686074472
5916 2878.9238418334476 15416.925834255882
5922 2880.0006573627356 15399.373715317477
5927 3324.7970924917804 16923.480394408547
5936 3259.367215558335 15947.348753775854
5945 2000.1768818235319 15409.549246565202
5946 2863.9210576391574 15416.461014969704
5947 2294.61574867845 15386.50876413507
5956 1993.0308388097908 15406.074210055613
5962 4038.7462452643913 16910.048526941566
5967 2936.8443679640295 15399.817450739096
5968 2264.614315928956 15386.04342449316
5981 3168.969388003699 15407.650971284771
5982 2895.0003994007056 15399.461568307217
5985 2935.8290422839136 15396.51010081222
5986 2887.5005378671367 15399.417641867904
5987 2872.5007783133356 15399.329788775573
5989 2902.500317924041 15399.50549508032
5994 835.3238219953439 17023.5768034199
5996 3790.4814694384745 16517.297123319007
5998 3154.026323388892 15406.310011160502
6004 3574.010742548867 15882.825380827388
6005 2871.4224189711513 15416.69342365962
6007 1893.3340461922317 15402.50489003023
6012 4396.043182971271 15469.292397323827
6013 2287.115448872825 15386.392430130127
6014 2756.9896964910617 15395.83568706749
6015 2886.295488142538 15420.356030156285
6025 1442.003397069112 15614.380074666935
6026 3634.256281357711 17397.979124006073
6029 4298.021630477291 15806.728512521331
6035 3350.252191462911 14454.832150969309
6036 3490.000031671709 15383.101960337626
6041 2869.9980387243213 17403.69864855015
6044 3663.8043392815116 17377.55120109508
6045 2568.13548726613 16361.858145359689
6050 2361.9754203998095 15819.941541955111
6051 1857.489284979918 16355.328266947494
6052 2910.000206531973 15399.549421678208
6055 2871.311704437914 15419.886241558284
6056 1881.8680800655236 17139.690049346573
6059 2942.3978775817823 15419.05393879089
6061 2184.7153945614978 16364.044330174223
6063 2056.42039353184 16747.167431937298
6064 3422.733799113819 17309.016001952452
6066 3799.2608877628113 17021.83882050136
6067 2865.00087733899 15399.285862105253
6071 2148.0140388031273 16363.268468603144
6072 3977.6897410795714 15706.061599984523
6073 1743.06745040733 16296.786002565243
6074 2007.7023978611005 15409.834648871885
6076 953.4285595706896 15294.08130742944
6079 4014.2142384613608 15683.752851951314
6081 2878.8036023191635 15420.121136046311
6083 3460.1155625986153 17205.732009339572
6086 3151.104814354123 15579.685077990833
6087 2227.11263208458 15385.461751601842
6088 3332.0508622423777 16972.356577591876
6091 3597.8308004440073 15664.344673416577
6092 4376.8203114959915 16166.485419089156
6093 2358.208870850952 17105.691559631377
6096 2949.6123186438867 15420.669982788528
6098 2312.3984377027223 16357.191076782778
6100 2253.049413469416 15583.071443339972
6101 2278.9409844027723 16366.036246076499
6102 3909.127941786359 15362.694127552693
6103 4021.457440735989 15523.016327517162
6105 2593.7241546733085 16965.812262220647
6106 3945.90848621849 15376.011313631527
6109 2619.942800764004 17019.257267909084
6112 2219.612282628603 15385.345416826794
6113 2917.500051366326 15399.593348019716
6114 3139.075217829563 15404.968329458281
6115 2828.412465766787 15512.51037214435
6116 3161.4978214593516 15406.980488150282
6117 4002.9589678172397 15489.636919721795
6118 2230.314608600309 16365.00829123542
6119 2216.0394616283365 15640.025878785636
6120 3611.7360958474837 16330.87214806745
6123 1448.777919546506 16525.537072469717
6124 2863.819787940509 15419.651346486584
6125 3977.674452142154 15427.101255779828
6126 2822.947114520505 15635.403867546422
6127 1416.1468473508296 15650.959236261555
6128 3588.584882607609 15986.015890981032
6129 3209.07820150946 15645.205588819354
6130 2159.441693571603 16354.395698390876
6131 1394.7441800506285 15640.772538135874
6132 2770.0526804485644 15396.153190149791
6133 1858.4548320846811 15946.52716989262
6135 2741.9915939118187 15395.471149852023
6136 3420.132755367883 16001.519707610842
6137 3089.9895590110627 16179.786188425585
6138 1367.3431658675074 15675.95036369002
6139 2341.3912553443097 16185.108942740337
6142 2302.834473360325 16357.016289463556
6143 2617.14693579808 16930.12839162878
6146 2479.692396446617 16816.73317073146
6147 1566.4462632996353 15491.302338857397
6149 3047.355992262145 16468.636867171277
6150 3628.6779509335797 15909.27759480624
6151 2757.387818420412 16874.36518804852
6152 2401.6608484625635 16675.648138245797
6153 3350.9084480367023 16963.298165612025
6154 3147.846682013939 16631.164136626114
6155 2108.363065234009 16717.84886519052
6156 3522.8631241108455 15366.823887947754
6157 3136.4716813938926 16612.845816612036
6158 4086.676656348393 16389.43449490641
6159 3575.426927317005 16268.344587212172
6160 2749.490621116699 15395.653417874364
6161 2249.6136441140284 15385.810755363356
6162 2957.112227734365 15420.793604658154
6164 2234.612969082151 15385.578086183654
6166 3639.1657424719 16372.825194904653
6167 1814.9686276326142 16328.761972444085
6168 1442.2731887315929 15626.145833538245
6169 2322.9976472702488 16603.351581504343
6171 3592.0760562813616 16297.015842067052
6172 1894.4331782016825 15396.116696435263
6173 1952.6874917752511 15401.72111487537
6175 1596.2424293664017 15439.576351373935
6176 2342.0870636964773 16148.575459526723
6177 2823.772644761754 15403.193076394127
6178 3944.1485870982324 15736.63396640899
6179 2859.511048316737 16370.779643639076
6180 3820.446101341538 15197.662024401723
6181 4252.324730349383 15527.522535838341
6183 2350.0563351116093 16367.598078462415
6184 3377.183847108337 15930.649072848522
6185 3051.1669807271605 16693.72185966532
6187 1992.651359237276 15409.263844010162
6188 3170.098135617942 16647.39066337592
6191 4460.3572860613585 15431.434910399743
6192 2003.5725867980389 15406.474623461027
6193 3043.5147689191044 16462.194066220745
6194 1479.823678683681 16757.850836870668
6196 2254.873378549697 16356.139771014845
6197 2376.4302632335884 16367.927722919654
6198 3740.9310388382796 15070.862750773214
6199 2852.060749246452 16370.992143578194
6201 1933.2507448310334 17329.245118664676
6202 2844.610531269046 16371.204641204355
6203 3051.200037002401 16475.078476635732
6204 1837.2391533793646 15383.071761174282
6205 2215.4599776451914 15403.962012027454
6206 3361.082923409983 16970.530228750667
6207 2837.0616624818313 16368.217102339975
6208 3667.794927735325 15288.808094918591
6209 1486.7764548689038 15754.822010575293
6210 2337.0183890535245 16382.213136184027
6211 2949.601063344645 15398.910754654604
6212 2688.2774145669996 16372.03440401519
6213 2915.0079489046707 16369.948302642124
6214 2362.094410405195 16367.748540872792
6215 3644.6219617879838 16392.822707613977
6216 2152.9843279502397 15385.69866047046
6217 2171.438984583495 15404.91102205422
6218 2849.2366165765407 15387.759292409017
6219 1669.9087823577365 16289.493899654624
6220 4320.40886852313 17100.117138694524
6221 1388.2462366522052 15651.926805869012
6222 2796.0597147336284 16360.83112604928
6223 2852.8356235335373 15372.837765442875
6227 3053.7928809530295 16481.877592830493
6228 3626.0319416613115 16355.490843710437
6229 3521.976834555805 16177.10314906124
6230 3122.5551747958134 16610.505917870574
6231 3146.5548107601244 15405.639532864288
6232 3798.3379089602277 15218.570865335207
6233 2230.4294286875474 17302.72929439206
6234 1199.308957193498 17221.314349541408
6235 3653.51172851525 16400.89126268851
6236 2126.335955806366 16353.79067071117
6237 2324.7306651192207 16416.452790294825
6238 1413.817875417489 16187.86399808226
6239 2876.117306581575 16370.36544875717
6241 2886.4295810647586 15417.158378582759
6242 3049.302200729326 16485.811283908653
6243 2542.500784280131 16937.217113340394
6244 2457.0791246961458 16368.935743038644
6245 915.3098439511418 15460.891893278676
6246 2319.898930852698 16357.328152899292
6247 2053.868607819944 16352.108648422658
6248 3472.273271156558 16093.15192683761
6249 4412.218763163548 16268.485255555326
6250 2531.186852527355 16977.93859760018
6251 3840.835115529363 15204.563983942886
6252 3470.7980721027334 16084.383603642407
6253 2957.100973485765 15398.966757567845
6254 3627.737319242225 16352.047470879512
6256 1834.4026190114373 15386.221597555328
6258 3670.9199249701783 15885.124123505717
6260 2015.31043091489 15410.123180604729
6261 2734.492593782574 15395.288882487772
6262 3088.012662640891 15426.589299867986
6263 2880.237934976453 16788.749572822395
6264 3354.874414034301 15680.194708909637
6265 1150.5071244845242 15672.666428211873
6266 3420.963427964384 15428.745215020526
6267 2160.4920290021505 15385.853983214753
6268 3735.449465945535 16531.622561899945
6269 1201.4331946057114 15678.701631636315
6270 2852.6360503595656 15380.341149277567
6271 3459.221574284401 16071.107110941644
6272 2813.1188026108625 16351.802136980252
6273 3745.7364423591307 16543.12260655025
6274 3336.595494201312 15427.960770902073
6275 3751.6447422666415 15082.037570787908
6278 2821.0609290921175 16340.140860800979
6279 3056.3191820074117 17468.623533238795
6281 1973.342484048232 15383.881475580873
6282 2964.600931353336 15399.022760837464
6283 2849.436053370377 15380.261036079617
6284 2852.4366158932644 15387.839318098264
6285 4609.797493079375 16183.096349807349
6286 4143.79296469596 15620.033230081353
6287 2837.160328046199 16371.417138409679
6288 2849.6354882867586 15372.76285033717
6289 1432.400439776979 15627.521624389623
6290 2193.9096635430446 15422.717268562215
6291 1878.1342830748995 16344.807128473114
6292 3709.3112297010753 15329.002203640553
6293 1433.6765325746264 15980.637618329276
6294 4187.769117354287 15595.327586477528
6295 1419.4070539276838 16543.858637638452
6296 2726.979532318908 15395.106273354973
6297 2167.9982993213453 15386.009276359395
6299 1432.125136361866 16151.196709159598
6300 3406.0780878415776 15436.488115936645
6301 2818.79456785866 15732.20451993811
6302 3663.923899938725 16417.503836338852
6303 3020.9774178837924 16450.45116079507
6304 2857.1146154688486 15183.320937459801
6305 3255.13021529561 17384.352722444633
6306 3878.6445769246357 15255.994585068727
6307 3057.6458938477413 16121.760594453788
6308 3864.748696662923 15231.200361869207
6309 4279.678561099054 17239.115838155394
6310 3984.9747492321417 16876.212455334575
6311 4034.8891242729906 15682.778352024618
6312 3711.325045008409 16134.412201878435
6313 1722.859632226048 16396.008052680747
6314 4038.14060455918 15533.070435510566
6315 3239.668756876871 16811.031899844766
6316 3058.6850000783998 16511.075485204263
6317 4230.876045309579 16061.215620511617
6318 2088.255635009005 16170.20399241891
6319 4180.736371604733 15379.706267861788
6320 2809.4684948221584 16367.764893299724
6321 2395.768812763033 15762.018692458807
6322 2856.496757888612 15128.350056328636
6323 3835.384775770812 16686.21724589989
6324 3269.2075307661926 16854.832038316283
6325 3183.8850957577915 16417.253181565884
6326 3636.552953233178 16962.529853244185
6327 1161.4289575329792 15446.80044377272
6328 2854.0271921114836 15328.038175258765
6329 4378.424665522052 15763.550263547579
6330 2639.5 15821.037947845667
6331 2635.7916759822647 15982.111199206594
6332 3529.6788967310754 17459.049860207204
6333 3633.7863011113304 15995.238494487647
6334 4227.882964613492 16943.217807343066
6335 3015.8959775224816 14404.230869553334
6336 3594.551315267937 15924.311471793868
6337 1051.5212944791417 15903.585932497064
6338 3267.469181036789 16796.3671700689
6339 2344.011569766531 15673.048460794118
6340 2304.574027636848 17107.927296322316
6341 2027.9223830935775 15579.15510680824
6342 4829.120564883502 15740.221167268508
6343 3388.4416035630957 15601.719815635824
6344 1976.686881940029 16357.965002138628
6345 3457.215371719815 16789.962913867617
6346 2955.848916789444 15154.434093501412
6347 1023.1495270305068 16814.990513998036
6348 675.5608186537886 17022.241934425456
6349 946.4692869195248 15978.602956415994
6351 3623.0247753197314 17377.065586263398
6352 2768.8032241076653 17311.30162668227
