4768 2838.8756157210873 15544.27552434992
4885 2785.6905302699124 15399.735079676197
4896 2797.6515061325094 15400.025849614798
4900 2819.113919891938 15400.543025073814
4929 2957.8098922999734 15398.972051167115
4935 2775.5454787867825 15399.488454649047
4945 2807.2260333356667 15400.258605262747
4950 2914.7988333082503 15399.578793733035
4957 2749.422708705499 15398.853413132378
4983 2711.9337786527094 15397.942061582564
5005 2734.4267780848613 15398.488863794939
5022 2741.924477250129 15398.671131993702
5032 2726.9291056704824 15398.306596246486
5040 2766.6381689970895 15399.27191897918
5099 2683.090986321706 15397.204512811733
5106 2802.787822825608 15396.948835971456
5137 2690.5892743990466 15397.403449765994
5229 2645.5993830861667 15396.209823719895
5231 2719.4314420192572 15398.124328911064
5258 2675.5926459001744 15397.00557446873
5301 2653.0977326071143 15396.408762304314
5303 2668.0943350438174 15396.806636910122
5333 2585.613072096036 15394.618327916776
5339 2638.101103634666 15396.010886994487
5342 2608.107919937331 15395.215138344694
5396 2630.602775127146 15395.811948967574
5400 2600.6096361563 15395.016201504419
5410 2615.606220023015 15395.414075617547
5417 2555.619737487522 15393.82257526316
5430 2660.5960138925766 15396.607699078379
5433 2563.1180458604836 15394.021512755884
5436 2578.1147294996526 15394.419389516073
5437 2593.1113601739544 15394.817264871052
5450 2623.104497213413 15395.613012282965
5462 2369.6190847717344 15387.672109427642
5467 2377.119390806138 15387.788443529196
5555 2482.128941328356 15389.038508120568
5583 2474.628230708237 15388.952402016555
5591 2452.126026832466 15388.694082877802
5597 2444.6253073413045 15388.607976671952
5600 2399.6210197977293 15388.091339774403
5613 2437.1245969291226 15388.521870570328
5621 2570.616354982867 15394.220450268489
5625 2467.1274486074894 15388.866295091964
5630 2407.1217257945355 15388.177445825339
5660 2540.6230803920253 15393.424699207202
5662 2548.1213630633642 15393.623636018036
5664 2533.1247976392046 15393.225762394206
5702 2459.6267388708425 15388.780188998095
5709 2347.1180696326173 15387.323105617896
5712 1091.5681561601868 16814.85510565907
5719 2939.1175137454156 15405.724955729424
5721 2317.1166778401707 15386.857766611256
5724 2392.120269054162 15388.005233209784
5757 2429.623880677434 15388.435764401667
5766 2354.618367376669 15387.439439590862
5769 2414.622433203082 15388.263551892484
5773 2422.1231718743907 15388.349658318515
5780 2362.1187371996516 15387.555774681814
5787 2339.617752158238 15387.2067713389
5795 2681.7820512035914 17362.464670515354
5809 2309.616347352103 15386.741432130411
5819 2279.6151515089955 15386.276096163057
5828 2324.6170719698516 15386.974102079219
5831 2332.1173975664615 15387.090436484194
5834 2831.0473713802094 15400.757736795667
5836 2384.619746862429 15387.904778406619
5837 2938.503178626107 15412.959862652968
5838 2887.792395662708 15399.421808980771
5848 2847.3161433764803 15402.411951850387
5853 2842.7257178915415 15397.691719107957
5861 2272.11478249009 15386.159761084578
5875 1796.4945905576246 17282.95936922609
5876 2242.113316106254 15385.694420920981
5882 3655.8191019983296 16398.533457805097
5889 2302.116048899006 15386.625098146447
5894 4108.260389666079 15628.060461041152
5897 2257.114161184917 15385.927092738208
5898 4067.8037564363312 15654.772675469681
5903 1836.8031192702565 16356.147859716662
5908 1014.947030063508 16753.782683444624
5911 3502.6506271060225 17465.732113167454
5916 2878.9238418334476 15416.925834255882
5922 2880.0006573627356 15399.373715317477
5927 3369.6411482622016 16985.72905564885
5936 3276.4199686813613 15886.040002914498
5945 2000.1768818235319 15409.549246565202
5946 2863.9210576391574 15416.461014969704
5947 2294.61574867845 15386.50876413507
5956 1993.0205678526177 15406.073819927813
5962 4096.82769991349 16943.442116218714
5967 2936.8443679640295 15399.817450739096
5968 2264.6144604683673 15386.043426735052
5981 3168.969388003699 15407.650971284771
5982 2895.0003994007056 15399.461568307217
5985 2935.8290422839136 15396.51010081222
5986 2887.5005378671367 15399.417641867904
5987 2872.5007783133356 15399.329788775573
5989 2902.500317924041 15399.50549508032
5994 861.8540482178608 17071.410316048266
5996 3870.364110853455 16473.629139737997
5998 3154.026323388892 15406.310011160502
6004 3598.328806340748 15890.475206547068
6005 2871.4224189711513 15416.69342365962
6007 1893.333768416386 15402.504885910806
6012 4462.649652954308 15430.083022383247
6013 2287.115448872825 15386.392430130127
6014 2757.8923306644597 15399.059308661745
6015 2886.295488142538 15420.356030156285
6025 1441.9601391245844 15614.386085451937
6026 3553.4762302445115 17440.063402949534
6029 4397.553844092286 15757.355082989478
6035 3309.836359828152 14393.616703692478
6036 3612.650653520755 15320.318471877257
6041 2927.555043911045 17490.717694977568
6045 2706.142133268018 16361.749214485726
6051 1814.4870222058823 16359.655169976968
6052 2910.000206531973 15399.549421678208
6055 2871.311704437914 15419.886241558284
6056 1955.660183210076 17097.501614554167
6059 2942.3978775817823 15419.05393879089
6061 2042.0036666498163 16361.027424037075
6063 1957.8150803275348 16803.517789705056
6064 3524.7441795214886 17267.880916974693
6066 3753.5849511112583 17035.350257727536
6067 2865.00087733899 15399.285862105253
6071 2000.7107943764368 16358.535664894565
6072 4050.6906860248346 15661.473452201222
6073 1740.2493900708985 16295.041757759936
6074 2007.7023978611005 15409.834648871885
6076 969.2800085109551 15263.910542191265
6079 4065.3293624959433 15652.532314927792
6081 2878.8036023191635 15420.121136046311
6083 3374.9764001877606 17246.870639718025
6086 3100.2803830400035 15595.815584253145
6087 2227.11263208458 15385.461751601842
6088 3282.490610240584 17002.005425207346
6091 3537.6523783476086 15698.824151881623
6092 4442.426440554468 16298.610387710987
6093 2250.470264728813 17166.962609144743
6096 2949.6123186438867 15420.669982788528
6098 2312.3991141973233 16357.191089146132
6100 2258.0736766820905 15586.205793795458
6101 2165.88170016874 16363.646188486571
6102 3847.2328893509703 15253.29346129973
6103 4073.9834683441145 15617.0035687568
6105 2593.7241546733085 16965.812262220647
6106 3998.7725563167055 15488.686723237779
6109 2671.5320978724944 17099.280562821994
6112 2219.612282628603 15385.345416826794
6113 2917.500051366326 15399.593348019716
6114 3139.0833079943677 15404.969055453163
6115 2832.2618467438365 15431.521778563929
6116 3161.4978214593516 15406.980488150282
6117 4059.4115971074334 15590.969316846387
6118 2105.3227059145847 16362.365979746206
6119 2189.5085050517264 15540.241163518604
6120 3553.752385431251 16231.019132192894
6123 1493.317811300323 16499.949359570553
6124 2863.819787940509 15419.651346486584
6125 4024.164171651967 15521.2980289336
6126 2827.824508573042 15524.880627645387
6127 1316.0056474295952 15693.246365556422
6128 3608.892386669419 15956.370593186848
6129 3169.65724284413 15580.274353317945
6130 2261.889291016784 16356.267991121918
6131 1467.8801760015158 15576.835061050188
6132 2784.5702336702566 15396.506047346153
6133 1855.7211070919943 16072.621210167092
6135 2741.9915939118187 15395.471149852023
6136 3454.7296566109662 16057.1211623292
6137 3057.0235261980806 16126.807418123602
6138 1223.7540766055538 15697.281664167765
6139 2338.0832357376567 16313.66126664677
6142 2304.899307858893 16357.054025581521
6143 2707.004122524916 16880.62273177096
6146 2547.6763994042167 16923.022854541632
6147 1481.7962600564479 15585.381164697794
6149 3047.355992262145 16468.636867171277
6150 3705.6235532925575 15864.395177200431
6151 2638.185352662396 16941.004975093245
6152 2466.156949391589 16777.75306615917
6153 3389.5691575582237 17009.354301307212
6154 3147.846682013939 16631.164136626114
6155 1996.9290185459065 16780.796275116627
6156 3457.4106496840536 15399.711369425891
6157 3143.8899944817986 16624.792280409973
6158 4121.857965035517 16448.84918267527
6159 3511.9351062767864 16160.142285400629
6160 2751.960985595538 15395.713461455447
6161 2249.6137635381892 15385.810757215693
6162 2957.112227734365 15420.793604658154
6164 2234.612969082151 15385.578086183654
6166 3610.382215899186 16403.55840947274
6167 1858.1782096102459 16343.989579708166
6168 1361.589698089907 15675.171420415503
6169 2275.8486871249497 16626.46401517863
6171 3530.304375134205 16191.168684042263
6172 1893.6683555864556 15396.105116189196
6173 1895.8318953634027 15399.339547746196
6175 1714.2333320532518 15380.830177208147
6176 2338.795301715803 16280.10702093856
6177 2948.4565694767284 15406.13147356808
6178 3950.3517213349287 15726.509519946387
6179 2859.511048316737 16370.779643639076
6180 3831.206100093796 15203.06815879193
6183 2349.51108121331 16367.591263401551
6184 3311.4661757212943 15815.598134823005
6185 3165.168857009743 16629.04168241066
6187 1992.651359237276 15409.263844010162
6188 3170.098135617942 16647.39066337592
6191 4547.559820901157 15382.2533294282
6192 2000.488527135269 15406.357479811468
6193 3043.5147689191044 16462.194066220745
6194 1441.9296142370795 16641.94708711641
6196 2297.3788655442936 16356.916584881777
6197 2364.675551251125 16367.780802232164
6198 3706.8065825562244 15015.972652769233
6199 2852.060749246452 16370.992143578194
6201 1849.5413156380826 17375.801536764975
6202 2844.610531269046 16371.204641204355
6203 3051.200037002401 16475.078476635732
6204 1837.2391533793646 15383.071761174282
6205 2215.4599776451914 15403.962012027454
6206 3432.7449235240806 17046.073846224095
6207 2837.0616624818313 16368.217102339975
6208 3609.0510987855064 15320.435966555013
6209 1446.291152055224 15657.8851387291
6210 2336.0594765532887 16449.266846871258
6211 2949.601063344645 15398.910754654604
6212 2564.0819438286335 16371.49254906862
6213 2874.461549823656 16370.402788396637
6214 2357.015324035992 16367.68505800207
6215 3604.5138657831785 16410.420996109016
6216 2152.9857512553103 15385.698689916444
6217 2018.480898585342 15399.664013796493
6218 2849.2366165765407 15387.759292409017
6219 1781.844430442682 16307.474502350884
6220 4311.688356970521 17104.372599762482
6221 1431.696771032873 15627.476134693035
6222 2798.5809064919617 16360.595763596702
6223 2852.835485517789 15372.842954442554
6227 3053.7928809530295 16481.877592830493
6228 3572.6832757267143 16263.619779437144
6229 3471.9990239109106 16092.688712736066
6230 3061.814695260423 16510.072642731648
6231 3146.5548107601244 15405.639532864288
6232 3745.251303719711 15247.11025312995
6233 2199.5785159361235 17249.353032309955
6234 1087.899772118289 17296.329881565973
6235 3637.120015632698 16374.176817333095
6236 2233.1976498129197 16355.743633766477
6237 2314.768713488247 16366.793639300868
6238 1418.8756851836504 16065.438517626584
6239 2866.9614357117816 16370.571926499535
6241 2886.42528245974 15417.15824540251
6242 3049.302200729326 16485.811283908653
6243 2500.3383825234214 16865.885627535776
6244 2377.9733402447555 16367.947009647874
6245 906.9615371025865 15510.11788877008
6246 2319.898930852698 16357.328152899292
6247 2184.9890131140514 16354.862591337804
6248 3463.0471599441903 16077.568671640638
6249 4357.487198280585 16169.278734284255
6250 2645.202746058123 16914.671404265137
6251 3823.9679358165645 15221.531410070833
6252 3519.0368841163963 16165.851023499335
6253 2957.100973485765 15398.966757567845
6254 3641.894568763348 16375.848866732988
6256 1837.1596570398376 15386.27192287367
6258 3770.0105852738125 15825.770134889599
6260 2015.2280360626391 15410.120055811589
6261 2734.492593782574 15395.288882487772
6262 3036.102381658563 15422.09560850812
6263 2986.258865425431 16734.345503516557
6264 3409.5979162100034 15649.174477314687
6265 1281.93718775034 15681.487481099542
6266 3275.474417416131 15427.223807252522
6267 2160.4920290021505 15385.853983214753
6268 3701.7436496974974 16477.845080518586
6269 1350.022509975017 15666.91284858903
6270 2852.6360503595656 15380.341149277567
6271 3459.2214584760627 16071.106915336924
6272 2813.1188026108625 16351.802136980252
6273 3718.9115058681436 16505.23631943061
6274 3188.2631472187563 15425.1990257998
6275 3790.5256377165088 15147.310207150424
6278 2800.9875175080424 16369.870759347918
6279 2957.661438101097 17506.692319372996
6281 2091.5429941094885 15384.693918951085
6282 2964.600931353336 15399.022760837464
6283 2849.436053370377 15380.261036079617
6284 2852.4366158932644 15387.839318098264
6285 4576.110635911842 16126.383382136964
6286 4097.343059909581 15646.128618688903
6287 2835.4778921538964 16371.385066313505
6288 2849.6354882867586 15372.76285033717
6289 1446.1673816309117 15642.526898520602
6290 2193.9096635430446 15422.717268562215
6291 1975.1957108177028 16348.842248534536
6292 3693.6463785493243 15300.545981845684
6293 1428.1149574867356 16095.588977081099
6294 4111.545896977348 15638.149516162912
6295 1443.1401111115815 16529.61898968794
6296 2726.979532318908 15395.106273354973
6297 2167.9982993213453 15386.009276359395
6299 1426.570080400057 16257.443448743526
6300 3401.824795554742 15442.994141630024
6301 2823.8838582893377 15612.21312991802
6302 3647.325189302622 16390.901645626414
6303 2922.936095162666 16370.777291319291
6304 2854.880641309783 15293.007322275642
6305 3138.6759319414673 17433.649043719797
6306 3932.564221981109 15352.202647400172
6307 3097.742466563274 16186.198497457253
6308 3914.861160199258 15320.615323900882
6309 4213.017037092875 17125.835754817832
6310 3895.381002417758 16776.102141814375
6311 3943.163894511721 15737.218393456455
6312 3666.593184625312 16054.157155241619
6313 1603.3168710807615 16447.435063727342
6314 4037.2800825996037 15533.513607163508
6315 3171.5063257443226 16700.144266731255
6316 2977.5875202779534 16388.665276220512
6317 4131.194566340272 16115.93932745076
6318 2035.7101278857433 16169.916136312495
6319 4227.500374697231 15478.96357136607
6320 2741.131107408487 16371.293430779491
6321 2352.481805816754 15845.01617923795
6322 2857.008618925206 15173.890409151538
6323 3823.833377476141 16673.698129777124
6324 3194.098908023967 16730.74613538428
6325 3099.1495918679575 16464.865195579074
6326 3689.558496150193 16930.853297580656
6327 1107.7294485535535 15485.657541885163
6328 2849.8357178029814 15365.23478990023
6329 4356.404958025066 15720.088516537195
6330 2639.4791864112954 15873.688609200355
6331 2643.7194944495022 15952.608493058387
6332 3557.5318960640093 17434.36998253184
6333 3632.8583643718252 15986.99370360679
6334 4239.870545488939 16942.2324527796
6335 2970.578339683839 14444.552028719363
6336 3549.06891808185 15848.434594073811
6337 1122.606702880515 15867.733526449536
6338 3249.741852470183 16803.788137626612
6339 2347.1195656717164 15657.5040717388
6340 2404.1563928309088 17051.409228893695
6341 2019.6955433434728 15582.273410730997
6342 4741.070946673828 15784.183242342044
6343 3355.9579837133747 15550.885031147289
6344 1906.582026526957 16356.299735080209
6345 3488.5429146164447 16845.518065873555
6346 2926.2414003558324 15199.99436299344
6347 1027.1971426168545 16840.908678593445
6348 699.2030174881194 17077.06231039245
6349 968.060263372096 16024.7992401046
6350 1826.4167752688572 16309.38312663433
6351 3605.7677677519305 17349.220759573363
6352 2743.78155834504 17326.141006418227
6353 3677.6260022023002 15304.963369056046
6354 3406.884662942884 16332.124948845052
6356 2738.8930137067055 15951.336487020133
6357 3276.1973993097236 15981.610001839477
6358 1297.7834125466736 15726.043321754662
6359 2455.5204585506203 16368.916261463764
6360 4364.370956709681 14938.012347593924
