4885 2855.6590953911646 15441.663577642696
4896 2842.4775375302684 15492.70353505291
4900 2881.2590512606757 15599.442288869343
4929 3337.937112885743 15407.656858437804
4935 2854.1325316269595 15417.154132366142
4945 2850.1914982802487 15599.516219515359
4950 3256.781979522606 15407.037725034525
4957 2789.0879447971065 15399.817670430064
4983 2741.87590601343 15398.669951232561
5005 2772.943253048127 15399.425194842577
5022 2780.6680933400667 15399.612984815836
5032 2765.3448593072258 15399.240478770336
5040 2844.672461513156 15401.112434239707
5099 2725.623778380571 15398.274863891174
5106 2649.0559126564876 15470.51771807832
5137 2734.068510828219 15398.480154359404
5229 2683.08999822499 15397.204486596556
5231 2757.5975917571873 15399.052143593028
5258 2715.884273524677 15398.038097655586
5301 2824.1525639629635 15400.633682495547
5303 2707.5611945597834 15397.83576456944
5333 2617.6435203191936 15395.468127197275
5339 2675.589896872255 15397.005501534317
5342 2643.878963183891 15396.164179288542
5396 2668.058929762183 15396.805697573192
5400 2634.8939146094754 15395.92579711666
5410 2652.0056415746085 15396.379788055587
5417 2589.7721212375677 15394.728671579263
5430 2690.589338450221 15397.403451465334
5433 2598.7634419048727 15394.967220155935
5436 2608.4221882059182 15395.223476190817
5437 2625.851618120761 15395.685896101331
5450 2660.2507586969814 15396.598539118619
5462 2369.6190847717344 15387.672109427642
5467 2377.119390806138 15387.788443529196
5555 2544.6950422782525 15393.53273235919
5583 2579.1473052604265 15388.042274499005
5591 2490.571080573248 15388.639834786958
5597 2469.7888551499705 15388.896847310305
5600 2399.6210197977293 15388.091339774403
5613 2452.618472835993 15388.699736023076
5621 2814.364164746904 15400.432132411033
5625 2529.983955107795 15393.142432754086
5630 2407.247933033851 15388.178894649887
5660 2570.2598653208292 15394.21099224729
5662 2580.1220860487424 15394.472646658753
5664 2557.8463325762846 15393.881649019831
5702 2499.828807291146 15402.361032183873
5709 2347.1180696326173 15387.323105617896
5719 2939.1175137454156 15405.724955729424
5721 2317.1166778401707 15386.857766611256
5724 2392.120269054162 15388.005233209784
5757 2438.2806403391646 15388.535141632117
5766 2354.618367376669 15387.439439590862
5769 2415.7135920008636 15388.276078096691
5773 2426.135510858502 15388.395718871361
5780 2362.1187371996516 15387.555774681814
5787 2339.617752158238 15387.2067713389
5809 2309.616347352103 15386.741432130411
5819 2279.6151515089955 15386.276096163057
5828 2324.6170719698516 15386.974102079219
5831 2332.1173975664615 15387.090436484194
5834 3006.856567992494 15599.25297994077
5836 2384.619746862429 15387.904778406619
5837 2938.503178626107 15412.959862652968
5838 3223.953631813991 15406.78798064091
5848 3143.2149960475513 15579.633121280536
5853 3069.5981593724555 15596.545035932711
5861 2272.11478249009 15386.159761084578
5876 2242.1134391407722 15385.694422829318
5882 3768.4247736349057 16584.54952768615
5889 2302.116048899006 15386.625098146447
5897 2257.114161184917 15385.927092738208
5898 4185.513151934843 15588.833277849491
5903 1441.7359115991321 16542.445698050178
5916 2878.9238418334476 15416.925834255882
5922 2880.0006573627356 15399.373715317477
5927 3309.8416963857026 17281.12087378617
5945 1511.5144554920348 15552.352779280685
5946 2863.9210576391574 15416.461014969704
5947 2294.61574867845 15386.50876413507
5956 1475.677436671252 15587.398236669116
5967 2936.8443679640295 15399.817450739096
5968 2264.6144604683673 15386.043426735052
5982 2895.0003994007056 15399.461568307217
5985 2935.8290422839136 15396.51010081222
5986 2887.5005378671367 15399.417641867904
5987 2872.5007783133356 15399.329788775573
5989 2902.500317924041 15399.50549508032
5998 3239.199600525651 15357.247767794182
6005 2871.4224189711513 15416.69342365962
6007 1386.2819359671796 15666.81987115454
6013 2287.115448872825 15386.392430130127
6014 2799.8941983669415 15400.0803692034
6015 2886.295488142538 15420.356030156285
6025 1308.8994780507874 15270.969190516851
6035 2954.088147947255 14459.51768455635
6036 4137.696788414707 15245.555980948702
6041 3394.373834456576 17427.53351135748
6045 3139.4958910229307 16611.64379386527
6051 1256.6169638106364 16647.669444825544
6052 2910.000206531973 15399.549421678208
6055 2871.311704437914 15419.886241558284
6056 2403.966103066487 16873.10235848856
6059 2942.3978775817823 15419.05393879089
6061 1465.688172553574 16528.21231759796
6067 2865.00087733899 15399.285862105253
6071 1454.2123221498791 16534.408977154704
6072 4039.215631740838 15583.478843503608
6073 1814.6534196176376 16328.470433895434
6074 1862.070180937597 15736.660547482767
6079 4177.149757192956 15589.81925228898
6081 2878.8036023191635 15420.121136046311
6086 2894.026598153431 15420.623820341068
6087 2227.112800195609 15385.461754209342
6093 2333.5509111947217 17473.26468583648
6096 2949.6123186438867 15420.669982788528
6098 2312.3991141973233 16357.191089146132
6101 1862.4910168264848 16355.252399548397
6103 4593.287608488415 15358.454892838305
6105 2321.1699203248 16604.390101991947
6106 4382.771614792347 16179.764431139127
6112 2219.612445633293 15385.345419355092
6113 2917.500051366326 15399.593348019716
6114 3376.813970769606 15407.953430528016
6115 2832.4824749900176 15426.879896799339
6116 3220.4186972069583 15325.46965745686
6117 4577.32361066188 15361.88611697557
6118 1842.0806544769366 16746.22885129556
6119 2187.5187476188476 15422.594371790763
6124 2863.819787940509 15419.651346486584
6126 2832.1263537682044 15434.372466921845
6129 2981.2192654140513 15421.190963750534
6130 2289.899783925727 16356.779900074145
6131 1837.2391525277196 15383.071761158762
6132 2843.0289965747784 15397.69000566907
6135 2835.5291356092757 15400.83837459903
6136 3721.934594919609 16504.032198182384
6137 2883.250446783957 15987.881803670234
6138 979.4190822460268 16052.002514911434
6139 1877.4889493784372 16355.608659651582
6142 2304.899307858893 16357.054025581521
6143 3521.4332785058323 16432.454838431964
6146 2558.396822945432 16981.52114550934
6147 851.9050754842032 15776.51030778824
6149 2848.3913275031477 16371.096804060908
6150 4081.1065477215693 15643.37987538639
6152 2609.5358225835666 17003.114371402196
6153 3327.7582075911905 17313.09531729012
6154 3148.1086842231325 16651.440565299283
6155 1379.51334561461 17117.661010321455
6157 3147.207692667548 16630.135107114493
6159 3628.6116961818775 15909.315478505576
6160 2846.209409916584 15576.96331594156
6161 2249.6137635381892 15385.810757215693
6162 2957.112227734365 15420.793604658154
6164 2234.61312988531 15385.578088677805
6166 3121.2245425783535 16676.015830337805
6167 2267.4005806363502 16356.368713322834
6168 920.2708192591166 15923.236076979785
6169 1851.3950471205096 16865.49620156005
6171 3604.3020223431845 15923.611186039068
6172 1443.983128341997 15614.10498672241
6173 1459.3479731265045 15600.761890971593
6175 2130.466974984042 15385.232811200121
6176 1885.0091166901836 16355.787293311465
6177 3729.0009319863934 15257.676488138846
6179 2432.020624240111 16368.622539948688
6180 3376.0527799061224 15458.466355906616
6183 2310.222739811456 16366.697538047763
6187 1489.9001393875371 15576.37462691857
6188 3033.7106220691458 16470.67717339098
6191 4715.430706902572 15591.782839833451
6192 1477.6695935036544 15580.399933991932
6193 3136.3513118661554 16612.651973323347
6194 1467.7952077809723 15896.7317199315
6196 2297.399517161869 16356.916962302766
6197 2352.382325275834 16367.627150725055
6198 3492.440625546838 14672.013836152872
6199 2424.516306748478 16368.528744414894
6201 1825.179999297462 16794.130781479147
6202 2417.0143657332915 16368.434978584382
6203 3142.346064381414 16622.30593279533
6204 2137.9732569892126 15385.38810458653
6205 2215.4599776451914 15403.962012027454
6207 2812.2810157421027 15892.81223212449
6208 3340.47849593791 15233.381217483713
6210 2015.9624062162704 16770.003573450253
6211 2949.601063344645 15398.910754654604
6212 2386.80930160312 16368.057449233238
6213 2452.8255167492844 16368.882577720362
6214 2340.2798552550676 16377.964755196163
6215 3113.3828618692614 16595.33966572935
6216 2152.9857512553103 15385.698689916444
6217 1420.3661038953744 15648.203580998454
6218 2849.2366165765407 15387.759292409017
6219 2259.9006809748494 16356.231648052688
6220 4248.763123625107 17128.827839660167
6221 1676.2162993159595 15763.88538678906
6222 3158.125770551619 16632.479368506138
6223 2852.835485517789 15372.842954442554
6227 2833.1055156353 16371.332683122468
6228 3370.1776476376235 15917.737280208165
6229 3234.286522133388 15851.629983307947
6230 2810.9424220598976 15931.497893076204
6231 3414.4803663265757 15406.759454768257
6232 3406.7395876676005 15355.38391905785
6233 2553.905124830591 16967.687084593395
6234 660.6506453904506 17301.851493917107
6235 3398.5431781139346 15970.012390155414
6236 2282.400057777075 16356.64283797505
6237 1869.9899703509336 16355.430529297091
6238 1342.2524225583575 15685.820130765165
6239 2439.915332113405 16368.721214923457
6241 2886.42528245974 15417.15824540251
6242 2814.946616660439 16370.931726079352
6243 2158.992998081888 16363.500562279762
6244 2367.093764280711 16367.811027176964
6245 1214.5666659565402 15679.587096771911
6246 2319.898930852698 16357.328152899292
6247 2274.900320348376 16356.505775669808
6248 3196.3522259228557 15872.420639687194
6249 4473.576269163544 16355.394842113972
6250 2859.7166017085638 16352.997305394361
6251 3093.9954740912294 15416.030369744949
6252 3875.7061441724954 16671.48341551731
6253 2957.100973485765 15398.966757567845
6254 3915.4019631307006 16796.334279152095
6256 2503.2357578265896 15396.19892890331
6258 4100.93381294795 15632.127520440523
6260 1864.6883312993266 15635.597533430526
6261 2828.02688802098 15397.502769621691
6262 2964.612207249192 15420.917227688595
6263 3232.8637169030076 16409.616581058744
6265 1822.232272000904 15382.798284810993
6266 2972.1121406099155 15421.04084995827
6267 2160.4920290021505 15385.853983214753
6268 3460.5279493841763 16073.313628519221
6269 1829.7393165764438 15382.935088667691
6270 2852.6360503595656 15380.341149277567
6271 3764.0055505176356 15825.531415457028
6272 2813.1188026108625 16351.802136980252
6273 3466.4462840609403 16083.309922459997
6274 2213.505170881045 15405.37386044907
6275 3523.274509956721 15388.882187119621
6278 2402.013634556243 16368.247486305487
6279 2477.3770436492464 16824.339803645566
6281 2145.4795142291605 15385.543397460582
6282 2964.600931353336 15399.022760837464
6283 2849.436053370377 15380.261036079617
6284 2852.4366158932644 15387.839318098264
6285 4217.0925069306995 16072.438356017465
6286 4050.259683524789 15610.29875658285
6287 2409.513963163221 16368.341231982708
6288 2849.6354882867586 15372.76285033717
6289 1425.2789954173336 16277.480015208634
6290 2193.9096635430446 15422.717268562215
6291 2033.6327804750492 15823.57868398343
6292 3063.8724287705504 15418.832924085622
6293 1481.258648414058 15721.207790083923
6294 4096.948107281933 15646.35050164749
6295 1816.1048328157021 16348.513858316608
6296 2749.8044329555496 15398.862692804707
6297 2167.9982993213453 15386.009276359395
6299 1820.2657910753576 16333.661363540394
6301 2831.7702364906436 15441.864954059725
6302 3453.3350778020445 16061.064932137691
6303 2472.4907050844026 16369.220785534937
6304 2855.636615615239 15387.929328551229
6305 2647.224256888984 17089.487273088707
6306 4269.084425287868 16040.228240090739
6307 3608.895348752211 15956.376119277902
6309 3843.211860725782 16703.950672878156
6310 3621.171437373552 16347.120630622658
6311 3366.059250631772 16113.832580415276
6312 3930.276536248694 15738.485459856522
6313 1427.742574354082 15943.287084673206
6314 3904.1950258912407 15759.320401349762
6315 2604.5767590412106 16963.421540632236
6316 2516.737506728502 16370.318251535346
6317 3368.022515747417 16535.5547138141
6318 2237.0087719129356 16355.81328436232
6319 4121.700177745145 15632.444877932016
6320 2394.5133023885674 16368.15374058376
6321 2259.50860954412 16365.625448366822
6322 2855.836051326956 15380.431112906448
6323 3704.654074122398 16339.53494211298
6324 2841.159767737582 16368.100295081655
6325 2809.840582072196 16130.146090511284
6326 3909.2028198515204 16793.70112519778
6327 1022.9773926424482 15681.392852327124
6328 2849.8349238759884 15365.264639297558
6329 4103.522405440743 15642.65708470584
6330 2643.425697689832 16353.279049364986
6331 2819.2799233755045 15721.824917008804
6332 4142.841555929148 17093.552218701076
6333 3983.6266678997918 16182.923991690523
6334 3795.1530651796434 16627.55349570384
6335 2674.76446893595 14718.029734792864
6336 3632.9283561700463 15526.483735147714
6337 949.9819298151889 15958.375583191586
6338 2954.6216258058166 16377.2263110402
6339 2348.8087817912924 15995.973670756692
6340 2552.354733276911 16964.887323475814
6341 1852.0822249355615 16091.504869246848
6342 4498.6327147433585 15896.746914063768
6343 3270.9821904202518 15741.17498426499
6344 1841.4295959306594 15810.710662687705
6345 3211.5742204580883 16759.132493649657
6346 2856.035486680659 15372.932910721956
6347 1438.5907805978527 16532.3491547144
6348 1226.445746130866 17193.57163137739
6349 1237.792835995177 16255.407610013608
6350 1848.8002605383483 15483.779776547473
6351 3354.994694342101 16976.896833588195
6352 2605.999020012132 17029.333634764575
6353 3388.642473551091 15584.20899844034
6354 3603.01699704109 16315.857098059838
6356 2637.4437396823896 16075.222948509901
6357 3227.359610100381 15675.319246965548
6358 864.653178703669 15804.23347325231
6359 2378.1620025044003 16367.949367714065
6360 4547.5560279157025 15266.403984568653
6361 1478.3636008017163 16508.764787999757
6362 1657.8417833210556 17072.991504056674
6363 4244.404489177416 15925.690079472968
6364 3711.3287253512894 17527.50286196722
6365 1088.4542674195975 15673.2703575818
6366 2971.3284598043824 15601.410548459648
6367 4035.5129598950994 15091.61477619881
6368 3891.6201161785225 16059.905961825292
6369 2010.016493081242 15190.141715533822
6370 3987.2242685656975 15978.419461913243
6371 1867.412225672277 16344.699369102234
6372 3897.068802981727 16663.68162013964
6373 2966.2934706216242 17182.566247492407
6374 1046.0037892421735 16766.750266872205
6375 3556.910109195584 15855.059266060589
6376 3429.7064250683216 15393.15108270547
6377 3368.5999997868057 15908.12318591002
6378 4580.387180720234 17206.041965107946
6379 3808.4551968711394 15801.190708928643
6380 2687.7119952062058 17130.751683021077
6381 3226.329061602988 15852.342682728467
6382 1140.609622365469 17084.009295123742
6383 2407.944954597998 15519.373138546498
6384 2252.5584776963774 15180.232782098798
6385 2859.75891983151 15205.524314959734
6386 3083.0834336100143 17115.270351413325
6387 3703.9710519626956 17496.78104687849
6388 2919.5543710426405 16370.423688987348
6389 1466.7494001661303 17656.249988032814
6390 4663.687499946907 16258.73855851845
6391 1969.153954463398 16717.634585351043
6392 3296.803328264343 14367.995565826783
6393 3440.0662779678532 17492.344716547443
6394 1363.665508413158 16668.308829520996
6395 3558.00615295765 15346.083198934202
6396 2702.380026298327 15250.484806245566
6397 2961.9170716489903 15927.273236173716
6398 3422.696230482377 15404.093272088774
6399 2966.395964545961 15621.218471414833
6400 4320.311564739479 16055.741081276457
6401 3808.3026392329193 15183.9091076538
6402 3657.920803513226 16358.282851573937
6403 961.9876985272945 15269.472892763399
6404 4483.75308735762 17017.63902056398
6405 3209.353316756672 15307.709062961132
6406 3486.3951310147686 15740.58192472606
6407 3175.3602747513023 15251.219606821413
