4768 2828.622307717903 15770.20342263091
4885 2808.290533946113 15400.284483149358
4896 2817.311832854139 15400.503789881495
4900 2835.1666469724883 15400.831852549694
4929 3126.576044366508 15403.84667913873
4935 2797.837136695279 15400.03036227229
4945 2826.504648101158 15400.676002191214
4950 3102.8802905220864 15401.720270544583
4957 2765.5853069792347 15399.246324025407
4983 2713.8008759388345 15397.98745050145
5005 2744.399063455406 15398.731288897892
5022 2754.4096044247685 15398.974643990023
5032 2733.8399445539844 15398.474597939736
5040 2788.273193483928 15399.797863919957
5099 2687.110230458557 15397.311147310003
5106 2844.3548121598183 15401.06888553804
5137 2700.240336369719 15397.650732721158
5229 2645.5993830861667 15396.209823719895
5231 2723.407731714692 15398.22099205326
5258 2677.065131420405 15397.044640957183
5301 2653.187732607114 15393.208762304313
5303 2668.0943350438174 15396.806636910122
5333 2585.613072096036 15394.618327916776
5339 2638.101103634666 15396.010886994487
5342 2608.107919937331 15395.215138344694
5396 2630.602775127146 15395.811948967574
5400 2600.6096361563 15395.016201504419
5410 2615.606220023015 15395.414075617547
5417 2555.619737487522 15393.82257526316
5430 2660.5960138925766 15396.607699078379
5433 2563.1180458604836 15394.021512755884
5436 2578.1147294996526 15394.419389516073
5437 2593.1113601739544 15394.817264871052
5450 2623.104497213413 15395.613012282965
5462 2369.6190847717344 15387.672109427642
5467 2377.119390806138 15387.788443529196
5555 2482.128941328356 15389.038508120568
5583 2474.628230708237 15388.952402016555
5591 2452.126026832466 15388.694082877802
5597 2444.6253073413045 15388.607976671952
5600 2399.6210197977293 15388.091339774403
5613 2437.1245969291226 15388.521870570328
5621 2570.7063549828667 15391.02045026849
5625 2467.1274486074894 15388.866295091964
5630 2407.1217257945355 15388.177445825339
5660 2540.6230803920253 15393.424699207202
5662 2548.1213630633642 15393.623636018036
5664 2533.1247976392046 15393.225762394206
5702 2459.6267388708425 15388.780188998095
5709 2347.1180696326173 15387.323105617896
5712 1209.3074060685394 16751.943959465854
5719 2939.1175137454156 15405.724955729424
5721 2317.1166778401707 15386.857766611256
5724 2392.120269054162 15388.005233209784
5757 2429.623880677434 15388.435764401667
5766 2354.618367376669 15387.439439590862
5769 2414.622433203082 15388.263551892484
5773 2422.1231718743907 15388.349658318515
5780 2362.1187371996516 15387.555774681814
5787 2339.617752158238 15387.2067713389
5809 2309.616347352103 15386.741432130411
5819 2279.6151515089955 15386.276096163057
5828 2324.6170719698516 15386.974102079219
5831 2332.1173975664615 15387.090436484194
5834 2853.783578487105 15422.409670089864
5836 2384.619746862429 15387.904778406619
5837 2938.503178626107 15412.959862652968
5838 3075.138329218422 15400.613537138923
5848 2850.369287765862 15517.402562742258
5853 2854.077366023224 15464.310635062513
5861 2272.11478249009 15386.159761084578
5875 1831.1052101000578 17225.128607017814
5876 2242.1134391407722 15385.694422829318
5882 3745.7546426722715 16542.059612533816
5889 2302.116048899006 15386.625098146447
5894 4265.2577822399935 15540.823675212625
5897 2257.114161184917 15385.927092738208
5898 4067.8037564363312 15654.772675469681
5903 1680.1307308923756 16413.6328638944
5908 1039.7054326642435 16647.499678560816
5916 2878.9238418334476 15416.925834255882
5922 2880.0006573627356 15399.373715317477
5927 3488.2081904466195 17127.34849801999
5945 1949.3879068696308 15404.575623160881
5946 2863.9210576391574 15416.461014969704
5947 2294.61574867845 15386.50876413507
5956 1939.5217019492748 15400.29797448332
5962 4167.00267569787 17043.722392546337
5967 2936.8443679640295 15399.817450739096
5968 2264.6144604683673 15386.043426735052
5981 3168.969388003699 15407.650971284771
5982 2895.0003994007056 15399.461568307217
5985 2935.8290422839136 15396.51010081222
5986 2887.5005378671367 15399.417641867904
5987 2872.5007783133356 15399.329788775573
5989 2902.500317924041 15399.50549508032
5994 872.1400031126601 17094.02699767269
5996 3932.327168737251 16512.82826502356
5998 3154.026323388892 15406.310011160502
6004 3652.3051334943307 15821.559882840531
6005 2871.4224189711513 15416.69342365962
6007 1859.1682108096197 15401.488408344057
6012 4412.483556856658 15466.575941782308
6013 2287.115448872825 15386.392430130127
6014 2777.7549483429725 15399.542166598187
6015 2886.295488142538 15420.356030156285
6025 1439.4820175935392 15614.729793180457
6026 3517.862316703071 17408.514327704466
6029 4534.887576301816 15724.602429222887
6035 3240.517464175013 14292.421192501333
6036 3828.7040680475707 15204.042580444395
6041 3049.70800664029 17464.457899595618
6045 2820.361584509629 16358.479618612537
6051 1646.5425359376711 16427.629754607427
6052 2910.000206531973 15399.549421678208
6055 2871.311704437914 15419.886241558284
6056 2131.393327234602 16996.95806168206
6059 2942.3978775817823 15419.05393879089
6061 1874.4421017634813 16355.536284993146
6063 1836.8445176765301 16867.18709716363
6064 3725.698439868895 17154.245598781974
6066 3678.4686940169713 17081.307434340957
6067 2865.00087733899 15399.285862105253
6071 1857.6590866059828 16355.325555127914
6072 4059.761497243928 15655.93310376526
6073 1740.2493900708985 16295.041757759936
6074 1979.1642747216777 15407.807248825973
6076 1058.1950239692862 15229.725348380749
6079 4066.163772683458 15652.022666665285
6081 2878.8036023191635 15420.121136046311
6086 3091.8540015504586 15514.825443477044
6087 2227.112800195609 15385.461754209342
6088 3190.199092349899 17057.217758470753
6092 4572.84559551131 16536.651329040662
6093 2191.3034070480157 17228.64349634623
6096 2949.6123186438867 15420.669982788528
6098 2312.3991141973233 16357.191089146132
6101 1945.1194172232688 16357.215150237487
6102 3830.390293041333 15224.141642207986
6103 4144.69574589368 15607.8348135504
6105 2583.273004738754 16967.974314709667
6106 4108.722879960123 15686.15047370045
6109 2801.6931189964994 17300.745579309383
6112 2219.612445633293 15385.345419355092
6113 2917.500051366326 15399.593348019716
6114 3139.0833079943677 15404.969055453163
6115 2832.4824749900176 15426.879896799339
6116 3161.4978214593516 15406.980488150282
6117 4111.245752601016 15626.403254838013
6118 1897.8194690664786 16356.091589749896
6119 2187.5167590389733 15422.688350602599
6120 3474.985992649843 16097.733817336773
6123 1679.341948784974 16402.315611276477
6124 2863.819787940509 15419.651346486584
6125 4109.705888580791 15492.617136183137
6126 2832.1263537682044 15434.372466921845
6127 1302.4431388248963 15777.411917009842
6128 3530.435368786413 15818.18225211476
6129 3092.633921037828 15593.298946907373
6130 2289.8987440903716 16356.779881070515
6131 1587.5443657218664 15448.877451919678
6132 2838.4575455641475 15397.691335267096
6133 1893.546825135688 16113.90144355413
6135 2814.6065935335864 15397.236097759496
6136 3540.1719420960635 16201.544660433063
6137 2998.7532386505754 16034.521180962023
6138 967.9563925998809 15720.745859748826
6139 2285.4959826048566 16366.174817829462
6142 2304.899307858893 16357.054025581521
6143 2928.8755212730466 16760.155382071393
6146 2564.500292891794 16949.32619417237
6147 1304.7518635101915 15695.42897549807
6149 3047.355992262145 16468.636867171277
6150 3902.7072765966823 15753.536964337845
6151 2596.426169488978 16964.304663226772
6152 2567.8464317164535 16936.740615756826
6153 3504.197120775156 17152.084148855545
6154 3147.846682013939 16631.164136626114
6155 1852.075227361337 16865.100068521646
6156 3394.420557516972 15335.966039404562
6157 3143.8901778468576 16624.79257570137
6158 4186.778400996704 16556.51303544066
6159 3459.613560390641 16071.76919048812
6160 2827.2674747863275 15397.48904093334
6161 2249.6137635381892 15385.810757215693
6162 2957.112227734365 15420.793604658154
6164 2234.61312988531 15385.578088677805
6166 3465.004277300658 16482.986588647927
6167 2062.6533795194114 16352.464683222814
6168 1121.9858382510063 15691.145427026615
6169 2098.856199389137 16723.214928808193
6171 3466.723810650533 16083.778675499063
6172 1865.8547555517025 15395.28216444514
6173 1866.8896009257944 15398.51747425096
6175 1847.7915612424965 15382.490425100734
6176 2310.221159122227 16366.697504632213
6177 3173.4286233947278 15406.43
6178 4057.0556173657446 15661.33737722436
6179 2822.405414651193 16371.096419852456
6180 3814.794497327338 15226.488751678986
6183 2349.51108121331 16367.591263401551
6184 3280.33267035056 15722.594227994861
6185 3373.6017464525335 16514.213680959816
6187 1920.3344876521296 15402.905307254709
6188 3170.098135617942 16647.39066337592
6191 4616.830129987339 15388.468074204484
6192 1962.277888220883 15402.757777372492
6193 3043.5147689191044 16462.194066220745
6194 1419.0604410085946 16421.268991041277
6196 2297.399517161869 16356.916962302766
6197 2364.511797834769 16367.778755498519
6198 3645.9791793744084 14917.968358117583
6199 2799.5396957031026 16370.591534007184
6201 1835.1155147527772 17326.658998896688
6202 2769.777196888666 16370.891831866133
6203 3051.874165790104 16476.208716780508
6204 1867.261224165095 15379.929715748161
6205 2215.4599776451914 15403.962012027454
6206 3569.4608133695183 17251.35295193033
6207 2830.4302879798774 16367.666035261831
6208 3503.7923197336468 15377.09187369979
6209 1440.734576547309 15642.402202455261
6210 2332.616731168924 16582.974439125202
6211 2949.601063344645 15398.910754654604
6212 2407.0396150550555 16368.310305412522
6213 2857.042814564148 16370.850043433395
6214 2357.0114474184415 16367.685009548706
6215 3450.1199347412658 16491.05451781468
6216 2152.9857512553103 15385.698689916444
6217 1884.5540688702122 15395.84549960993
6218 2849.2366165765407 15387.759292409017
6219 1867.4699055879123 16344.699948799878
6220 4295.179142114771 17110.958022587034
6221 1456.2863818884866 15658.244184816518
6222 2896.2516197827053 16355.093280394001
6223 2852.835485517789 15372.842954442554
6227 3051.260764124887 16485.934098019203
6228 3484.62044729614 16114.006780233172
6229 3446.0580622246925 16048.98816943779
6230 2877.4066175992757 16367.135749340861
6231 3146.5548107601244 15405.639532864288
6232 3644.665299076674 15301.267378252332
6233 2192.030547500718 17179.651179174172
6234 967.830879399085 17372.820475531265
6235 3551.9155551997874 16227.855950034585
6236 2282.396258148091 16356.642768534499
6237 2159.069239749569 16363.502174018044
6238 1463.748777929748 15898.488848335839
6239 2841.3836507192086 16371.296679378112
6241 2886.42528245974 15417.15824540251
6242 3042.0241860156516 16477.8685093445
6243 2368.231482078306 16657.986433699632
6244 2372.0121467763083 16367.8725014299
6245 970.1115438518538 15599.294413540909
6246 2319.898930852698 16357.328152899292
6247 2274.8751633881434 16356.505315910917
6248 3434.1617337520565 16029.9739972376
6249 4288.159928382634 16040.512138109678
6250 2832.369737842187 16787.568136856517
6251 3677.1857126537334 15305.202491410233
6252 3629.4485122501183 16354.994294760823
6253 2957.100973485765 15398.966757567845
6254 3721.7313044062803 16503.707812896282
6256 1863.1877453956254 15385.50884777652
6258 3964.033977107665 15718.152731120957
6260 1997.7732962856592 15409.458091506413
6261 2798.1760918235414 15396.836745287377
6262 2964.612207249192 15420.917227688595
6263 3169.360334199306 16626.744228621497
6265 1470.928230294001 15573.575460467608
6266 3020.5715230425053 15421.83961156791
6267 2160.4920290021505 15385.853983214753
6268 3633.51819529254 16368.273946036541
6269 1502.4755810278923 15539.838606408099
6270 2852.6360503595656 15380.341149277567
6271 3518.550995252808 16023.449116521044
6272 2813.1188026108625 16351.802136980252
6273 3651.545642201859 16397.754380634255
6274 2924.382165199395 15416.787080178201
6275 3827.8570891859454 15200.867172674476
6278 2628.8267958117117 16372.582379088992
6279 2865.814893490932 17422.947421526263
6281 2145.4790623639433 15385.54338811219
6282 2964.600931353336 15399.022760837464
6283 2849.436053370377 15380.261036079617
6284 2852.4366158932644 15387.839318098264
6285 4521.417582781984 16027.959130845697
6286 4096.948083344489 15646.350515095459
6287 2731.5895717645885 16371.42719669365
6288 2849.6354882867586 15372.76285033717
6289 1496.7319481758664 15804.466937753014
6290 2193.9096635430446 15422.717268562215
6291 2018.7588639541684 16300.425927159236
6292 3603.03629208156 15345.473227035305
6293 1422.587143529542 16128.103794916184
6294 4103.487674787457 15642.676596261315
6295 1582.5309212700097 16447.35870050782
6296 2726.979532318908 15395.106273354973
6297 2167.9982993213453 15386.009276359395
6299 1492.9144802126884 16285.227495372428
6301 2831.7094921040416 15443.142978362366
6302 3578.326270511073 16273.337509533025
6303 2869.872877983201 16370.506269388838
6304 2855.636698435958 15387.926214727711
6305 2950.5620014898136 17508.553792826908
6306 4045.7421472035517 15573.09131200511
6307 3162.830754535313 16211.609875102165
6308 4030.609081411535 15539.492616157802
6309 4116.292251819317 16964.60887101464
6310 3771.5935802115046 16589.647917773906
6311 3701.1954670258547 15874.392509571337
6312 3612.5163508454943 15963.131496718644
6313 1451.8778873336216 16535.29310599193
6314 4037.2798000253742 15533.51375269017
6315 3104.3658085172615 16685.10945196559
6316 2883.96595487365 16370.188450719188
6317 3922.559979920499 16229.781687444201
6318 2022.8226748191296 16286.221221518606
6319 4261.285367073356 15536.447093405772
6320 2515.6419884567304 16370.291079084198
6321 2344.986878448467 16013.017480447543
6322 2856.601207402847 15351.663420252202
6323 3745.5230615755495 16547.72089852088
6324 3154.1186322017365 16665.588424862868
6325 3019.676976528845 16442.373204783635
6326 3785.6771879112057 16873.411963668834
6327 999.4458528555042 15517.419050767166
6328 2849.8349238759884 15365.264639297558
6329 4303.982934551778 15622.026626077837
6330 2637.653779619747 16062.595372042053
6331 2725.5442068901534 15951.488557153412
6332 3707.1216881179766 17352.15991796902
6333 3699.2161032990894 16106.174087684858
6334 4128.289102154258 16953.996922109614
6335 2889.306204392949 14518.375500076037
6336 3449.3101361810686 15689.54718689163
6337 1229.9050598285316 15813.613282018194
6338 3170.1557259629303 16697.950231830433
6339 2347.6248833665127 15742.76928201369
6340 2551.8186495602968 16965.21785139318
6341 1888.0754841948485 15580.947668748184
6342 4502.033543829626 15914.703893362394
6343 3308.6368033990952 15495.948577078503
6344 1842.5959870287843 16344.917880843666
6345 3450.9852664192076 16901.46947295527
6346 2859.4013468258595 15231.923250484479
6347 1020.9932800964777 16768.027494533926
6348 833.6355463229849 17255.568288518945
6349 1012.3678428332635 16223.43180051273
6350 1832.39314703557 16151.98360412574
6351 3532.1380311523058 17229.444884788023
6352 2710.7054400624097 17342.039459350653
6353 3576.036481980189 15360.139658875885
6354 3463.512330329521 16426.699615882004
6356 2794.233046306885 15953.908706388673
6357 3279.2292251331924 15893.497287432754
6358 1261.7267858796702 15698.915832175928
6359 2384.986841016301 16368.034670524346
6360 4403.99043301452 15010.307410507316
6361 1560.5570694094813 16924.46902603084
6362 1568.405874131933 16837.485278403117
6363 4380.804459041203 15902.23697736232
6364 3548.563886483035 17502.00602012793
6365 931.9618775463193 15554.214530619067
6366 3045.0064776424674 15671.520789748669
6367 3594.8248770053583 15326.273100604003
6368 3891.353098110818 16053.492411064732
6369 2102.809208486956 15354.628449879126
6370 4265.969783241566 16007.087451962634
6371 1857.5522623079898 15993.811035165932
6372 3848.416777763312 16686.08408280172
