4768 2817.389399981101 15400.505675529372
4885 2772.403174299887 15399.412065590728
4896 2779.9009230488095 15399.594334994865
4900 2794.8963415472685 15399.958871882673
4929 2809.8917309911794 15400.323408064167
4935 2764.9054959388895 15399.229797897713
4945 2787.3986777720493 15399.776604544237
4950 2802.3940626076023 15400.141140613703
4957 2749.42214619536 15398.853399457821
4983 2711.9337786527094 15397.942061582564
5005 2734.4267780848613 15398.488863794939
5022 2741.924477250129 15398.671131993702
5032 2726.9291056704824 15398.306596246486
5040 2757.4078235370275 15399.047530349564
5099 2683.090986321706 15397.204512811733
5106 2767.79313148002 15392.89643593822
5137 2690.5892743990466 15397.403449765994
5229 2645.5993830861667 15396.209823719895
5231 2719.4314420192572 15398.124328911064
5258 2675.5926459001744 15397.00557446873
5301 2653.0977326071143 15396.408762304314
5303 2668.0943350438174 15396.806636910122
5333 2585.613072096036 15394.618327916776
5339 2638.101103634666 15396.010886994487
5342 2608.107919937331 15395.215138344694
5396 2630.602775127146 15395.811948967574
5400 2600.6096361563 15395.016201504419
5410 2615.606220023015 15395.414075617547
5417 2555.619737487522 15393.82257526316
5430 2660.5960138925766 15396.607699078379
5433 2563.1180458604836 15394.021512755884
5436 2578.1147294996526 15394.419389516073
5437 2593.1113601739544 15394.817264871052
5450 2623.104497213413 15395.613012282965
5462 2369.6190847717344 15387.672109427642
5467 2377.119390806138 15387.788443529196
5488 4217.51515269147 15202.102277213744
5555 2482.128941328356 15389.038508120568
5583 2474.628230708237 15388.952402016555
5591 2452.126026832466 15388.694082877802
5597 2444.6253073413045 15388.607976671952
5600 2399.6210197977293 15388.091339774403
5613 2437.1245969291226 15388.521870570328
5621 2570.616354982867 15394.220450268489
5625 2467.1274486074894 15388.866295091964
5630 2407.1217257945355 15388.177445825339
5660 2540.6230803920253 15393.424699207202
5662 2548.1213630633642 15393.623636018036
5664 2533.1247976392046 15393.225762394206
5702 2459.6267388708425 15388.780188998095
5709 2347.1180696326173 15387.323105617896
5712 1117.2592889148038 16726.462362310926
5719 2939.1175137454156 15405.724955729424
5721 2317.1166778401707 15386.857766611256
5724 2392.120269054162 15388.005233209784
5757 2429.623880677434 15388.435764401667
5766 2354.618367376669 15387.439439590862
5769 2414.622433203082 15388.263551892484
5773 2422.1231718743907 15388.349658318515
5780 2362.1187371996516 15387.555774681814
5787 2339.617752158238 15387.2067713389
5793 3379.9956636876095 15407.97770207079
5795 2691.176881782116 17147.46028017681
5809 2309.616347352103 15386.741432130411
5819 2279.6150407413716 15386.276094444987
5825 3255.67923394142 15401.530992749385
5828 2324.6170719698516 15386.974102079219
5831 2332.1173975664615 15387.090436484194
5834 2774.9937644325646 15396.27328594107
5836 2384.619746862429 15387.904778406619
5837 2938.503178626107 15412.959862652968
5838 2797.490831992476 15396.820089666484
5848 2789.9917759717146 15396.637820943757
5853 2782.492765374544 15396.455553325075
5861 2272.1146646201887 15386.159759256347
5875 1615.7406295366993 16998.48521074986
5876 2242.113316106254 15385.694420920981
5882 3631.1625360593844 16357.94599352945
5889 2302.116048899006 15386.625098146447
5894 3935.719194793027 15357.831517983015
5897 2257.113984282413 15385.927089994348
5898 4067.7516053341064 15654.804528093659
5903 2082.593381438698 16361.885484978833
5908 1287.0213931779194 16630.47876124018
5911 3414.032264135517 17459.995480257014
5916 2878.9238418334476 15416.925834255882
5922 2880.0006573627356 15399.373715317477
5927 3180.0266502612367 16681.1679182624
5936 3259.6059963502885 15932.993249529693
5937 1463.0930110179604 17424.62668221071
5945 2000.176989745091 15409.549250658085
5946 2863.9210576391574 15416.461014969704
5947 2294.615647032924 15386.508762558487
5956 2006.1732397677943 15406.573405590241
5962 3810.036360895243 16645.43819567356
5967 2936.8443679640295 15399.817450739096
5968 2264.614315928956 15386.04342449316
5978 2053.4288273817847 17852.9910006249
5981 3168.9676123466484 15407.65081194093
5982 2895.0003994007056 15399.461568307217
5985 2935.8290422839136 15396.51010081222
5986 2887.5005378671367 15399.417641867904
5987 2872.5007783133356 15399.329788775573
5989 2902.500317924041 15399.50549508032
5994 809.9632623305579 16911.74052938752
5996 3673.7630715428504 16427.166174596143
5998 3138.823198268842 15404.9457137372
6004 3443.931288092322 15675.595674435377
6005 2871.4224189711513 15416.69342365962
6007 1981.1653991127562 15404.799400397835
6012 4129.3393307083625 15620.012169033944
6013 2287.115345102803 15386.392428520594
6014 2756.9896964910617 15395.83568706749
6015 2886.295488142538 15420.356030156285
6025 1620.3380780356083 15426.577657618907
6026 3842.885268768354 17273.381091580162
6029 4171.959472640394 15794.2726408581
6035 3454.299329093635 14614.612544823365
6036 3139.047018636904 15406.630691425757
6041 2693.4011048205134 17133.193809517215
6044 3702.908744411941 17358.459522498633
6045 2325.4876488013574 16357.747982728608
6050 2340.799841175416 15750.989474184129
6051 1869.9899662451721 16355.430529199562
6052 2910.000206531973 15399.549421678208
6055 2871.311704437914 15419.886241558284
6056 1843.433679646426 16985.375961696693
6059 2942.3978775817823 15419.05393879089
6061 2356.3975261081832 16367.677336222376
6062 1052.4021319634244 16891.558675024975
6063 2290.1459354729013 16618.3402714418
6064 3388.5548970420145 17331.406828180876
6066 3909.396416448794 16960.19299557132
6067 2865.00087733899 15399.285862105253
6071 2345.885198888446 16367.507861777542
6072 3694.060388365797 15871.398128199548
6073 1862.4910004612443 16355.252399159659
6074 2007.717441535704 15409.835219397468
6076 1028.0139850646315 15404.58584335017
6079 3767.276053325345 15823.65196310076
6080 3020.9198027957823 17144.93165127696
6081 2878.8036023191635 15420.121136046311
6083 3437.655118883377 17056.33117022745
6086 3273.0857418673786 15750.97914933121
6087 2227.11263208458 15385.461751601842
6088 3283.9708599424393 16860.78039385218
6091 3697.006585827436 15706.812960759265
6092 4253.656998412658 16038.71708078148
6093 2570.2196868687092 16963.619679267074
6096 2949.6123186438867 15420.669982788528
6098 2242.8979340519195 16355.92091241549
6100 2285.2012276009636 15735.006609800053
6101 2372.0120814624856 16367.87250061355
6102 4058.5030875096163 15625.340446575323
6103 3880.5654354062544 15259.421945770675
6105 2593.7241546733085 16965.812262220647
6106 3830.419605871351 15203.333127433716
6109 2595.2741935415443 16968.612214794008
6112 2219.612282628603 15385.345416826794
6113 2917.500051366326 15399.593348019716
6114 2948.258561624334 15398.983840200783
6115 2813.5474047936127 15856.213301372807
6116 3160.668189101712 15406.906038635536
6117 3863.407936555173 15228.808062515553
6118 2364.5117536909174 16367.77875494677
6119 2332.906472547593 15853.772029923004
6120 3658.091128331362 16408.19767492717
6123 1429.5032387159833 16211.923268169683
6124 2863.819787940509 15419.651346486584
6125 3844.772248708686 15205.630106818093
6126 2811.066239793737 15927.91953249166
6127 1670.956388092129 15403.594321810737
6128 3300.0274159962346 16138.582125188355
6129 3395.482107170903 15964.371112963827
6130 1893.5743113974866 16345.387241050967
6131 1153.3067318837293 15672.796959663332
6132 2767.4946824094914 15396.091016586342
6133 1866.2182141019389 15583.85275533116
6135 2741.9915939118187 15395.471149852023
6136 3274.3478954687835 15746.836441010584
6137 3015.2964021684197 16292.02814388521
6138 1642.204863333841 15416.869972988889
6139 2349.9743451724194 15875.392894637409
6140 2856.1764533145742 15233.005921960243
6142 2019.2441172960284 16350.69978947175
6143 2552.3547625149913 16964.887305448778
6146 2335.14531070411 16513.19156612968
6147 1865.1502233942163 15401.6690841772
6149 3047.3558642333273 16468.636652431305
6150 3589.9302026820246 15985.29665763713
6151 3078.141415785241 16695.61503140916
6152 2343.0324509171637 16409.296959739633
6153 3257.081642610279 16814.610085669417
6154 3147.8463419322024 16631.16358895792
6155 2320.3832069223204 16604.837115145845
6156 3672.295978829029 15284.058735364166
6157 3008.210528882807 16390.473995697943
6158 4001.877395480063 16234.720901670526
6159 3650.12369308059 16395.485667073615
6160 2749.490621116699 15395.653417874364
6161 2249.6136441140284 15385.810755363356
6162 2971.006307985746 15421.022622391129
6164 2234.612969082151 15385.578086183654
6166 3634.929278790775 16364.432653645765
6167 1544.4366213830658 16286.46942396026
6168 1658.180119091529 15401.221881190826
6169 2460.7684183438378 16810.37773412794
6171 3654.1073990296263 16401.84165237083
6172 2166.446988291024 15398.455200507502
6173 1994.5549309293176 15406.132100541747
6174 4009.729979922899 15039.52851042086
6175 1435.904633965868 15640.139846104823
6176 2350.846404335852 15851.329219065794
6177 2497.504473997165 15396.135816095504
6178 4078.8570213508883 15639.131416394453
6179 2993.2307886192166 16406.377126888907
6180 3755.773061283683 15088.678094120858
6181 4130.273955009279 15615.840500575694
6183 2387.012801917427 16368.059992758432
6184 3422.2972392818165 16074.428382888624
6185 2749.932620530771 16856.977201462458
6187 1992.651359237276 15409.263844010162
6188 3224.1919334864865 16617.109995552222
6190 2332.886898106117 15973.176997339697
6191 4231.626387655414 15563.238445108847
6192 2187.039802842678 15419.640157377476
6193 3042.8798473756287 16461.12912602891
6194 1590.918969488711 16998.0191369314
6195 3666.801227053074 17554.007460005236
6196 1923.2331006937063 16346.642688025657
6197 2402.0220750778003 16368.24759180252
6198 3816.623793127688 15202.072499199354
6199 2862.0528315461693 16370.70714604181
6201 2159.56317632278 17210.85929393516
6202 2844.6124903378172 16371.204585327134
6203 3051.200037002401 16475.078476635732
6204 1737.4674194049833 15381.253581215486
6205 2215.4599776451914 15403.962012027454
6206 3239.008284084713 16783.98980816644
6207 2837.2116180503826 16368.212828194304
6208 3812.0313598905736 15211.20724057068
6209 1428.0108154174422 16002.165048322118
6210 2379.512459963375 16367.966246914388
6211 2949.601063344645 15398.910754654604
6212 2821.0643383661572 16309.063623293141
6213 3062.6247856202026 16484.756379426148
6214 2394.513188684323 16368.153739162586
6215 3666.0585377160237 16420.90964151146
6216 1993.6138018325219 15384.761760442098
6217 2570.9489014033547 15409.529075653818
6218 2849.2366165765407 15387.759292409017
6219 1433.186154226753 16283.787758710478
6220 4343.650582998986 17088.77557799502
6221 1075.3550709221909 15677.89127401649
6222 2534.835847525971 16361.612311181623
6223 2857.0857636439487 15190.561680320161
6227 3053.7928809530295 16481.877592830493
6228 3662.074846656718 16414.553679970748
6229 3641.435522198127 16376.864034721872
6230 3248.2637263263714 16819.222487097282
6231 3059.9117048098738 15400.217662369363
6232 3877.8259574122208 15307.367282985508
6233 2311.8094403448686 17442.440407100425
6234 1505.4834659243684 17052.716634758417
6235 3731.152974668835 16524.767528989967
6236 1854.0921002217108 16344.979341696384
6237 2451.125484224554 16789.516524781513
6238 1426.5111535250571 16504.44786079613
6239 3046.7290861426636 16484.727991883472
6241 3002.4864348393867 15421.541512965772
6242 3049.302200729326 16485.811283908653
6243 2422.6999658898394 17040.962973075893
6244 2784.5919117587778 16370.68413952482
6245 1049.1679225216508 15403.746401803552
6246 2313.980271118603 16357.219985759466
6247 1821.2168427362496 16347.708630987736
6248 3619.273544601459 16343.852293433823
6249 4444.236899105916 16378.110843224486
6250 2246.9998137761236 17148.219916762773
6251 3814.016383040436 15187.319964308947
6252 3355.5367509181247 15884.280997377396
6253 2957.100973485765 15398.966757567845
6254 3627.3624820041705 16351.401968402814
6256 1553.832486497428 15489.609612199103
6258 3613.924302669502 15971.907183008048
6260 2174.3351852609826 15412.399225553032
6261 2734.492593782574 15395.288882487772
6262 3091.465489827224 15566.295614233595
6263 2625.152743709843 16933.02302608063
6264 3244.823827315621 15697.913742066003
6265 1015.4798931009876 15654.658624882168
6266 3671.567337924137 15308.253844767174
6267 2101.2033549861667 15384.732052048175
6268 3618.319924965841 16609.62818470898
6269 882.6579352619492 15740.012306659357
6270 2852.6360577771097 15380.340870398997
6271 3522.2286911897622 16177.528544562081
6272 2813.1188885103725 16351.802256966868
6273 3752.3991887029083 16541.761238594412
6274 3642.0862624253346 15324.265090548919
6275 3648.142357683205 14915.385221714383
6277 2144.106491825026 15187.657134592113
6278 2822.7445575283964 16006.40387882964
6279 3327.654357225177 17355.43712480469
6281 1875.6646548008537 15365.903723042322
6282 2964.6013805787693 15399.022764191895
6283 2849.550849282111 15375.945036232291
6284 2852.4366158932644 15387.839318098264
6285 4611.13287307959 16285.418501878034
6286 4411.6645594650745 15467.03488238744
6287 2837.160328046199 16371.417138409679
6288 2855.7094029238524 15254.632266952833
6289 1209.453051074114 15682.448920765415
6290 2193.4105725250697 15449.075766838594
6291 1829.5174575969645 16538.274742023597
6292 3759.7723797158487 15456.076336935394
6293 1554.9122995931825 15874.74036578372
6294 4451.830827130771 15444.526958213604
6295 1224.9871833088828 16654.59935678488
6296 2726.979532318908 15395.106273354973
6297 2167.9982993213453 15386.009276359395
6299 1522.9439834396926 16035.937821943075
6300 3188.19840230045 15557.49749505688
6301 2755.0676141995946 15808.101757664343
6302 3802.5768220404943 16639.497805802403
6303 3153.9888984969884 16671.687393508866
6304 2835.949921338012 15124.519379444313
6305 3371.4107200783264 17374.287682403865
6306 3732.208881430057 15255.949702138529
6307 2964.7715643883867 15950.944297788454
6308 3832.5772559192073 15227.389354287821
6309 4302.154887319988 17360.73280022274
6310 4142.444281924308 16952.174410717886
6311 4034.5791680561015 15559.69328192263
6312 3789.1134755135145 16285.072213424442
6313 1825.5193246710157 16422.180345003555
6314 4104.626688257363 15462.022314109221
6315 3370.0767907238987 16950.058578959117
6316 3184.737118397476 16639.19604232341
6317 4285.888816531623 16002.692433181024
6318 2253.817937016819 16171.110979947136
6319 4103.786972611772 15192.607153026336
6320 2821.618961562715 16109.672313432558
6321 2507.2702476323916 15505.278180574182
6322 2856.4687031672693 15125.854023583466
6323 3754.109486438088 16555.466304583515
6324 3461.8082955067857 17114.31393375655
6325 3161.6527075318068 16288.645415572106
6326 3500.0310124968287 17046.97059708765
6327 1310.022980749875 15363.807484114073
6328 2854.1546694796975 15111.097746481006
6329 4223.1359529530155 15844.891474094338
6330 2636.264581835359 15929.370989055988
6331 2632.8938120005955 16156.33044285308
6332 3572.823621314924 17578.748086240153
6333 3700.768839559877 16115.534025076766
