4768 2844.4047762755918 15465.109505750761
4885 2779.915342942532 15399.594685540811
4896 2789.1851538348587 15399.820033570519
4900 2809.688816107959 15400.318475226846
4929 2884.5528984657662 15399.402500719332
4935 2770.751551395064 15399.371914829106
4945 2797.9038821055597 15400.031984845487
4950 2859.071099882837 15399.658784209481
4957 2749.42214619536 15398.853399457821
4983 2711.9337786527094 15397.942061582564
5005 2734.4267780848613 15398.488863794939
5022 2741.924477250129 15398.671131993702
5032 2726.9291056704824 15398.306596246486
5040 2761.659838401864 15399.15089633871
5099 2683.090986321706 15397.204512811733
5106 2778.5196704939917 15396.358985046729
5137 2690.5892743990466 15397.403449765994
5229 2645.5993830861667 15396.209823719895
5231 2719.4314420192572 15398.124328911064
5258 2675.5926459001744 15397.00557446873
5301 2653.0977326071143 15396.408762304314
5303 2668.0943350438174 15396.806636910122
5333 2585.613072096036 15394.618327916776
5339 2638.101103634666 15396.010886994487
5342 2608.107919937331 15395.215138344694
5396 2630.602775127146 15395.811948967574
5400 2600.6096361563 15395.016201504419
5410 2615.606220023015 15395.414075617547
5417 2555.619737487522 15393.82257526316
5430 2660.5960138925766 15396.607699078379
5433 2563.1180458604836 15394.021512755884
5436 2578.1147294996526 15394.419389516073
5437 2593.1113601739544 15394.817264871052
5450 2623.104497213413 15395.613012282965
5462 2369.6190847717344 15387.672109427642
5467 2377.119390806138 15387.788443529196
5555 2482.128941328356 15389.038508120568
5583 2474.628230708237 15388.952402016555
5591 2452.126026832466 15388.694082877802
5597 2444.6253073413045 15388.607976671952
5600 2399.6210197977293 15388.091339774403
5613 2437.1245969291226 15388.521870570328
5621 2570.616354982867 15394.220450268489
5625 2467.1274486074894 15388.866295091964
5630 2407.1217257945355 15388.177445825339
5660 2540.6230803920253 15393.424699207202
5662 2548.1213630633642 15393.623636018036
5664 2533.1247976392046 15393.225762394206
5702 2459.6267388708425 15388.780188998095
5709 2347.1180696326173 15387.323105617896
5712 1046.0254393459388 16838.7684831431
5719 2939.1175137454156 15405.724955729424
5721 2317.1166778401707 15386.857766611256
5724 2392.120269054162 15388.005233209784
5757 2429.623880677434 15388.435764401667
5766 2354.618367376669 15387.439439590862
5769 2414.622433203082 15388.263551892484
5773 2422.1231718743907 15388.349658318515
5780 2362.1187371996516 15387.555774681814
5787 2339.617752158238 15387.2067713389
5795 2733.431339156144 17332.279320084133
5809 2309.616347352103 15386.741432130411
5819 2279.6151515089955 15386.276096163057
5828 2324.6170719698516 15386.974102079219
5831 2332.1173975664615 15387.090436484194
5834 2799.920261910937 15396.879138310334
5836 2384.619746862429 15387.904778406619
5837 2938.503178626107 15412.959862652968
5838 2840.3042932436174 15400.90551246755
5848 2824.136503869673 15400.633393535534
5853 2815.2126098324266 15397.250827322316
5861 2272.11478249009 15386.159761084578
5875 1742.7566047881885 17201.581643268753
5876 2242.113316106254 15385.694420920981
5882 3635.2574369643194 16364.97455421779
5889 2302.116048899006 15386.625098146447
5894 4083.434009321458 15633.88800044698
5897 2257.113984282413 15385.927089994348
5898 4067.8037564363312 15654.772675469681
5903 1865.4245277169923 16355.322082012226
5908 1018.9856202769707 16779.321631002236
5911 3523.1725556058 17454.424997738995
5916 2878.9238418334476 15416.925834255882
5922 2880.0006573627356 15399.373715317477
5927 3334.0258138633408 16937.806906419755
5936 3255.80355610659 15933.44284982127
5945 2000.1768818235319 15409.549246565202
5946 2863.9210576391574 15416.461014969704
5947 2294.61574867845 15386.50876413507
5956 1993.023684780214 15406.073938319905
5962 4058.361598349304 16920.880536451128
5967 2936.8443679640295 15399.817450739096
5968 2264.614315928956 15386.04342449316
5981 3168.969388003699 15407.650971284771
5982 2895.0003994007056 15399.461568307217
5985 2935.8290422839136 15396.51010081222
5986 2887.5005378671367 15399.417641867904
5987 2872.5007783133356 15399.329788775573
5989 2902.500317924041 15399.50549508032
5994 839.4382503810633 17033.39818009155
5996 3804.430025989545 16509.672120844607
5998 3154.026323388892 15406.310011160502
6004 3579.128452427148 15891.134951408074
6005 2871.4224189711513 15416.69342365962
6007 1893.333768416386 15402.504885910806
6012 4416.819475061529 15457.110662887779
6013 2287.115448872825 15386.392430130127
6014 2756.9896964910617 15395.83568706749
6015 2886.295488142538 15420.356030156285
6025 1441.9644041412814 15614.385492818637
6026 3617.3342756369893 17407.15977430695
6029 4317.642782876125 15796.729657320104
6035 3342.3281335435354 14442.838223392195
6036 3513.9489328300506 15369.804217701789
6041 2883.5870641591678 17424.180802428426
6044 3674.903099750877 17371.26477775857
6045 2595.349361440117 16362.059051448816
6050 2355.228535764572 15832.858304930183
6051 1852.6048476386086 16355.442614007783
6052 2910.000206531973 15399.549421678208
6055 2871.311704437914 15419.886241558284
6056 1893.2591561241138 17133.206338486973
6059 2942.3978775817823 15419.05393879089
6061 2158.8725355971455 16363.49801571954
6063 2037.0037206667268 16758.126995639763
6064 3439.9464166755974 17302.19465284985
6066 3790.1932505133504 17025.639687085975
6067 2865.00087733899 15399.285862105253
6071 2119.792468725162 16362.671868525393
6072 3997.5300277460397 15693.943378301079
6073 1740.3156874664724 16295.133024304494
6074 2007.7023978611005 15409.834648871885
6076 949.6152924743112 15288.294647213026
6079 4031.0051497290624 15673.497154116418
6081 2878.8036023191635 15420.121136046311
6083 3445.8207569905003 17214.5274459785
6086 3142.2752335611976 15583.536026446218
6087 2227.11263208458 15385.461751601842
6088 3325.0589223913703 16976.539424748735
6091 3585.724244049737 15671.282394036458
6092 4385.655763893491 16192.515084898088
6093 2336.8276529757923 17117.85107891827
6096 2949.6123186438867 15420.669982788528
6098 2312.3991141973233 16357.191089146132
6100 2261.094453829314 15582.967587340365
6101 2259.77126072111 16365.631000776279
6102 3894.5837596183183 15336.987012740099
6103 4033.133677401695 15544.02092084501
6105 2593.7241546733085 16965.812262220647
6106 3958.2094091514577 15397.95979818042
6109 2628.3528024570683 17032.302532788093
6112 2219.612282628603 15385.345416826794
6113 2917.500051366326 15399.593348019716
6114 3139.0810636058395 15404.968854046316
6115 2829.601248450345 15487.499120156534
6116 3161.4978214593516 15406.980488150282
6117 4014.419459107598 15510.316703074526
6118 2208.44377532423 16364.545944852956
6119 2206.1024499304026 15621.221906125575
6120 3601.9214451873745 16313.970462039908
6123 1454.4912532933697 16522.83741128646
6124 2863.819787940509 15419.651346486584
6125 3989.5175825426377 15454.098026748401
6126 2823.8323193830206 15613.489066085218
6127 1391.790648367189 15664.164088483136
6128 3601.9663072820013 15978.861930375091
6129 3196.5558271498917 15624.579676459363
6130 2180.7801705642 16354.785672156597
6131 1410.9355674406954 15629.936798686098
6132 2771.00786584161 15396.176406461429
6133 1857.9522854854713 15975.087627117478
6135 2741.9915939118187 15395.471149852023
6136 3430.9616935053714 16018.827845576689
6137 3083.2667709750026 16168.981065574808
6138 1340.3305679059556 15686.501263973218
6139 2340.663018607061 16211.75852913983
6142 2304.740881949809 16357.051130250782
6143 2632.3078386856023 16921.77568742306
6146 2494.8888315868303 16840.492058349515
6147 1549.3362815399066 15510.318132506944
6149 3047.355992262145 16468.636867171277
6150 3640.8405715789986 15902.323149248281
6151 2731.3920688807902 16888.999948777946
6152 2414.343205258782 16695.91702004075
6153 3356.4437696474065 16969.964882526656
6154 3147.846682013939 16631.164136626114
6155 2086.347780509996 16730.27519162847
6156 3509.9744900471414 15373.763307403367
6157 3141.3111194693943 16620.6392557789
6158 4093.441006529043 16400.858224407682
6159 3563.4143102690105 16247.657811009376
6160 2749.490621116699 15395.653417874364
6161 2249.6136441140284 15385.810755363356
6162 2957.112227734365 15420.793604658154
6164 2234.612969082151 15385.578086183654
6166 3640.9685554360535 16378.701516254385
6167 1819.0237500354906 16332.51258931854
6168 1431.3188963039636 15636.194519718008
6169 2317.1726896958326 16606.661341638657
6171 3580.8159751819776 16277.624998523332
6172 1893.7000607384084 15396.105596239673
6173 1940.2081425702745 15400.372174465805
6175 1614.8754098592829 15419.651546024872
6176 2341.6558617810774 16174.717876252244
6177 2849.1724787559738 15403.791668398655
6178 3940.3527469308488 15738.152179625242
6179 2859.511048316737 16370.779643639076
6180 3824.8716480952567 15198.597514480718
6181 4247.5822740920785 15519.457702299098
6183 2349.6824806228897 16367.593405701518
6184 3365.5109639220423 15909.137003737933
6185 3074.0857139356344 16680.590411569316
6187 1992.651359237276 15409.263844010162
6188 3170.098135617942 16647.39066337592
6191 4477.62867118156 15421.491274925918
6192 2000.515989867727 15406.358522944565
6193 3043.5147689191044 16462.194066220745
6194 1472.0310608186294 16734.81976859166
6196 2271.722323932703 16356.44769583449
6197 2370.944665608693 16367.859159115153
6198 3734.2489509123143 15060.115832360565
6199 2852.060749246452 16370.992143578194
6201 1911.0364404969168 17341.28378382559
6202 2844.610531269046 16371.204641204355
6203 3051.200037002401 16475.078476635732
6204 1837.2391533793646 15383.071761174282
6205 2215.4599776451914 15403.962012027454
6206 3371.4094147739456 16982.86615080762
6207 2837.0616624818313 16368.217102339975
6208 3656.511756721684 15294.88602153322
6209 1483.7577771213691 15726.874959271505
6210 2336.8785056049305 16391.994742211336
6211 2949.601063344645 15398.910754654604
6212 2665.012392129054 16372.360563986758
6213 2898.6789383196788 16369.8566522864
6214 2358.110724010191 16367.698749270518
6215 3640.27483790398 16394.49085021824
6216 2152.9857512553103 15385.698689916444
6217 2141.1966620637086 15404.578277176597
6218 2849.2366165765407 15387.759292409017
6219 1693.5198910080212 16290.06303964293
6220 4318.356850094735 17101.118488727727
6221 1403.440606340813 15643.14645289322
6222 2796.0644178167736 16360.831078029234
6223 2852.835517179162 15372.841764064964
6227 3053.7928809530295 16481.877592830493
6228 3617.2273709064684 16340.328603539172
6229 3508.703281412659 16154.683609426496
6230 3112.5025158718163 16593.88402967815
6231 3146.5548107601244 15405.639532864288
6232 3789.2008119989605 15223.484320227046
6233 2223.9811676980125 17291.572928571557
6234 1176.159766680827 17236.185521206913
6235 3651.034931544698 16396.939544029952
6236 2147.1703930399176 16354.171432840889
6237 2324.974795312566 16397.751672048857
6238 1414.6535797408428 16163.573163498379
6239 2869.9560003639926 16370.504394862453
6241 2886.42635905308 15417.158278757743
6242 3049.302200729326 16485.811283908653
6243 2536.022244047733 16927.16315231936
6244 2434.2022462327895 16368.649807771455
6245 906.1675155795632 15467.951231727891
6246 2319.898930852698 16357.328152899292
6247 2081.823213458861 16352.977173020503
6248 3467.130636715427 16084.465820304074
6249 4401.5715510607715 16248.395062557058
6250 2553.793093047626 16964.058058448514
6251 3844.980685018289 15207.209185454687
6252 3478.324263345072 16097.094102849756
6253 2957.100973485765 15398.966757567845
6254 3629.3519647158046 16354.828031470543
6256 1837.0419795693972 15386.269774859715
6258 3688.5757982818836 15874.719737451958
6260 2015.2660639096866 15410.121498003089
6261 2734.492593782574 15395.288882487772
6262 3082.3206949081978 15422.857430315022
6263 2901.590413635649 16777.64917570398
6264 3365.989168392351 15673.893397577936
6265 1174.2190410713422 15673.845351509171
6266 3391.6592417931884 15428.240181002213
6267 2160.4920290021505 15385.853983214753
6268 3730.740074934065 16524.10874928158
6269 1231.2099389924397 15680.709194473413
6270 2852.6360503595656 15380.341149277567
6271 3459.2214584760627 16071.106915336924
6272 2813.1188026108625 16351.802136980252
6273 3740.498282166515 16539.37617144275
6274 3306.8987169251172 15427.81008047733
6275 3759.4250941374453 15094.565135422521
6278 2820.478277838318 16352.156628663159
6279 3028.8998884494827 17479.314911402038
6281 1994.4667299696769 15384.761169567046
6282 2964.600931353336 15399.022760837464
6283 2849.436053370377 15380.261036079617
6284 2852.4366158932644 15387.839318098264
6285 4602.89647029983 16171.478243676447
6286 4127.169050544342 15629.37248496164
6287 2837.160328046199 16371.417138409679
6288 2849.6354882867586 15372.76285033717
6289 1432.419167161937 15627.522835048852
6290 2193.9096635430446 15422.717268562215
6291 1893.746116218021 16345.394513493547
6292 3702.5132043724584 15316.414685482643
6293 1432.5953105692263 16003.700572860696
6294 4164.890494261793 15608.180714232041
6295 1421.095811821399 16542.84831535975
6296 2726.979532318908 15395.106273354973
6297 2167.9982993213453 15386.009276359395
6299 1431.6360356252485 16171.887486440806
6300 3410.1451045675462 15433.89334561777
6301 2819.743626193864 15711.908369313902
6302 3659.6094099469838 16410.620086558294
6303 3005.059392434344 16425.16623026573
6304 2860.0454685216905 15202.392321538433
6305 3234.6421673853306 17392.72984888703
6306 3887.578499997993 15271.93525802764
6307 3065.9732982640435 16135.126200071049
6308 3872.7053402993756 15245.397288909866
6309 4268.248103050983 17219.55966737472
6310 3963.8234464629463 16859.47979121233
6311 4019.2303223918393 15692.072041725929
6312 3702.188882093104 16118.084313166024
6313 1702.328362899242 16404.476787765598
6314 4037.5495341789856 15533.374838709671
6315 3225.0451341645776 16787.117488436783
6316 3044.0813320606176 16487.17144112462
6317 4213.614983674893 16070.696903601904
6318 2076.1398000403738 16170.137619149891
6319 4184.782223973544 15398.526349150497
6320 2799.52246055201 16370.073675823822
6321 2385.5268543123607 15783.372549604705
6322 2856.5618275474417 15134.139313586578
6323 3834.7973188566843 16688.500904990517
6324 3254.2299037828175 16829.397769968058
6325 3169.2214987619204 16425.492506920684
6326 3647.059938074663 16956.250791246683
6327 1150.2591560021335 15454.8829399115
6328 2853.602855074719 15343.992041195506
6329 4376.760063211485 15758.165262966042
6330 2639.494913103981 15827.841682257438
6331 2635.9956227415178 15969.849943893701
6332 3529.1284572905015 17452.935856801036
6333 3629.7922506155023 15988.065484405855
6334 4237.619710517506 16939.66619987516
6335 3006.745244309876 14411.71128335736
6336 3588.2866834556303 15912.052151796579
6337 1065.5062168787408 15896.533023361628
6338 3263.73363122281 16798.358938462865
6339 2343.9537508257054 15663.29233272237
6340 2320.7419627747863 17098.681576591815
6341 2032.8012858803713 15579.203733746315
6342 4815.122188513121 15747.789125456495
6343 3381.818257672193 15591.351772332808
6344 1965.9614239561636 16357.710230172239
6345 3462.3747601248524 16799.112390034494
6346 2948.762432832225 15159.079545978653
6347 1025.9727139167765 16824.907914436608
6348 678.2372557540564 17029.45561112147
6349 948.9871266330997 15983.989111428513
6350 1826.1199471906855 16326.20308365972
6351 3621.1637107325037 17374.062688994753
6352 2766.99653700987 17312.37310274476
6354 3395.819920610687 16313.645566412215
