4896 2939.162258856889 16331.87295858919
4900 3429.8290178640646 16017.017464353583
4929 4044.2656104663756 15563.909344572377
4935 3393.901669137636 15592.440238118275
4950 3645.4819669794438 15237.52531842949
4957 2802.3940742080235 15400.141140895708
4983 2757.4077330633404 15399.04752815016
5005 2787.3985827072534 15399.776602233222
5022 2794.896334643037 15399.95887171483
5032 2779.900911226461 15399.594334707464
5099 2742.4123316470677 15398.682991677617
5137 2749.9100389477926 15398.865260074153
5229 2712.421488664565 15397.953917756493
5231 2772.4031749849632 15399.412065607381
5258 2734.9146027411944 15398.500722755864
5303 2727.4169339397936 15398.31845529524
5333 2638.1011083666244 15396.01088712003
5339 2690.589347344257 15397.403451701302
5342 2660.5961105560964 15396.607701642957
5396 2683.091010721761 15397.204513459092
5400 2653.0978161361863 15396.408764520422
5410 2668.0943854096386 15396.806638246377
5417 2615.6060481582463 15395.414071057805
5430 2719.9192471780916 15398.136187398006
5433 2623.104334445373 15395.61300796457
5436 2630.602737326635 15395.81194796469
5437 2645.599470281114 15396.209826033262
5450 2675.5927286876095 15397.005576665162
5462 2467.1275057598805 15388.86629574806
5467 2474.628214145656 15388.952401826422
5555 2585.612816686134 15394.6183211405
5583 2817.549100110813 15394.105674737848
5591 2810.0493942784665 15393.923406448679
5597 2570.6161930392614 15394.220445971967
5600 2533.0891285086 15393.224816057105
5621 2817.389435817932 15400.50567640056
5625 2578.1145332207047 15394.4193843086
5630 2540.6169689185135 15393.424537063802
5660 2600.609426711041 15395.01619594763
5662 2608.107755168592 15395.215133973217
5664 2593.111140013309 15394.817259029973
5702 2360.133728539625 16609.2796943889
5709 2444.625275126667 15388.607976302137
5719 2973.9516589132313 15399.092584071932
5721 2414.622294902105 15388.263550304826
5724 2802.5496488433696 15393.74113719703
5757 2563.117742591043 15394.021504709848
5766 2452.126058740877 15388.694083244101
5769 2548.1170648021234 15393.623521980939
5773 2555.618948399332 15393.822554327875
5780 2459.626767803084 15388.78018933023
5787 2437.1245511672464 15388.521870044995
5809 2407.1214416689468 15388.177442563656
5819 2377.1184568399617 15387.788429042837
5828 2422.123034938852 15388.349656746532
5831 2429.623843555569 15388.435763975518
5834 3436.6921564172562 16027.986974701613
5836 2482.1289442019215 15389.038508153555
5837 2954.108319309871 15398.944410986483
5838 3708.2137390048424 15018.239836740462
5848 3463.5796512289326 16072.192877969821
5853 3451.757408291099 16052.06610920327
5861 2369.6161409024908 15387.67206376652
5876 2339.4579809970182 15387.204293195422
5889 2399.620728307011 15388.091336428168
5897 2354.60004391067 15387.439155383265
5916 2863.9210760547808 15416.46101554026
5922 2789.169226223723 15412.953066969912
5945 1425.7696820561323 16054.111435547902
5946 2724.9377147610703 15095.18560730599
5947 2392.120009400411 15388.00523022903
5967 2894.085199692893 15399.456208012998
5968 2362.1100266235285 15387.555639575721
5982 2848.2735605170615 15408.76252308172
5985 2913.977414622326 15399.572716053583
5986 2855.356288362966 15445.999141168122
5987 2844.5730141728277 15602.310096595344
5989 2859.9949938614745 15401.022905537919
6005 2575.098449249959 15416.535560892658
6007 996.1088588099261 16122.323179471401
6013 2384.619494522212 15387.904774492676
6014 2809.8917505358927 15400.323408539298
6015 2863.819835551355 15419.651347979334
6045 3815.871640743244 16654.825653278876
6052 2869.226715774355 15399.310612700281
6055 2043.033121974164 15407.856773675401
6059 2939.7693611444784 15404.375879150351
6067 2870.5905921990916 15599.476025413176
6071 1094.8958432427503 16338.24584427444
6081 2537.5466323799114 15412.765328341677
6086 2871.311762468656 15419.88624337773
6087 2323.8207908384334 15386.96175129652
6096 2941.4114123593604 15418.439584859048
6098 2564.358894255256 16949.10512427776
6101 1606.728693969515 16291.17288748619
6105 1803.8204120752087 16891.96763089437
6112 2314.8343480945314 15386.822366351693
6113 2881.8495874523305 15399.384544439456
6115 2832.4824749900176 15426.879896799339
6119 1862.0863747644614 15735.71510788718
6124 2840.1724578781345 16356.792367584156
6126 2832.1263537682044 15434.372466921845
6129 2979.398937237648 15421.160959070507
6130 2788.451680440651 16357.70830675566
6131 2130.461300194286 15385.232693797483
6132 2830.973621688537 16132.291158101958
6135 3197.2629713212673 15619.574645504486
6136 4330.544407620729 16797.453953167373
6139 1636.9274435508567 16431.79845768321
6142 2568.529291739831 16937.80824083813
6146 2354.0172915230246 17472.274254117885
6147 901.3848599996578 16446.34668394908
6149 2454.5159491804147 16368.903706225705
6150 4053.0851008439995 15109.725825599984
6152 3341.0737866535146 17345.192388985397
6154 2108.7200869005246 17234.63358072901
6155 1060.3399527092613 17025.39628109676
6157 2595.2742258020253 16968.61219679321
6159 3835.667730374485 15215.54382521934
6161 2347.066480654339 15387.322305442887
6162 2952.7860327192157 15420.722295484979
6164 2331.7345813156753 15387.084498781867
6166 2189.727620276713 17225.916320618086
6167 2349.621453751605 16356.380358667664
6173 1059.6156696200912 15013.209400926089
6175 2145.479325529072 15385.543393556669
6176 1735.7311517421329 16390.69881012072
6179 2402.0135238515477 16368.247484921802
6180 2979.8408535741733 15602.035495269973
6183 1862.4910246305283 16355.252399733774
6188 2486.0376649779346 16369.556794632535
6193 2753.13262825018 16880.465254951177
6196 2796.0190074023208 16357.631031308438
6197 1869.999718216507 16355.430760847377
6198 3099.670808102793 14341.455118710528
6199 2394.513141655551 16368.15373857478
6202 2387.012743683055 16368.059992030569
6203 3485.273696713811 17122.80869386409
6204 2152.9856995336254 15385.698688846402
6205 2247.3126420121694 15385.775065484708
6207 2831.0579953374677 15456.850067154466
6211 2904.2369398766186 15399.51566641728
6212 2357.0113320040978 16367.685008106157
6213 2417.014183499496 16368.434976306666
6214 1840.358780822438 16889.164054166442
6215 2493.536136550085 16369.742781354731
6216 2167.9982555361194 15386.009275453547
6217 555.2775427672202 15939.793825635803
6218 2849.2366165765407 15387.759292409017
6219 2325.034086650588 16357.71343584847
6220 3793.8909699784117 16625.52287202637
6222 3877.863619780424 16748.610844009443
6223 2852.835485517789 15372.842954442554
6227 2447.0155996638036 16368.809960287139
6228 3068.613286604229 15425.83231367315
6230 2830.7018759298617 15464.342599107174
6231 4092.583080315061 15501.436604850942
6233 2812.548007677387 16378.464668434708
6235 3089.2257538516646 15427.329849735028
6236 2648.8532606514295 16359.13052179965
6237 1591.349232147607 16454.440199530793
6239 2409.5138560183836 16368.341230643517
6241 2871.4224623261207 15416.693425002853
6242 2439.5152136146494 16368.716213891956
6244 1836.8859228672334 16881.056489412495
6245 2321.182381545834 15394.194159973753
6246 2572.5706309457496 16944.12671746671
6247 2373.0529814036236 16356.772091147377
6250 3310.3459378961556 15813.701325352982
6251 1896.5587240546245 15396.148879510807
6252 4441.992052546796 16317.843337503973
6253 2949.601070176275 15398.910754705617
6258 4055.477500596045 15107.462688021144
6261 3083.570119057132 15595.17037538309
6262 2963.005595518739 15420.890745721481
6265 2096.1979765613155 15384.690694162411
6266 2970.985589194683 15421.022280880898
6267 2295.6923345250666 15386.525462606656
6268 3064.622395540924 15600.117086151235
6269 2122.938195992404 15385.077052385795
6270 2852.6360503595656 15380.341149277567
6271 3698.362320061824 15308.7287282957
6272 2829.633518389225 15486.820180612636
6274 1029.064983956235 15700.19253502484
6275 3444.90075483337 16041.106964130722
6278 2372.0120269268104 16367.872499931915
6279 2186.8035424288028 15460.837015751144
6281 2160.4919418550335 15385.853981411814
6282 2957.1011115877873 15398.966758599072
6283 2849.436053370377 15380.261036079617
6284 2852.4366158932644 15387.839318098264
6285 3170.191919530821 16647.338164944955
6286 3316.1940820765885 15424.657025797344
6287 2379.512356474263 16367.96624562089
6288 2849.6354882867586 15372.76285033717
6289 2266.5521956576267 16356.353208566565
6290 2193.9096635430446 15422.717268562215
6292 1921.4269742212798 15402.921508857948
6294 3472.03217773743 15412.107008432122
6295 1882.0297051119953 15387.51142009441
6296 2764.9054338350547 15399.229796387976
6297 2305.703621617616 15386.680743482393
6299 2284.741209535237 16356.685623960553
6301 2831.7702364906436 15441.864954059725
6302 3091.520619782044 15559.883430178152
6303 2424.514515301633 16368.528722023822
6304 2855.636615615239 15387.929328551229
6305 2322.529776735235 15806.070572838704
6306 4199.609797527413 16577.086996152946
6309 3344.2286456294287 15871.12058581259
6310 3785.87140594852 15817.12342049483
6311 2678.267483627753 16372.174736516448
6313 1323.2763990640117 15283.642554952923
6314 3012.43401367293 16403.810471123074
6315 1889.0964069921552 17370.00602633191
6316 2432.0148462850625 16368.622467730745
6317 2563.4175529012336 16371.476069991562
6318 2309.269380467879 16357.13389134103
6319 3590.854970804042 15993.193910123087
6320 2364.5116659932 16367.778753850647
6321 1781.9125606733405 16371.649909058719
6322 2855.836051326956 15380.431112906448
6323 4455.418162227196 16308.975916112693
6324 2829.9896369179924 15479.327667150146
6325 2830.3457572180123 15471.835116421598
6326 3670.6934863387833 16358.486277318385
6327 1837.2391948783288 15383.071761930534
6328 2849.8349238759884 15365.264639297558
6329 3716.181282627407 15283.960222964242
6330 2643.425697689832 16353.279049364986
6331 2831.4141151543076 15449.35752659172
6332 3654.092459739129 16401.817816798633
6333 4777.711886707033 15764.374982002722
6335 2853.2345260861825 15357.84016378347
6337 1316.8172722665304 16211.62008476234
6338 2478.5391213175108 16369.370806122311
6339 2796.0689456116716 16360.831031798942
6340 2272.813347367937 16365.90670867935
6343 3485.0987650316806 16108.535122024692
6344 1722.6625112663753 15397.47389902136
6345 2501.1973095086337 16369.93280360567
6346 2856.035486680659 15372.932910721956
6347 2209.5482120628094 16355.311425774322
6348 1858.9020260905857 16852.515567684484
6349 1825.339180561916 16335.835980505895
6350 2137.971540763763 15385.388069080474
6351 3612.5382964460428 16390.46224914555
6352 1950.8215674438766 16357.350598814744
6353 4049.1181059345095 15662.43396625376
6354 3129.7530784416304 15588.997460578448
6356 2643.106296197291 16345.784521486443
6357 2987.100489600335 15421.287904649527
6358 1049.5853534589953 16612.34216011637
6359 2349.5110045196247 16367.591262442966
6360 4176.943863546953 15803.31694346397
6361 2237.779124050301 16355.827363020515
6362 2518.7473684024203 16989.364064361656
6363 3408.0220495798953 16513.87331241019
6364 3156.801289331413 16662.140420944826
6365 1837.1597052723873 15386.271923754079
6366 2971.3284598043824 15601.410548459648
6368 3696.2165872421547 16462.99465470955
6369 1761.5088531830652 15392.110760898087
6370 3291.8956820858925 16357.823511915552
6371 2295.6427864234374 16356.884856970148
6372 3625.6946982293634 16398.83142828214
6373 2589.395972190752 16990.569736968937
6374 1799.38592458241 16354.659234822653
6375 3070.907779962816 16507.261600144437
6376 3150.107774981531 14960.524758013735
6377 3394.060707495439 16098.987397411296
6378 3978.4149300791055 16871.026696991037
6379 3694.798032548897 15302.12893914809
6380 2585.4293412340985 16984.200028495474
6382 1835.8190070268151 16861.792290353907
6383 2224.6823005369083 15385.424055748395
6384 2504.219653021535 15400.957618774508
6385 2853.0349199791995 15365.344785805735
6386 3380.144186035103 16732.639062593767
6387 3143.88774980886 16653.458152058218
6388 2471.0406688462367 16369.18481987388
6389 2273.690819878064 17125.588022994
6390 4236.814354907179 15948.271161251323
6391 2442.497905186534 16360.930627465634
6392 3604.348186480878 14844.822900677413
6393 2876.304512414323 17439.080587923825
6394 1060.6338402597435 16746.60806398436
6395 3309.158290905384 15427.821546238738
6396 2817.4692228697527 15397.305675555863
6397 2966.59 15608.01
6398 3054.1489407008744 15400.067837112467
6399 2976.0887091618915 15598.841816906839
6400 4259.151957554673 16049.338769673726
6401 3587.4239066593864 14817.554055685086
6402 3492.3900413518218 15756.410407920383
6403 959.7555124957922 15069.14207355527
6404 4381.558380808213 17070.277218492127
6405 3581.6904131920683 15336.973055688253
6406 3384.2500008714314 15450.203313110113
6407 2856.1456694104204 15234.43134273855
6408 1935.1522877915609 15379.831000220316
6409 3122.6566106311743 16226.234206114812
6411 3374.5380129063915 15428.153302711376
6413 2275.113598395239 16356.509673457036
6414 951.0033061264065 15581.817678157122
6415 1835.7565320387496 16261.976954071992
6416 3876.1190224379766 16241.584498631706
6417 2855.6366153787917 15387.929337440972
6418 2850.2637343764886 15349.142583845107
6419 955.3741221509531 15718.911550222649
6420 1501.773430457122 16784.921405926583
6421 2821.0726951377123 16232.88747218224
6422 3817.378608599833 15228.72338296104
6423 2850.0343596837715 15357.766420040947
6424 3928.008336345393 15344.073644904758
6425 2498.0509984040264 15401.754667290032
6426 4284.76876635992 16000.613419129382
6427 3409.39189332263 15983.306851941323
6428 3845.807195272711 16691.108188693885
6429 3978.1044565366547 15436.034006177677
6431 991.673510688897 15050.957252342241
6432 1282.4358380208448 15697.85709085267
6433 1857.3148652136595 15596.820987397165
6434 3082.009177189228 16160.898668516204
6435 3632.5093657535217 15207.750521916361
6436 4179.062994445325 16951.174647072592
6437 2799.844743203883 15949.962942017068
6438 3172.22741994392 16845.91186763129
6439 1246.9982233342228 15578.52719824376
6440 2342.3411075447457 16129.407057287857
6441 4288.014889430039 16011.47176517049
6442 3207.698893095006 16746.736744137146
6443 3368.4670852641084 15289.32470768387
6444 4442.75241488789 16162.639757247118
6445 1192.8418552395585 15426.941381714378
6446 3198.2052772849515 15031.39325029811
6447 1222.6595335719194 16744.391425378733
6448 2141.236749136603 16717.923916627617
6449 3796.0665102988487 16305.263612345268
6451 3886.7619835843816 16437.274191418208
6452 3071.0556408930324 17553.450330143358
6453 1979.7858201338338 17295.708253872293
6454 3873.5896890307104 16034.941326003025
6455 4032.850712007146 15069.881934636462
6456 2842.2572291752767 17012.52388047547
6457 1331.8434801743429 15257.30822449537
6458 1360.6729086749817 16864.02261324263
6459 3036.077632929248 15607.73901663361
6460 1194.6486195254836 15319.316387264918
6461 4617.269507792207 16189.416021883198
6462 700.3683580019351 16982.012025382373
6463 2858.627712131908 17417.77037183732
6464 1938.1437382761483 16716.742064111106
6465 4497.708654029019 15184.66198566695
6466 4105.712815360818 16421.583027358687
6467 4279.244830877309 17378.04535640463
6468 3979.38253784166 16924.340528937428
6469 1188.4918628433254 15600.7845007483
6470 978.8916902684763 15940.214666243575
6471 4365.2403478896085 16420.562314104773
6472 1228.4399702465985 15586.698807608029
6474 1024.5309104711193 16208.605321070636
6475 3560.730538495954 15346.435546497532
6477 3105.759534883721 17102.98081395349
