4896 2830.6608745042254 16340.323323304296
4900 3328.2305320538135 15837.71412212511
4929 3922.9800215337546 15335.101693692663
4935 3311.9386932805064 15490.629379576796
4945 3094.467068838921 15457.842354671155
4950 3656.341717751042 15256.957203833817
4957 2802.3940742080235 15400.141140895708
4983 2757.4077330633404 15399.04752815016
5005 2787.3985827072534 15399.776602233222
5022 2794.896334643037 15399.95887171483
5032 2779.900911226461 15399.594334707464
5099 2742.4123316470677 15398.682991677617
5137 2749.9100389477926 15398.865260074153
5229 2712.421488664565 15397.953917756493
5231 2772.4031749849632 15399.412065607381
5258 2734.9146027411944 15398.500722755864
5301 3012.0541281917885 15330.215808701862
5303 2727.4169339397936 15398.31845529524
5333 2638.1009865531714 15396.010883888199
5339 2690.589347344257 15397.403451701302
5342 2660.596006018563 15396.607698869473
5396 2683.091010721761 15397.204513459092
5400 2653.097665063791 15396.408760512322
5410 2668.0943854096386 15396.806638246377
5417 2615.6059309892316 15395.414067949196
5430 2719.9192471780916 15398.136187398006
5433 2623.104334445373 15395.61300796457
5436 2630.6026136404535 15395.811944683173
5437 2645.5993623137147 15396.209823168781
5450 2675.5927286876095 15397.005576665162
5462 2467.1275057598805 15388.86629574806
5467 2474.628214145656 15388.952401826422
5555 2585.4716071973876 15394.614574713942
5583 2817.549100110813 15394.105674737848
5591 2810.0493942784665 15393.923406448679
5597 2570.074441891819 15394.20607278143
5600 2526.964004958334 15393.062310507707
5613 2304.1161464154234 15445.841404927203
5621 2817.389435817932 15400.50567640056
5625 2577.8764156454313 15394.413066815234
5630 2536.460909807205 15393.314272729756
5660 2600.6004624091556 15395.015958115888
5662 2608.1059994731854 15395.215087392891
5664 2593.08110806084 15394.81646225275
5702 2342.26291846197 16270.381154731598
5709 2444.625275126667 15388.607976302137
5719 2939.1175137454156 15405.724955729424
5721 2414.601212214711 15388.263308281348
5724 2802.4770413810174 15393.739372589425
5757 2562.356223002996 15394.001300846527
5766 2452.126058740877 15388.694083244101
5769 2545.390046001261 15393.551171491219
5773 2553.4420997905354 15393.764800394225
5780 2459.626767803084 15388.78018933023
5787 2437.1244070060466 15388.521868390064
5809 2407.0679379185076 15388.176828355252
5819 2373.9231396668665 15387.738867818161
5828 2422.119797081918 15388.349619576822
5831 2429.62369953765 15388.435762322233
5834 3347.7508415386237 15870.799392438346
5836 2482.1289442019215 15389.038508153555
5837 2938.503178626107 15412.959862652968
5838 3788.47938779909 15150.145876005634
5848 3443.898528985887 16039.505083778195
5853 3439.7722251852506 16032.909918623158
5861 2363.681744317625 15387.580017829754
5876 2302.0910947009647 15386.624711092347
5889 2399.4600538382515 15388.089491929264
5897 2337.7829757424056 15387.17831289135
5903 674.4535315802716 16998.628751565888
5916 2863.9210760547808 15416.46101554026
5922 2860.3389672507205 15400.743545934498
5927 3573.6315465973794 17426.073434330687
5945 1426.2005153957732 16137.124805790187
5946 2809.6441407271736 15081.77776379531
5947 2391.5803720617605 15387.99903534015
5956 1028.8244564519305 15798.081097464252
5967 2936.8443679640295 15399.817450739096
5968 2352.704791664166 15387.409758920467
5982 2888.0666029114855 15399.420957292023
5985 2935.8290422839136 15396.51010081222
5986 2874.875233668255 15399.343695881535
5987 2857.2498396366796 15418.464593307483
5989 2900.241610148336 15399.492265904075
6005 2790.3897870417113 15412.96794544322
6007 897.2036864593507 15874.731344718168
6013 2383.023335487154 15387.88001713925
6014 2809.8917505358927 15400.323408539298
6015 2863.819835551355 15419.651347979334
6041 3522.2582381967013 17413.816627918182
6045 3669.3977416313237 16420.200533312247
6052 2909.493313765335 15399.54645282415
6055 2361.838043383689 15414.46382284361
6059 2942.3978775817823 15419.05393879089
6067 2855.4334956774524 15444.89369385214
6071 1246.3025686832373 16254.351214635171
6079 4094.232002331485 15273.84406162259
6081 2787.9003385449237 15416.138086993284
6086 2871.311762468656 15419.88624337773
6087 2260.8638035516524 15385.9852518685
6096 2949.6123186438867 15420.669982788528
6098 2464.4644001798397 16792.92493882626
6101 1820.146520690238 16337.208937660303
6105 1851.3950506681338 16865.496199493937
6106 4703.594760229302 16231.06306647203
6112 2245.356038491782 15385.744717428028
6113 2917.500051366326 15399.593348019716
6115 2832.4824749900176 15426.879896799339
6119 1868.2479171973594 15490.44108986493
6124 2831.2374292170634 16108.087988103152
6126 2832.1263537682044 15434.372466921845
6129 2979.6120601324537 15421.16447199985
6130 2591.9456399856417 16358.833687263106
6131 2098.2903482218408 15384.701453237625
6132 2834.7689433814703 15777.17314055198
6135 3068.8384541663595 15596.619781122343
6136 4229.367514622298 16942.811704432977
6139 1858.3556762164883 16355.314430232414
6142 2532.640326329688 16881.697239604735
6143 4375.459692371861 15971.809730546434
6146 2281.380693158316 17384.086314001466
6147 1031.4313143921793 16373.458305327831
6149 2454.5163238038663 16368.903710908078
6150 4129.471468468994 15242.661547544774
6152 3117.978586726732 17435.91768649059
6153 3616.413135182962 17404.02702337993
6154 2380.2270135637114 17082.127341644806
6155 1035.7890455345646 17032.331434982527
6157 2695.8769696348204 16908.815727573856
6159 3982.2161395476874 15480.68179315447
6161 2320.6194378335767 15386.912096452588
6162 2957.112227734365 15420.793604658154
6164 2279.208449563507 15386.269787979738
6166 2327.398564411881 17123.213410704986
6167 2312.3121124111394 16357.189499135084
6168 787.798240471523 16087.269050575083
6169 1839.3107725652126 16224.84275860146
6171 3811.463575799212 15550.469756475452
6172 1143.3688454306573 15349.076707097933
6173 1161.8551876371628 14973.948864409665
6175 2133.6112466906284 15385.29786132757
6176 1874.8413893600327 16355.54576964977
6179 2402.0135238515477 16368.247484921802
6180 2979.8408535741733 15602.035495269973
6183 1898.7745397932024 16356.114276449845
6188 2486.0376649779346 16369.556794632535
6193 3011.8539800543617 16731.370554749665
6196 2796.0190074023208 16357.631031308438
6197 1907.3500965279168 16356.317979774725
6198 3236.125827190894 14293.503896609225
6199 2394.513141655551 16368.15373857478
6202 2387.012743683055 16368.059992030569
6203 3282.391630960449 16858.387622667346
6204 2145.8522098838216 15385.551107958307
6205 2215.4599776451914 15403.962012027454
6207 2831.0579953374677 15456.850067154466
6210 1488.9325792429158 16764.81185706589
6211 2949.601063344645 15398.910754654604
6212 2357.0113320040978 16367.685008106157
6213 2417.0143084789906 16368.434977868768
6214 1869.8706337708866 16862.137736953388
6215 2525.719680384692 16370.541038942145
6216 2167.9929123185534 15386.009164910625
6217 749.5594809122709 15817.372115633249
6218 2849.2366165765407 15387.759292409017
6219 2303.830448010896 16357.034491511677
6220 3980.981296213577 16873.055495999655
6222 3715.4543371976347 16493.69182262468
6223 2852.835485517789 15372.842954442554
6227 2447.0158159800435 16368.809962990848
6228 3091.8564737730426 15517.127082702653
6230 2830.7018759298617 15464.342599107174
6231 4003.089355476844 15483.269761064592
6233 2828.577908898048 16656.464226304954
6235 3091.6821358502098 15541.097440594573
6236 2376.5527593867005 16356.830601063082
6237 1837.9394854027494 16356.075452579285
6239 2409.5138560183836 16368.341230643517
6241 2871.4224623261207 15416.693425002853
6242 2439.5154527845975 16368.71621688131
6244 2115.8933950924516 16717.275246603214
6245 2020.6623222949759 15390.778237827644
6246 2564.469391993896 16931.460745527293
6247 2319.8942725302645 16357.32806776559
6250 3426.407025705551 16017.579471103118
6251 2154.387953153222 15401.522970946455
6252 4387.200477738082 16405.89539311416
6253 2957.100973485765 15398.966757567845
6254 4415.724539487004 16930.165494408688
6258 4117.312348013024 15222.292801963424
6261 2873.321706841443 15599.467388892353
6262 2964.612207249192 15420.917227688595
6265 2080.963415498515 15384.701248066853
6266 2972.1121406099155 15421.04084995827
6267 2202.9075771964926 15385.466726586463
6268 3175.0387793295367 15589.13841509432
6269 2088.687011310809 15384.695897463589
6270 2852.6360503595656 15380.341149277567
6271 3699.5695281240637 15310.96404703449
6272 2826.1707681162834 15559.674303443764
6273 3185.757105005707 15606.79283427191
6274 1378.041543064172 15670.792613074653
6275 3412.046092133232 15987.970160967763
6278 2372.0120269268104 16367.872499931915
6279 2302.593559465743 15777.520531272803
6281 2159.6118331972602 15385.835773322406
6282 2964.600931353336 15399.022760837464
6283 2849.436053370377 15380.261036079617
6284 2852.4366158932644 15387.839318098264
6285 3358.7701597239934 16540.569873383607
6286 3604.034866428312 15341.289951988234
6287 2379.512356474263 16367.96624562089
6288 2849.6354882867586 15372.76285033717
6289 2051.4833858202796 16352.011978632363
6290 2193.9096635430446 15422.717268562215
6292 2190.748440582147 15405.123476721648
6294 3765.164138805913 15253.578639149891
6295 1847.9212047559838 15591.17819292368
6296 2764.9054338350547 15399.229796387976
6297 2223.805611801522 15385.410457797072
6299 2275.2043573478436 16356.511332132606
6301 2831.7702364906436 15441.864954059725
6302 3164.7021009851032 15575.178013337654
6303 2424.5147419278796 16368.528724856395
6304 2855.636615615239 15387.929328551229
6305 2334.2812681967416 16123.809863721459
6306 4115.820519554723 16438.653060030912
6307 4230.681471765321 15563.762914142151
6309 3456.4630118731775 16066.401557869885
6310 3598.4549688919806 15931.267375438907
6311 2874.019310636076 16370.412761511192
6313 1388.3815914922193 15507.259608021619
6314 3225.3650619051746 16188.422662974617
6315 2165.926576716225 17214.697365160435
6316 2432.0150806152433 16368.62247065961
6317 2820.091704943691 16371.045332052241
6318 2294.463155608727 16356.86329849289
6319 3646.1326148556204 15906.165400745213
6320 2364.5116659932 16367.778753850647
6321 1888.2274754373884 16355.863742036341
6322 2855.836051326956 15380.431112906448
6323 4328.729011131518 16077.513026522094
6324 2829.797707557692 15483.36574211602
6325 2830.3457572180123 15471.835116421598
6326 3650.1236489860703 16395.485596721002
6327 1778.273593008456 15381.997208333963
6328 2849.8349238759884 15365.264639297558
6329 3833.9611561771826 15236.346801290916
6330 2643.425697689832 16353.279049364986
6331 2831.4141151543076 15449.35752659172
6332 3797.132253645338 16630.737872727612
6333 4845.516559287946 15714.61387100206
6334 4082.9603735761216 16131.468186743596
6335 2855.9308008906796 15244.380634781273
6337 1146.7782172795778 16305.838908271266
6338 2478.5391213175108 16369.370806122311
6339 2730.618262114255 16361.499305063158
6340 2323.569357130514 16505.412528208322
6341 1852.0015086343008 17130.972530124473
6343 3447.877477536642 16045.864727687976
6344 1843.189470402736 15408.70079035814
6345 2717.9399926604556 16371.61855461494
6346 2856.035486680659 15372.932910721956
6347 1910.3535227524835 16346.097499649959
6348 1808.8783008324579 16876.013369234523
6349 1605.1309223518047 16287.932445212467
6350 2123.5989038241228 15385.090721410827
6351 3398.5807377863157 16507.607217605888
6352 2247.063211097931 16365.362354369565
6353 3783.081263699819 15814.999564929407
6354 3206.221019888432 15640.499454341998
6356 2643.106296197291 16345.784521486443
6357 3082.581065682159 15426.062546192414
6358 1056.5448609568618 16454.181139007378
6359 2349.5110045196247 16367.591262442966
6360 4097.632724535377 15645.965886149175
6361 1944.5556797706765 16347.545265913357
6362 2249.984272891688 17139.14473801939
6363 3691.2397624944797 16360.477915193449
6364 3288.7279977319513 16878.656884447926
6365 1836.7164361485331 15386.26383258539
6366 2971.3284598043824 15601.410548459648
6368 3608.3714290553 16318.697715812465
6369 1869.3342471877686 15367.816660337101
6370 3504.8161712690917 16242.216496239207
6371 2285.6924166882477 16356.703007855176
6372 3654.1075184085253 16401.841842839338
6373 2591.802131448868 16994.43360360599
6374 1528.7568716846722 16479.058219884802
6375 3094.1057198722533 16258.115869040017
6376 3214.8081199460735 15057.202739771421
6377 3451.856422542099 16052.224365931226
6378 4126.203485454014 16978.135431079052
6379 3694.8088103252385 15302.148895745608
6380 2585.4293412340985 16984.200028495474
6381 3407.8079253416154 15650.18910496996
6382 1677.096752350639 16944.118901545844
6383 2222.953033330157 15403.977088598249
6384 2505.3227513095976 15379.911878895513
6385 2853.0349199791995 15365.344785805735
6386 3248.6718335471414 16806.703072224893
6387 3253.502162838154 16834.48362334287
6388 2471.0406688462367 16369.18481987388
6389 1993.1660655895953 17284.790365358025
6390 4352.862190489382 15994.877576306715
6391 2331.133191955808 16416.357063507214
6392 3531.4854364571643 14727.451216604468
6393 2985.0884852199056 17496.397929197523
6394 1026.350305797183 16837.933877354586
6395 3573.2494589128514 15361.652770467617
6396 2817.4692228697527 15397.305675555863
6397 2966.4783478119653 15615.61043952465
6398 3178.964510190412 15408.046073377312
6399 2966.5885164125443 15608.110991453337
6400 4465.917472807207 15941.864803803255
6401 3536.9210885092143 14742.255110635204
6402 3606.7103492912206 15952.299762599127
6403 1039.0753238283032 15047.223265304992
6404 4406.794715181592 17057.962317264595
6405 3348.4407734475108 15407.736985606954
6406 3326.4872822014527 15498.835871972558
6407 2892.9586250562215 15098.908314490458
6408 1849.589470546208 15408.751016027518
6409 3122.6519762842863 16226.22675896506
6411 3685.5234187942597 15300.674262367931
6413 2094.680430822693 16353.212146560265
6414 946.4586675150515 15436.840023897554
6415 1830.1891988895777 16547.347769174165
6416 3774.220664036392 16239.822333080267
6417 2855.6366153787917 15387.929337440972
6418 2867.9788760986285 15211.664242341149
6419 1318.883050570272 15686.164280867733
6420 1441.8660567601257 16518.066911221085
6421 2824.9327046783496 15884.596992875959
6422 3919.028734090307 15386.699605434065
6423 2853.5394673242513 15346.375240363566
6424 3819.675400602046 15208.906946438226
6425 2504.202562134059 15272.18656132477
6426 4275.695298519273 15983.77143506975
6427 3307.615056790226 15808.321793507073
6428 3952.8942792594207 16633.813238701143
6429 3853.042045943218 15210.982133779622
6431 1020.3061516592809 15030.964033922472
6432 1299.6306638112592 15787.43384987383
6433 1865.450964088105 15290.466089997228
6434 2995.4275873488054 16023.299134423036
6435 3619.5737506005307 15184.603443065836
6436 4411.782659180427 16742.6359304314
6437 2658.343555405678 15952.250294350548
6438 3096.8731606723645 16914.409246449966
6439 1369.1427823592471 15518.094120028
6440 2352.51198896523 15893.7820760146
6441 4287.430361136405 16005.553816515037
6442 3262.339232654467 16799.10242178803
6443 3377.4702683001874 15214.13826764184
6444 4432.066528200471 16171.529139621502
6445 1340.3214135695296 15350.439393062363
6446 3269.7837702983534 15140.604906331204
6447 1107.621513819503 16806.425876389345
6448 2219.7791409330266 16853.67266912974
6449 3866.2329616110314 16400.456293114265
6451 3789.4555886442354 16517.857922822946
6452 2949.587037845872 17550.11282957511
6453 1897.9117132712179 17168.86067462456
6454 3809.059053630959 15909.06517577929
6455 3938.2630315159354 14919.872002763923
6456 2760.7464603213366 16894.294348994812
6457 1401.2189258547887 15172.89220646134
6458 1482.806357874312 16803.872298859464
6459 3053.4667844946775 15690.319017245354
6460 1308.2917599567081 15271.360385017326
