4900 3616.062850526654 16331.94301565209
4957 2802.3940742080235 15400.141140895708
4983 2757.4077330633404 15399.04752815016
5005 2787.3985827072534 15399.776602233222
5022 2794.896334643037 15399.95887171483
5032 2779.900911226461 15399.594334707464
5099 2742.4123316470677 15398.682991677617
5137 2749.9100389477926 15398.865260074153
5229 2712.421488664565 15397.953917756493
5231 2772.4031749849632 15399.412065607381
5258 2734.9146027411944 15398.500722755864
5303 2727.4169339397936 15398.31845529524
5333 2638.1011083666244 15396.01088712003
5339 2690.589347344257 15397.403451701302
5342 2660.5961105560964 15396.607701642957
5396 2683.091010721761 15397.204513459092
5400 2653.0978161361863 15396.408764520422
5410 2668.0943854096386 15396.806638246377
5417 2615.6061501563563 15395.414073763915
5430 2719.9192471780916 15398.136187398006
5433 2623.104437777234 15395.613010706065
5436 2630.602737326635 15395.81194796469
5437 2645.599470281114 15396.209826033262
5450 2675.5927286876095 15397.005576665162
5462 2467.1275057598805 15388.86629574806
5467 2474.628214145656 15388.952401826422
5555 2585.6129635389766 15394.61832503665
5583 2817.549100110813 15394.105674737848
5591 2810.0493942784665 15393.923406448679
5597 2570.61631112081 15394.220449104785
5600 2533.1247446424222 15393.22576098815
5621 2817.389435817932 15400.50567640056
5625 2578.114641980491 15394.419387194102
5630 2540.6231121684136 15393.42470005026
5660 2600.6095445370465 15395.01619907367
5662 2608.1078608211706 15395.215136776284
5664 2593.111267964704 15394.817262424649
5702 2850.8492951515486 17374.83657052156
5709 2444.625275126667 15388.607976302137
5721 2414.622425384887 15388.263551802733
5724 2802.5496488433696 15393.74113719703
5757 2563.1180195280126 15394.021512057257
5766 2452.126058740877 15388.694083244101
5769 2548.1214089572336 15393.623637235645
5773 2555.619721233022 15393.822574831913
5780 2459.626767803084 15388.78018933023
5787 2437.1245511672464 15388.521870044995
5809 2407.121706393691 15388.177445602623
5819 2377.1193951077503 15387.788443595917
5828 2422.1231357041875 15388.34965790329
5831 2429.623843555569 15388.435763975518
5834 3619.8600498141054 16338.482124619195
5836 2482.1289442019215 15389.038508153555
5837 3230.5304060721705 15342.909847683832
5838 3479.8495546001336 14653.063179322682
5848 3634.9292697669466 16364.432638105944
5853 3631.162516003597 16357.945958991631
5861 2369.619090370838 15387.672109514488
5876 2339.617693636246 15387.20677043119
5889 2399.6209912083414 15388.091339446204
5897 2354.6184109888873 15387.439440267313
5916 2863.9210760547808 15416.46101554026
5922 2181.487491153311 15410.264044683934
5947 2392.1202180614687 15388.005232624402
5967 2866.672279218097 15599.488416175223
5968 2362.118765987003 15387.555775128321
5982 2475.579467598896 15644.973235687201
5985 2834.4631857652375 15368.615797946053
5986 2830.6659841109786 16293.833566258827
5987 2856.712136577465 16356.291248179854
5989 2830.7643075767382 16151.494798950756
6005 2434.266502789087 15703.720692722505
6013 2384.619705504189 15387.904777765129
6014 2809.8917505358927 15400.323408539298
6015 2863.819835551355 15419.651347979334
6045 4217.360133463785 17049.439128777827
6052 2647.2859689733464 15562.493518366191
6055 1470.2991189855918 15588.591201028752
6067 3358.3734130498556 15889.288287816435
6071 838.9009942190692 16201.519722337594
6081 2203.4217692468687 15413.017017364016
6086 2871.311762468656 15419.88624337773
6087 2324.6169624452136 15386.974100380428
6096 3050.365112572681 15253.620261428186
6098 2714.797029368615 17343.330606664247
6105 1156.894986860152 17125.442059104564
6112 2317.116665368628 15386.857766417814
6113 2649.1095425233125 15464.397209526922
6115 2832.4824749900176 15426.879896799339
6124 3234.7967427666968 16764.80453905795
6126 2832.1263537682044 15434.372466921845
6129 2878.9238179282424 15416.925833515246
6130 3092.405187054873 16249.654976945412
6131 2130.586983629319 15385.235293993723
6132 3145.969038379001 16628.140376177562
6135 3605.459267220661 15976.994528479752
6142 2863.2990205552205 17253.483744146473
6147 928.1856366358611 16427.65795700546
6149 2454.5159491804147 16368.903706225705
6157 2502.0892852800985 17023.871062296716
6161 2347.118041934604 15387.323105188283
6162 3238.5929934015944 15408.499337264897
6164 2332.117310285702 15387.090435130418
6167 2635.5822672160893 15994.700829736788
6175 2151.494132630654 15385.667830629876
6176 1550.280383791878 16765.005685284592
6179 2402.0135238515477 16368.247484921802
6180 2966.0344659270977 15864.259049935677
6188 2486.03755767505 16369.55679197107
6193 2500.2427519677344 17013.895054032364
6196 3183.488812640756 16200.613896884
6197 1954.7112263401077 16685.450913933775
6199 2393.7565139586595 16368.144281579018
6202 2384.657783096226 16368.030557670207
6203 3397.298872410336 17432.490252983855
6204 2165.4813189514334 15385.957203921284
6205 2294.6156149109797 15386.508762060257
6207 2831.0579953374677 15456.850067154466
6211 2647.5394077402075 15411.218782160684
6212 2340.091587925927 16391.129036594062
6213 2417.014183499496 16368.434976306666
6215 2493.5360066376443 16369.742778132477
6216 2204.7192322166297 15385.43663133367
6217 686.9352240391842 16181.571083209266
6218 2849.2366165765407 15387.759292409017
6219 3006.653472174903 16394.11489371658
6220 3650.123650048426 16395.485598415988
6222 4325.143965564473 17310.569767830933
6223 2852.835485517789 15372.842954442554
6227 2447.0155996638036 16368.809960287139
6228 2878.803601921607 15420.121136033846
6230 2830.7018759298617 15464.342599107174
6233 3061.2866879820226 16133.655512610525
6236 3058.3835450038478 16268.350702994228
6237 1713.1632728821637 16477.62390573989
6239 2409.5138560183836 16368.341230643517
6241 2871.4224623261207 15416.693425002853
6242 2439.5152136146494 16368.716213891956
6244 1829.791059426134 17274.825317674295
6245 3190.0787486755853 15406.53048186858
6246 2959.40542965738 17498.934520163773
6247 2636.164280234291 15958.270535355101
6251 1455.0985593466205 15606.005065498277
6253 2848.277337105738 15408.701558150231
6261 3418.6991454318368 15999.228336264247
6262 3272.212817953407 15403.955251833002
6265 2096.1979765613155 15384.690694162411
6266 3237.4516661913244 15403.690370969967
6267 2302.115981535867 15386.625097101605
6269 2122.9606999856073 15385.077517958673
6270 2852.6360503595656 15380.341149277567
6272 2829.633518389225 15486.820180612636
6275 3627.3957687720067 16351.45929112558
6278 2358.402550288529 16367.702396770983
6279 1895.1810514121864 15396.128020048911
6281 2182.159373732243 15385.811396195924
6282 2859.35681577606 15402.025348767338
6283 2849.436053370377 15380.261036079617
6284 2852.4366158932644 15387.839318098264
6285 2821.342256173687 16371.072944812471
6286 2425.2343335680766 15407.703436634274
6287 2371.843433856905 16367.87039270804
6288 2849.6354882867586 15372.76285033717
6289 2685.548572297212 16358.759124797836
6290 2279.614918891101 15386.27609255502
6292 1463.0794289368048 15606.182788179489
6294 2380.4735459043814 15404.010445104672
6295 2081.181191438085 15384.701097200252
6296 2764.9054338350547 15399.229796387976
6297 2309.616302700755 15386.741431437842
6299 2774.095378697528 16361.055389231187
6301 2831.7702364906436 15441.864954059725
6302 2893.7864567732026 15420.6095643105
6303 2424.514515301633 16368.528722023822
6304 2855.636615615239 15387.929328551229
6305 2315.3223687185887 15180.825751946571
6309 3310.6672709621284 15494.863340510527
6310 3934.9047123094515 15397.822675475654
6311 2516.031499071693 16370.300740226718
6313 1120.81517746443 14975.326979812417
6314 2737.9949245641174 16621.45450527695
6316 2432.0148462850625 16368.622467730745
6317 2508.5330182657017 16370.114753275491
6318 2796.0689878921257 16360.831031367245
6319 3064.300479776349 16490.54510629928
6320 2349.5835854407824 16367.5921696229
6321 1165.7721751565268 16699.033145760928
6322 2855.836051326956 15380.431112906448
6323 4604.925517911289 16174.894214214097
6324 2829.9896369179924 15479.327667150146
6325 2830.3457572180123 15471.835116421598
6326 4318.475312547973 16052.43062146213
6327 2073.672819283923 15384.706298705034
6328 2849.8349238759884 15365.264639297558
6329 2908.3803042032782 15418.270192360602
6330 2523.5299372641766 16370.48672612099
6331 2831.4141151543076 15449.35752659172
6332 3574.282524926961 15993.662199644657
6335 2853.2343544028663 15357.846618587972
6337 1533.0616806338967 16858.917145596537
6338 2478.5391213175108 16369.370806122311
6339 3120.051541732795 16580.33107956622
6340 1522.2080105226464 16494.9733006635
6343 3844.9449651411055 16700.81640269462
6344 955.2089377389925 15725.881691565142
6345 2501.0345232328004 16369.928765971392
6346 2856.035486680659 15372.932910721956
6347 2344.1646809297713 16595.911240685997
6348 2318.7375279158664 16590.69767124798
6349 2330.2904156118857 16177.818432086471
6350 2139.358087650905 15385.416754595004
6352 1447.6494363603802 16538.910398881766
6353 4403.558863036925 15461.20895210064
6354 2912.142259567764 15421.69925941219
6356 2643.4256957283364 16353.279003339903
6357 2886.425186651814 15417.15824243417
6358 1165.6617805131207 16846.663044554523
6359 2332.958116186662 16319.053994752285
6361 2644.9648837373684 16359.135907363245
6362 2647.2278961575707 16917.214346652618
6363 2835.47 16835.471537551515
6364 3769.7075300388888 16295.901489407848
6365 2403.8033022987865 15395.103980259653
6368 3708.4857153050143 16923.272424075458
6369 1324.1305615285892 15286.362636897315
6370 3066.518119246085 16483.200486695816
6371 2796.0189556180403 16357.631031837245
6372 3057.1214790521085 16508.490174850554
6374 2440.610101534759 16360.91669077855
6375 3113.460588062397 16676.563826987105
6376 2755.171721835299 14947.706944478636
6377 3067.3301766312334 16501.500221758586
6378 3658.0910894894905 16408.197612955137
6379 3181.584423874706 15425.043966079604
6380 3078.3849050576723 16685.499163207336
6382 2330.8768161541257 16435.995254209352
6383 2287.1152474073883 15386.392427005281
6384 2339.385589819338 16258.50561989529
6385 2853.0349199791995 15365.344785805735
6387 2647.355462293006 16372.5881762245
6388 2471.0406688462367 16369.18481987388
6389 2605.099360316206 16936.765848193383
6390 3904.440080893069 15684.63098371266
6391 3030.7662455879167 16283.527085818841
6392 3813.233528114556 15185.986595144073
6393 2580.049055935652 16987.659630438266
6394 1524.0351771720761 16481.841633963682
6395 2886.295445435657 15420.35602881729
6396 2817.4692228697527 15397.305675555863
6397 2975.6754547763367 15992.067143874729
6398 2865.03127095942 15399.286040119676
6399 3003.384201370879 15424.757135111211
6400 3277.892598313348 16587.049396045313
6401 3803.0905812752558 15168.710990035926
6402 3392.9605094343274 15428.246784027575
6403 950.8814994663204 15284.795353676154
6404 4313.119743159114 17103.67410768871
6405 3913.2507162818188 15317.74183152852
6406 2901.999224217873 15421.097116533409
6407 2856.234923437075 15365.434655799456
6408 2088.689614475262 15384.69589566022
6409 3122.6566106311743 16226.234206114812
6411 2893.925711147861 15417.409633335523
6413 2417.619836975749 16713.22843201753
6414 1372.655102583935 15657.11366485849
6415 1849.5193320628362 15415.418954117189
6416 4413.524503681601 16177.188881993612
6417 2855.6366153787917 15387.929337440972
6418 2850.2337940357684 15350.26825551778
6420 1818.3058884768498 17327.59694848578
6421 2531.0283895233965 16370.672712364161
6422 3170.332265287134 15574.311205999476
6423 2850.0343596837715 15357.766420040947
6424 4284.021744034075 15999.226811679504
6425 2178.0326563061635 15412.888633424049
6426 3662.4090833242376 16380.34965371634
6427 3015.0190496297573 16300.286711718083
6428 3654.1073450266063 16401.84156620925
6429 4287.682274520577 16006.021412948414
6430 3091.7488615095117 15501.86617206955
6431 939.225068575252 15267.987224765313
6432 963.2798670412034 15702.947021726428
6433 1842.335765106984 15749.10175256059
6434 3118.6929343251722 16219.864788431127
6435 3669.544765275977 15274.01978118021
6436 3691.2775248092335 16574.401338882635
6437 2828.9212815617802 15501.805202696667
6438 3008.600178264502 16424.779315569675
6439 1402.386221209734 15643.755749218966
6440 2194.2887154195987 16672.80666050395
6441 3606.7704660763775 16405.534797259323
6442 3736.1152637861815 16321.978368738037
6443 3827.726833183302 15204.56908428014
6444 4327.908050491018 16011.802016690517
6445 1018.1843094501675 15665.729829311624
6446 2856.969068204574 15170.37157563383
6447 1452.8158717969293 16523.825039866042
6448 1833.5401592928895 16863.612611233042
6449 3203.2397691586 16628.838614233093
6451 3359.990227979695 16539.90854593657
6452 3312.353689433476 17361.53754794264
6453 2211.754645460928 17382.49626761623
6454 3565.5647168074756 16244.98081692938
6455 3936.66996283188 15359.527774597786
6456 3221.2567153230502 16818.729804893414
6457 1502.2249296447487 15880.339822003963
6458 1183.3871689350942 17155.723602122183
6459 3073.840153308609 15425.91846872203
6460 982.5554201846093 15607.349040672661
6461 4526.258653372659 16036.84790781009
6462 997.0854650513922 17354.629462255263
6463 2822.0630278672347 16824.531690980137
6464 2329.540241870874 16538.375824020728
6465 4590.784954280167 15343.583631695743
6466 4020.0331798438606 16275.200087437039
6467 3762.158551043016 17609.631435506097
6468 3692.16612968006 17072.92715163958
6469 1192.9351980402168 15602.323982864398
6470 1120.0080357818883 15872.620590732453
6471 4462.892585080398 16367.641265607816
6472 1442.2715302550862 15605.276118349679
6474 1425.9710739986806 15977.610133061009
6475 3170.6749842881804 15407.73632958697
6476 2964.528585795807 15967.62228801577
6477 3262.2606891786904 16849.42260782384
6478 3632.323628448557 16366.283989684809
6479 2802.7576262717675 17291.879759629177
6480 1512.5089503942038 15886.961481398745
6481 3328.617526430132 15502.168513035002
6482 3153.26547940873 15578.742721841681
6483 3389.591632496267 15597.573524241112
6484 3229.1126129271734 16186.43587060845
6485 2537.3147646328252 17366.234100150905
6486 2272.114388566966 15386.159754974602
6487 1151.3747061954225 16303.291988812345
6488 4243.59606669502 15563.964208134337
6489 2291.1156293884324 17407.069091172856
6490 2829.2773990493006 15494.312711141367
6491 2890.384487886623 17460.735768043065
6492 2853.4337892490707 15350.348435483978
6493 2879.4842698963716 16160.792666139052
6494 3623.6290379627962 16344.972651540302
6496 2216.3389183108325 17182.69844314969
6497 3461.1530152086075 16054.12531900407
6498 2729.8987685295933 15951.438573824176
6499 2345.6873423567886 16355.070653031984
6500 1336.4825026639332 15670.73329687531
6501 3606.2027747056454 14847.811062026622
6502 4247.263060026732 15930.996099786596
6503 3527.8604868959164 15807.89170623744
6504 951.898406023353 15990.216911393743
6505 2656.6568923685295 15093.476759486533
6506 3042.460583111882 16484.57601767934
6507 1913.157251056809 15396.400199258947
6508 2943.8615586946758 16974.33055227232
6509 3566.530585782156 17374.772728306692
6510 4561.28408887573 15571.29004066551
6511 3435.0174851999855 17625.806104790594
6512 2820.4659252070346 15477.473002570983
6513 3101.505820443808 17169.5196136434
6514 4371.867277608481 14918.238962796348
6515 3613.8466760501483 17408.956802088716
6516 3643.0164407077446 17565.87699118473
6517 4052.8450265802176 16336.14287795077
6518 2144.7692633370384 15190.863460265633
6519 3076.9309030988315 15732.509180571347
6520 3800.8249259974145 15805.343211066593
6521 4276.141642330924 16461.966704673836
6522 4023.0162064476967 15959.965563178672
6523 2901.1299050538737 17494.873508004723
6524 3158.112609670176 17260.958888047422
6525 3523.8043035427754 17436.56741903294
6526 3234.811899265477 16385.176544246242
6527 725.3727528932637 16241.599079015694
