4900 4155.255389145911 17029.8110856704
4957 2802.3940742080235 15400.141140895708
4983 2757.4077330633404 15399.04752815016
5005 2787.3985827072534 15399.776602233222
5022 2794.896334643037 15399.95887171483
5032 2779.900911226461 15399.594334707464
5099 2742.4123316470677 15398.682991677617
5137 2749.9100389477926 15398.865260074153
5229 2712.421488664565 15397.953917756493
5231 2772.4031749849632 15399.412065607381
5258 2734.9146027411944 15398.500722755864
5303 2727.4169339397936 15398.31845529524
5333 2638.1011083666244 15396.01088712003
5339 2690.589347344257 15397.403451701302
5342 2660.5961105560964 15396.607701642957
5396 2683.091010721761 15397.204513459092
5400 2653.0978161361863 15396.408764520422
5410 2668.0943854096386 15396.806638246377
5417 2615.6061501563563 15395.414073763915
5430 2719.9192471780916 15398.136187398006
5433 2623.104437777234 15395.613010706065
5436 2630.602737326635 15395.81194796469
5437 2645.599470281114 15396.209826033262
5450 2675.5927286876095 15397.005576665162
5462 2467.1275057598805 15388.86629574806
5467 2474.628214145656 15388.952401826422
5555 2585.6129635389766 15394.61832503665
5583 2817.549100110813 15394.105674737848
5591 2810.0493942784665 15393.923406448679
5597 2570.61631112081 15394.220449104785
5600 2533.1247446424222 15393.22576098815
5621 2817.389435817932 15400.50567640056
5625 2578.114641980491 15394.419387194102
5630 2540.6231121684136 15393.42470005026
5660 2600.6095445370465 15395.01619907367
5662 2608.1078608211706 15395.215136776284
5664 2593.111267964704 15394.817262424649
5709 2444.625275126667 15388.607976302137
5721 2414.622425384887 15388.263551802733
5724 2802.5496488433696 15393.74113719703
5757 2563.1180195280126 15394.021512057257
5766 2452.126058740877 15388.694083244101
5769 2548.1214089572336 15393.623637235645
5773 2555.619721233022 15393.822574831913
5780 2459.626767803084 15388.78018933023
5787 2437.1245511672464 15388.521870044995
5809 2407.121706393691 15388.177445602623
5819 2377.1193951077503 15387.788443595917
5828 2422.1231357041875 15388.34965790329
5831 2429.623843555569 15388.435763975518
5834 4543.542397794835 17223.205993625255
5836 2482.1289442019215 15389.038508153555
5861 2369.619090370838 15387.672109514488
5876 2339.617693636246 15387.20677043119
5889 2399.6209912083414 15388.091339446204
5897 2354.6184109888873 15387.439440267313
5916 2863.9210760547808 15416.46101554026
5922 1338.6720522563571 15350.607383566481
5947 2392.1202180614687 15388.005232624402
5968 2362.118765987003 15387.555775128321
5982 1637.122947141439 17041.6160859304
5987 3135.9258882001463 16611.966870340424
5989 3122.3071295001832 16590.035198563564
6013 2384.619705504189 15387.904777765129
6014 2809.8917505358927 15400.323408539298
6015 2863.819835551355 15419.651347979334
6081 876.0138241272631 15828.939348897875
6086 2871.311762468656 15419.88624337773
6087 2324.6169624452136 15386.974100380428
6112 2317.116665368628 15386.857766417814
6115 3091.663486766832 15543.266521912925
6126 3250.956101387639 15376.69215424074
6129 2878.9238179282424 15416.925833515246
6131 2227.11259031691 15385.461750954002
6132 3212.9036934658175 16741.20228377271
6149 1499.751254377475 16508.17999984425
6161 2347.118041934604 15387.323105188283
6164 2332.117310285702 15387.090435130418
6175 2242.1132249621023 15385.694419507283
6188 1904.4433479367349 16356.248933021152
6204 2249.6135320191834 15385.810753624699
6205 2294.6156149109797 15386.508762060257
6207 3161.497832661103 15406.980489155505
6211 2178.2501927171643 15179.555195963154
6213 1414.5267133566092 16166.684410540298
6215 2145.7409292134416 16363.220415381647
6216 2264.614212132575 15386.043422883218
6218 1915.2216075664328 15402.82948311472
6219 3441.4948975587654 16483.66279267625
6223 2336.474111773293 16420.27272063341
6227 1850.2601308970768 16029.235176265556
6228 2878.803601921607 15420.121136033846
6230 3154.0259107203633 15406.309974128471
6239 2175.3172854867043 15412.466873293057
6241 2871.4224623261207 15416.693425002853
6242 1456.7564738980593 16533.44542147469
6253 1432.6631643080057 16135.868878803474
6265 2160.4920300367144 15385.853983236157
6267 2302.115981535867 15386.625097101605
6269 2167.9982871509233 15386.009276107608
6270 3571.3341104457727 16254.916216896301
6272 3122.2102429859187 15403.454901032113
6281 2257.1138766636063 15385.927088325117
6283 2335.3050795788586 16502.019435302765
6284 3613.7886661472635 16328.02667143564
6285 2394.519635628659 16368.153819742143
6287 1483.4268332196823 15753.080536277062
6288 1644.9854326214906 15407.45971594857
6290 2279.614918891101 15386.27609255502
6295 2145.479485376792 15385.543396863672
6296 2764.9054338350547 15399.229796387976
6297 2309.616302700755 15386.741431437842
6299 3150.5866990244685 16629.504165385853
6301 3255.8411792524516 15397.898027228839
6302 2893.7864567732026 15420.6095643105
6303 1152.4852480792242 16706.54558273018
6304 3833.560359088965 15216.428754006169
6311 2364.51187526904 16367.778756466361
6316 1443.1235305649557 16541.61613389445
6317 2357.0115126831033 16367.685010364441
6318 3356.657030473566 16530.999008750005
6319 3143.890111937738 16624.792469561213
6324 3137.250618570735 15404.804593644249
6325 3146.455822195218 15405.63064983248
6327 2137.9732051383776 15385.388103513817
6328 2212.100711860428 15625.724668915065
6329 2901.4174840174455 15417.855658535405
6330 2372.0122838198736 16367.87250314279
6331 3168.969326724925 15407.650965785739
6332 4381.859792583167 14976.586862674883
6335 3392.5032989676174 15952.179431082317
6338 2191.3521883596495 15405.438923593987
6339 3332.458951274466 16923.550251165077
6345 2349.5110920200627 16367.591263536624
6350 2234.6129239720117 15385.578085483969
6354 2908.7511932133843 15421.497948228078
6356 3142.6718000199476 16616.758201633795
6357 2886.425186651814 15417.15824243417
6359 2193.9096637115263 15422.717260300147
6361 4079.292402826848 15644.428822356094
6365 4031.32928961606 15339.945746908403
6370 2429.7010458187297 16368.593547825627
6371 4100.40555779827 15671.057709118297
6374 3146.6292448295117 16623.131175952818
6377 3147.8467091778275 16631.164180370888
6378 4451.018412711818 15444.982209926102
6383 2287.1152474073883 15386.392427005281
6385 2979.1646619199864 16716.141462310137
6387 2387.015174568725 16368.060022413907
6388 1334.9990654727776 17142.872771464554
6389 2899.6242354166557 15399.491281634466
6390 2923.892727011408 15419.193729633304
6391 3654.687388503177 14925.14517481982
6392 2923.7158968370572 15422.3863301975
6393 2258.7276218188763 15582.998141531934
6394 3134.5475520068126 16603.67510725331
6395 2886.295445435657 15420.35602881729
6396 2817.4692228697527 15397.305675555863
6398 2865.000847259101 15399.285861929076
6399 2908.909172126613 15418.30167868905
6401 3598.9375017883845 16409.821078344947
6403 1946.7725660889707 15387.125560512384
6404 3281.0886358154794 17233.363901451896
6406 2901.2688429521754 15421.053757335421
6407 3765.176349597683 15238.221168237496
6408 2152.985762353681 15385.698690146051
6409 3127.278247116073 16598.040694682397
6411 2893.925711147861 15417.409633335523
6414 2088.689625918731 15384.69589565229
6415 3257.766537017691 15122.925232453954
6417 1884.9879507617713 16355.786790537111
6418 1647.908663792047 15413.160203093421
6421 2379.5130894024423 16367.96625478167
6422 3112.484852774292 16574.217387704317
6424 4372.347491037487 16955.198474553123
6425 1436.586987891079 15987.180190908053
6426 3404.9078187867417 17570.24678807913
6427 3139.9306061905477 16618.416074886845
6428 3039.3833215471213 16479.687952565193
6430 2916.233535104979 15421.942138623872
6431 1923.1298916136277 15378.746517750067
6433 2081.181243752933 15384.70109716401
6434 4479.608230262802 15734.831781618452
6435 1692.02286477273 15398.525082400787
6437 2855.272257708346 15274.87387991414
6441 2195.133865488785 16668.64696599019
6443 3515.125591880751 16515.278788287746
6444 3099.841129974297 15783.786209326607
6445 3298.1857091641987 15407.353614875123
6446 2351.6699055038066 16005.16166667588
6447 3311.0610021451866 16132.709110777085
6449 2419.894621549874 16368.470978544685
6451 2116.8582378364445 16713.05384258564
6452 2374.917878554034 16674.78101035148
6455 4323.609217280602 16438.00130674554
6458 2414.5013255975546 16859.63308843509
6459 3076.60823100768 15089.000048687003
6460 3230.6267637105643 15406.838706226115
6461 3762.9463049544183 15428.315232206422
6462 2587.331845919911 16358.799624393969
6465 4682.950274260813 16054.258349304899
6467 2439.0071381488096 16368.709863519709
6468 2447.522605063562 16368.816297284762
6469 2150.4547619935297 15382.44614081094
6470 1717.6795669456717 16290.645402711274
6471 3672.659570082249 15504.345078485496
6472 2096.1980099166117 15384.690694139303
6474 2312.3901446425284 16357.190925222012
6475 2872.5006941512506 15399.329788282637
6476 2410.720057323597 16368.356306804062
6477 2859.181891128251 15399.650269941934
6479 1877.4889433279868 16355.60865950786
6481 3330.1303307558615 15234.864947179178
6482 2916.400951899137 15418.7477042999
6483 1841.9280229002648 15394.561348142879
6484 3131.7447977905035 16605.23363535522
6486 2272.114535001088 15386.15975724588
6488 4251.815830456161 16660.812672291162
6489 2307.1285052193 15786.30500661361
6490 3083.341563882748 15400.826811831017
6491 2825.7403724941682 15568.729560984162
6492 1971.6196203718937 15403.767560798444
6493 2723.3970473319278 14861.665596379598
6494 3866.0585865203107 15286.568234192964
6496 787.1615482516872 17209.83559812618
6497 4449.414415054784 14881.289440587503
6498 2978.8361136524677 15399.129057001586
6499 4066.2167635460414 15655.741972102625
6500 2073.6728632021686 15384.70629867461
6501 2931.384475501469 15419.639753381744
6502 3020.388460292321 16730.406935590097
6504 2134.580269749366 16353.941340609272
6505 2502.122750546376 15379.879162503283
6506 2402.2202242370854 16368.250068444291
6507 2122.9606872978593 15385.077517696183
6508 3395.042512169192 15963.560979091453
6509 2322.7224687401704 16574.27993612682
6510 3417.824008384351 16086.389104679884
6511 3580.3002226809945 16276.736827650886
6512 2350.072490577279 15872.684661893089
6513 2820.7292779471627 16365.013682296752
6514 3565.2092383515433 16428.27754160777
6515 2847.3180919295382 16367.924765923712
6516 2810.1695835837704 15978.151838130187
6518 2130.466983444481 15385.232811375156
6520 2157.795738802414 15398.36001869329
6521 3172.5895863780424 16645.99599715099
6522 3394.830298478759 15443.664243294383
6523 1869.989928863199 16355.430528311594
6524 2816.7872196308867 15706.548985543179
6525 4223.474177850267 16621.410534513743
6526 3117.4689034434455 16582.243711233743
6527 1491.0778018235753 16285.183222689922
6528 3724.7202545841083 15596.601415478033
6529 3459.236855860168 16071.132922108398
6530 2550.3332893283664 16667.147592934587
6531 3411.6358088815296 16511.91450543199
6532 2981.6446349525313 16387.398375770274
6533 4015.218693062291 16391.01266963188
6534 2931.198327320764 15422.830525852578
6536 2315.471726830333 16588.61829085432
6537 3138.7141928015976 16610.384965775553
6538 3070.0207695852805 16270.958521870723
6539 2703.5078861061243 16371.820883044926
6540 2590.0384139714615 16997.651755711453
6542 3361.347360828952 16539.172923811915
6543 3119.7348259976784 16605.842522569823
6544 2554.541693108892 16963.670412831983
6545 3403.9021418330267 17510.94219310837
6546 2880.0005846267863 15399.373714891464
6548 2322.433992742642 16357.515392135103
6549 2525.158113409948 16875.936752123554
6550 1100.2537672111644 15678.445031534577
6551 2938.8536842320477 15420.083576054289
6552 3425.239574240015 16015.713506889695
6553 3157.7268031976605 16647.59997641355
6554 3452.9519122672164 16054.08780834406
6556 3157.486040164551 15221.51405756332
6557 2206.623740264375 15398.89722869626
6558 2784.8868596680395 16370.68000455345
6560 1306.460829423025 16217.35860089634
6561 2556.060821514994 16966.4863989889
6562 3903.0549085908588 15749.70819780073
6563 3541.397193247478 16209.904878689582
6564 2801.578066439051 16361.300692999228
6565 2157.949326261533 15382.601434759728
6566 3649.256454072811 16394.0667139256
6567 3429.2792971260596 16016.138833202931
6568 4054.888983337785 15658.909179900797
6569 3706.5374393388174 15723.74947314932
6570 1926.9310666350461 16821.50446066056
6571 1958.6295886934065 15405.578621791163
6572 1891.3356609547047 16345.292479700538
6573 1424.5295113373893 16082.964484308197
6574 3001.24010975999 15602.366799728867
6575 1408.3361813232473 16280.700066593598
6576 2691.681035355034 14815.105246361994
6577 1840.6033915962182 15870.702628584531
6578 3750.7466999941917 15833.31994952084
6579 1049.3690041378484 16416.37760280442
6580 2029.7984255920098 15390.887254883848
6581 2339.2776440214634 15884.376240760595
6582 2895.000349471517 15399.461568014784
6583 999.5101002390643 16162.419219851057
6584 1494.7584483625005 15570.975170493019
6585 2849.2366163237884 15387.759301911792
6586 3654.1073891403184 16401.841636592482
6587 2887.500448805443 15399.417641346272
6588 3285.910387623533 17372.080573410636
6589 3849.0025660689294 16706.780790494795
6590 1421.2844575779088 16445.09029735325
6591 3650.299296240582 15903.761102584425
6592 3276.120623763414 15427.238810205965
6593 2315.067868467246 17105.612869006538
6594 2752.777539762536 17254.636918279313
6595 4145.429972584092 16108.150068786546
6596 1847.7554421254845 15382.492692386195
6597 3344.698223915296 15871.916481212365
6598 2511.7213761158696 15379.98303015108
6599 1434.2793864011924 16100.904607520872
6600 1862.4909813416432 16355.252398705492
6601 2852.4366151350396 15387.839346605357
6602 3372.500037128047 15922.017234219727
6603 2660.8539127805757 14769.84982086436
6604 2813.569340729367 15414.511459675692
6605 3732.9219164240667 17555.65084725099
6606 1435.5077246960584 16534.19937231725
6607 2474.7636378857414 16361.16882883777
6608 3363.969629809962 16986.983179173913
6609 3370.8515760568944 15912.273073146456
6610 3819.1117937796653 16666.101428957834
6611 2693.3075074814865 14700.484583358313
6612 2767.0104005319304 17308.642626763005
6613 4320.947729029051 15519.511600005022
6614 2972.6126540525047 15056.810357827611
6615 3878.953114717715 15315.870932003918
6616 3639.31091539086 17567.72619208343
6618 3849.542801069633 15257.376273593509
6619 1883.2385871357453 15378.540547796794
6620 2856.175531828322 15233.048590545863
6621 1517.0814680090186 16825.676257494757
6622 2487.8083777443135 15583.777619626853
6623 3736.046199542263 15056.946853114767
6624 2594.8134136806825 16372.196914464446
6625 3300.340962653074 15404.16982737026
6626 3666.5501429391065 16421.693995479833
6627 2552.458034916146 17430.524812575488
6628 2782.2667473010442 16863.794889842688
6629 2038.2158570791273 15616.381176166922
6630 2247.1363540643456 15678.59051087268
6631 3982.2941701380473 15445.58707365017
6632 1581.390019403083 15460.14023103929
6633 2475.5262825591503 17473.188554514323
6634 3829.6179702846975 15228.67013875324
6635 1010.6151429488771 16217.094483726929
6636 3506.1645140251344 16150.39553407439
6637 3515.582572213596 15368.924643585122
6638 3252.1610539591675 17016.42084656687
6639 4185.372736480164 16950.75515323401
6640 2651.6675387304026 14741.697383808792
6641 980.1726700199558 15943.148656144156
6642 3620.3667625374483 15186.021745729195
6643 1869.3342478993652 15367.816679510679
6644 1296.94937631227 15802.222871266955
6645 3022.835396329433 15030.174400462343
6646 932.315501531656 15550.945920758728
6647 1044.2237114778566 16362.821965050145
6648 2342.8441872403355 16091.448122131545
6649 1799.9782578516918 16787.5264196898
6650 1260.181084591803 16825.074518861806
6651 4416.96837609484 15503.278070761016
6652 3436.9818646213926 17068.427228937777
6653 2511.8625023554882 15372.526944097384
6654 3427.8010146432257 15406.512514290307
6655 1490.2657692390394 15798.422688839539
6656 3257.1283993887355 14307.712492642362
6657 4286.506113930413 16913.854546180926
6658 2980.831271635093 16310.954410971257
6659 1875.78 15368.92
6660 936.1654882835987 15717.795236699594
6661 3009.2818547761035 15599.29052836388
6662 4017.7871084074736 15551.043549876842
6664 4082.661929773507 15161.854386949883
6665 2860.225578557908 15194.234837814756
6666 1856.327688502584 16046.423550830472
6667 2421.8776576495457 15531.663195185685
6668 3084.5274470125355 15595.076186664897
6669 2990.1618909566882 17168.539716870986
6670 4166.770540742115 16887.8522633384
6671 3674.1845710568373 14963.412588157866
6672 1483.6733269938143 15893.2905162341
6673 1560.5592720448783 17506.3025415277
6675 2376.3212998536633 14760.659807902179
6676 2002.9514001372684 16358.588888126285
6677 3066.1251898734176 17127.751139240507
