4900 3634.9292347287706 16364.432577767144
4957 2802.3940742080235 15400.141140895708
4983 2757.4077330633404 15399.04752815016
5005 2787.3985827072534 15399.776602233222
5022 2794.896334643037 15399.95887171483
5032 2779.900911226461 15399.594334707464
5099 2742.4123316470677 15398.682991677617
5137 2749.9100389477926 15398.865260074153
5229 2712.421488664565 15397.953917756493
5231 2772.4031749849632 15399.412065607381
5258 2734.9146027411944 15398.500722755864
5303 2727.4169339397936 15398.31845529524
5333 2638.1011083666244 15396.01088712003
5339 2690.589347344257 15397.403451701302
5342 2660.5961105560964 15396.607701642957
5396 2683.091010721761 15397.204513459092
5400 2653.0978161361863 15396.408764520422
5410 2668.0943854096386 15396.806638246377
5417 2615.6061501563563 15395.414073763915
5430 2719.9192471780916 15398.136187398006
5433 2623.104437777234 15395.613010706065
5436 2630.602737326635 15395.81194796469
5437 2645.599470281114 15396.209826033262
5450 2675.5927286876095 15397.005576665162
5462 2467.1275057598805 15388.86629574806
5467 2474.628214145656 15388.952401826422
5555 2585.6129635389766 15394.61832503665
5583 2817.549100110813 15394.105674737848
5591 2810.0493942784665 15393.923406448679
5597 2570.61631112081 15394.220449104785
5600 2533.1247446424222 15393.22576098815
5621 2817.389435817932 15400.50567640056
5625 2578.114641980491 15394.419387194102
5630 2540.6231121684136 15393.42470005026
5660 2600.6095445370465 15395.01619907367
5662 2608.1078608211706 15395.215136776284
5664 2593.111267964704 15394.817262424649
5702 3404.8727740534937 17444.95116562183
5709 2444.625275126667 15388.607976302137
5721 2414.622425384887 15388.263551802733
5724 2802.5496488433696 15393.74113719703
5757 2563.1180195280126 15394.021512057257
5766 2452.126058740877 15388.694083244101
5769 2548.1214089572336 15393.623637235645
5773 2555.619721233022 15393.822574831913
5780 2459.626767803084 15388.78018933023
5787 2437.1245511672464 15388.521870044995
5809 2407.121706393691 15388.177445602623
5819 2377.1193951077503 15387.788443595917
5828 2422.1231357041875 15388.34965790329
5831 2429.623843555569 15388.435763975518
5834 3734.9119870369814 16524.73987895843
5836 2482.1289442019215 15389.038508153555
5838 3235.03713913973 14293.840027176875
5848 3885.2587205556974 16469.12404007164
5853 3903.328342385663 16781.042393482505
5861 2369.619090370838 15387.672109514488
5876 2339.617693636246 15387.20677043119
5889 2399.6209912083414 15388.091339446204
5897 2354.6184109888873 15387.439440267313
5916 2863.9210760547808 15416.46101554026
5922 1893.5010661001947 15399.30488659266
5947 2392.1202180614687 15388.005232624402
5967 3371.8218519784705 15914.061391719653
5968 2362.118765987003 15387.555775128321
5982 2336.708554409637 16403.87889042854
5985 2756.4549763261116 14911.25954674819
5987 3132.020625447391 16605.677828674972
5989 3118.8255795687246 16584.428504733845
6013 2384.619705504189 15387.904777765129
6014 2809.8917505358927 15400.323408539298
6015 2863.819835551355 15419.651347979334
6067 3627.3870545073337 16351.444284400373
6081 1893.333856959855 15402.504887223908
6086 2871.311762468656 15419.88624337773
6087 2324.6169624452136 15386.974100380428
6098 2516.6685952206108 17040.2750494771
6112 2317.116665368628 15386.857766417814
6113 2801.319549343193 15810.640624436288
6115 2832.4824749900176 15426.879896799339
6124 3674.5445581920667 16776.636092402772
6126 2832.1263537682044 15434.372466921845
6129 2878.9238179282424 15416.925833515246
6130 3649.054177553963 16016.08184414183
6131 2227.11248611306 15385.46174933774
6132 3147.8467070290653 16631.164176910515
6135 3882.8867427792047 15646.393307728853
6149 2391.584253856753 16368.117130769364
6157 2316.7849563621717 17444.605412202953
6161 2347.118041934604 15387.323105188283
6164 2332.117310285702 15387.090435130418
6175 2242.1132249621023 15385.694419507283
6179 2335.2266562369796 16227.180310352873
6188 2433.525369649174 16368.641347574969
6193 1836.734648166641 17358.96766127356
6196 3638.377505228113 15900.042358471583
6199 2104.7749703174873 16362.354400691644
6202 2035.0640541544637 16360.880721591291
6204 2249.6135320191834 15385.810753624699
6205 2294.6156149109797 15386.508762060257
6207 2831.0579953374677 15456.850067154466
6211 1893.7105375327399 15396.105754869732
6212 1986.5653289780246 16762.490820086354
6213 2343.3754998379422 16367.449378415677
6215 2449.0361205384293 16368.835214527006
6216 2264.614212132575 15386.043422883218
6218 2771.3846153172385 15412.736274938916
6219 3146.629243415258 16623.131173675338
6220 3945.245670975856 16144.703665163863
6222 4810.533398830587 17058.098360872078
6223 2839.4915751451967 15416.979258295314
6227 2381.1036044568864 16367.98613443211
6228 2878.803601921607 15420.121136033846
6230 2830.7018759298617 15464.342599107174
6236 3604.693771551815 15948.537615155592
6239 2333.825473942886 16283.669338534095
6241 2871.4224623261207 15416.693425002853
6242 2372.455164060544 16367.878038648001
6246 3420.188494427976 17502.24200427836
6247 2648.227940144341 15522.110660164954
6253 2051.9471414287254 15408.024732703556
6261 3661.92621541252 15890.266622421557
6265 2160.4920300367144 15385.853983236157
6267 2302.115981535867 15386.625097101605
6269 2167.9982871509233 15386.009276107608
6270 2853.243858881017 15476.244714616185
6272 2829.633518389225 15486.820180612636
6278 2289.129723869329 16618.91768623162
6279 1950.196172773807 15180.046198372507
6281 2257.1138766636063 15385.927088325117
6282 2502.4944489435416 15442.035380303942
6283 2819.1132285791195 15413.427742174277
6284 2850.6047473987783 15514.031273105238
6285 2531.028583971481 16370.672717187113
6286 1864.979187491938 15625.828823817279
6287 1950.0737938580094 16357.332836240208
6288 2848.5272836195027 15403.950439466062
6290 2279.614918891101 15386.27609255502
6292 1422.44321951023 16143.235365850383
6294 1860.385365108345 15835.008580310421
6295 2145.479485376792 15385.543396863672
6296 2764.9054338350547 15399.229796387976
6297 2309.616302700755 15386.741431437842
6299 3086.8368202342444 16526.842887737945
6301 2831.7702364906436 15441.864954059725
6302 2893.7864567732026 15420.6095643105
6303 2355.2136030220563 16367.662538514529
6304 2954.2973571069883 15398.945822559042
6310 3473.332819885752 14643.254926811966
6311 2490.6866698055737 16369.672105220972
6314 2254.8119915927 16642.094896285704
6316 2364.5625296314556 16367.779389588955
6317 2477.0530372916387 16369.33394635773
6318 3110.1022001658253 16564.308898247542
6319 3139.9336778045476 16618.421021419166
6320 2339.270004208024 15869.29830495659
6322 2910.8765079208792 15399.556173632762
6324 2829.9896369179924 15479.327667150146
6325 2830.3457572180123 15471.835116421598
6326 4633.3053231965305 16216.41286151329
6327 2137.9732051383776 15385.388103513817
6328 2849.2296419753047 15388.021517582501
6329 2901.4174840174455 15417.855658535405
6330 2503.7985901879442 16369.997323909896
6331 2831.4141151543076 15449.35752659172
6332 4055.9814700410634 15658.241901434558
6335 2852.4352223873225 15387.8917099591
6337 1928.668675746037 17326.97349937649
6338 2418.798038513866 16368.457272489293
6339 3150.5866916545356 16629.50415351749
6340 1039.3372290012085 16842.280300396305
6343 4259.197328451008 17023.978579929964
6345 2463.0769075588205 16369.026947278193
6346 2888.7349748882084 15399.427427002644
6347 2609.0309268245005 17002.33119689716
6350 2234.6128195423935 15385.578083864206
6352 1039.3653755856549 16649.303955602307
6354 2908.7511932133843 15421.497948228078
6356 2770.554396117789 16361.091543841967
6357 2886.425186651814 15417.15824243417
6359 2193.3933603939213 15450.044809822248
6361 3069.402372957926 16262.295587003662
6362 3246.964217238107 16797.030222737405
6364 3976.218343229015 15980.494159439568
6365 3340.9171777974184 15407.679591861437
6369 977.6730785906776 15329.044575054437
6370 3066.518119246085 16483.200486695816
6371 3140.685829995405 16223.39729029099
6374 3054.2267573910212 16473.917829651913
6375 2593.724194823897 16965.81223981848
6377 3143.8901933937977 16624.79260073819
6378 3473.056700356473 16047.763425160263
6379 2051.717853901536 15396.932289152182
6380 4018.4395731110053 16167.267893257504
6382 2796.017788811142 16357.631043752353
6383 2287.1152474073883 15386.392427005281
6385 2851.3448619565747 15410.766260325281
6387 2523.4643028922933 16370.485098173003
6388 2404.951986051778 16368.284212396475
6389 2809.854918276237 16123.522957976711
6390 3378.3405620807976 15428.172597995335
6391 3612.799391417657 15963.65954001902
6392 3457.142271124926 15421.32469968628
6393 2535.919110639616 16921.10018257123
6394 2213.0344235381212 16355.375138429054
6395 2886.295445435657 15420.35602881729
6396 2817.4692228697527 15397.305675555863
6398 2865.000847259101 15399.285861929076
6399 2908.909172126613 15418.30167868905
6400 2711.0472739826623 16904.012794634466
6401 3913.985674893002 15319.053207814504
6402 2481.9806109198 15408.327794538684
6403 933.1010161768249 15552.280323216477
6404 4239.106599089656 17132.545528781848
6405 4293.478562195927 15524.62647236604
6406 2901.2688429521754 15421.053757335421
6407 2861.482871274972 15395.76917668088
6408 2152.985762353681 15385.698690146051
6409 3124.0817180623603 16592.89299895067
6411 2893.925711147861 15417.409633335523
6413 2605.8982209579644 17003.375563055746
6414 2072.926934321985 15384.706815424786
6415 2583.184936787809 15397.523201606222
6416 4327.509563427338 16015.639874625598
6417 2507.2447258431794 15506.274742638447
6418 2849.862285747641 15364.235910729685
6420 1502.1112322993238 17459.776632288547
6421 2514.550669839982 16370.264010798288
6422 3431.189824377032 16079.30311678379
6423 2849.622115202341 15373.265640283553
6424 3743.243765438352 16334.938362905012
6425 1992.6513778059036 15409.26384471437
6426 4120.095737289557 16964.18126767041
6427 3135.9771754883855 16612.04946347514
6428 3202.678845259156 16629.152608645443
6429 3683.0614389000807 16365.072093375673
6430 2916.233535104979 15421.942138623872
6431 922.2873119945469 15534.447975606223
6432 959.7739982434547 15422.50914400383
6433 1867.347591484356 15394.134388607381
6434 3582.8732475249317 15989.069438220677
6435 3545.679250383305 15373.02824639824
6436 3181.3680405325904 16844.50572488333
6437 2828.9212815617802 15501.805202696667
6438 2837.061691630476 16368.217101509159
6439 1246.924199958341 15808.858565939596
6440 1849.1976604406111 16874.843990250414
6441 3051.5858232412297 16709.93915027964
6442 4388.66953365289 16191.791804424438
6443 4212.218205076788 15870.726389266389
6444 3627.8746497737184 16358.664148093332
6445 1761.35853664634 15384.888294691827
6446 2850.131656375097 15354.108341120178
6447 2103.9400975110766 16353.381372653066
6448 1837.5557670572668 15983.867583085348
6449 2837.1637522052956 16371.41704074466
6451 3006.2682790889776 16734.383488634325
6452 2729.9347395021364 17219.259827660742
6453 2264.0376482451647 17584.87661444177
6454 3631.1624576438644 16357.945858491074
6455 4281.384253247633 16028.583583690042
6458 1826.3972091643393 16870.38896459031
6459 3168.9692789914798 15407.650961502237
6460 1600.4489018207917 15439.760201347988
6461 4203.7482119888455 15889.023549170479
6462 1685.3965418264422 16939.757745268176
6463 3836.869059378874 16266.432098208476
6464 2788.499740862506 16357.707815975942
6465 4522.1836566634665 15699.604356804486
6467 3251.382272404172 16830.867831249165
6468 3364.550066530507 16992.453015435975
6469 1445.5132469506373 15596.565689061754
6470 1027.0522317878476 16299.757652055261
6471 4086.4773057233824 15676.235295087152
6472 2091.3875688236944 15384.694026623607
6474 1502.114527127842 15879.016986713857
6475 2872.500800379765 15399.329788904814
6476 2820.1241321167795 16354.31577515899
6477 2853.4473092539524 16367.750066391456
6478 3370.8497171898875 15918.975843673992
6479 2587.8244620035384 16988.046169270045
6480 1466.8516943404213 16666.627309958916
6481 2966.0177300930336 15420.940395084313
6482 2917.6081361732417 15418.819574418832
6483 3294.049006662825 15427.655052935717
6484 3128.0640787014754 16599.306199181203
6485 2321.988024879176 17490.42714835368
6486 2272.114535001088 15386.15975724588
6487 1440.8482230507152 16507.237365657988
6488 4269.778666258913 15972.789104172043
6489 2447.977456039399 17026.723261683965
6490 2829.2773990493006 15494.312711141367
6491 2579.197702327321 16968.403371002645
6492 2852.779184232543 15374.959722669379
6493 2806.836890875866 16039.458111912389
6494 3469.0377831462565 16087.687063669293
6496 1476.630423457747 17650.510930519507
6497 3997.4786363378294 15697.725547243732
6498 2828.565159590558 15509.297788586284
6499 2859.0404454419463 16353.017788194691
6500 1837.2363424588066 15383.07170994976
6501 3824.745400293169 15198.642001801454
6502 3751.9527957537152 16326.372332361372
6503 4079.6822389245053 15647.89608833283
6504 1208.207819756877 16271.800699375808
6505 2377.867511072871 15178.581373097562
6506 2538.5555564594956 16370.85941082563
6507 2121.59448938125 15385.04925317044
6508 3178.293093604726 16698.968664373882
6509 3342.8767572708725 17350.81300926142
6510 4098.044219930569 15645.73470952358
6511 3636.0771508563926 17388.18433142583
6512 2822.892472959174 15426.419939527024
6513 3331.917719714608 16968.70512149945
6514 3932.808433100692 15352.638389857124
6515 3711.256161779763 17527.09650596667
6516 3373.051207790548 17006.81685047245
6517 3639.1396585644793 16374.597135991291
6518 2130.466983444481 15385.232811375156
6519 3318.44501573875 15821.12850125212
6520 3722.1542632899504 15352.78292093534
6521 4291.311087882527 16056.31499520718
6522 3629.861242075056 15988.189387805538
6523 2510.977716733667 16882.395860332974
6524 3444.663859519453 17083.69226281515
6525 3892.387855287717 17240.201644233737
6526 3087.7301247605424 16471.281677490228
6527 1004.7670302441113 16175.882572238621
6528 4335.817258854218 15681.576674240025
6529 3828.0267400112266 16848.10351721971
6530 3450.709658800437 16068.954529721566
6531 3916.8215651812884 15338.038555586416
6532 3170.204389160588 16647.331184686
6533 3182.2477588197103 16201.274491442991
6534 3410.737528011869 15433.515377472295
6535 3080.18317031387 15094.783167859357
6536 1263.5597331550398 17168.612217675978
6537 2281.61014757908 16356.628401881295
6538 3655.285366829759 15627.60144001825
6539 3500.9320582997507 17173.6350862833
6540 3221.905777274174 17516.040295136994
6541 2844.6072374404835 16368.00203272405
6542 4363.67493439735 15776.859515080401
6543 3382.5716476977955 17413.8279258305
6544 2365.2855765957565 17295.83742153965
6545 4341.7731761066925 16977.467138354084
6546 2880.0008679378375 15399.373716550808
6547 2429.041271688411 17259.577213350305
6548 1842.9455351393426 16179.21573550792
6549 1832.563539627473 16967.29529207693
6550 1250.2062676313567 15292.664383242809
6551 4002.093108871191 15529.215214615024
6552 3700.946639823794 16762.91017899633
6553 4061.3264106659954 16351.895700940562
6554 3708.010885789438 15326.5944305288
6555 3084.661126180457 16885.561943539924
6556 3619.8743649564085 15314.613757436533
6557 3790.193003071884 15224.76636276953
6558 3489.924880584418 16874.34307164935
6559 1025.1051240613967 16821.860211128656
6560 763.8509797229517 16226.933399555674
6561 1844.7820540292798 17047.813221598622
6562 3834.1265291698487 16278.619141319612
6563 3323.3177278074713 16766.576796487752
6564 1831.9397568304953 16420.038986004245
6565 2106.070323730555 15280.834095354592
6566 4320.690535448099 16227.09383487311
6567 3786.397677568738 15472.003275881063
6568 3241.7253584171835 15528.235215607314
6569 3842.8616743720613 16255.918314962244
6570 3006.11967547388 16517.62096163549
6571 2458.8610091766036 15586.499711242002
6572 1798.6486021616656 16435.17051198445
6574 3678.076489756953 15616.500553843603
6575 828.0026418209991 16649.05441193734
6576 3102.2333792405993 14340.217315683556
6577 1812.8227976057576 16360.244290911536
6578 3261.1920154103946 15849.2406567622
