4900 3634.9292347287706 16364.432577767144
4957 2802.3940742080235 15400.141140895708
4983 2757.4077330633404 15399.04752815016
5005 2787.3985827072534 15399.776602233222
5022 2794.896334643037 15399.95887171483
5032 2779.900911226461 15399.594334707464
5099 2742.4123316470677 15398.682991677617
5137 2749.9100389477926 15398.865260074153
5229 2712.421488664565 15397.953917756493
5231 2772.4031749849632 15399.412065607381
5258 2734.9146027411944 15398.500722755864
5303 2727.4169339397936 15398.31845529524
5333 2638.1011083666244 15396.01088712003
5339 2690.589347344257 15397.403451701302
5342 2660.5961105560964 15396.607701642957
5396 2683.091010721761 15397.204513459092
5400 2653.0978161361863 15396.408764520422
5410 2668.0943854096386 15396.806638246377
5417 2615.6061501563563 15395.414073763915
5430 2719.9192471780916 15398.136187398006
5433 2623.104437777234 15395.613010706065
5436 2630.602737326635 15395.81194796469
5437 2645.599470281114 15396.209826033262
5450 2675.5927286876095 15397.005576665162
5462 2467.1275057598805 15388.86629574806
5467 2474.628214145656 15388.952401826422
5555 2585.6129635389766 15394.61832503665
5583 2817.549100110813 15394.105674737848
5591 2810.0493942784665 15393.923406448679
5597 2570.61631112081 15394.220449104785
5600 2533.1247446424222 15393.22576098815
5621 2817.389435817932 15400.50567640056
5625 2578.114641980491 15394.419387194102
5630 2540.6231121684136 15393.42470005026
5660 2600.6095445370465 15395.01619907367
5662 2608.1078608211706 15395.215136776284
5664 2593.111267964704 15394.817262424649
5702 3408.7243603448414 17457.41925201081
5709 2444.625275126667 15388.607976302137
5721 2414.622425384887 15388.263551802733
5724 2802.5496488433696 15393.74113719703
5757 2563.1180195280126 15394.021512057257
5766 2452.126058740877 15388.694083244101
5769 2548.1214089572336 15393.623637235645
5773 2555.619721233022 15393.822574831913
5780 2459.626767803084 15388.78018933023
5787 2437.1245511672464 15388.521870044995
5809 2407.121706393691 15388.177445602623
5819 2377.1193951077503 15387.788443595917
5828 2422.1231357041875 15388.34965790329
5831 2429.623843555569 15388.435763975518
5834 3869.411109231965 16736.779912642633
5836 2482.1289442019215 15389.038508153555
5838 3111.5581893470803 14335.855659686626
5853 4083.583103547618 16934.39548497433
5861 2369.619090370838 15387.672109514488
5876 2339.617693636246 15387.20677043119
5889 2399.6209912083414 15388.091339446204
5897 2354.6184109888873 15387.439440267313
5916 2863.9210760547808 15416.46101554026
5922 1893.5010661001947 15399.30488659266
5947 2392.1202180614687 15388.005232624402
5967 3467.231112695747 16078.35959584679
5968 2362.118765987003 15387.555775128321
5982 2333.0016742044622 16584.099558835496
5987 3132.020625447391 16605.677828674972
5989 3120.1510610202745 16586.563062279223
6013 2384.619705504189 15387.904777765129
6014 2809.8917505358927 15400.323408539298
6015 2863.819835551355 15419.651347979334
6067 3627.3956994316377 16351.459171715405
6081 1893.3337492859782 15402.504885627102
6086 2871.311762468656 15419.88624337773
6087 2324.6169624452136 15386.974100380428
6112 2317.116665368628 15386.857766417814
6113 2691.576395749347 15810.396991545325
6115 2832.4824749900176 15426.879896799339
6124 3814.7900834938214 16703.725252917317
6126 2832.1263537682044 15434.372466921845
6129 2878.9238179282424 15416.925833515246
6130 3717.1910785393857 16118.712506934797
6131 2227.11259031691 15385.461750954002
6132 3147.8467070290653 16631.164176910515
6149 2352.337866515998 16367.626595040529
6157 2388.5264678146073 17520.860732916564
6161 2347.118041934604 15387.323105188283
6164 2332.117310285702 15387.090435130418
6175 2242.1132249621023 15385.694419507283
6179 2407.7559817342826 16168.955808892193
6188 2396.739752487859 16368.181568707474
6193 1830.3228986789675 17196.96582018671
6196 3821.2696647626813 15794.216892900755
6199 1867.8848360228553 16355.380524046677
6202 1847.3634215742647 16348.38912774146
6204 2249.6135320191834 15385.810753624699
6205 2294.6156149109797 15386.508762060257
6207 2831.0579953374677 15456.850067154466
6211 1893.668336295704 15396.105115897113
6212 1910.6006282252445 16592.6391433975
6213 2156.0066764556295 16363.437431854718
6215 2411.145707322221 16368.361626950615
6216 2264.614212132575 15386.043422883218
6218 2532.682224484684 15412.691593088277
6219 3146.629243415258 16623.131173675338
6223 2629.892329680948 15417.365915812967
6227 2333.7509893465417 16367.225099042524
6228 2878.803601921607 15420.121136033846
6230 2830.7018759298617 15464.342599107174
6236 3508.315298603031 15782.270583843809
6239 2334.6176232292887 16096.131581820982
6241 2871.4224623261207 15416.693425002853
6242 2299.3293570815395 16366.467253447521
6253 1931.1370785696786 15399.864561909639
6261 3846.826474636654 15780.308512792484
6265 2160.4920300367144 15385.853983236157
6267 2302.115981535867 15386.625097101605
6269 2167.9982871509233 15386.009276107608
6270 2860.97020853496 15599.506447660036
6272 2829.633518389225 15486.820180612636
6278 2058.2087426445237 16753.50779228809
6279 2083.8722861764027 15181.633990922086
6281 2257.1138766636063 15385.927088325117
6282 2492.271692493621 15587.051144701036
6283 2579.1071027331323 15416.596308646192
6284 2892.174885377373 15599.407770058891
6285 2487.872788100179 16369.602311713055
6286 1853.040971811638 15889.627441990237
6287 1813.8002519326271 16359.898280639545
6288 2726.8348404591416 15412.193219135068
6290 2279.614918891101 15386.27609255502
6292 1426.8862007862865 16028.135197860585
6295 2145.479485376792 15385.543396863672
6296 2764.9054338350547 15399.229796387976
6297 2309.616302700755 15386.741431437842
6299 3138.711635489588 16610.380847541554
6301 2831.7702364906436 15441.864954059725
6302 2893.7864567732026 15420.6095643105
6303 2204.0876087402685 16364.453856095473
6304 3160.6689475691346 15406.906106698854
6310 3392.752161784446 14520.540836338283
6311 2441.299681264819 16368.738517731841
6314 1991.7185153269677 16791.1778422224
6316 2258.955697972603 16365.613759892876
6317 2431.962930721899 16368.621818844558
6318 3142.6718137120415 16616.758223683213
6319 3139.9336778045476 16618.421021419166
6320 2318.9989466169714 15751.052362617344
6322 3135.35060333495 15404.634090154344
6324 2829.9896369179924 15479.327667150146
6325 2830.3457572180123 15471.835116421598
6327 2137.9732051383776 15385.388103513817
6328 2776.7674434043547 15416.00237848883
6329 2901.4174840174455 15417.855658535405
6330 2450.39960561561 16368.852256557915
6331 2831.4141151543076 15449.35752659172
6332 4222.996361032852 15564.369322772125
6335 2847.687939057201 15555.793870002763
6337 2156.8995865292823 17203.038429296732
6338 2380.3831291355905 16367.977129300409
6339 3150.5866916545356 16629.50415351749
6340 1170.884677792435 16773.207921318965
6343 4363.746880075644 16964.094021151002
6345 2422.6535868297346 16368.505462509605
6346 3029.4874197065237 15395.613820409335
6347 2696.5855767084367 17122.499124164227
6350 2234.6129239720117 15385.578085483969
6352 988.3845918714773 16576.824816482782
6354 2908.7511932133843 15421.497948228078
6356 2952.368913397582 16359.813014464982
6357 2886.425186651814 15417.15824243417
6359 2193.9096637115263 15422.717260300147
6361 3327.151389412914 16124.144436062032
6362 3187.702657609657 16714.253975833402
6365 3607.12180036278 15323.292633166724
6369 881.6215791790726 15207.075213903017
6370 3000.7868874850064 16418.379585077022
6371 3364.911419811479 16104.235939629187
6374 3134.700497325674 16603.921406730933
6375 2593.724194823897 16965.81223981848
6377 3143.8901933937977 16624.79260073819
6378 3614.9077285947083 15968.610336667958
6379 1901.150183872418 15396.218399205227
6380 4273.612478942196 16029.30782155639
6382 2856.957638945641 16353.080882647402
6383 2287.1152474073883 15386.392427005281
6385 2836.298746296425 15649.791228434347
6387 2474.8263424561887 16369.278717012683
6388 2366.5686102233985 16367.804463341521
6389 2814.50053043758 15828.667754133885
6390 3093.179252759429 15422.860759211817
6391 3683.1340650226653 15877.959101714545
6392 3198.5612491831066 15425.438116525213
6393 2393.665263660604 16698.81442598586
6394 2357.210675339939 16359.708203703012
6395 2886.295445435657 15420.35602881729
6396 2817.4692228697527 15397.305675555863
6398 2865.000847259101 15399.285861929076
6399 2908.909172126613 15418.30167868905
6400 2595.282397910013 16968.60763689521
6401 4045.450616876034 15572.570472990801
6402 2173.8473894213644 15404.937520825024
6403 1005.3916918846974 15636.038276850653
6404 4186.841760791794 17083.672645894647
6405 4460.911455847063 15427.392218346606
6406 2901.2688429521754 15421.053757335421
6407 3011.7965759750105 15399.375177538643
6408 2152.985762353681 15385.698690146051
6409 3124.1075683186964 16592.934628246687
6411 2893.925711147861 15417.409633335523
6413 2758.4298341002445 17233.94298240883
6414 2088.689625918731 15384.69589565229
6415 2851.07097409984 15403.836409798687
6417 2401.687107151837 15750.048891908957
6418 2848.3827430104498 15407.00000568845
6420 1404.7674004669343 17382.28882765828
6421 2461.155610568306 16368.990234596846
6422 3215.0096051910987 16193.912686253003
6423 2838.582780957348 15416.927826989826
6424 3664.8975619951943 16413.01971589554
6425 1992.6513778059036 15409.26384471437
6426 4181.137638824968 17069.224524193756
6427 3135.9771754883855 16612.04946347514
6428 3176.643063561286 16643.726938572127
6429 3450.359072753689 16490.924895123077
6430 2916.233535104979 15421.942138623872
6431 987.7500927234297 15609.507089059509
6432 998.6693471633791 15365.578997141789
6433 2017.7101450710318 15384.745067443664
6434 3611.8784566613067 15918.883350977037
6435 3251.7229792339567 15423.471026413887
6436 3098.0481399371965 16909.74953501689
6437 2828.9212815617802 15501.805202696667
6438 2878.1883045633836 16352.437742139531
6439 1299.0692533154825 15772.96879954006
6440 1844.6215533963623 17040.33997644238
6441 2805.7894971190894 16846.62670784108
6442 4489.544452929746 16354.814505429978
6443 4287.677905509719 16006.013303280475
6444 3513.020432141336 16161.975442353743
6445 1837.1597133898017 15386.271923902248
6446 2849.226651542231 15388.133949362476
6447 2316.543962018557 16357.266838784391
6448 1763.4948004467715 15959.533019053462
6449 2746.2957042353432 16371.221026604568
6451 2747.41052412556 16880.026428697543
6452 2585.741543241211 16996.80140573707
6454 3631.1624576438644 16357.945858491074
6455 4108.395218213254 16135.601122073158
6458 2056.66631538537 16741.615168247303
6459 3168.969378682593 15407.650970448314
6460 1828.3771421901906 15386.111612115856
6461 4059.8006849908625 15938.86924964115
6462 1909.868772620031 16818.95638205712
6463 4156.12472028629 16091.2940357581
6464 2842.4007979544817 16353.52185300022
6465 4588.903867559131 15836.769674815536
6467 3144.3313687326527 16654.27376950124
6468 3218.4819187771336 16770.353145641588
6469 1682.7645878894527 15378.97286063952
6470 1090.0246605258822 16337.286115194938
6471 3982.1148297111313 15714.100538842367
6472 2096.1980099166117 15384.690694139303
6474 1433.2914878391405 16122.276146413264
6475 2872.5006941512506 15399.329788282637
6476 2623.211625553079 16372.526816684633
6477 2822.0428577311595 16365.59165740171
6478 3200.5593561883975 15631.173988105684
6479 2461.34450814344 16799.4584503235
6480 1578.527134099081 16938.191727647685
6481 2956.587824879093 15398.962925813015
6482 2916.400951899137 15418.7477042999
6483 3061.4890251583847 15418.801239010534
6484 3128.0640787014754 16599.306199181203
6486 2272.114535001088 15386.15975724588
6487 1538.217678249811 16854.873581904005
6488 4220.9302115217215 16070.330639743313
6489 2552.354162426584 16964.887675439444
6490 2829.2773990493006 15494.312711141367
6491 2717.3797061191735 16872.795273023716
6492 2816.9684517497167 15413.291935815208
6493 2815.551581965584 15732.973797634979
6494 3537.245758081264 16013.46274984262
6496 1350.4838902010322 17643.280129905495
6497 4141.265922720454 15613.392396577177
6498 2828.565159590558 15509.297788586284
6499 3044.38930429713 16276.040881208482
6500 1837.2392020013244 15383.071762060341
6501 3840.5940909918068 15212.75780928221
6502 3495.06601676978 16466.660655955893
6503 4267.276675323175 15543.35784884358
6504 1343.5791494579207 16196.791299786695
6505 2503.792280072757 15219.044966624324
6506 2501.1433404699324 16369.93146499626
6507 2122.9606872978593 15385.077517696183
6508 3223.659955684044 16604.27619349378
6509 3152.606644808902 17427.709589314007
6510 4025.8693279601757 15688.131711032323
6511 3474.485920616292 17121.706891757014
6512 2822.892472959174 15426.419939527024
6513 3331.9732874888523 16968.671877172932
6514 4062.896311670286 15603.738408615112
6515 3623.9962445962774 17368.156793745795
6516 3227.7815805750693 16791.56281636558
6517 3540.2226405269785 16207.921014159389
6518 2130.466983444481 15385.232811375156
6519 3416.773909928559 15996.085470215878
6520 3657.0816369961594 15316.12106514345
6521 4178.680089455732 16093.534945273175
6522 3627.249162293251 15983.498291729287
6523 2343.269176853748 16617.91528651859
6524 3252.8898226328006 16827.112268929788
6525 4092.2633590494797 17122.697475883542
6526 3095.1486066201546 16546.299067916738
6527 1037.9949844836574 16356.631169355851
6528 4269.124230154246 15556.819100200326
6529 3903.0958653207927 16785.925288783754
6530 3257.13463064024 16171.579787115486
6531 4072.3150279151864 15620.565594063835
6532 3170.098142812333 16647.39065934864
6533 3399.5698296646497 16086.237263761872
6534 3391.740744549219 15428.240594571833
6535 3013.9127189486 15031.282979119615
6536 1489.4770569669254 17042.09183339147
6537 2453.4523374429104 16361.011498426127
6538 3716.9742711684144 15736.441446631005
6539 3407.568533807728 17044.291462821664
6540 3334.252904155145 17405.682092307325
6541 2810.818342656174 16341.45476687958
6542 4217.2452232495425 15864.10620870759
6543 3321.1407474722396 17307.824695751508
6544 2253.3750340690185 17342.42830285713
6545 4191.598406793226 17068.862962827414
6546 2880.0005846267863 15399.373714891464
6547 2298.9446431523484 17333.56794984206
6548 1853.4885968293854 16030.75646378435
6549 1830.6469219208213 16895.83130083827
6550 1287.7645193003602 15281.872362072072
6551 3893.3041746663603 15341.236699671
6552 3829.7851283431182 16695.929629451028
6553 3988.9161027324544 16217.405062151285
6554 3624.281237031267 15333.9350443383
6555 3184.2033679668652 16839.272347972932
6556 3500.5204345060693 15378.907659797173
6557 3808.4981166264415 15229.925524044587
6558 3422.6291693196517 16918.497812443682
6559 1012.4035169569462 16785.75800391127
6560 863.2688046826953 16188.730039018083
6561 1858.263236810734 17323.758452305683
6562 3641.766131848226 16377.191842595275
6563 3262.339314387845 16799.10237820838
6564 1934.5989555106514 16347.123800990254
6565 2121.607594575645 15381.848402186053
6566 4123.276284609344 16334.327700728063
6567 3696.7679211996733 15305.776470300456
6568 3348.0430049337874 15520.67618876185
6569 3967.213646636584 16179.441466759905
6570 2852.603080915174 16602.528128560032
6571 2422.201447103061 15520.348333246073
6572 1658.4929864148748 16510.726781699275
6573 1946.5415772093702 16357.248932151204
6574 3793.3789638293592 15556.479370285313
6575 924.045671642357 16578.098774903552
6576 3021.0653440262404 14400.051751375351
6577 1673.4765708803207 16416.37757088048
6578 3260.6612851906284 15930.870305182914
6579 1320.8718727104622 15692.299019178214
6580 1355.4648366821511 15336.121639753927
6581 1829.949067932191 16517.5957945245
6582 3064.6857577245514 15272.534167753
6583 1116.3465248214668 16876.083127172846
6584 1560.7159678794108 15801.10759041294
6585 2899.3836042077023 15095.519444047397
6586 4226.430682663304 16899.912300544303
6587 2975.0417012122753 15399.10072357536
6588 4290.545242517765 16773.439036685715
6589 3237.574146591974 16411.319371908954
6590 1264.076117388347 16938.45334123661
6591 3965.0949306709167 16189.645913878168
6592 3505.800058639029 15372.373185599346
6593 1847.252862604437 17421.194269360683
6594 2558.1399989546853 17431.033098834476
