4957 2812.3501365411457 15400.383171618498
4983 2757.4077330633404 15399.04752815016
5005 2792.5791703206905 15399.902541718393
5022 2802.4150826826044 15400.141651609292
5032 2783.1588475925537 15399.67353476338
5099 2742.4123316470677 15398.682991677617
5137 2749.9100389477926 15398.865260074153
5229 2712.421488664565 15397.953917756493
5231 2772.8054379267833 15399.421844572931
5258 2734.9146027411944 15398.500722755864
5303 2727.4169339397936 15398.31845529524
5333 2638.1011083666244 15396.01088712003
5339 2690.589347344257 15397.403451701302
5342 2660.5961105560964 15396.607701642957
5396 2683.091010721761 15397.204513459092
5400 2653.0978161361863 15396.408764520422
5410 2668.0943854096386 15396.806638246377
5417 2615.6061501563563 15395.414073763915
5430 2719.9192471780916 15398.136187398006
5433 2623.104437777234 15395.613010706065
5436 2630.602737326635 15395.81194796469
5437 2645.599470281114 15396.209826033262
5450 2675.5927286876095 15397.005576665162
5462 2467.1275057598805 15388.86629574806
5467 2474.628214145656 15388.952401826422
5555 2585.6129635389766 15394.61832503665
5583 2825.4121812146896 15346.47279419702
5591 2842.3782899152397 15394.49356898353
5597 2570.61631112081 15394.220449104785
5600 2533.1247446424222 15393.22576098815
5621 2879.138181414406 15399.370227571344
5625 2578.114641980491 15394.419387194102
5630 2540.6231121684136 15393.42470005026
5660 2600.6095445370465 15395.01619907367
5662 2608.1078608211706 15395.215136776284
5664 2593.111267964704 15394.817262424649
5709 2444.625275126667 15388.607976302137
5721 2414.622425384887 15388.263551802733
5724 2823.3969515060267 15393.53506697289
5757 2563.1180195280126 15394.021512057257
5766 2452.126058740877 15388.694083244101
5769 2548.1214089572336 15393.623637235645
5773 2555.619721233022 15393.822574831913
5780 2459.626767803084 15388.78018933023
5787 2437.1245511672464 15388.521870044995
5809 2407.121706393691 15388.177445602623
5819 2377.1193951077503 15387.788443595917
5828 2422.1231357041875 15388.34965790329
5831 2429.623843555569 15388.435763975518
5834 4553.147185963602 17221.445866198428
5836 2482.1289442019215 15389.038508153555
5861 2369.619090370838 15387.672109514488
5876 2339.617693636246 15387.20677043119
5889 2399.6209912083414 15388.091339446204
5897 2354.6184109888873 15387.439440267313
5916 2863.9210760547808 15416.46101554026
5922 1179.0717218426803 15435.037938792642
5947 2392.1202180614687 15388.005232624402
5968 2362.118765987003 15387.555775128321
5982 1808.9479896156965 17301.818083062764
5987 3135.9771539197304 16612.049428740946
5989 3124.107610356667 16592.934695944703
6013 2384.619705504189 15387.904777765129
6014 2825.448046650762 15400.656991369664
6015 2863.819835551355 15419.651347979334
6081 913.1012644414373 15915.612232003727
6086 2871.311762468656 15419.88624337773
6087 2324.6169624452136 15386.974100380428
6112 2317.116665368628 15386.857766417814
6126 3187.5035548075434 15271.387108454554
6129 2878.9238179282424 15416.925833515246
6131 2227.11259031691 15385.461750954002
6132 3465.7365294280335 17092.583748331974
6149 1292.4643791469284 16627.40129353235
6161 2347.118041934604 15387.323105188283
6164 2332.117310285702 15387.090435130418
6175 2242.1132249621023 15385.694419507283
6188 1892.4869280450894 16355.964920850172
6204 2249.6135320191834 15385.810753624699
6205 2294.6156149109797 15386.508762060257
6207 3163.1066996142185 15407.124865592668
6213 1370.4771719074013 16026.67419646558
6215 1907.6564155590108 16356.325256060923
6216 2264.614212132575 15386.043422883218
6218 1546.1888268397547 15513.816169497271
6219 3665.6354430064694 16414.197133075668
6223 2432.69543951879 16743.227699652423
6228 2878.803601921607 15420.121136033846
6230 3154.0263631266816 15406.31001472649
6239 1968.2639716905844 15406.624240233134
6241 2871.4224623261207 15416.693425002853
6242 1408.8347817216104 16288.975484262644
6265 2160.4920300367144 15385.853983236157
6267 2302.115981535867 15386.625097101605
6269 2167.9982871509233 15386.009276107608
6270 3634.9290909419396 16364.432330153655
6272 3131.6117811474487 15404.298575881041
6281 2257.1138766636063 15385.927088325117
6283 2176.000470445128 16683.198101706705
6284 3763.6516202609823 16570.81713248894
6285 2394.513295261108 16368.153740494676
6287 1434.1277705408656 15646.101905730853
6288 1444.1934776299563 15614.075758233652
6290 2279.614918891101 15386.27609255502
6295 2145.479485376792 15385.543396863672
6296 2764.9054338350547 15399.229796387976
6297 2309.616302700755 15386.741431437842
6299 3226.0832521448547 16750.52280739376
6302 2893.7864567732026 15420.6095643105
6304 3581.130804868819 15357.373883771563
6311 2364.511771775133 16367.778755172803
6316 1149.7022455767462 16708.11909410444
6317 2357.0113465035297 16367.685008287384
6318 3641.868300647515 16382.527721482424
6319 3143.8901912770307 16624.792597329342
6324 3139.0833432181566 15404.969058614073
6325 3146.5548650698133 15405.63953773793
6327 2137.9732051383776 15385.388103513817
6329 2901.4174840174455 15417.855658535405
6330 2372.0121006808536 16367.872500853759
6331 3173.729773819209 15406.919946084206
6335 3475.9616146787475 16046.21090118856
6339 3456.3688085044637 16894.494086522565
6345 2349.5109909224984 16367.591262273017
6350 2234.6129239720117 15385.578085483969
6354 2908.7511932133843 15421.497948228078
6356 3150.586713345071 16629.50418844741
6357 2886.425186651814 15417.15824243417
6359 2193.9096637115263 15422.717260300147
6361 4257.982817486019 15537.144455036272
6370 2424.514843182331 16368.528726121962
6371 4216.973355397602 15848.032034231768
6374 3234.2365115670605 16594.828081043044
6377 3147.8467091778275 16631.164180370888
6383 2287.1152474073883 15386.392427005281
6387 2387.0128704495405 16368.059993615007
6388 1281.809919586693 17165.523077783695
6389 3109.197032081237 15402.287122041545
6390 2923.892727011408 15419.193729633304
6392 2923.7158968370572 15422.3863301975
6393 2295.2321987542623 15517.67804579814
6394 3142.611574833704 16616.661216436587
6395 2886.295445435657 15420.35602881729
6396 2842.4032125311905 15400.89365416649
6398 2865.000847259101 15399.285861929076
6399 2908.909172126613 15418.30167868905
6401 3252.7850649283805 16601.10411041664
6403 2278.4042660656423 15393.723088035777
6404 3176.955938303348 17053.777876068605
6406 2901.2688429521754 15421.053757335421
6407 3928.5939754007195 15345.118592412842
6408 2152.985762353681 15385.698690146051
6409 3128.0641169870164 16599.3062608363
6411 2893.925711147861 15417.409633335523
6414 2088.689625918731 15384.69589565229
6417 1884.9879507617713 16355.786790537111
6418 1306.6466941785445 15695.068346651515
6421 2379.5125026223036 16367.966247447577
6422 3116.1945449982454 16580.191482263253
6424 4509.040546423466 17023.55115039571
6427 3139.9336578607345 16618.420989301612
6428 2821.3562511640403 16371.07325382845
6430 2916.233535104979 15421.942138623872
6431 2066.1644543715283 15384.7115002048
6433 2081.181243752933 15384.70109716401
6434 4619.04609258272 15696.05948411607
6435 1453.4479872003383 15652.515409590509
6441 1872.5303696032265 16853.187111983152
6443 3599.110241314025 16619.857609824387
6444 3035.8916530052848 15610.280742261108
6446 2343.7701181238017 16363.794434873837
6447 3600.994136566696 15979.38167107302
6449 2417.0144427208274 16368.43497954664
6451 1837.3028133250684 16867.302429843396
6452 2213.8677196862413 16658.001736194303
6455 4463.081896431195 16365.134568629755
6459 3074.1387131555375 15078.92505296385
6460 3615.5076398304136 15315.14522153009
6461 3694.7983464167496 15302.1295203194
6462 2833.977581342623 16353.947319438701
6467 2432.015238944399 16368.622472638546
6468 2439.5157478112815 16368.716220568813
6469 2150.4547619935297 15382.44614081094
6470 1822.3928974429855 16334.594814131433
6472 2096.1980099166117 15384.690694139303
6474 2544.2804316586116 16361.68203570704
6475 2872.5006941512506 15399.329788282637
6476 2409.5140347571955 16368.341232877552
6477 2960.8928723418567 15398.995072224774
6479 1877.4889433279868 16355.60865950786
6482 2916.400951899137 15418.7477042999
6483 1559.991779523232 15488.910165308987
6484 3132.0206408898184 16605.677853543482
6486 2272.114535001088 15386.15975724588
6488 4299.511659138103 16745.584461750335
6489 2187.077395626846 15445.28671832226
6490 3124.140260163009 15403.628096835006
6491 2832.4824753164635 15426.879889931119
6492 1646.4001491344875 15406.671066091409
6493 2665.6687257095573 14722.233141436584
6494 3776.0220043967893 15230.571196611963
6498 3116.6687482052275 15402.957618599006
6499 4249.664295252889 15549.565673441191
6500 2073.6728632021686 15384.70629867461
6501 2931.384475501469 15419.639753381744
6502 2671.9981474783795 16922.139003245476
6504 2319.898698129119 16357.328148646126
6505 2444.219874984077 15415.16433563093
6506 2402.0136629185868 16368.247486659984
6507 2122.9606872978593 15385.077517696183
6508 3199.3152608750493 15629.124807961107
6509 2270.2550888452733 16365.852627448952
6510 3029.9578904484342 16292.32097610138
6511 3470.687878348347 16090.47413766413
6512 2339.604155874604 16250.507266233786
6513 2809.980042108074 16065.717438530704
6514 3222.2587206041135 16618.192170948114
6515 2809.841281556876 16129.822938041736
6516 2821.350393200423 15595.581887254397
6518 2130.466983444481 15385.232811375156
6520 1893.6884629229594 15396.105420636135
6521 3002.9920053583414 16421.88229666731
6522 3290.8948655012587 15427.58182333467
6523 1869.989928863199 16355.430528311594
6524 2829.2915234683937 15426.748483758845
6525 4200.8445847575795 16499.325420637604
6526 3120.1510674606793 16586.563072650864
6527 1782.5491254790209 16307.730709688687
6529 3459.2214625767974 16071.106922263223
6530 2367.4307356005434 16662.763044204756
6531 3170.3899849089926 16647.22729175505
6532 2837.0616366305176 16368.217103076808
6533 4121.479637719314 16448.210258195042
6534 2931.198327320764 15422.830525852578
6536 2364.2759273918828 16627.976996893474
6537 3146.629103285054 16623.130948013015
6538 3040.518859150674 16497.97020593441
6539 2637.8166525294014 16296.650255926403
6540 2577.358875078876 16989.399329357268
6542 3114.5743287750984 16679.602963740082
6543 2885.229146722106 16366.960155597348
6544 2790.153779708208 16831.168958776372
6545 3435.3259315317127 17626.375259798748
6546 2880.0005846267863 15399.373714891464
6548 2606.988262374056 16362.144975490846
6549 2572.570650433258 16944.12674793467
6550 1429.9372377644386 15627.362387087802
6551 2938.8536842320477 15420.083576054289
6552 3220.671675025932 15664.301485638307
6553 2978.545531478105 16385.496443350017
6554 3569.18829581899 16251.220936610616
6556 3060.1018933555883 15062.272641493422
6557 1901.7133205323692 15396.226925706616
6558 2477.1053803197096 16369.335244636735
6560 1419.8995705675813 16158.908999026504
6561 2775.5858564796163 16846.498958427448
6562 3838.604734821302 15568.185426076358
6563 3466.864793403747 16084.01680076887
6564 2838.890224641493 16649.09999826233
6565 2157.949326261533 15382.601434759728
6566 3515.953174435764 16166.928956412814
6567 3482.1412186184803 16103.540312547992
6568 4232.836754580426 15558.906817346895
6569 3711.4016786009875 15599.930553305878
6570 1824.7011324374007 16824.556469556308
6571 1630.0344686463156 15426.884663178065
6572 2281.9201347000694 16356.634067086217
6573 1489.498805069189 15788.252387219803
6575 1421.4975157143372 16004.425761651932
6576 2842.8802129320034 15083.49423364282
6577 1849.0639203598287 15458.714116700832
6578 4042.5567397200534 15666.441574191575
6579 1050.3215602509367 16608.460526028728
6580 2437.2244565434034 15395.472013486988
6581 2344.4178720519217 15741.606221893124
6582 2895.000349471517 15399.461568014784
6583 848.268052299099 16197.924496630561
6584 1301.1221181437452 15743.537172400325
6585 2849.2366163237884 15387.759301911792
6586 3480.8970136029884 16474.372068373254
6587 2887.500448805443 15399.417641346272
6588 2949.3548053712075 17508.870319848906
6589 4085.724034023577 16935.785291695054
6590 1421.7634221340247 16072.857435496278
6592 2942.607120149541 15423.508553705167
6593 2658.676233280529 16910.907897945755
6594 2586.5550208923155 16986.00767113622
6595 3737.842089983582 16334.2990297874
6596 2051.1358726761023 15384.721911414843
6597 3170.6172666455 15581.855632252913
6598 2508.313276763622 15464.550500572464
6599 1490.480621851663 16285.168827813033
6600 1862.4909813416432 16355.252398705492
6601 2852.4366151350396 15387.839346605357
6602 3181.09868974138 15599.119843334289
6603 2828.894720900975 15050.584487398753
6604 2352.1669673152064 15403.699006052359
6605 3558.3068961787008 17259.25801808412
6606 1698.4833415985931 16394.71665084788
6607 2802.3301433969937 16360.231499046968
6608 3160.905828573748 16670.724022933704
6609 3454.637603293234 16056.96409233251
6610 3654.1397364605486 16401.89324659945
6611 2718.6836558248065 14854.74615270864
6612 2920.774355423034 17480.231607957827
6613 4091.6884991500833 15649.387022858285
6614 2860.2429537044877 15193.44788846758
6615 3753.9933252270457 15263.321162325034
6616 3651.2984128926328 17413.41790185547
6618 3688.3770744956278 15295.480340940832
6619 2058.6560021378964 15384.716701765059
6620 2852.636051576747 15380.341103514997
6621 1526.7787811949809 17037.86584767135
6622 2397.636889005009 15767.24429600674
6623 3829.386366782818 15203.68181660859
6624 2447.0173385019198 16368.80998202066
6625 3560.4902831127893 15344.74570878252
6626 3650.1236580710497 16395.48561121605
6627 2758.16085584515 17313.891662725677
6628 2402.1000783418262 17077.053367544162
6629 2031.049789838661 15407.518306202548
6630 2193.757123671255 15430.197589198062
6631 4187.465231859121 15829.037782467636
6632 1837.0993903607412 15386.270822801862
6633 2637.438213261443 17383.391569076757
6634 3625.888051054078 15333.062379626801
6635 943.7002643537832 15980.243142942662
6636 3463.0430992700076 16077.56181300642
6638 3319.6583915623196 16938.647705663836
6639 3987.455614277273 16878.173662847592
6640 2805.689074707321 14995.978476686481
6641 995.8067199565232 16120.721051806653
6642 3637.0250875880333 15215.830724772908
6643 1866.1131060868734 15373.45911832934
6644 1237.7462656510572 15694.714469864723
6645 2859.7203111113076 15130.406639486806
6646 1020.6003521648371 15675.620504174802
6647 1225.8611088500206 16262.018992875814
6648 2311.3775084536937 16366.721949696721
6649 1819.0035332461964 16576.089511911166
6650 1416.9601101438654 16711.62815139197
6651 4231.784526463336 15570.599888741586
6652 3248.4713304331435 16813.249754267974
6653 2555.224357226119 15390.60969764765
6654 3230.7096942989474 15408.439412634823
6655 1440.2690940965354 15644.205091405542
6656 3368.509681857758 14476.65347378377
6657 4072.034797168852 16931.62728959197
6658 3334.1719987520496 16120.407469742288
6659 1878.5669891875557 15374.14441395992
6660 1344.2282758601114 15671.91944651602
6661 3199.559777462867 15623.357494223423
6662 3844.034414333417 15247.640096706833
6664 3927.3020936085586 15168.671147859151
6665 2855.636651082825 15387.927995070842
6666 1858.9293351854442 16342.23648993972
6667 2424.085240772648 15566.42833735486
6668 3091.012197946315 15434.609635489423
6669 2811.9592257963395 17286.604038513186
6670 4090.6475858771014 16931.81941208872
6671 3577.5722570776493 14807.75184532445
6672 1444.164100540501 15653.679197988758
6673 1425.9647874981965 17399.162408182405
6675 2374.164848805507 14982.165717466376
6676 1899.9860997197563 16356.143055780793
6677 3084.8553980108363 17114.308326828446
6678 3580.5567779623243 17587.694870793213
6679 3395.0556951599688 15443.520439455406
6680 1571.0926821880776 15942.692956846018
6681 4413.514256940333 15091.296486898045
6682 3486.760705599867 15386.850209760736
6683 1909.8631000512694 17188.994772762257
6684 1054.5828620530542 16490.301784580857
6685 1830.9606098632694 17219.937726295324
6686 1411.2024242424243 16004.906868686869
6687 3455.3865339565136 16786.719717927557
6688 2275.60101988626 15547.92522500821
6689 3317.2681275554905 17300.913480430612
6690 1853.7771580898661 15847.113392061196
6691 3770.6771803081942 16319.526824837189
6692 1252.2511338856768 15845.083565579522
6693 3951.768809413629 16845.33471823544
6694 2611.405051417227 16622.138111354077
6695 2968.796203192787 15676.077546025219
6696 3539.0286965884243 16205.904397119217
6697 3490.298288207637 15722.270840202727
