4900 3634.9292347287706 16364.432577767144
4957 2802.3940742080235 15400.141140895708
4983 2757.4077330633404 15399.04752815016
5005 2787.3985827072534 15399.776602233222
5022 2794.896334643037 15399.95887171483
5032 2779.900911226461 15399.594334707464
5099 2742.4123316470677 15398.682991677617
5137 2749.9100389477926 15398.865260074153
5229 2712.421488664565 15397.953917756493
5231 2772.4031749849632 15399.412065607381
5258 2734.9146027411944 15398.500722755864
5303 2727.4169339397936 15398.31845529524
5333 2638.1011083666244 15396.01088712003
5339 2690.589347344257 15397.403451701302
5342 2660.5961105560964 15396.607701642957
5396 2683.091010721761 15397.204513459092
5400 2653.0978161361863 15396.408764520422
5410 2668.0943854096386 15396.806638246377
5417 2615.6061501563563 15395.414073763915
5430 2719.9192471780916 15398.136187398006
5433 2623.104437777234 15395.613010706065
5436 2630.602737326635 15395.81194796469
5437 2645.599470281114 15396.209826033262
5450 2675.5927286876095 15397.005576665162
5462 2467.1275057598805 15388.86629574806
5467 2474.628214145656 15388.952401826422
5555 2585.6129635389766 15394.61832503665
5583 2817.549100110813 15394.105674737848
5591 2810.0493942784665 15393.923406448679
5597 2570.61631112081 15394.220449104785
5600 2533.1247446424222 15393.22576098815
5621 2817.389435817932 15400.50567640056
5625 2578.114641980491 15394.419387194102
5630 2540.6231121684136 15393.42470005026
5660 2600.6095445370465 15395.01619907367
5662 2608.1078608211706 15395.215136776284
5664 2593.111267964704 15394.817262424649
5702 3413.0527160037877 17458.386588259524
5709 2444.625275126667 15388.607976302137
5721 2414.622425384887 15388.263551802733
5724 2802.5496488433696 15393.74113719703
5757 2563.1180195280126 15394.021512057257
5766 2452.126058740877 15388.694083244101
5769 2548.1214089572336 15393.623637235645
5773 2555.619721233022 15393.822574831913
5780 2459.626767803084 15388.78018933023
5787 2437.1245511672464 15388.521870044995
5809 2407.121706393691 15388.177445602623
5819 2377.1193951077503 15387.788443595917
5828 2422.1231357041875 15388.34965790329
5831 2429.623843555569 15388.435763975518
5834 3747.2893853175983 16544.51715585251
5836 2482.1289442019215 15389.038508153555
5838 3228.0523532481675 14295.996567835271
5848 3877.787530888768 16473.20870211636
5853 3917.7064221536907 16799.19129906789
5861 2369.619090370838 15387.672109514488
5876 2339.617693636246 15387.20677043119
5889 2399.6209912083414 15388.091339446204
5897 2354.6184109888873 15387.439440267313
5916 2863.9210760547808 15416.46101554026
5922 1893.5010661001947 15399.30488659266
5947 2392.1202180614687 15388.005232624402
5967 3384.410138730106 15937.262902240613
5968 2362.118765987003 15387.555775128321
5982 2336.347666788542 16429.114617493906
5985 2762.0653899597055 14919.929765177003
5987 3132.020625447391 16605.677828674972
5989 3119.77945971562 16585.964634917003
6013 2384.619705504189 15387.904777765129
6014 2809.8917505358927 15400.323408539298
6015 2863.819835551355 15419.651347979334
6067 3627.3949844306812 16351.457940421282
6081 1893.333856959855 15402.504887223908
6086 2871.311762468656 15419.88624337773
6087 2324.6169624452136 15386.974100380428
6098 2511.406460713943 17030.773343345456
6112 2317.116665368628 15386.857766417814
6113 2798.4807034006935 15811.920644478849
6115 2832.4824749900176 15426.879896799339
6124 3687.57172532978 16769.86352914213
6126 2832.1263537682044 15434.372466921845
6129 2878.9238179282424 15416.925833515246
6130 3656.8751811069556 16030.12858868723
6131 2227.11248611306 15385.46174933774
6132 3147.8467070290653 16631.164176910515
6135 3872.4019390088097 15627.79869043307
6149 2389.8646762256517 16368.09563798178
6157 2324.256809250705 17457.37759718261
6161 2347.118041934604 15387.323105188283
6164 2332.117310285702 15387.090435130418
6175 2242.1132249621023 15385.694419507283
6179 2335.805782989499 16207.589595813826
6188 2427.517745391457 16368.566259024316
6193 1836.51870700677 17354.668032845908
6196 3652.78250763207 15891.805745006348
6199 2072.1582506803766 16361.664887761719
6202 2007.1829648141475 16358.689404491672
6204 2249.6135320191834 15385.810753624699
6205 2294.6156149109797 15386.508762060257
6207 2831.0579953374677 15456.850067154466
6211 1893.6732145594929 15396.105189759332
6212 1982.4565961174603 16753.69186703013
6213 2336.5946025914773 16367.291363586224
6215 2442.304108620374 16368.75107194481
6216 2264.614212132575 15386.043422883218
6218 2751.7272097717323 15412.496653791466
6219 3146.629243415258 16623.131173675338
6220 3937.013127227086 16131.685603063279
6222 4828.039151258993 17046.99154536101
6223 2830.6135416625993 15415.653155113387
6227 2380.3311794310034 16367.976479987494
6228 2878.803601921607 15420.121136033846
6230 2830.7018759298617 15464.342599107174
6236 3599.6138476843776 15939.06045877437
6239 2334.3464545600295 16262.415455806142
6241 2871.4224623261207 15416.693425002853
6242 2372.2383657583414 16367.875328912904
6246 3410.593923152585 17507.367435608194
6247 2647.7521037758074 15542.510045187735
6253 2031.8275800297931 15407.547849464203
6261 3676.519643706942 15881.877069283168
6265 2160.4920300367144 15385.853983236157
6267 2302.115981535867 15386.625097101605
6269 2167.9982871509233 15386.009276107608
6270 2851.7813024085153 15497.185465343717
6272 2829.633518389225 15486.820180612636
6278 2274.391957672646 16627.291733665177
6279 1962.2808856778888 15180.189739478128
6281 2257.1138766636063 15385.927088325117
6282 2502.1655456784174 15454.847023698554
6283 2805.9058640833246 15416.35757194413
6284 2849.0128727251476 15536.823590090411
6285 2530.9682252904586 16370.671220093587
6286 1864.2142346158796 15651.52056669178
6287 1924.586291846823 16356.727407454277
6288 2848.1745361363705 15409.437223256224
6290 2279.614918891101 15386.27609255502
6292 1421.9983392967565 16140.895353538579
6294 1859.8349359228753 15867.049690842377
6295 2145.479485376792 15385.543396863672
6296 2764.9054338350547 15399.229796387976
6297 2309.616302700755 15386.741431437842
6299 3096.9016011830686 16543.050969871758
6301 2831.7702364906436 15441.864954059725
6302 2893.7864567732026 15420.6095643105
6303 2351.330802208794 16367.61400786863
6304 2974.1266982826305 15399.093891116208
6310 3466.008687392317 14632.231368325283
6311 2485.801010300565 16369.550924819292
6314 2237.6089514910336 16651.869720495168
6316 2363.354047004206 16367.764284914449
6317 2471.7254998831277 16369.201805932784
6318 3118.223330674309 16577.386972273216
6319 3139.9336778045476 16618.421021419166
6320 2339.5389125469324 15848.20064638088
6322 2926.3564671871673 15399.645446754252
6324 2829.9896369179924 15479.327667150146
6325 2830.3457572180123 15471.835116421598
6326 4639.732009174376 16227.23240553536
6327 2137.9732051383776 15385.388103513817
6328 2849.0647143292967 15391.992606173151
6329 2901.4174840174455 15417.855658535405
6330 2499.952276179979 16369.90192269006
6331 2831.4141151543076 15449.35752659172
6332 4062.5229422691377 15654.246444517603
6335 2852.1819996036047 15393.881342098073
6337 1947.2188964399168 17316.95769782275
6338 2413.6215918020557 16368.39257272372
6339 3150.5866916545356 16629.50415351749
6340 1046.6866719789382 16838.42128590359
6343 4274.325559602259 17014.772105444143
6345 2458.166631423577 16368.949335650379
6346 2901.157850073806 15399.500126009652
6347 2617.8712046409464 17016.043889228087
6350 2234.6128195423935 15385.578083864206
6352 1041.816850134178 16636.296906126787
6354 2908.7511932133843 15421.497948228078
6356 2783.4527793283955 16360.95984705607
6357 2886.425186651814 15417.15824243417
6359 2193.6319864239067 15436.610164334063
6361 3093.3666972182127 16249.12660354768
6362 3246.3233147352557 16801.448427300118
6364 3992.784253247217 15971.95348433072
6365 3367.283837858324 15407.880729914043
6369 969.688376466409 15317.529754857487
6370 3066.518119246085 16483.200486695816
6371 3157.7141219481964 16214.333382809962
6374 3067.5438580580503 16495.773963620642
6375 2593.724194823897 16965.81223981848
6377 3143.8901933937977 16624.79260073819
6378 3484.2056522387115 16041.804896564838
6379 2020.5731071576358 15396.493290678098
6380 4044.2043201548727 16152.972187439746
6382 2796.0184268210514 16357.631037237174
6383 2287.1152474073883 15386.392427005281
6385 2850.548515194061 15422.844186223412
6387 2522.3091558639508 16370.456446732855
6388 2400.561252284985 16368.229333159574
6389 2809.9120969123305 16097.107200785767
6390 3349.40735997258 15428.02578218181
6391 3608.5481675754736 15955.728414629088
6392 3434.362833640122 15427.479577316813
6393 2525.5007398979737 16904.932843251598
6394 2235.6271904674127 16355.788035113317
6395 2886.295445435657 15420.35602881729
6396 2817.4692228697527 15397.305675555863
6398 2865.000847259101 15399.285861929076
6399 2908.909172126613 15418.30167868905
6400 2683.654452242602 16919.297525715294
6401 3925.947778455267 15340.39702051817
6402 2453.805294970955 15408.017792155393
6403 938.5839209296237 15562.051631816465
6404 4236.875272753743 17133.404572593674
6405 4311.704557925187 15514.14009989454
6406 2901.2688429521754 15421.053757335421
6407 2867.4256765489404 15399.300417939696
6408 2152.985762353681 15385.698690146051
6409 3124.0993998623358 16592.921473750906
6411 2893.925711147861 15417.409633335523
6413 2616.0027676475133 17019.05004963104
6414 2082.363176945772 15384.700278367201
6415 2607.2896548389144 15398.0912719133
6417 2503.517595216316 15526.77787579092
6418 2849.827584806209 15365.540567451873
6420 1493.5812405397824 17452.986573560436
6421 2511.974500435236 16370.200113336146
6422 3418.896331691951 16085.820604411549
6423 2849.5495715790817 15375.993074232925
6424 3722.594462286241 16346.53872411096
6425 1992.6513778059036 15409.26384471437
6426 4128.811377792669 16976.24024804807
6427 3135.9771754883855 16612.04946347514
6428 3191.1940894830323 16635.581554077195
6429 3664.842809004936 16375.30641964171
6430 2916.233535104979 15421.942138623872
6431 928.0418231347571 15543.685958145014
6432 969.4694194496419 15415.022295624402
6433 1873.0466879213309 15391.491549796172
6434 3596.13241692693 15981.980837576313
6435 3520.7926384983525 15386.588473648102
6436 3169.292225162177 16851.201089792903
6437 2828.9212815617802 15501.805202696667
6438 2837.061691630476 16368.217101509159
6439 1251.5716224192647 15808.266513733326
6440 1844.4603443096364 16879.755840022757
6441 3029.7819657646496 16721.70017748368
6442 4403.809139837122 16214.758188901775
6443 4226.298274258354 15892.707644471058
6444 3621.800842799853 16348.204521763339
6445 1784.3943036037406 15385.308775763706
6446 2850.063284397544 15356.678933053478
6447 2126.7879264602434 16353.798930752313
6448 1837.6195750354634 15965.902978557242
6449 2837.160689033647 16371.417128113473
6451 2983.5680597463256 16748.543431358627
6452 2715.2802964462653 17196.564205668594
6453 2275.919373516933 17578.17554981861
6454 3631.1624576438644 16357.945858491074
6455 4274.546730968109 16036.62675827746
6458 1839.5432787059624 16863.440380689615
6459 3168.9692789914798 15407.650961502237
6460 1621.9247791921828 15416.795632446034
6461 4197.85603226835 15878.635254856195
6462 1706.5833875981045 16928.625035732537
6463 3865.5277938482204 16250.94987977736
6464 2788.5158130415502 16357.7076518513
6465 4525.754901780248 15706.564325679203
6467 3237.826783525652 16807.96770557015
6468 3348.7774382951857 16974.724525417707
6469 1465.8517437003704 15574.30943962643
6470 1031.1391954225705 16320.999107788359
6471 4081.322322257415 15666.895302959327
6472 2095.430308584365 15384.691225972578
6474 1499.0500683406583 15894.397746139357
6475 2872.500800379765 15399.329788904814
6476 2816.9551321202885 16361.80970910794
6477 2852.646457345464 16367.772892870991
6478 3357.879739591591 15895.073346749756
6479 2580.878840146295 16977.467533339583
6480 1475.1815925811284 16692.869808101703
6481 2953.2115312727974 15420.729309026887
6482 2916.6277899778474 15418.761209180675
6483 3272.360397331213 15427.151509141313
6484 3128.0640787014754 16599.306199181203
6486 2272.114535001088 15386.15975724588
6487 1443.7723647967857 16540.100822857996
6488 4277.361719731144 15986.864611788935
6489 2470.161735923648 17014.226065913328
6490 2829.2773990493006 15494.312711141367
6491 2579.765395686757 16962.428772797593
6492 2852.6566752139015 15379.565713403414
6493 2806.897869808327 16011.281724917268
6494 3463.8077686945862 16078.853368951308
6496 1456.2955513244178 17662.321751853968
6497 4018.707065872804 15684.759739144107
6498 2828.565159590558 15509.297788586284
6499 2875.333867968429 16352.52421158116
6500 1837.238615914183 15383.07175137984
6501 3825.9764442353485 15198.208205364686
6502 3728.9575611223804 16339.289919201636
6503 4088.432716851484 15642.832377463204
6504 1220.704297267298 16264.876387727945
6505 2395.2116503371935 15182.931938415437
6506 2538.5334598212744 16370.85886275643
6507 2122.5458508914608 15385.068935371364
6508 3168.6623188440863 16683.32400839028
6509 3335.328432992579 17352.37744727877
6510 4096.984549763909 15646.330028392842
6511 3622.6874350992916 17365.987069806837
6512 2822.892472959174 15426.419939527024
6513 3331.9469155602824 16968.687654608977
6514 3945.3927126561957 15375.091021054746
6515 3708.192598141681 17518.306084944656
6516 3357.23346311374 16989.034993442932
6517 3633.5275336848417 16367.91552641905
6518 2130.466983444481 15385.232811375156
6519 3323.1324884274864 15829.07337021608
6520 3713.6290581359176 15336.997281799138
6521 4287.283102728247 16049.036666758479
6522 3627.6315845441895 15984.185092926304
6523 2497.6085739218597 16861.649481305856
6524 3431.0138512755784 17066.065430812414
6525 3910.460933817066 17229.497931012855
6526 3079.4578738566197 16475.92977076728
6527 1006.7418441166584 16189.053541392786
6528 4328.721128425792 15668.302483000301
6529 3839.5204544087774 16841.23477738877
6530 3441.821112483582 16073.666859417677
6531 3931.129234356221 15363.964879693798
6532 3170.11715124725 16647.380018792304
6533 3196.46006451842 16193.709491717691
6534 3410.7480813586894 15433.508644401609
6535 3073.4697253626605 15083.922940905948
6536 1277.7082483323256 17160.50073115172
6537 2297.912423736228 16356.926335985261
6538 3662.1291468222084 15639.511937465251
6539 3498.660640358149 17169.149999927893
6540 3234.2643536457126 17508.06461083106
6541 2844.6072374404835 16368.00203272405
6542 4353.2757964193925 15782.160155604803
6543 3376.723701443287 17403.92329613818
6544 2352.663451993345 17303.016087935022
6545 4331.213900213131 16983.893475684552
6546 2880.000691012723 15399.373715514563
6547 2417.633197312677 17266.065404739365
6548 1843.1400098878644 16153.303955318845
6549 1831.9594781417277 16944.648903897756
6550 1263.9081143941323 15287.703428956229
6551 3997.247480328693 15520.452955904044
6552 3713.7898003102428 16756.23327710803
6553 4057.8561647608963 16345.450270699317
6554 3701.6663287807123 15314.846573954179
6555 3088.6254534183286 16889.938785649403
6556 3608.546987516215 15320.707145437844
6557 3802.486718133167 15218.15438548013
6558 3493.2978116442405 16872.319313013457
6559 1028.0523037790715 16832.213178396523
6560 767.1369889986844 16225.670855014672
6561 1845.3604524216091 17072.284640708305
6562 3811.8573341157594 16291.124541630152
6563 3311.6011622715887 16772.83421654803
6564 1831.9022158509295 16398.268971954025
6565 2106.0587304349137 15294.832999841658
6566 4308.211593554896 16233.767364649357
6567 3778.021287685991 15456.308967200754
6568 3255.540052595792 15520.717844212126
6569 3854.378974514931 16249.695196721112
6570 2995.0370981749293 16523.95195544878
6571 2446.724587015116 15586.299403179179
6572 1791.0104252272472 16439.288164734295
6574 3685.442790496581 15612.84017070439
6575 832.7615058048748 16645.483348913625
6576 3098.4948112290804 14342.194791979158
6577 1809.3388948974475 16361.477561961194
6578 3261.906378546428 15850.637580223507
6579 1422.598658693948 15646.664293216278
6580 1326.009032116877 15237.76677054644
