4957 3634.817903906972 16364.24085636407
4983 3109.2824926378535 16240.380483928635
5005 3533.6412970002457 16190.515474933909
5032 3492.483585015293 16121.006868426788
5099 3425.4452358815183 15646.900262013214
5229 3248.031556875487 15703.1976431788
5231 3451.799091530694 16052.13273247257
5258 3826.371639097746 15205.299220821838
5303 3322.485048734751 15407.538982374439
5333 2758.0261238932076 15399.062561159648
5339 3195.31121746713 15553.609039591065
5342 2780.5192128220747 15399.609365547678
5396 2818.007731655018 15400.520707100786
5400 2773.0215314893208 15399.427097782422
5410 2788.016971124302 15399.791635184056
5417 2735.533030710317 15398.515756668203
5430 3285.8964339985323 15407.259866145894
5433 2743.0307245480353 15398.698024737454
5436 2750.528423947926 15398.880292941922
5437 2765.5238468978464 15399.244829937945
5450 2803.0123552109862 15400.156171235316
5555 2713.0398916197223 15397.968951060746
5597 2683.0910579996407 15397.20451471342
5600 3056.0189389133075 15263.659787121565
5625 2690.5893619452922 15397.403452088682
5630 2668.094356849044 15396.806637488635
5660 3234.9854644514835 15403.671626765647
5662 2728.035325784361 15398.333488329397
5664 2720.5376242566253 15398.151220073201
5709 2645.5994787845584 15396.209826258868
5757 2810.5100420939652 15400.3384391355
5769 2795.5146568627856 15399.973903056416
5773 2675.5927273516627 15397.00557662972
5780 2653.097762884663 15396.408763107607
5787 2638.101192900699 15396.010889362802
5809 2615.606211866905 15395.414075401157
5819 2593.1110956955667 15394.81725785418
5828 2623.1044976486155 15395.613012294512
5831 2630.6029117952385 15395.811952593513
5836 2660.5960491556716 15396.607700013943
5861 2585.612729749687 15394.618318833991
5876 2528.8088752371996 15386.70674646277
5889 2608.1078325128956 15395.215136025237
5897 2570.6126556007794 15394.220352120246
5947 2600.609492354216 15395.016197689209
5968 2578.1134087164614 15394.419354474396
5987 3139.933622674674 16618.420932637924
5989 3132.020569559284 16605.67773867267
6013 2817.5491334906733 15394.105675549092
6015 2454.949757969911 15418.421379004898
6086 2426.7613193909287 15418.271865885506
6087 2483.341845312517 15389.069538419415
6112 2465.639346741303 15388.849212090026
6129 2798.7218455982975 15077.714286522105
6131 2362.089866865772 15387.555326886171
6161 2556.0511942863877 15393.8340222362
6164 2503.3509161398247 15387.935388177868
6175 2377.117313420594 15387.78841130774
6188 1430.5578210326787 15949.802168458496
6204 2384.619216965393 15387.904770187608
6205 2430.0635021892776 15388.440811136243
6207 3622.328779084812 15196.098753003553
6215 1846.8471981037226 16432.474615908894
6216 2399.620681980832 15388.091335896357
6228 2454.575143030076 15415.219267351382
6230 3626.905163271181 15204.284931202397
6241 2425.9337793637287 15411.867205393959
6265 2330.9155706531556 15387.071795450942
6267 2438.510968415316 15388.537785735361
6269 2339.055016114351 15387.198042976115
6270 3551.2356126398895 17268.986307022762
6281 2392.119931632062 15388.00522933627
6283 1130.2401026730297 17494.91753167081
6285 2335.0282370401296 16367.254862666588
6290 2414.6222526800516 15388.263549820129
6295 2303.6115991680053 15386.648294999492
6297 2450.230883240715 15388.672327148313
6302 2647.5791064071873 15549.926544143653
6311 1460.1939637986166 16531.44343262606
6317 1820.840015898856 15942.198977805121
6319 3147.8466753495472 16631.164125893767
6325 3631.482507197454 15212.475397494143
6327 2282.798804416821 15386.325476468208
6329 2649.7601845763656 15421.338507534874
6330 1480.8649147486826 16519.28695600883
6345 2193.6132781831234 15437.663438290167
6350 2369.6089787848305 15387.671952677916
6354 2554.33302730263 15413.019778443302
6356 3150.586713345071 16629.50418844741
6357 2837.6058276626245 15105.509372502065
6359 2354.5340062675787 15387.438131101077
6370 2386.816711079091 16368.057541843358
6377 3005.040382702347 17117.05840166193
6383 2422.1229750205584 15388.349656058686
6387 2332.477283791506 16338.669993893449
6389 3160.420244603467 14966.488988694167
6390 2654.084075907865 15414.505793914002
6392 2672.662372781244 15417.933839180612
6394 3142.6718252786936 16616.758242309876
6395 2502.607575111843 15437.628819832953
6396 3126.8420290610284 16591.266317690548
6398 2865.000847259101 15399.285861929076
6399 2523.1056849411675 15412.775871036603
6401 2907.808666148868 16961.063681740903
6403 3920.899375049641 15331.389225511099
6406 2649.017782891892 15474.86927746285
6408 2313.1636793598723 15386.796453309566
6409 3135.9770727790005 16612.04929807178
6411 2618.2936207423077 15417.190147187699
6414 2137.096203219333 15385.369959698037
6417 1028.2677846982074 16832.97012813029
6421 1642.2863353681112 16977.23058413456
6422 3124.107549405822 16592.93459778936
6427 3143.8901719202227 16624.792566157106
6428 2424.5147277088313 16368.528724678674
6430 2590.83091722507 15416.773973140322
6431 2096.1686196791134 15384.690714499704
6433 2127.6109837696754 15385.173725151008
6449 2376.7601199368023 16367.931845757685
6460 3568.7225360437437 15101.312349866894
6461 2848.3574361588862 15416.922453849698
6462 4151.33827011182 15604.147478851499
6467 2394.5133003905376 16368.153740558788
6468 2402.0136567857176 16368.24748658333
6469 2158.159969986064 15190.970159123395
6472 2145.4040618927725 15385.541836468226
6475 2872.5006941512506 15399.329788282637
6476 2364.3987052562265 16367.777341968404
6479 1580.5462242331196 15798.082123279988
6482 2620.7460867566424 15410.825611250166
6484 3138.7143579876924 16610.385231787284
6486 2407.121534344261 15388.177443627543
6491 2832.4824753164635 15426.879889931119
6500 2113.4354033919594 15384.880454277407
6501 2703.229556433393 15418.306449065678
6502 1827.4607415692747 17367.83567692942
6506 2350.8711733174214 16367.608263024109
6507 2152.970882790228 15385.698382310855
6510 3120.1510149222686 16586.56298804292
6513 2832.126356993419 15434.372399065325
6514 2895.6839648487266 17453.986477769082
6515 2831.7702396951227 15441.864886639474
6516 2826.0924088345023 15426.569949207642
6518 2160.490786291712 15385.853957504993
6521 2432.0150773654154 16368.62247061899
6522 2938.798761746451 15406.41604101357
6523 1244.367919926844 16255.423205594803
6524 2822.892475680082 15426.419882280808
6526 3128.064066221335 16599.306179083163
6527 2485.578561793298 16979.44054667768
6529 3618.2369702473948 14866.658533181468
6530 1313.0107262331558 16772.614356726674
6531 1853.7754691327716 17373.412607648057
6532 2831.4141171840406 15449.357483887397
6534 2724.5581515974714 15418.566441791312
6536 3780.8623360348192 16289.676671718382
6537 3146.629275289651 16623.131225005098
6538 1827.8483682970148 16827.958936412833
6540 2194.479956335184 15488.436599512544
6542 1841.3665865269666 17380.864314117927
6543 2831.0579978038727 15456.850015262828
6546 2880.0005846267863 15399.373714891464
6548 3130.7994925166045 16597.639322036663
6549 3362.3686443364813 17373.277129844064
6550 1843.8932323601841 17006.4278257121
6551 2777.0695286376267 15412.80557327281
6553 2687.990112622608 15576.180899571169
6554 4427.918485462108 16923.172011421233
6558 2417.014370952035 16368.434978649611
6560 1826.8710032924744 16686.784602319625
6561 4809.273102698978 15730.719381948245
6563 4178.801737416421 15341.29046392084
6565 2322.807521378899 15386.94603489886
6566 3001.197494980815 15421.520267220892
6571 969.480919882308 16408.181766064143
6572 3394.4766202452047 15962.518091401784
6576 2852.8354885830195 15372.842839198602
6577 3810.4735795024453 15213.858780309196
6582 2895.000349471517 15399.461568014784
6585 2849.2366163237884 15387.759301911792
6586 2747.9784765138165 16371.197435268692
6587 2887.500448805443 15399.417641346272
6590 2302.9960597495788 15393.99389248284
6592 2764.182479197923 15419.049457051111
6593 4192.176855343363 15882.025502249679
6594 3079.632062182524 16256.674122083752
6595 2641.272299343696 16916.83683326666
6596 2070.138245843034 15384.708747318433
6597 2815.759396343424 15416.477685185988
6598 2560.9495069466675 16943.7747129567
6600 2882.1365961495712 16352.318136551006
6601 2852.4366151350396 15387.839346605357
6602 2956.0062769282445 15420.775375143008
6603 2853.0349254597313 15365.344579753326
6604 1159.5763550185254 15339.67064637427
6605 3161.029388446026 16660.30859495687
6606 3116.1875998259893 16580.18029774624
6607 3134.756920233221 16604.012268829614
6608 3456.75041743223 15700.80766512898
6609 4158.3410480520515 17088.312191463006
6610 3091.3449981989397 15580.31003706816
6611 2853.2343600883396 15357.846404830338
6612 4834.994102024701 16431.021935516146
6613 3056.1939194064685 16125.608543279597
6614 2849.436052383714 15380.261073175341
6615 2948.506206278304 15420.651750610377
6616 2837.0616156572805 16368.217103674602
6618 2942.8671754309844 15420.321713737583
6619 2084.772226793902 15384.69860947226
6620 2852.636051576747 15380.341103514997
6622 2567.0593253108104 16953.46653106708
6623 3388.0691818259243 16528.332494682083
6624 2409.5140188031774 16368.341232678144
6625 4453.519772769238 15395.962610238099
6626 3090.4217489135817 15428.95685155817
6629 2057.07251336438 15384.717798743774
6630 2346.799493001263 15387.318164309365
6631 3183.187996343086 16640.063211059856
6632 3523.5890488580512 15364.61384544136
6635 2020.017971303455 15384.743468672461
6636 2969.3700507307112 15420.995651773404
6638 2821.0517538713348 15682.326850104253
6639 3207.0128694806353 16367.257751336176
6640 2849.83492469803 15365.26460839113
6642 3863.5303516587705 15782.170198584618
6644 2338.9142439703196 15397.589971861396
6645 2849.6354886449235 15372.762836871194
6646 2028.2605491612549 15384.737758538857
6647 2581.357726995778 16358.755518474152
6648 1433.2206046819822 16507.772953353564
6649 1071.7726148536224 16648.198474457648
6650 2408.656565225091 16360.568043716543
6651 2367.6467089972066 15407.06982170348
6652 3459.2214800566408 16071.106951787347
6654 2902.5002881606742 15399.505494905996
6655 2438.156878684347 15395.482281305005
6656 3977.839791704422 15435.430537482567
6657 3463.043139707153 16077.561881306307
6659 3603.482506089316 15325.25033539535
6664 2848.6453334420485 15420.104312476235
6665 2855.636615179544 15387.92934493212
6666 2481.1225014297765 16978.050613009465
6667 2547.4463134506946 16904.845824472373
6668 2830.266564032696 15408.447351913272
6669 3359.263749083987 16743.775789612053
6670 3196.2778492558878 16632.73576311699
6671 3451.6539146690584 15423.444231288013
6672 1820.2622298055282 16333.658069691926
6673 1830.903704307878 16633.876211381823
6675 2817.4692503424403 15397.305676223601
6676 2615.0404455449725 16362.204420633405
6677 3327.940641391601 16571.197435674272
6678 2863.9751811284223 16370.652316139636
6679 2938.7368742691447 15413.684974367814
6680 2036.0697775729209 15384.732348612697
6681 2878.7899909661064 15420.120709287716
6682 2917.5000141087044 15399.5933478015
6683 2809.797131185152 16150.219813151374
6684 1638.6103865584616 15397.83315535077
6685 2780.902671026153 16357.785395149163
6686 1427.2488589623576 16246.909369298235
6689 3119.9006605339996 16606.11672695117
6690 2046.2803085569662 15384.725275158604
6691 3170.098133892151 16647.390664341987
6692 1540.8478044292006 15498.803208166622
6693 3176.643024548631 16643.726960410662
6694 2439.5154396920575 16368.716216717668
6695 3091.835886357614 15509.811440672765
6696 2852.1531125495076 16367.786954553017
6697 3167.6951035205566 16218.99682524838
6700 3626.260199076032 15311.178596455245
6701 2728.757901010553 17217.437234918805
6703 3132.7815577251313 16627.415055537454
6704 1358.0797371274195 16188.75650854116
6705 2935.4968385481375 16333.683042692277
6707 1441.8538165921332 16283.996690587855
6708 1854.6478211098843 15401.99908952124
6709 2844.607097869788 16368.002036702199
6711 3506.278088427464 15394.497167619811
6712 2193.9096635594165 15422.71726775938
6713 2850.0343590695716 15357.766443133129
6714 3202.8251127165877 16629.070730935495
6715 3466.864806166519 16084.01682232568
6716 1438.791322668046 15612.12620687479
6717 3470.6871964279267 16090.472985874425
6719 3157.855845647403 16665.769495927885
6721 2945.550792746347 17509.737071895608
6722 2206.4685228872495 15396.98864725617
6723 2666.9127232239694 16358.949428927523
6724 1857.4824812035527 16311.363562323342
6725 2910.0001627963134 15399.54942142205
6726 3209.3926330601194 16625.394359340524
6727 2339.2792801830155 15887.60536919919
6729 2966.3734722601303 15622.749576727081
6730 3627.810965571418 16358.554478332331
6731 2850.233795406125 15350.268203996264
6732 3517.9599352415776 16441.61037302242
6733 2193.7572719787845 15430.190316424982
6734 3490.9621744299825 16124.71820024985
6735 3645.6774145764557 15231.31275839006
6736 2293.5528675620153 15386.492278231804
6737 1934.1278749957223 17328.77222466813
6738 3189.7329119852257 16636.39949314204
6739 965.5249207164836 15595.126102281485
6740 1707.882055890115 17172.252513757106
6741 3461.779691521217 16063.726376077098
6742 2147.8891009842864 16689.991012008326
6743 2672.7026344328933 17107.004643543467
6744 3171.0821635508255 14988.957126565447
6745 3116.62088055151 16606.873513577175
6746 1784.3703932196413 17287.481650865408
6747 1486.7822767155253 15794.780218748245
6748 3160.887649176774 15423.716338059521
6749 3842.1669964328717 15204.846676863266
6750 3220.243369459514 16819.29160841567
6751 1005.8322373656404 16776.817008481234
6752 4495.960557533658 15981.217027963507
6753 4250.743796391405 16053.956638949277
6754 3784.5635395668714 15246.634930528626
6755 1842.5773637843718 15735.57010734023
6756 2020.5739074185544 16754.687338225864
6757 2986.088680586798 16334.51566411727
6758 2981.647939948521 17561.365440815283
6759 3268.2038405913036 16853.23024241506
6760 956.787144612321 15537.579415466698
6761 1273.2482886916903 15682.162451063406
6762 3108.27675982506 14982.861566756594
6763 2167.9982307985683 15386.009274941765
6764 4064.5749124893514 15129.976385681359
6765 1068.7275070361788 16742.234721814242
6766 1020.8885006686933 15597.540592996382
6767 1761.392174232316 16300.038635989496
6768 1653.4398387138237 17090.235700128902
6769 3161.787834589468 16672.156792470356
6770 3153.398558095459 16670.728391840003
6771 3832.3025481665427 16999.67713555091
6772 3664.0860601388404 15889.031648232956
6773 910.5267060326389 16835.880840988564
6774 1832.8356050238108 17270.972529952513
6776 3855.556380276228 15214.81769475259
6777 2797.5305455423295 15396.821054926377
6778 3321.8600886855443 16126.960917032651
6779 4157.77861359733 16951.407392697914
6780 1211.80793655063 15309.35794318441
6781 3406.4062385762286 15436.27875466676
6782 1055.319597795882 16274.487427622571
6783 3615.964566056834 14863.539517122534
6784 2993.6749099155145 16407.0825897718
6785 3256.3812710953493 16826.733720920034
6786 3086.625992331966 16551.09766993592
6787 2639.4637553073403 15932.522264880748
6788 2683.689039572399 15951.964220062637
6789 3864.5384615969 16480.452256741115
6790 2346.3996425749856 16236.186150430325
6791 2853.4350753073636 15350.300083349213
6792 1583.161779054426 17512.690888991656
6794 2070.6232180197158 16361.632437384147
6795 783.2032505045928 17224.00035194418
6796 3261.6471422429686 15123.01962756701
6797 3680.0991060077085 15886.565732649611
6798 3308.636665194684 14391.794109827148
6799 1592.890212333361 16360.273098601054
6800 1162.5302170042723 17231.791754692822
6801 2958.704464664571 16166.306696996855
6802 3354.785115461108 15267.82203918154
6803 4747.008697314927 17102.187601215628
6804 3247.9454302442527 15365.487834024007
6805 2636.2874332127712 15842.246304106871
6806 3856.400999160972 15402.611615994163
6807 2394.3270578076636 15501.557592618077
6808 2983.8921021964666 15983.040299492264
6809 3856.341329392696 15845.023860309155
6810 2266.281971781788 16171.179260732955
6811 2815.21061541918 17338.48713199284
6812 4668.526996514973 16016.04791599172
6813 3861.114769067715 15182.95466358795
6814 3102.7978617855074 16194.322249560257
6815 2196.178196648263 15363.643631522738
6816 829.6820774793262 15778.20376921019
6817 4575.691758970591 16119.418470226754
6818 4594.463110046037 17198.08219033455
6819 4174.415983571003 17062.92594605244
6820 2189.31 15375.13
