4957 3178.025843229615 15587.891020125984
4983 2835.909226912652 15746.491758486283
5005 3036.824710685884 15598.580230931992
5022 3038.823987135817 15614.048380067157
5032 3005.9675481005866 15599.239216086004
5099 2845.0987762841987 15592.865267409876
5137 2832.172667688212 15674.781357869142
5229 2851.2565248330598 15412.10604003193
5231 2966.4250476029733 15599.041347750941
5258 3022.584134648515 15399.455931009863
5303 2981.95274803854 15399.1523293611
5333 2742.1018106516894 15398.675442948166
5339 2840.438307213697 15400.904755326475
5342 2769.4666765215775 15399.340679669669
5396 2805.169037187108 15400.208599924496
5400 2761.5898279475427 15399.14919439267
5410 2777.0371839561813 15399.524717829034
5417 2700.3001719788135 15397.652259560839
5430 2949.1367261941714 15398.931607363915
5433 2714.1197912453677 15397.995203295635
5436 2727.0592461777132 15398.309759947151
5437 2752.602946678305 15398.930724349348
5450 2784.547350924096 15399.707289118636
5555 2659.6580230057275 15396.582813258012
5591 2969.845723955073 15125.388947060148
5597 2631.4475324868076 15395.834361210807
5600 2817.8216333531122 15400.51618307261
5625 2644.52077861713 15396.181207282954
5630 2604.8596082012846 15395.12895744092
5660 2922.0946578531552 15399.62086884575
5662 2686.2263172349785 15397.287696223208
5664 2673.305156880811 15396.944885136216
5709 2567.610000623806 15394.140688731795
5724 2761.138604457199 14918.497529825358
5757 2794.847613005284 15399.957687297458
5766 2405.160417814331 15745.137197619986
5769 2786.6178649197486 15396.555816161244
5773 2618.8218025667256 15395.49938818367
5780 2579.8620633507157 15394.465748000945
5787 2554.5838880648976 15393.795093159635
5809 2516.8221788341543 15392.15741792337
5819 2478.2775782312583 15388.994295526825
5828 2530.269300097128 15393.150003237175
5831 2542.295681725555 15393.469074964914
5836 2591.7227199314448 15394.780422880245
5861 2468.221330970133 15388.878852561953
5876 2398.838812920312 15388.08236025364
5889 2504.8607274279348 15391.054217424757
5897 2441.254382326469 15388.569279375837
5916 2863.9210760547808 15416.46101554026
5922 1109.8586199651697 15480.167572871933
5947 2495.868883407542 15390.22490278142
5968 2455.597985598828 15388.733940013719
5987 3139.933622674674 16618.420932637924
5989 3132.018140805709 16605.673827403854
6013 2487.5360496021895 15388.80713093603
6015 2863.819835551355 15419.651347979334
6086 2871.311762468656 15419.88624337773
6087 2356.8958344163343 15387.47476442703
6112 2337.925673345905 15387.180526214037
6126 3100.734725690624 15121.94897500178
6129 2878.9238179282424 15416.925833515246
6131 2227.11259031691 15385.461750954002
6132 3343.452279378531 17340.95892331448
6161 2422.297012283224 15388.351653958805
6164 2377.0255127596233 15387.786987426185
6175 2242.1132249621023 15385.694419507283
6188 1735.6697966530135 16390.724117859252
6204 2249.6135320191834 15385.810753624699
6205 2296.561357193414 15386.53894165283
6207 3661.832161706576 15266.781524852477
6213 1077.241294640676 16180.190823159915
6215 1834.5181989556486 16335.813273173753
6216 2264.6171215977306 15386.043468010712
6218 931.7950578569112 15947.468828945852
6219 4183.423718362002 17068.67
6223 2738.866071055122 17221.337399593507
6228 2878.803601921607 15420.121136033846
6230 3666.480872847283 15275.099692006026
6239 1489.5293478737453 15567.219450863142
6241 2871.4224623261207 15416.693425002853
6242 1041.154889363318 16366.452869291817
6265 2160.4920300367144 15385.853983236157
6267 2308.4248289527222 15386.722950988196
6269 2167.9982871509233 15386.009276107608
6270 4009.4382085562083 16890.702826123037
6272 3177.2561156605266 15254.370342884606
6281 2257.1144518083756 15385.927097245947
6283 1753.8535827070089 16925.581472281425
6285 2357.011442702963 16367.685009489769
6288 1224.1407110214666 15302.462812568941
6290 2279.8126321584355 15386.279159202595
6295 2145.479485376792 15385.543396863672
6296 3225.100380534886 15406.796697612319
6297 2322.6408484351487 15386.943449704726
6302 2893.7864567732026 15420.6095643105
6311 1899.0436130581509 16356.120668002068
6316 827.6102067601674 16653.349664475718
6317 1884.4987745118985 16355.77517067013
6318 4040.534042065338 16911.124910300477
6319 3147.8466753495472 16631.164125893767
6325 3667.0908059492476 15283.497931240463
6327 2137.9732051383776 15385.388103513817
6329 2901.4174840174455 15417.855658535405
6330 1914.0429571530524 16356.476961634968
6331 3714.8137577493467 15263.494113418961
6335 3709.414342620924 15718.389856902277
6345 2251.1764251652075 15684.83384070315
6350 2234.6129239720117 15385.578085483969
6354 2908.7511932133843 15421.497948228078
6356 3150.586713345071 16629.50418844741
6357 2886.425186651814 15417.15824243417
6359 2193.9096637115263 15422.717260300147
6370 2387.01288831018 16368.059993838244
6371 4669.877275673988 15626.47769534248
6374 3523.610029914916 16530.57454327125
6377 2997.6133392948477 16743.027466433487
6383 2287.971130338597 15386.405702246502
6387 2349.5110197379845 16367.59126263318
6389 3274.545235698846 15323.549663192916
6390 2923.892727011408 15419.193729633304
6392 2923.7158968370572 15422.3863301975
6394 3142.6718252786936 16616.758242309876
6395 2886.295445435657 15420.35602881729
6396 2830.6601170454796 16347.215061703067
6398 2865.000847259101 15399.285861929076
6399 2908.909172126613 15418.30167868905
6401 3170.098136205392 16647.390663047077
6403 3182.8920309607047 15406.475852278241
6406 2901.2688429521754 15421.053757335421
6407 4340.004897694688 15822.564705266948
6408 2152.985762353681 15385.698690146051
6409 3135.976246051538 16612.04796670849
6411 2893.925711147861 15417.409633335523
6414 2088.689625918731 15384.69589565229
6417 1690.974599687698 16409.159986418552
6418 1006.5501886053269 16187.775300003528
6421 2254.3661003888865 16634.989142822065
6422 3124.0386570641936 16592.823653447234
6427 3143.8901719202227 16624.792566157106
6428 2424.5634695145222 16368.529333896458
6430 2916.233535104979 15421.942138623872
6431 2066.1644543715283 15384.7115002048
6433 2081.181243752933 15384.70109716401
6435 1459.341330102545 16653.523739527565
6446 2728.5706423290885 17193.58986839718
6449 2379.512511808553 16367.966247562394
6460 3624.479508250745 15199.945699943053
6461 3236.3841621905663 15426.316249965674
6462 3601.807119308768 15978.947035251229
6467 2394.5133003905376 16368.153740558788
6468 2402.013855632791 16368.247489068695
6469 2150.4547619935297 15382.44614081094
6470 2511.835949746224 16358.2422508322
6472 2096.1980099166117 15384.690694139303
6475 2872.5006941512506 15399.329788282637
6476 2372.012173537512 16367.872501764385
6479 1835.7044603271088 16144.475634004015
6482 2916.400951899137 15418.7477042999
6483 1545.4469469887629 15489.201586232391
6484 3138.7143579876924 16610.385231787284
6486 2272.1345989297643 15386.160068449064
6489 2187.5187476012475 15422.59437262253
6491 2832.4824753164635 15426.879889931119
6492 1406.042532487586 15542.194546123652
6493 3076.455377159901 14353.26520806089
6494 3635.673339499168 15219.97425955354
6498 3331.808596530007 15285.369294387296
6500 2073.6728632021686 15384.70629867461
6501 2931.384475501469 15419.639753381744
6502 2593.7241225225075 16965.8122801593
6505 2037.608820498342 15777.12724576254
6506 2364.511832952398 16367.77875593745
6507 2122.9606872978593 15385.077517696183
6509 1863.0268084209695 16355.26512671383
6510 3119.838195198694 16586.059222637134
6512 2714.075472096109 17182.933348955907
6513 2832.126356993419 15434.372399065325
6514 2937.0643548466574 16777.685698984442
6515 2831.7702396951227 15441.864886639474
6516 2826.0924088345023 15426.569949207642
6518 2130.466983444481 15385.232811375156
6520 2107.890354205006 15381.60174586277
6521 2432.1852792407976 16368.624597951126
6522 2953.792798286709 15420.738890118357
6523 1561.949979113822 16471.64875346294
6524 2822.892475680082 15426.419882280808
6526 3128.0380138614296 16599.26422431922
6527 2336.018881019404 16452.105563838282
6529 3988.160857780259 15699.665960869761
6530 1797.2752798159647 16895.422365134644
6531 2608.653257450311 16957.482515027725
6532 2809.863186473223 16119.7031627018
6534 2931.198327320764 15422.830525852578
6536 2780.570613909982 16840.101289925286
6537 3146.629275289651 16623.131225005098
6538 2429.6135686005773 16737.357651353486
6540 2389.9393834993866 16692.833396150036
6542 2600.274437978712 16962.157507826425
6543 2809.7861839723378 16155.277277536361
6544 3113.446079586124 16217.49106179129
6546 2880.0005846267863 15399.373714891464
6548 3130.7994925166045 16597.639322036663
6549 2738.0730077498015 17202.404237358845
6550 1442.8493646563077 16529.252321206885
6551 2938.8536842320477 15420.083576054289
6552 3187.734492314797 15425.1867520347
6553 2806.514361961895 16188.488262661187
6554 3951.1525230159637 16839.580514014164
6557 1872.6500028685762 15197.44271558625
6558 2417.0324672983043 16368.4352048336
6560 1595.8043633105658 16973.891326579782
6561 3755.9977384159347 16310.883170862715
6563 3766.0091108722395 15828.072870158428
6565 2157.949326261533 15382.601434759728
6566 3184.7036605810463 15605.057679918968
6567 3696.137692764988 16468.90080092173
6568 4379.410906971029 15427.237361580408
6571 853.9738174804819 15781.009179163688
6572 2796.018699231186 16357.631034455397
6575 1350.2827313582227 15375.226943249394
6576 2852.8354885830195 15372.842839198602
6577 2749.7890320467473 15401.449521729663
6578 4138.01793890223 15256.83088483057
6579 916.9963287178236 16831.711639868066
6580 3421.5097184373803 15404.245026607383
6582 2895.000349471517 15399.461568014784
6585 2849.2366163237884 15387.759301911792
6586 3176.643040066867 16643.72695172385
6587 2887.500448805443 15399.417641346272
6589 4259.189182029108 17204.06091781916
6590 1644.4323374468545 15398.10585048544
6592 2938.706832767442 15423.276659827865
6593 3600.5167608044594 16389.691379704356
6594 2681.0486953488257 16894.922540122963
6595 3183.1880189627655 16640.063198397795
6596 2051.1476259901133 15384.721903272608
6597 2946.253908453179 15423.725375645856
6598 2337.303762050246 16366.485266962212
6599 2318.875169618823 16357.309443034304
6600 2174.5089342192605 16354.671061462777
6601 2852.4366151350396 15387.839346605357
6602 3051.3715850129424 15422.347292554367
6603 2853.0349254597313 15365.344579753326
6604 1621.8292863560116 15425.350369178499
6605 3161.0284130444834 16660.308678282632
6606 2422.9163649385127 16360.786066987212
6607 3134.756920233221 16604.012268829614
6608 3547.9865682207223 16221.121482966755
6609 3813.085196303402 16650.342984113053
6610 3436.0024540812865 16032.9160623792
6611 2853.2343600883396 15357.846404830338
6612 3836.5913642508935 17086.90677523164
6613 3602.811503117663 15986.7246370514
6614 2849.436052383714 15380.261073175341
6615 2977.124779718426 15421.12347386889
6616 3115.1415920530535 16598.247694012876
6618 2968.8357483513487 15420.98684480544
6619 2058.6560021378964 15384.716701765059
6620 2852.636051576747 15380.341103514997
6622 2380.466067836339 16659.877625563902
6623 4265.650468329648 15965.126428231511
6624 2409.5151863558235 16368.341247271239
6625 4084.088674872162 15635.057632513259
6626 3409.426638533621 15989.819552974996
6627 3224.173170404592 17306.96356349078
6628 1430.3212967650009 17677.40801735324
6629 2042.3214439900457 15384.7280177042
6630 2193.7572739583525 15430.19021935002
6631 3560.0446233644343 16431.103673672194
6632 2304.8388490611924 15394.01418524989
6633 3119.6607216509306 17435.168428207086
6634 3418.3749214377735 15646.333547159775
6635 1428.921206304037 15619.051155254107
6636 3170.3366462204026 15581.393415413815
6638 2983.7886454980967 16388.714163771423
6639 3650.1236475171436 16395.485594377336
6640 2849.83492469803 15365.26460839113
6641 961.8903403588968 16814.71719723211
6642 3763.7264646201165 15239.000965597052
6644 1384.4720769329463 15654.107775214978
6645 2849.6354886449235 15372.762836871194
6646 1738.9000616869298 15381.27968882514
6647 1679.7745150563378 16289.731710723807
6648 1871.236657003787 16355.460143026452
6649 1456.9370814346019 16533.35878787018
6650 1765.9511702201814 16367.932530962196
6651 3739.3963616952738 15271.288666716966
6652 3617.1577668606983 16340.208739290449
6653 2897.277564484961 15599.39163401184
6654 2902.5002881606742 15399.505494905996
6655 1823.5879257241813 15386.02419263133
6656 3670.574990954891 14951.529270731968
6657 3654.107386946652 16401.841633092496
6659 2677.771045882627 15396.551028395357
6660 1874.0097379615122 15520.65217772598
6661 3359.1514635570525 16095.419200505923
6662 4032.5219997787854 15531.4786048651
6664 2965.7888468238957 15424.137446530684
6665 2855.636615179544 15387.92934493212
6666 2335.165106029592 16585.20804781956
6667 2351.570605562986 16007.90175778481
6668 2946.30615264347 15420.525763036732
6669 2626.4247589460974 16932.322321798812
6670 3658.091081878928 16408.197600812517
6671 3741.718215680268 15066.07045895865
6672 1450.3580608372538 15924.603182377901
6673 1535.2490501793704 17018.053304582056
6675 2511.7213750473275 15379.98312097718
6676 1891.3771653573708 16345.294236568503
6677 3278.9619627207776 16786.607465075132
6678 3380.653098545812 17015.362679054593
6679 2961.292727039282 15420.862512312076
6680 1848.0420764910275 15575.749552112378
6681 3926.308468687298 15169.223342450012
6682 3102.488666423379 15401.68512699715
6683 2552.1151174908177 16965.035061047933
6684 854.3608265808743 15789.519150041171
6685 2312.573831825892 16586.608132302266
6686 1494.5932879416973 15855.807599636182
6687 3247.4826083667776 16824.216367490244
6688 2373.7310988265453 15804.92231605158
6689 3352.699343158091 16983.93786522058
6690 1852.8508726848706 15404.046327191165
6691 3189.732989617045 16636.39944968524
6692 965.8863102595278 15714.678683945795
6693 3454.64587968351 16488.60126849843
6694 2440.012577165144 16368.7224303773
6695 2962.9212940214525 15858.335972845343
6696 3122.3387464844736 16243.061818783346
6697 3490.3024012308674 15746.923697547285
6700 3635.00109831773 15212.20910136853
6701 3349.3975758783545 17357.618531857534
6703 3395.1191181693175 17234.737117207485
6704 982.3285573521348 16059.04650727359
6705 2519.427123571449 16988.94495232086
6707 1085.867987180913 16339.589332372332
6708 1819.7474368967319 16425.757828264865
6709 3158.0583667395886 16672.202992259765
6710 3250.9528702824737 17017.143662140992
6711 4157.049121321622 15287.892167378151
6712 2193.613279932929 15437.663339776118
6713 2921.2164191604998 15084.003674184503
6714 3980.122869463355 16206.169608265898
6715 3736.6986357134824 16533.615606763287
6716 1304.7912439827262 16058.206725775652
6717 3927.6714058203584 16816.34458605698
6719 3157.855845647403 16665.769495927885
6721 3239.0730704952875 17504.96127543418
6722 2215.4599379966357 15403.962011947679
6723 2374.625899282651 15816.612194540121
6724 1871.1566471805904 15258.74081836782
6725 2935.829045391115 15396.510100485146
6726 3766.179055491299 16534.227485422416
6727 2371.789783745576 16782.524750528908
6729 2966.0148941582124 15865.602451289404
6730 3831.1446481327494 16679.395976058466
6731 2781.5496571009603 14950.040352929123
6732 2694.499680213603 16631.301316233683
6733 2214.506325795032 15623.419389949471
6734 4281.672821289266 16028.109211046063
6735 3606.9977068222706 15167.653656144823
6736 2142.896238989547 15382.289521581013
6737 2329.7015387579186 17473.022839060755
6738 3396.713264380375 16689.937866621916
6739 1312.9798241705967 15267.933626382339
6740 1844.414589713687 17059.00085871229
6741 3412.1964309943837 15647.804950726408
6742 1713.344346897406 16853.26042600662
6743 1892.9111236532963 17339.008653581008
6744 3377.0151832825222 15180.27569624491
6745 3459.51228096395 16800.560320630902
6746 2005.504844705417 17072.671181719652
6747 1524.1679580915593 16862.713944457137
6748 3674.8423496137625 15286.831415783754
6749 3079.2922633953617 15400.721534662927
6750 3062.6586202674785 16856.21869810435
6751 788.8766292970084 17202.5446224933
6752 4233.511345935337 15912.21795543063
6753 4484.116989252479 15952.781347134394
6754 4108.015103494757 15474.419007124307
6755 1502.319989381776 15835.467731568011
6757 2958.917504892368 16171.73
