4957 3447.2393540585344 16044.844800428433
4983 2830.66115249996 16337.79397911285
5005 3305.6752729463233 15799.532262535216
5022 3139.418639345791 15856.188566220573
5032 3275.6347068897917 15749.000988139558
5099 3279.7643056924994 15507.753180614638
5137 2824.2638573373542 16313.359656705781
5229 2979.1114845189663 15598.82342903548
5231 3228.1454121659 15670.439900371688
5258 3393.710586888958 15408.082326355321
5303 3168.969338824106 15407.650966871493
5333 2758.0258881968457 15399.062555429897
5339 2845.061625068665 15593.397195139403
5342 2780.5192128220747 15399.609365547678
5396 2818.007731655018 15400.520707100786
5400 2773.0215314893208 15399.427097782422
5410 2788.016971124302 15399.791635184056
5417 2735.453505337371 15398.513823415591
5430 3161.4978411681936 15406.980489918915
5433 2743.0078278373885 15398.697468121069
5436 2750.5251203579514 15398.880212632032
5437 2765.5238468978464 15399.244829937945
5450 2803.0123552109862 15400.156171235316
5555 2711.7623067243453 15397.937893119833
5597 2683.0910579996407 15397.20451471342
5600 3023.2108521114715 15399.460631390835
5625 2690.5893619452922 15397.403452088682
5630 2668.0910572689595 15396.806549947532
5660 3154.0261910811582 15406.309999287476
5662 2727.900211101465 15398.330203707097
5664 2720.012511679457 15398.138454647238
5709 2645.3058981241134 15396.202037275327
5757 2810.5100420939652 15400.3384391355
5766 2339.9189657146667 16238.986902589595
5769 2795.5146568627856 15399.973903056416
5773 2675.592470586313 15397.005569817482
5780 2652.983150428885 15396.405722326479
5787 2637.291094003745 15395.989396642657
5809 2608.2820472860385 15395.21975811444
5819 2575.070336369804 15394.338618773394
5828 2619.5179121293036 15395.517856654711
5831 2628.864645715448 15395.765834685528
5836 2660.5793819994415 15396.607257817903
5861 2564.789179948502 15394.065849586132
5876 2474.628118550708 15388.952400729017
5889 2595.521360002572 15394.881204535775
5897 2540.3211509258817 15393.416688721638
5916 2835.0498238259725 15344.96750385953
5947 2584.802245158472 15394.596815881
5968 2553.7785492697913 15393.773726729672
5987 3139.933622674674 16618.420932637924
5989 3132.020569559284 16605.67773867267
6013 2817.1587777325744 15394.096188580164
6015 2719.620644397599 15415.305766643522
6086 2753.8127484696274 15415.72256382423
6087 2459.6155833598805 15388.780060935884
6112 2452.0686842553846 15388.693424600719
6129 2830.26235946718 15405.935203977386
6131 2318.0363041296637 15386.872030548975
6132 3525.5185202812822 17446.50628274013
6161 2482.1290001000775 15389.03850879525
6164 2467.124690548362 15388.866263430202
6175 2341.550861821912 15387.23675499222
6188 1429.7670827924128 16468.277819210754
6204 2352.4381003877306 15387.405622383918
6205 2426.0717323210365 15388.394986711215
6207 3640.2912530982053 15228.237319153239
6215 1850.160690406351 16036.2104259257
6216 2377.0318453511923 15387.787085648357
6219 4463.638294564796 16953.48078394878
6223 2605.3958257702743 17404.823646132787
6228 2789.4780126464902 15416.15731862981
6230 3644.979556271502 15236.626330275161
6239 953.4032189335477 15719.705159476758
6241 2777.134998307878 15412.806371339344
6242 1007.3246864311111 16192.940792871073
6265 2172.320069859615 15385.974846926923
6267 2435.806624558859 15388.506740608416
6269 2188.6583753502437 15385.703434638992
6270 3984.053868390165 16981.388916886543
6272 3013.3251956026056 15035.218197149075
6281 2364.1225204065977 15387.586854522826
6283 1168.5887204454589 17248.65744498068
6285 2357.011442702963 16367.685009489769
6288 1013.2203998308377 15399.545559516026
6290 2405.6964305424344 15388.161083826131
6295 2146.829458834501 15385.571325730409
6296 3786.6986521647536 15226.645743308605
6297 2444.165100975666 15388.602693628893
6302 2845.8317209189568 15420.200446494107
6311 1849.5235223945301 16355.559888326774
6316 784.6524852168491 16607.783252246583
6317 1832.6764172663636 16317.435632886712
6318 4206.0142571905535 17114.555683945207
6319 3147.8466753495472 16631.164125893767
6325 3649.8058766653353 15245.26230238815
6327 2137.9732051383776 15385.388103513817
6329 2875.5964550088233 15416.8227444861
6330 1866.0632120520736 16355.337253286421
6345 2193.6132095312278 15437.667303391872
6350 2331.520736826528 15387.081181929674
6354 2883.5027723702165 15420.268469760782
6356 3150.586713345071 16629.50418844741
6357 2843.114472636106 15417.099752133077
6359 2305.7065108731044 15386.680788296422
6370 2387.01288831018 16368.059993838244
6371 4620.319487509765 15400.908743907921
6377 2894.1107898255536 16932.75981091935
6383 2417.297945209688 15388.294266037688
6387 2349.5110197379845 16367.59126263318
6389 3263.4849941838097 15131.637481691925
6390 2917.083650273324 15418.788348975615
6392 2915.909020718004 15421.922873776572
6394 3142.6718252786936 16616.758242309876
6395 2822.878285372117 15416.958374655047
6396 3099.8565643896513 16547.809571832222
6398 2865.000847259101 15399.285861929076
6399 2890.7146204476862 15417.291138537272
6401 2847.0432976577054 16827.043818523594
6403 3660.6805127780044 15294.459819605552
6406 2867.3028740791915 15419.760552157599
6408 2157.357737031969 15385.789139552644
6409 3135.9770727790005 16612.04929807178
6411 2860.2301843746172 15416.520959948684
6414 2088.689625918731 15384.69589565229
6417 1328.533428650665 16607.00783014077
6421 1851.3951847229546 16865.496121421183
6422 3124.107549405822 16592.93459778936
6427 3143.8901719202227 16624.792566157106
6428 2424.5147277088313 16368.528724678674
6430 2900.4888152354447 15421.007450868108
6431 2066.1644543715283 15384.7115002048
6433 2081.181243752933 15384.70109716401
6449 2379.512511808553 16367.966247562394
6460 3595.749479414246 15147.880494305924
6461 2961.2015687251564 15424.06183389482
6462 3820.1385691779883 15794.832451235628
6467 2394.5133003905376 16368.153740558788
6468 2402.0136567857176 16368.24748658333
6469 2150.4547619935297 15382.44614081094
6470 2634.2388324375806 16075.46797149386
6472 2096.1980099166117 15384.690694139303
6475 2872.5006941512506 15399.329788282637
6476 2372.012173537512 16367.872501764385
6479 1823.1349478463167 15719.888460944641
6482 2904.6207020513957 15418.046363190862
6484 3138.7143579876924 16610.385231787284
6486 2392.384400064903 15388.00826536146
6491 2832.4824753164635 15426.879889931119
6492 1168.6466326645734 14972.760583365573
6493 3307.6034329265544 14384.405513322665
6494 3610.1532694618168 15174.30876924913
6500 2073.6728632021686 15384.70629867461
6501 2927.763585259794 15419.424182471905
6502 2200.8637047337456 17184.13630327168
6505 1919.567162740296 15982.045950865067
6506 2364.511832952398 16367.77875593745
6507 2122.9606872978593 15385.077517696183
6509 1755.6255068443493 16301.350524421492
6510 3120.1510149222686 16586.56298804292
6512 2628.601333398774 17391.95406457633
6513 2832.126356993419 15434.372399065325
6514 2616.087913528999 17013.277717976194
6515 2831.7702396951227 15441.864886639474
6516 2826.0924088345023 15426.569949207642
6518 2130.466983444481 15385.232811375156
6520 2135.401665608532 15382.134227443394
6521 2432.0150773654154 16368.62247061899
6522 2953.5475773985413 15420.734848114074
6523 1409.6474704148154 16256.971468685679
6524 2822.892475680082 15426.419882280808
6526 3128.064066221335 16599.306179083163
6527 2375.9941256797338 16780.498842535315
6529 3919.24830203342 15362.903333645103
6530 1511.479363187829 16835.881846072163
6531 2283.567107136787 17137.100550769246
6532 2823.7391624121424 15615.795330553447
6534 2926.7092934291186 15422.564033654018
6536 3305.2345220135303 16552.26817792977
6537 3146.629275289651 16623.131225005098
6538 2171.330127907043 16682.173080471908
6540 2338.5165335418365 16038.659028768445
6542 2251.159914903087 17155.531433041473
6543 2822.4101948957687 15648.696256093936
6544 2961.9718594551564 15923.507758186955
6546 2880.0005846267863 15399.373714891464
6548 3130.7994925166045 16597.639322036663
6549 3015.4644165942564 17477.447483629647
6550 1631.9497399664647 16975.07742516401
6551 2937.0766985571972 15419.978139856505
6552 2487.1154024740804 15408.384290715067
6553 2815.1877358208008 15589.692877131394
6554 4162.099352461352 17035.246558558032
6558 2417.014370952035 16368.434978649611
6560 1794.9919092673017 16883.073668204524
6561 4306.466293537192 16005.826667102694
6563 4167.118309011179 15595.387814140797
6565 2159.756109108824 15382.63887288594
6566 3091.3972019093226 15574.238205512245
6571 1000.9567153225711 16150.469777140852
6572 3151.582041820895 16217.597398196485
6576 2852.8354885830195 15372.842839198602
6577 3346.422381719368 15407.721588306702
6582 2895.000349471517 15399.461568014784
6585 2849.2366163237884 15387.759301911792
6586 2989.3375868347716 16400.192984454345
6587 2887.500448805443 15399.417641346272
6590 1853.0414321136823 15385.825402444485
6592 2936.414381453421 15423.14036078842
6593 4132.164747172833 16096.931438810547
6594 2813.5529734479856 16371.093583933047
6595 2898.073554892676 16795.417106854722
6596 2051.1476259901133 15384.721903272608
6597 2945.5761705636337 15423.685080341535
6598 2484.396536902127 16824.087865657657
6599 2779.239615332703 16361.002864862847
6600 2688.967821340181 16358.724208373542
6601 2852.4366151350396 15387.839346605357
6602 2983.7925013142367 15421.23337869572
6603 2853.0349254597313 15365.344579753326
6604 1360.3799941434258 15411.95429191295
6605 3161.029388446026 16660.30859495687
6606 2891.8864645963486 16358.428539476721
6607 3134.756920233221 16604.012268829614
6608 3596.4786376624593 15981.795741477563
6609 3997.0160597793547 16881.52285817694
6610 3171.459751666818 15583.243310157706
6611 2853.2343600883396 15357.846404830338
6612 4365.745564699349 16787.810623417634
6613 3204.825385587002 16199.31192688936
6614 2849.436052383714 15380.261073175341
6615 2976.2925765256377 15421.109756567339
6616 2837.0616156572805 16368.217103674602
6618 2968.779519142812 15420.985917972888
6619 2058.6560021378964 15384.716701765059
6620 2852.636051576747 15380.341103514997
6622 2564.5005621197743 16949.326615097227
6623 3932.7598602081075 16224.148794247652
6624 2409.5140188031774 16368.341232678144
6625 4454.7306673138355 15431.037298763636
6626 3152.9648884897997 15578.873822078727
6629 2043.639212461496 15384.727104806054
6630 2290.618306786835 15386.446761490264
6631 3183.187996343086 16640.063211059856
6632 2946.505813844516 15406.085500561938
6633 3407.581402210904 17449.400043655965
6635 1852.2810359728032 15381.996818355192
6636 3091.6151506367755 15548.888513867476
6638 2809.7960149315554 16150.73550722863
6639 3511.329128536852 16238.6799644404
6640 2849.83492469803 15365.26460839113
6641 717.2529063669754 17113.08301830353
6642 4027.410703425298 15546.88553285736
6644 1833.5943199135766 15386.206843348458
6645 2849.6354886449235 15372.762836871194
6646 1875.2078492272385 15378.944001977388
6647 2160.1125566629976 16354.40795882568
6648 1785.274876065924 16370.263021678387
6649 1311.281926088719 16512.906955005514
6650 2001.9734237758528 16349.975740478076
6651 3055.3979893199594 15418.720264505453
6652 3459.221596217568 16071.107147987603
6654 2902.5002881606742 15399.505494905996
6655 1876.0656754674178 15385.107069439435
6656 3823.806715683095 15198.859323221184
6657 3534.781683591283 16198.731029506805
6659 3171.145762311451 15406.43
6660 2011.3411989757724 15582.19014484029
6664 2953.6265711103615 15423.936974332357
6665 2855.636615179544 15387.92934493212
6666 2397.2604026453027 16822.167957630518
6667 2341.399990912372 16523.438335754126
6668 2945.416315645007 15420.47296518299
6669 3151.967580443856 16652.68837305845
6670 3448.8814947458673 16491.72580350434
6671 3837.142638862989 15214.557706953972
6672 1506.1763385648576 16285.547169218298
6673 1808.878352691829 16876.01334286751
6675 2546.8381792722857 15390.387204102082
6676 2319.888973213665 16357.327970917326
6677 3337.7420722719994 16588.12024704984
6678 3150.1731220145484 16665.014149631566
6679 2961.2168750662436 15420.861262035225
6680 1992.2068269494903 15384.762735138935
6681 3350.3485539049652 15428.03055808433
6682 2917.5013779284673 15399.593355789346
6683 2825.1063731366567 16651.46641046562
6684 1208.5793949360423 15679.183431997808
6685 2334.179197100285 16365.356003624644
6686 1494.2644012751791 15774.35675623454
6687 3057.4295836144734 16847.80309182492
6689 3155.233639358529 16667.614592267317
6690 2027.0600280402168 15384.73859021265
6691 3170.098133892151 16647.390664341987
6692 1073.8658155007352 15681.328097428439
6693 3176.643024548631 16643.726960410662
6694 2439.5154396920575 16368.716216717668
6695 2966.5866137131106 15608.240512891596
6696 3037.656517079703 16470.931100036458
6697 3595.4601212347425 15990.702219815985
6700 3657.980074765817 15253.326512480373
6701 2959.2596546661957 17506.273266725242
6703 3331.686989161345 16951.573138996708
6704 1107.8478055312423 16327.41029135104
6705 2825.504985690839 16595.538341838685
6707 1382.0935895834155 16175.450407031161
6708 1837.6854456625385 15947.35765242615
6709 2865.552887613038 16367.40502415114
6710 3480.9352198570905 16879.73586371372
6711 3972.8383938550505 15143.3482702393
6712 2193.9096635594165 15422.71726775938
6713 2850.100583676435 15355.276586231486
6714 3525.887367452176 16449.794886164767
6715 3571.3533214522554 16261.32948196693
6716 1489.9446463072964 15836.711078909942
6717 3636.487262623428 16373.139825139291
6719 3157.855845647403 16665.769495927885
6721 3314.563649550752 17360.656430071387
6722 2215.4599379966357 15403.962011947679
6723 2344.4961829381227 16312.606968253203
6724 1860.8830774269522 15805.809457618798
6725 2910.0001627963134 15399.54942142205
6726 3578.5405603415884 16424.632873091105
6727 2323.963318161741 16475.233910281917
6729 2962.6409994427663 15877.518840766897
6730 3684.9418660282386 16451.037908670318
6731 2850.925789605575 15324.251189852957
6732 2963.125180772586 16746.29595337927
6733 2193.7572719787845 15430.190316424982
6734 3740.8165067818645 16332.628149367742
6735 3628.08609018574 15199.834877625124
6736 2142.896238989547 15382.289521581013
6737 2180.3540222584147 17216.092972458646
6738 3215.329589463329 16622.07096531361
6739 1045.367568796569 15405.907295692012
6740 1845.2241815654938 17379.82816710685
6741 3592.3393227626398 15912.522156339555
6742 1745.2456398981274 16907.318857274135
6743 2375.1100739428553 17078.79500471071
6744 3300.037898107016 15188.592275632886
6745 3265.229088195971 16797.56157152038
6746 1855.7249393824416 17341.83114953815
6747 1412.7368985921405 16300.547409496367
6748 3714.2460367824583 15285.016544009062
6749 3469.280647171831 15393.968132784068
6750 3056.801949017631 16840.72541210418
6751 825.0323564707553 16988.07793805156
6752 4416.023630675582 16175.944861846701
6753 4515.253726062277 16016.641562428602
6754 3986.496191731642 15260.87517654528
6755 1669.9584266816983 15838.247700402333
6756 1802.0449203729693 16879.487684991313
6757 3010.4512971794275 16294.69064781186
6758 3150.747394784911 17546.80545639688
6759 3461.9616295224564 16894.875444630034
6760 1227.66551393358 15406.465781938847
6761 854.7760890340038 15730.371325242577
6762 3243.9986265543043 15101.949388103174
6763 2127.8953672144685 15381.978690353217
6764 4248.441690122526 15520.919191209163
6765 1094.393512831326 16989.42683719905
6766 1276.202635097251 15481.266719488149
6767 1426.6488210048922 16282.332866913135
6768 1793.2059525620234 17390.83822761443
6769 3249.3418956209657 16803.88433812082
6770 3246.4650636184497 16796.212069793
6771 3632.198336214103 17104.850983016546
6772 3477.093744543422 16045.605837300614
6773 892.1514472965305 16859.034271495384
6774 1855.9425490982842 17413.74006455744
6777 2511.9993134034166 15365.863441292418
6778 2897.950853044564 16351.83219062798
6779 4314.03421002418 16768.63482235974
6780 1278.4253853086484 15282.063483996006
6781 3390.576200065128 15599.114745152241
6782 1277.4818042754596 16110.480692406783
6783 3521.5768760936944 14711.560766089699
6784 2924.3357471965587 16561.022039432646
6785 3421.6732030261437 16919.071925924218
6786 3001.1691857816036 16722.368445114433
6787 2725.0289060459836 15810.877384935982
6788 2632.8380109743493 16159.68519402457
6789 3979.1300055258794 16603.987852274822
6790 2357.0553037383174 15856.556524532709
