4957 3167.442496088845 15572.908478188274
4983 2834.6869664102755 15693.161099048437
5005 3017.037028488606 15599.410594388986
5022 3038.17501647087 15602.008898071126
5032 2975.153667067153 15598.849099166144
5099 2846.811241610913 15568.346344407251
5137 2834.2528276270264 15618.873461752604
5229 2845.9059449783113 15401.461687021518
5231 2926.6776308493804 15599.298663075559
5258 2977.9573123431705 15399.122494865167
5303 2943.8070220760915 15399.248615787295
5333 2732.1599628092695 15398.433757777999
5339 2824.2847366246547 15400.636060602148
5342 2768.811090579333 15399.324742451305
5396 2796.433484239937 15399.99623964359
5400 2759.228477751997 15399.091790242768
5410 2776.805750291795 15399.519091703443
5417 2690.0098228949787 15397.388076347932
5430 2918.233224072107 15399.598599908144
5433 2702.5750840889705 15397.71030904227
5436 2716.756188637575 15398.059293811046
5437 2745.125856281313 15398.748957147354
5450 2784.547350924096 15399.707289118636
5555 2648.9782425809726 15396.299468184048
5591 2974.7376776523447 15139.129922322116
5597 2623.020721502196 15395.610789630986
5600 2807.6414991049674 15400.268705187504
5625 2635.3910667463665 15395.938987051602
5630 2596.207856053945 15394.899417950914
5660 2890.118162442293 15399.435671166873
5662 2676.290104052846 15397.024078719192
5664 2661.709351868915 15396.637237029414
5709 2559.451798278529 15393.924243603245
5721 2666.7535401725586 15390.366554036924
5724 2773.9563453265937 14938.305804287715
5757 2794.1170099410974 15396.738087047179
5766 2433.030546332875 15705.525016008123
5769 2786.6135712183727 15396.555711800447
5773 2609.6533793814906 15395.256140903088
5780 2572.1588850472235 15394.261375107559
5787 2547.4134132061745 15393.604853412338
5809 2511.6902944384137 15391.684106012304
5819 2474.3074809219734 15388.94871989684
5828 2521.529965591722 15392.591615456926
5831 2534.70178397977 15393.267601392157
5836 2584.5590384895927 15394.590363368976
5861 2459.744141497522 15388.781536748102
5876 2375.597442425644 15387.764837226114
5889 2502.9932233382597 15390.881978172769
5897 2421.03210515087 15388.337133171293
5916 2863.9210760547808 15416.46101554026
5922 1088.9767055973502 15495.27673810954
5947 2494.312174460407 15390.081328057218
5968 2442.2424431292407 15388.580622043295
5987 3139.932892703836 16618.419757091666
5989 3131.9851784594994 16605.620744786414
6013 2485.2827909293705 15388.931334445784
6014 3182.923200722604 15408.076165228787
6015 2863.819835551355 15419.651347979334
6086 2871.311762468656 15419.88624337773
6087 2340.1189170382017 15387.214544697184
6112 2325.829208709158 15386.992903023858
6126 3089.0629191116727 15103.067689860552
6129 2878.9238179282424 15416.925833515246
6131 2227.11259031691 15385.461750954002
6132 3337.120462203756 17329.803530052402
6161 2397.291152554589 15388.064593536434
6164 2356.5695230136516 15387.469703147706
6175 2242.1132249621023 15385.694419507283
6188 1775.9400750524442 16374.113439087785
6204 2249.6135320191834 15385.810753624699
6205 2294.904247970474 15386.513238926602
6207 3663.13466170738 15269.11215207285
6213 1054.0626701575409 16192.685685174787
6215 1849.1087606125418 16349.498677281434
6216 2264.614212132575 15386.043422883218
6218 911.4620616952021 15904.713340283202
6219 4173.61435082523 17055.15126599828
6223 2708.191746986565 17173.8186487658
6228 2878.803601921607 15420.121136033846
6230 3668.204928067688 15278.18462868443
6239 1523.5787773151262 15529.378200842919
6241 2871.4224623261207 15416.693425002853
6242 1051.7850017607689 16362.13360797216
6265 2160.4920300367144 15385.853983236157
6267 2303.4495376018144 15386.6457813305
6269 2167.9982871509233 15386.009276107608
6270 3968.1328605200843 16858.933726434007
6272 3186.257257547457 15269.319207586705
6281 2257.1138766636063 15385.927088325117
6283 1788.7008373927833 16907.187142976036
6285 2357.011442702963 16367.685009489769
6288 1245.8449731717023 15297.027017833983
6290 2279.6213553665557 15386.276192388492
6295 2145.479485376792 15385.543396863672
6296 3196.2080451396546 15406.577073507238
6297 2313.574408408809 15386.802823955599
6302 2893.7864567732026 15420.6095643105
6311 1910.8547108525959 16356.401228199575
6316 848.7536515832517 16637.483558712163
6317 1896.8554218553536 16356.068689823009
6318 3997.5621986924953 16881.926454833752
6319 3147.8466753495472 16631.164125893767
6325 3663.7690922139955 15285.52796644332
6327 2137.9732051383776 15385.388103513817
6329 2901.4174840174455 15417.855658535405
6330 1929.0880920288814 16356.834342979679
6331 3731.285799919275 15254.627486212023
6335 3689.051013179454 15731.143444243316
6345 2282.048315725752 15730.376292587403
6350 2234.6129239720117 15385.578085483969
6354 2908.7511932133843 15421.497948228078
6356 3150.586713345071 16629.50418844741
6357 2886.425186651814 15417.15824243417
6359 2193.9096637115263 15422.717260300147
6370 2387.01288831018 16368.059993838244
6371 4661.0682977794795 15648.311404188948
6374 3511.1740712263813 16508.154982150187
6377 3034.970626436615 16722.541297461565
6383 2287.159523491494 15386.393113753054
6387 2349.5110197379845 16367.59126263318
6389 3253.155921267055 15336.740779751142
6390 2923.892727011408 15419.193729633304
6392 2923.7158968370572 15422.3863301975
6394 3142.6718252786936 16616.758242309876
6395 2886.295445435657 15420.35602881729
6396 2830.6625946647177 16324.672443062329
6398 2865.000847259101 15399.285861929076
6399 2908.909172126613 15418.30167868905
6401 3170.098136205392 16647.390663047077
6403 3144.458316748439 15406.594651144176
6406 2901.2688429521754 15421.053757335421
6407 4329.760624831091 15804.20633868578
6408 2152.985762353681 15385.698690146051
6409 3135.9717066624225 16612.04065646867
6411 2893.925711147861 15417.409633335523
6414 2088.689625918731 15384.69589565229
6417 1737.6564284934218 16389.904672237077
6418 999.1969577002995 16139.54524947792
6421 2286.6861027108653 16616.62378948395
6422 3123.6649186156037 16592.221784424848
6427 3143.8901719202227 16624.792566157106
6428 2424.7249477435444 16368.53135219282
6430 2916.233535104979 15421.942138623872
6431 2066.1644543715283 15384.7115002048
6433 2081.181243752933 15384.70109716401
6435 1448.3693580421007 16599.915801033865
6446 2703.031710093715 17154.022508595895
6449 2379.512511808553 16367.966247562394
6452 1831.1412223626642 16822.109282304828
6460 3626.7136812755953 15203.94230306355
6461 3279.910141651339 15427.32679132947
6462 3573.4937721583387 15994.083881668197
6467 2394.513461865266 16368.15374257704
6468 2402.0151129947185 16368.247504784305
6469 2150.4547619935297 15382.44614081094
6470 2458.4825753975842 16357.848351801917
6472 2096.1980099166117 15384.690694139303
6474 3037.5532478867613 16445.94242014465
6475 2872.5006941512506 15399.329788282637
6476 2372.012173537512 16367.872501764385
6479 1834.8392306753988 16194.694328448728
6482 2916.400951899137 15418.7477042999
6483 1516.1113679288883 15520.568905602266
6484 3138.7143579876924 16610.385231787284
6486 2272.1152911917425 15386.159768974836
6489 2187.5187476012475 15422.59437262253
6490 3420.0412285888374 15377.217608933588
6491 2832.4824753164635 15426.879889931119
6492 1416.5514543206677 15575.618261072428
6493 3054.9095412839174 14369.62616894351
6494 3638.289536436257 15224.655549220852
6498 3306.8619862483906 15302.589224581687
6500 2073.6728632021686 15384.70629867461
6501 2931.384475501469 15419.639753381744
6502 2593.7241225225075 16965.8122801593
6505 2038.5080822298842 15738.473091261136
6506 2364.511832952398 16367.77875593745
6507 2122.9606872978593 15385.077517696183
6509 1866.481509053366 16355.347189491451
6510 3119.2980343006607 16585.189346623956
6512 2682.912311291343 17134.648548915426
6513 2832.126356993419 15434.372399065325
6514 2983.035974460771 16752.479677558153
6515 2831.770234683332 15441.864992084444
6516 2826.0924088345023 15426.569949207642
6518 2130.466983444481 15385.232811375156
6520 2077.5100489226784 15381.503660533224
6521 2432.641393390985 16368.630298865331
6522 2953.792798286709 15420.738890118357
6523 1612.7589920117582 16442.276890361205
6524 2822.892475680082 15426.419882280808
6526 3127.9150235363686 16599.066160494138
6527 2336.518572237317 16417.163741356384
6529 3940.018337000321 15729.070865598133
6530 1822.7316484605894 16881.706974488407
6531 2623.228013189278 16949.350477053464
6532 2809.770002395811 16162.75294722163
6534 2931.198327320764 15422.830525852578
6536 2734.893778052822 16865.26084367551
6537 3146.629275289651 16623.131225005098
6538 2446.3798102065657 16730.692779706824
6540 2421.465628966076 16743.353852769073
6542 2600.274437978712 16962.157507826425
6543 2809.6884539425196 16200.427230636174
6544 3121.0 16230.67755816377
6546 2880.0005846267863 15399.373714891464
6548 3130.7988356550864 16597.63826424261
6549 2712.5162240306117 17162.809220329116
6550 1437.1893807839526 16468.308021237823
6551 2938.8536842320477 15420.083576054289
6552 3242.5211027878768 15426.45873113204
6553 2806.4116259356774 16235.959248397052
6554 3920.876292010311 16803.121237166375
6557 1865.5735353631396 15186.758702773517
6558 2417.1307966561644 16368.43643384005
6560 1585.9754193780425 16953.58197303576
6561 3708.2090746056997 16337.551112909443
6563 3720.7908001425003 15855.209501206496
6565 2157.949326261533 15382.601434759728
6566 3203.056875543847 15635.287713974574
6567 3712.325271120021 16494.728010896142
6568 4366.913275461093 15404.740637297804
6571 850.6620957556403 15770.867066294428
6572 2796.010297524968 16357.631120251293
6575 1363.6901621915392 15423.994554568706
6576 2852.8354885830195 15372.842839198602
6577 2694.5307701347133 15400.147263070328
6578 4148.330582415082 15273.662415678531
6579 880.3965453526439 16855.297537414386
6580 3394.3335118443288 15404.886849483037
6582 2895.000349471517 15399.461568014784
6585 2849.2366163237884 15387.759301911792
6586 3176.643040066867 16643.72695172385
6587 2887.500448805443 15399.417641346272
6589 4281.592587424612 17242.390512323647
6590 1608.3573381518368 15431.30355820879
6592 2938.706832767442 15423.276659827865
6593 3554.2103988482395 16414.73099784943
6594 2643.141093071556 16915.807245428383
6595 3183.1880189627655 16640.063198397795
6596 2051.1476259901133 15384.721903272608
6597 2946.625834792064 15423.7474887448
6598 2338.0793277430466 16314.018486302237
6599 2305.5635689960486 16357.06616536156
6600 2112.785861723355 16353.543034424041
6601 2852.4366151350396 15387.839346605357
6602 3072.653653283562 15422.698087348996
6603 2853.0349254597313 15365.344579753326
6604 1674.1797938466295 15395.966222990352
6605 3161.0185916202367 16660.309517298774
6606 2383.279025290868 16360.143896630563
6607 3134.756920233221 16604.012268829614
6608 3572.0939951759956 16262.604986838272
6609 3791.008384933641 16614.827098638398
6610 3448.8720000819876 16053.485750275635
6611 2853.2343600883396 15357.846404830338
6612 3789.3050677331926 17115.629498203252
6613 3616.3504290924902 15979.208324474397
6614 2849.436052383714 15380.261073175341
6615 2981.4862219352344 15421.195364025773
6616 3133.570104120612 16628.71890262103
6618 2969.253998828191 15420.993738876461
6619 2058.6560021378964 15384.716701765059
6620 2852.636051576747 15380.341103514997
6621 783.4228271645428 17224.182109813046
6622 2357.6789804972937 16623.46320514809
6623 4243.440104990192 15923.900009414436
6624 2409.526171821855 16368.341384577217
6625 4074.2908173910578 15617.5526816595
6626 3428.293753461885 16020.595070961203
6627 3176.9887461689314 17327.968618197712
6628 1459.2138862778759 17660.62673589796
6629 2027.4131320598221 15384.738345596079
6630 2193.7572739583525 15430.19021935002
6631 3615.5226462395476 16400.745511503366
6632 2249.6138321517033 15393.406048228231
6633 3073.717104861644 17454.67879189262
6634 3416.2565092547097 15633.382289047484
6635 1385.4690754578717 15649.832601285612
6636 3179.9929313021535 15597.298521274757
6638 3009.509414329936 16426.223505327653
6639 3650.1236475171436 16395.485594377336
6640 2849.83492469803 15365.26460839113
6641 992.0698514735428 16797.414418371136
6642 3732.576744447785 15255.751687574957
6644 1321.0065108975746 15678.140621869414
6645 2849.6354886449235 15372.762836871194
6646 1691.6332947498868 15381.249104472628
6647 1631.0481134804293 16288.557172753826
6648 1882.6455516460674 16355.731149311378
6649 1456.9370814346019 16533.35878787018
6650 1718.5052302322167 16386.768141514513
6651 3773.084031814464 15252.900824680888
6652 3627.8931626020258 16358.696028801303
6653 2872.6070034719355 15599.469648977096
6654 2902.5002881606742 15399.505494905996
6655 1794.2686327549725 15385.489015844847
6656 3655.7920419400907 14927.710594282164
6657 3654.107386946652 16401.841633092496
6659 2635.0158317320706 15395.543376172702
6660 1875.0006366764712 15476.991394420827
6661 3348.488448491102 16078.228282970405
6662 4023.9799911802306 15520.965686090974
6664 2990.595856990909 15424.54634335059
6665 2855.636615179544 15387.92934493212
6666 2334.786727332675 16538.26616432247
6667 2353.207675208219 15962.72831717106
6668 2946.30615264347 15420.525763036732
6669 2598.8948457854567 16947.487492372264
6670 3658.0913721242327 16408.198063897624
6671 3727.9072656398007 15043.855137028502
6672 1483.3623630114373 15908.373138758358
6673 1489.0457527483213 17045.930641992778
6675 2511.7213750473275 15379.98312097718
6676 1870.3237289440547 16344.728630441648
6677 3259.1932537879165 16797.300092333524
6678 3411.7384926155783 17048.659452237756
6679 2961.292727039282 15420.862512312076
6680 1847.4237463575903 15627.652287596837
6681 3974.2577937689184 15142.559114367226
6682 3120.830824654573 15403.331114846034
6683 2542.9056374263364 16970.713260499568
6684 866.9314625246392 15816.856379294653
6685 2298.9995242572504 16594.53744682166
6686 1486.3121746430877 15895.502289547958
6687 3262.206757163065 16849.330618656582
6688 2385.7595091408107 15782.947510511458
6689 3378.722993583153 17013.19291015269
6690 1849.2943781569272 15436.80491294484
6691 3189.7336771703795 16636.399064806104
6692 1014.7117625271263 15697.21032665228
6693 3497.735507360963 16465.199882408542
6694 2440.683572035662 16368.730817058984
6695 2962.556164282906 15883.349425148912
6696 3164.6561869033126 16220.607929753995
6697 3483.086574843484 15734.774804435938
6700 3633.00405570734 15208.635694946151
6701 3358.390137501386 17372.83790461102
6703 3355.211712103915 17251.875067921213
6704 967.5272029378251 16023.649985940418
6705 2504.335612521464 16998.249823078797
6707 1063.2521423776498 16352.120796336229
6708 1807.8863703595018 16427.7137600032
6709 3169.724596521448 16691.153255921286
6710 3229.249887596765 17030.127825222102
6711 4176.22821949242 15319.520938410455
6712 2193.613279932929 15437.663339776118
6713 2960.46730820791 15063.251720832428
6714 3987.45711599706 16214.695226167596
6715 3765.5265580997034 16579.88649982387
6716 1281.1441319974526 16070.8573765971
6717 3961.822893152405 16857.39293952369
6719 3157.855845647403 16665.769495927885
6721 3217.3688325662656 17518.968240687995
6722 2215.4599379966357 15403.962011947679
6723 2397.867769497644 15774.163256844127
6724 1871.8660021662147 15229.62376663846
6725 2935.829045391115 15396.510100485146
6726 3794.8339187640345 16518.561247831796
6727 2379.1052529075173 16796.202590845365
6729 2966.3851651601713 15840.497482102806
6730 3817.204070766097 16656.969188923675
6731 2750.390695418623 14901.887931121353
6732 2648.171750188598 16642.371680902823
6733 2240.9857354043356 15669.085643260896
6734 4287.980298785934 16010.820751509633
6735 3608.1977162872236 15170.8088648346
6736 2142.896238989547 15382.289521581013
6737 2332.818265127526 17483.503488073005
6738 3405.706014411385 16705.46443762766
6739 1307.9974530475088 15267.738413610472
6740 1843.9855464130974 17010.726161090886
6741 3410.5984406546254 15648.60734605764
6742 1721.4269303503083 16835.54844696866
6743 1867.7948519556674 17352.569656290605
6744 3366.0485248983887 15160.71663104468
6745 3473.302171100694 16825.01234365195
6746 2027.728021515285 17059.955487283834
6747 1535.1544319728964 16885.946631001596
6748 3657.487039522225 15296.180054685838
6749 3060.297018988201 15400.22768009604
6750 3073.1734223409076 16873.141209883877
6752 4228.996133889542 15904.120144406434
6753 4480.499293810928 15946.138831330763
6754 4111.083540959253 15479.799699702886
