4957 3241.674679615164 15692.726339347582
4983 2829.934151303248 15934.295000890543
5005 3147.9211627234267 15577.579032911643
5022 3055.7306184048966 15687.54965819755
5032 3124.5737447263455 15587.45795478581
5099 2909.7918032200123 15599.352060615043
5137 2825.3839201195774 15868.603468563899
5229 2851.3259792881017 15503.704740424257
5231 3091.649042217907 15594.216693901859
5258 3147.7919344539973 15405.750549819983
5303 3123.1297015630003 15403.537411368485
5333 2748.7277209910635 15398.836518061493
5339 2848.3299922204196 15407.851554156085
5342 2774.02913413498 15399.451592486095
5396 2818.007731655018 15400.520707100786
5400 2765.569859942653 15399.245948509737
5410 2784.4158281528516 15399.704091815292
5417 2723.6743038825925 15398.227472391802
5430 3079.2731255270724 15400.721037100302
5433 2731.864612828581 15398.426577854158
5436 2739.9955134058505 15398.624239105948
5437 2756.755508137719 15399.03167263772
5450 2802.8994279456374 15400.15342598657
5555 2682.903410762903 15397.199536247754
5591 2947.172904958967 15077.78507070724
5597 2665.6432201689495 15396.7416064228
5600 2842.048281971047 15400.895659423892
5625 2674.482766879933 15396.976128287202
5630 2640.1253881266766 15396.064593252135
5660 3047.961634990038 15399.906974260875
5662 2714.736609539926 15398.010198076972
5664 2692.4643024840834 15397.452309787524
5709 2598.6682374986026 15394.964694289441
5724 2767.6463865961014 14928.554523180279
5757 2810.4775388474372 15400.337648985338
5766 2350.446425325862 15862.36627427426
5769 2794.4051948335923 15399.946932162919
5773 2652.826126819825 15396.40155633576
5780 2614.1566933355725 15395.375618249498
5787 2584.718020179648 15394.59458130951
5809 2546.0388203593925 15393.56838411275
5819 2501.24614308528 15390.720845569313
5828 2559.5013148241314 15393.92555732588
5831 2572.6037452191167 15394.27317768526
5836 2627.8468255787793 15395.738830916682
5861 2485.926953823602 15389.307962077342
5876 2441.225127562942 15388.568943539163
5889 2533.533704538991 15393.236611096254
5897 2460.0423711550993 15388.784960342906
5916 2863.9210760547808 15416.46101554026
5922 1183.8769677506098 15428.502510348455
5947 2521.412186690524 15392.580752749875
5968 2472.0168565529093 15388.92242415632
5987 3139.933622674674 16618.420932637924
5989 3132.020569559284 16605.67773867267
6013 2519.8628677061497 15387.025220888958
6015 2863.819835551355 15419.651347979334
6086 2871.311762468656 15419.88624337773
6087 2419.4486220023937 15388.318955218352
6112 2405.9367868074482 15388.163843050237
6126 3140.7651903925675 15187.486013494523
6129 2878.9238179282424 15416.925833515246
6131 2227.1813982277986 15385.462818204653
6132 3389.4692690621782 17419.22228126953
6161 2450.054151796642 15388.670298319728
6164 2431.756883267213 15388.460250687322
6175 2242.5766888009584 15385.701608100528
6188 1567.7499725349521 16468.253786268404
6204 2251.214262675423 15385.835581886622
6205 2350.7517990991605 15387.379466871802
6207 3655.5506725159853 15255.541747744579
6213 1157.094534306808 16137.144471906644
6215 1834.2842011300004 16226.192676905053
6216 2275.766382720378 15386.216399524406
6218 992.0988825042689 16101.059797083077
6219 4254.838164951597 17026.631403458083
6223 2783.970414432046 17299.39875670386
6228 2878.803601921607 15420.121136033846
6230 3660.6061698431076 15264.587797399738
6239 1353.9462212982926 15674.88412430715
6241 2871.4224623261207 15416.693425002853
6242 1023.6171214263544 16298.824222480253
6265 2160.4920300367144 15385.853983236157
6267 2375.1521857369767 15387.75793103634
6269 2167.9982871509233 15386.009276107608
6270 4096.724734673535 16943.37028000479
6272 3125.096104751747 15167.660222537044
6281 2262.88755841256 15386.016641481461
6283 1583.6679550491795 17015.080609328816
6285 2357.011442702963 16367.685009489769
6288 1156.7395369553215 15341.316999431772
6290 2309.0943326134916 15386.733335378713
6295 2145.479485376792 15385.543396863672
6296 3388.6934925880373 15408.044053454048
6297 2391.4215986296417 15387.997212664626
6302 2893.7864567732026 15420.6095643105
6311 1885.0005307455767 16355.787089361387
6316 787.0730436242501 16618.368304125655
6317 1877.4903969039476 16355.608694036027
6318 4122.675590273996 16967.2965618403
6319 3147.8466753495472 16631.164125893767
6325 3665.320956526177 15273.024196766366
6327 2137.9732051383776 15385.388103513817
6329 2901.4174840174455 15417.855658535405
6330 1892.5616460761787 16355.966695698364
6335 3783.018082782225 15674.062608517588
6345 2195.5124892434806 15512.601735919547
6350 2234.7412697696896 15385.580076201813
6354 2908.7511932133843 15421.497948228078
6356 3150.586713345071 16629.50418844741
6357 2886.425186651814 15417.15824243417
6359 2193.9096637115263 15422.717260300147
6370 2387.01288831018 16368.059993838244
6371 4717.831766462291 15569.802353500909
6374 3567.5986218894836 16609.87722922441
6377 2869.702528771653 16814.61986936201
6383 2329.4521261450723 15387.049096576891
6387 2349.5110197379845 16367.59126263318
6389 3343.918063244627 15277.010476529354
6390 2923.892727011408 15419.193729633304
6392 2923.7158968370572 15422.3863301975
6394 3142.6718252786936 16616.758242309876
6395 2886.295445435657 15420.35602881729
6396 2899.231891199437 16355.088381367308
6398 2865.000847259101 15399.285861929076
6399 2908.909172126613 15418.30167868905
6401 3145.3523342731096 16662.814348124357
6403 3332.276465951594 15407.613676195602
6406 2901.2688429521754 15421.053757335421
6407 4400.836167096132 15931.578078703902
6408 2152.985762353681 15385.698690146051
6409 3135.9770727790005 16612.04929807178
6411 2893.925711147861 15417.409633335523
6414 2088.689625918731 15384.69589565229
6417 1528.952641778492 16491.006818794736
6418 1037.7237251912973 16355.221334875821
6421 2098.4158699012396 16723.463468766928
6422 3124.1074744584475 16592.934477093982
6427 3143.8901719202227 16624.792566157106
6428 2424.5147277088313 16368.528724678674
6430 2916.233535104979 15421.942138623872
6431 2066.1644543715283 15384.7115002048
6433 2081.181243752933 15384.70109716401
6446 2818.9566303082065 17332.557978582427
6449 2379.512511808553 16367.966247562394
6460 3615.290666991528 15183.503303321138
6461 3087.911681101589 15422.89457989662
6462 3599.7517634585784 15939.31775581142
6467 2394.5133003905376 16368.153740558788
6468 2402.0136567857176 16368.24748658333
6469 2150.4547619935297 15382.44614081094
6470 2639.189795648508 16357.412789598122
6472 2096.1980099166117 15384.690694139303
6475 2872.5006941512506 15399.329788282637
6476 2372.012173537512 16367.872501764385
6479 1837.6038242431437 15970.337482878273
6482 2916.400951899137 15418.7477042999
6483 1645.6881039883451 15380.472320787827
6484 3138.7143579876924 16610.385231787284
6486 2291.768246876171 15386.46459772875
6489 2141.481646716514 15411.866058164196
6491 2832.4824753164635 15426.879889931119
6492 1356.59573291518 15374.04634585393
6493 3161.2956736288274 14313.258057356368
6494 3628.5140746218854 15207.163835299752
6498 3336.4714289389944 15286.046968641052
6500 2073.6728632021686 15384.70629867461
6501 2931.384475501469 15419.639753381744
6502 2543.502678318183 16989.79788020968
6505 2035.3211145912637 15914.232063552916
6506 2364.511832952398 16367.77875593745
6507 2122.9606872978593 15385.077517696183
6509 1862.4910388049684 16355.252400070474
6510 3120.1507117664337 16586.562499840256
6512 2779.8364100217436 17284.806094920918
6513 2832.126356993419 15434.372399065325
6514 2776.131726513258 16867.311695568904
6515 2831.7702396951227 15441.864886639474
6516 2826.0924088345023 15426.569949207642
6518 2130.466983444481 15385.232811375156
6520 2135.4012300695367 15382.134218418643
6521 2432.0150773654154 16368.62247061899
6522 2953.792798286709 15420.738890118357
6523 1457.401469110986 16533.08568394076
6524 2822.892475680082 15426.419882280808
6526 3128.064066221335 16599.306179083163
6527 2347.134285388335 16606.612479333908
6529 4069.418751829191 15647.075477441485
6530 1657.8319654758914 16969.02509362761
6531 2584.6445266636033 16969.91356587713
6532 2810.1948686342653 15966.470486491513
6534 2931.198327320764 15422.830525852578
6536 2941.8629182564223 16753.53725982819
6537 3146.629275289651 16623.131225005098
6538 2364.907738207541 16658.713262138925
6540 2323.483715864723 16511.972910667966
6542 2564.9219101960853 16978.095154524075
6543 2810.1217633597116 16000.244135426225
6544 3061.669262897998 16134.27037756404
6546 2880.0005846267863 15399.373714891464
6548 3130.7994925166045 16597.639322036663
6549 2829.1112905106306 17342.071810591082
6550 1488.4196097111317 16733.908401057433
6551 2938.8536842320477 15420.083576054289
6552 2974.7688432588056 15417.648377002139
6553 2803.705090002495 16007.94401357662
6554 4072.0238374196356 16928.017527010255
6557 1869.980536947033 15307.016876482476
6558 2417.014370952035 16368.434978649611
6560 1607.638671825709 16980.61591689776
6561 3921.5756260064813 16217.026009661155
6563 3928.1834665272067 15739.671867727726
6565 2157.949326261533 15382.601434759728
6566 3143.3122990401625 15583.08371893604
6567 3660.620910183464 16412.233930730894
6571 892.0713922138225 15863.786737087648
6572 2833.8996291349376 16353.95490241336
6575 1316.1616825080262 15267.644781618887
6576 2852.8354885830195 15372.842839198602
6577 2943.9494330263437 15406.025254927315
6578 4094.3472981238756 15273.781471533632
6582 2895.000349471517 15399.461568014784
6585 2849.2366163237884 15387.759301911792
6586 3162.5001646939822 16648.637000636394
6587 2887.500448805443 15399.417641346272
6590 1803.1042851151303 15385.650296542904
6592 2938.706832767442 15423.276659827865
6593 3763.5981814266197 16299.310744694463
6594 2832.6746332582675 16784.80097997421
6595 3176.3231794058684 16643.906003570963
6596 2051.1476259901133 15384.721903272608
6597 2946.234839089772 15423.724241865653
6598 2334.628865819522 16549.30491940076
6599 2396.3350674558915 16360.362108571244
6600 2316.517268140459 16357.266350937383
6601 2852.4366151350396 15387.839346605357
6602 2983.863036119971 15421.234541329086
6603 2853.0349254597313 15365.344579753326
6604 1481.2760200514288 15576.391887721764
6605 3161.029388446026 16660.30859495687
6606 2608.4716383651885 16362.155926495734
6607 3134.756920233221 16604.012268829614
6608 3466.3798926090617 16083.197784754986
6609 3832.1547751846197 16681.021009496864
6610 3363.53027815411 15905.486778815253
6611 2853.2343600883396 15357.846404830338
6612 3994.5731946386086 16967.96507081616
6613 3500.511622165661 16042.075624086798
6614 2849.436052383714 15380.261073175341
6615 2976.2925765256377 15421.109756567339
6616 3018.2959716655087 16440.179678641005
6618 2968.792633172423 15420.986134132956
6619 2058.6560021378964 15384.716701765059
6620 2852.636051576747 15380.341103514997
6622 2487.173940525368 16828.430201208444
6623 4278.48591117822 16032.880991170956
6624 2409.5140188031774 16368.341232678144
6625 4145.234644944696 15607.5356650483
6626 3323.8112759018763 15836.51487440996
6628 1425.8460223605807 17674.833538599778
6629 2043.639212461496 15384.727104806054
6630 2193.7572739583525 15430.19021935002
6631 3368.0456838347704 16535.542155752704
6632 2502.8489397126327 15396.194669268294
6633 3282.4235016943553 17365.96502592082
6634 3359.77823805666 15681.083959510268
6635 1557.4772345026972 15481.026060421253
6636 3105.884889309556 15594.716590935845
6638 2848.9882053110764 16367.877163104115
6639 3636.60973488666 16373.34053976106
6640 2849.83492469803 15365.26460839113
6641 808.3911638833332 16912.748536025287
6642 3853.7364983995517 15212.041505520336
6644 1555.7583954602921 15487.55014792964
6645 2849.6354886449235 15372.762836871194
6646 1836.9546541581917 15383.066576631913
6647 1812.6292352117468 16326.598248684857
6648 1869.9902557057765 16355.430536075395
6649 1426.6160709237529 16505.647915994545
6650 1816.0737069821528 16348.52493217925
6651 3565.92877351499 15365.638621336424
6652 3548.8378108678266 16222.572649003247
6653 3041.5837892453287 15598.20124863656
6654 2902.5002881606742 15399.505494905996
6655 1837.1596311816597 15386.271922401671
6656 3721.896948855776 15034.187364582142
6657 3646.152568235167 16388.979886463792
6659 2827.393227361413 15403.278401825639
6660 1890.7223546385305 15577.7740573577
6661 3409.7369767895307 16080.954539894925
6662 4094.611685071043 15500.391728577897
6664 2953.7428259670173 15423.938890574615
6665 2855.636615179544 15387.92934493212
6666 2416.736571258735 16717.838932362996
6667 2348.258466290932 16164.830071969784
6668 2946.30615264347 15420.525763036732
6669 2774.7925556050086 16850.5926628477
6670 3654.467629742455 16402.41639888667
6671 3787.2001523972945 15141.646195292935
6672 1434.5160345632871 16095.785118947557
6673 1700.301114444348 16931.9260803051
6675 2511.7213750473275 15379.98312097718
6676 2031.167517377076 16351.188604228499
6677 3368.9722621488995 16738.597686298865
6678 3293.56507339097 16897.681069283488
6679 2961.292727039282 15420.862512312076
6680 1849.547414012926 15412.749254180224
6681 3755.7591982824447 15262.357290538012
6682 3032.3802425689937 15399.579389540262
6683 2617.796235756645 16929.770668178207
6684 864.208910919788 15747.37452254536
6685 2318.0438202196106 16582.845254910797
6686 1457.2420303374124 15677.688956596972
6687 3195.9337238587923 16836.42986730893
6688 2348.927222349499 15904.287291888148
6689 3275.3106774288344 16869.91963840666
6690 1867.502097683865 15394.042358280312
6691 3187.6552921991956 16637.562504745656
6692 852.03584064299 15761.525423370513
6693 3304.395197156797 16572.21375085742
6694 2439.5162806593266 16368.716227228813
6695 2964.167574812399 15773.582704637782
6696 2986.9044582700935 16328.346240354087
6697 3546.967827317086 15838.91608972442
6700 3642.5594611720244 15225.733651233255
6701 3289.0010721743206 17370.84830800873
6703 3495.910708379606 17179.950008308762
6704 1009.9775096740768 16210.486400706799
6705 2623.236498861554 16930.4302849001
6707 1176.3428004632672 16289.457140886634
6708 1828.7512586973799 16356.327576070547
6709 3120.5952265150977 16607.26517913356
6710 3324.0216814002115 16973.429055101275
6711 4109.463750112462 15208.961121768376
6712 2193.613279932929 15437.663339776118
6713 2862.8611363977525 15123.73579427753
6714 3909.169376105256 16240.83264953495
6715 3667.9689620353197 16423.957715099277
6716 1384.5440782533692 16015.516083576302
6717 3803.2037877349985 16640.506550137205
6719 3157.855845647403 16665.769495927885
6721 3303.0871474835863 17440.629336138223
6722 2215.4599379966357 15403.962011947679
6723 2354.988184977269 15913.596777441755
6724 1869.0878844467302 15410.729601376326
6725 2913.6252324290504 15399.570653334202
6726 3721.121662106994 16508.762613976036
6727 2415.623367140483 16746.99916369224
6729 2964.763455047146 15951.500920956443
6730 3833.505262914012 16688.338171846768
6731 2849.360357153983 15097.898063584575
6732 2808.928979394234 16609.673847861326
6733 2193.1584444488694 15463.27057752866
6734 4169.7575300987455 16094.787248783161
6735 3613.803930391106 15174.28411369744
6736 2142.896238989547 15382.289521581013
6737 2286.336760972469 17398.90071344518
6738 3356.158455938443 16619.917337781826
6739 1251.1242300562017 15295.736973858448
6740 1852.1140674962082 17244.07041935823
6741 3439.4445964743572 15668.805300306187
6742 1740.9813418511355 16904.040595596398
6743 2028.795521575857 17269.05629112211
6744 3361.8932118250427 15223.825155844832
6745 3417.5735602507684 16726.197418835243
6746 1886.173995107607 17140.938962054293
6747 1466.705388568662 16719.07975370261
6748 3792.3119298426304 15223.626732021929
6749 3168.0657108158507 15407.569877138065
6750 3018.7838127747514 16785.606627479025
6751 834.575594878665 17145.18164220848
6752 4282.726139859884 16000.482270982966
6753 4532.809328992912 16042.186229736362
6754 4070.360063278739 15408.388593345057
6755 1505.7975582273987 15881.63383546439
6756 1619.7523459418296 16974.250740278385
6757 2958.890813743016 16226.286709274766
6758 3324.301807908015 17421.647489495692
6759 3434.6367540776682 16749.933711114696
6760 1359.9828765999541 15410.5098336682
6761 919.5247204061287 15595.534799655095
6762 3253.7239042340852 15214.631635645044
6763 2123.0102341651314 15381.877466109288
6764 4101.294880062411 15631.927088307186
6765 1238.0890208732483 16925.50584029473
6766 1384.5724552583954 15494.785362959985
6767 1435.4044836272042 16076.565004198152
