4957 3642.6178637641647 16377.033917161052
4983 3121.0 16232.084632283102
5005 3562.720128241787 16240.082186862981
5032 3514.748344185773 16158.608384874604
5099 3436.4131673202546 15664.217390136459
5229 3274.654462425041 15747.352117677865
5231 3455.3329753434236 16058.150601285282
5258 3837.4555336404596 15203.530786584408
5303 3372.9113878412495 15407.92365967617
5333 2758.0261238932076 15399.062561159648
5339 3244.3287499624826 15526.81198558562
5342 2780.5192128220747 15399.609365547678
5396 2818.007731655018 15400.520707100786
5400 2773.0215314893208 15399.427097782422
5410 2788.016971124302 15399.791635184056
5417 2735.533030710317 15398.515756668203
5430 3333.1795290849022 15407.620565212246
5433 2743.0307245480353 15398.698024737454
5436 2750.528423947926 15398.880292941922
5437 2765.5238468978464 15399.244829937945
5450 2803.0123552109862 15400.156171235316
5555 2713.0398916197223 15397.968951060746
5597 2683.0910579996407 15397.20451471342
5600 3043.424089296355 15241.295054157441
5625 2690.5893619452922 15397.403452088682
5630 2668.094356849044 15396.806637488635
5660 3252.480510977028 15403.600319903502
5662 2728.035325784361 15398.333488329397
5664 2720.5376242566253 15398.151220073201
5709 2645.5994787845584 15396.209826258868
5757 2810.5100420939652 15400.3384391355
5769 2795.5146568627856 15399.973903056416
5773 2675.5927273516627 15397.00557662972
5780 2653.097762884663 15396.408763107607
5787 2638.101192900699 15396.010889362802
5809 2615.6063214233504 15395.414078307796
5819 2593.1110956955667 15394.81725785418
5828 2623.1046336055815 15395.613015901583
5831 2630.6029117952385 15395.811952593513
5836 2660.5960491556716 15396.607700013943
5861 2585.612729749687 15394.618318833991
5876 2562.4728202669025 15387.599884019439
5889 2608.107934836386 15395.21513873998
5897 2570.6149273052724 15394.2204123908
5947 2600.6096065337033 15395.016200718503
5968 2578.1141969819446 15394.419375387854
5987 3139.933622674674 16618.420932637924
5989 3132.020569559284 16605.67773867267
6013 2817.5491334906733 15394.105675549092
6015 2418.5392714025143 15418.228255664279
6086 2380.9685067532205 15417.914557674318
6087 2505.239316467396 15391.089134560054
6112 2484.3158026907163 15389.159366169306
6129 2786.2451356267597 15086.769656450691
6131 2362.1150469720083 15387.55571744424
6161 2563.0226725168677 15394.018982407317
6164 2531.615523772353 15386.781209607625
6175 2377.118960732781 15387.788436858507
6188 1438.3452196865169 15918.554478141374
6204 2384.619344718024 15387.904772169124
6205 2433.176295638927 15388.476545152673
6207 3619.961730962124 15191.86322808495
6215 1846.0451598602606 16475.125471540654
6216 2399.620817682465 15388.091337454174
6228 2412.4009697644965 15414.995545484811
6230 3625.0357599764475 15200.940651286848
6241 2379.811502772257 15411.498403096793
6265 2331.5994255303444 15387.08240243716
6267 2446.0291205854323 15388.624092063592
6269 2339.3487193391225 15387.202598483665
6270 3548.971803198403 17278.193337494573
6281 2392.120041890008 15388.005230602
6283 1178.7875870058585 17526.70562596979
6285 2313.940141804688 16366.776123410382
6290 2414.828101564075 15388.26591290895
6295 2306.631603304631 15386.69513701718
6297 2464.18292224826 15388.832492735655
6302 2646.4141018404557 15592.956976795818
6311 1442.6862041825223 16541.877581957757
6317 1801.414215309142 15948.07091718227
6319 3147.8466753495472 16631.164125893767
6325 3630.139623583244 15210.072509890964
6327 2288.367793299684 15386.411854719347
6329 2649.368524750964 15434.84086279622
6330 1463.4221796409108 16529.544936011316
6345 2193.6132781831234 15437.663438290167
6350 2369.618369044474 15387.672098326297
6354 2506.295268156653 15413.862936834717
6356 3150.586713345071 16629.50418844741
6357 2848.4627538847267 15098.896893901294
6359 2354.593930825515 15387.439060565765
6370 2381.425038339017 16367.990151994347
6377 3015.09179292055 17133.996386178278
6383 2422.8705273321834 15388.358237754523
6387 2333.1932492401324 16309.46152589746
6389 3167.0337004528665 14976.756507977745
6390 2603.6930911412833 15413.767983958409
6392 2650.847167378983 15417.663622347362
6394 3142.6718252786936 16616.758242309876
6395 2501.982780811396 15461.966193830414
6396 3126.8420290610284 16591.266317690548
6398 2865.000847259101 15399.285861929076
6399 2472.7292602598322 15415.31556972504
6401 2895.583997264992 16941.247761857703
6403 3942.393125639604 15369.738870679894
6406 2648.5786501364637 15507.075516502653
6408 2315.6026266624704 15386.834282798374
6409 3135.9770727790005 16612.04929807178
6411 2586.945190906136 15416.715088244006
6414 2137.870761395699 15385.385984110933
6417 1036.508166738139 16856.646153617374
6421 1614.3227616360064 16991.99067023003
6422 3124.107549405822 16592.93459778936
6427 3143.8901719202227 16624.792566157106
6428 2424.5147277088313 16368.528724678674
6430 2541.568068366561 15416.027436326058
6431 2096.1966889484706 15384.690695054418
6433 2129.5379295707953 15385.213590684793
6449 2367.5121116547575 16367.816256048918
6460 3566.736379343077 15098.004027611722
6461 2823.358628620548 15413.793374713732
6462 4192.907085599034 15581.072194410734
6467 2393.1507296368272 16368.136709955896
6468 2401.894903203529 16368.246002297032
6469 2134.5258766976785 15190.781839654961
6472 2145.4660929749443 15385.543119795553
6475 2872.5006941512506 15399.329788282637
6476 2352.7248659585894 16367.631432098575
6479 1557.1111799132595 15805.635274751934
6482 2571.7158164163907 15410.08214571298
6484 3138.7143579876924 16610.385231787284
6486 2407.121534344261 15388.177443627543
6491 2832.4824753164635 15426.879889931119
6500 2120.368574767414 15385.023890889659
6501 2675.7959638783204 15417.97203723745
6502 1820.3752711396978 17347.131242067688
6506 2334.248848478419 16367.236700623103
6507 2152.9849141867585 15385.698672598788
6510 3120.1510149222686 16586.56298804292
6513 2832.126356993419 15434.372399065325
6514 2924.8334198941716 17498.172378830386
6515 2831.7702396951227 15441.864886639474
6516 2826.0924088345023 15426.569949207642
6518 2160.492008722227 15385.853982795194
6521 2432.0150773654154 16368.62247061899
6522 2938.798761746451 15406.41604101357
6523 1219.888849451173 16268.987084910568
6524 2822.892475680082 15426.419882280808
6526 3128.064066221335 16599.306179083163
6529 3589.401335863136 14820.389045148791
6530 1290.6621428230674 16787.756853309304
6531 1846.112272081746 17379.21533271552
6532 2831.4141171840406 15449.357483887397
6534 2695.0825596284376 15418.207138263031
6536 3826.896691431882 16264.544640170576
6537 3146.629275289651 16623.131225005098
6538 1828.3049250652007 16798.950761120515
6540 2193.236625767614 15458.868969283332
6542 1838.396431494726 17372.058437532858
6543 2831.0579978038727 15456.850015262828
6546 2880.0005846267863 15399.373714891464
6548 3130.7994925166045 16597.639322036663
6549 3374.5231304892623 17393.89469633248
6550 1844.8086137784744 17058.96937040147
6551 2736.76872487112 15412.314311858921
6553 2716.1151231541126 15577.151713932533
6554 4439.663975152686 16920.09838016571
6558 2417.014370952035 16368.434978649611
6560 1827.6149691512574 16639.46961883216
6561 4857.330162004689 15704.570329289138
6563 4168.113358441234 15305.950393492125
6565 2323.634492786606 15386.958861705563
6566 2978.240115575993 15421.141858078927
6571 948.6572815703944 16419.853504283594
6572 3371.6116548138484 15920.380025876711
6576 2852.8354885830195 15372.842839198602
6577 3824.354652134408 15206.385910840456
6582 2895.000349471517 15399.461568014784
6585 2849.2366163237884 15387.759301911792
6586 2705.844545868674 16371.788124646186
6587 2887.500448805443 15399.417641346272
6590 2353.7282955734468 15394.552555069518
6592 2725.78930512082 15418.581449388286
6593 4179.31132073294 15878.475366880948
6594 3105.212438515084 16242.61707841073
6595 2676.3796395004088 16897.494896315144
6596 2080.015577904771 15384.701904691441
6597 2779.8382795868292 15416.039811571643
6598 2565.152018810313 16950.396903773555
6600 2906.825400663535 16347.841777450107
6601 2852.4366151350396 15387.839346605357
6602 2956.006123623528 15420.775372616068
6603 2853.0349254597313 15365.344579753326
6604 1133.9084029805779 15354.56709386437
6605 3161.029388446026 16660.30859495687
6606 3116.1941688820743 16580.190876565142
6607 3134.756920233221 16604.012268829614
6608 3433.062771227346 15664.95764607997
6609 4135.096659992131 17101.70585468219
6610 3091.503900232851 15561.828086710157
6611 2853.2343600883396 15357.846404830338
6612 4879.215505886769 16396.328163546677
6613 3047.028496335879 16112.925886058478
6614 2849.436052383714 15380.261073175341
6615 2948.506206278304 15420.651750610377
6616 2837.0616156572805 16368.217103674602
6618 2942.8671754309844 15420.321713737583
6619 2088.5185540648695 15384.69601416414
6620 2852.636051576747 15380.341103514997
6622 2573.7278891576925 16964.352903746287
6623 3335.9224185587227 16556.598196753665
6624 2409.5140188031774 16368.341232678144
6625 4465.833724394684 15417.17892566955
6626 3079.1861473065496 15422.80576320409
6629 2066.741820807987 15384.711100228053
6630 2347.0467370171605 15387.321999207612
6631 3183.187996343086 16640.063211059856
6632 3574.89222362843 15340.630036921237
6635 2020.807075636565 15384.742922012028
6636 2963.895949871985 15420.90542153534
6638 2822.83952009399 15638.067556592028
6639 3193.022859111732 16344.872787768692
6640 2849.83492469803 15365.26460839113
6642 3815.2538749571945 15809.297126923893
6644 2407.1108866668324 15398.340988736114
6645 2849.6354886449235 15372.762836871194
6646 2030.0023590599183 15384.736551881497
6647 2632.8223089730436 16359.135472866583
6648 1430.7213187924092 16479.19064386595
6650 2452.761944830441 16361.006401611216
6651 2303.099930942805 15406.359637829522
6652 3459.1463448517616 16070.956919604698
6654 2902.5002881606742 15399.505494905996
6655 2499.9396825316517 15396.162632573762
6656 3998.762567348743 15488.668695154125
6657 3463.043139707153 16077.561881306307
6659 3640.780707794436 15305.17929018876
6664 2826.22451956406 15417.671258119442
6665 2855.636615179544 15387.92934493212
6666 2470.0698197900483 16958.414346985843
6667 2572.0930148962025 16943.379983353898
6668 2833.544198570324 15392.398012027432
6669 3385.5714852586984 16729.744374611844
6670 3196.2778492558878 16632.73576311699
6671 3399.3483170285035 15428.279197694237
6672 1820.2657178853308 16333.661295846323
6673 1828.5238799742183 16581.406143550415
6675 2817.4692503424403 15397.305676223601
6676 2667.1527008774638 16362.147309568332
6677 3327.940641391601 16571.197435674272
6678 2842.072385020656 16371.277035066421
6679 2938.7368742691447 15413.684974367814
6680 2040.8864089882131 15384.729011839981
6681 2864.831623096331 15419.68307069114
6682 2917.5000141087044 15399.5933478015
6683 2809.911343558223 16097.455240203008
6684 1686.980204903614 15381.743289358426
6685 2794.915491722913 16357.642300104946
6686 1425.5088209910823 16273.913313213476
6689 3101.1766873460383 16575.15697876899
6690 2053.5595024728605 15384.720232419486
6691 3170.098133892151 16647.390664341987
6692 1575.4130433056266 15461.849839126473
6693 3176.643024548631 16643.726960410662
6694 2439.5154396920575 16368.716216717668
6695 3091.5750048507944 15485.993258963892
6696 2852.1526265284238 16367.786968405955
6697 3141.544250489087 16232.860896709108
6700 3603.411025123206 15323.469957199522
6701 2701.0820923413085 17174.575169844786
6703 3116.2615569172003 16600.099535490044
6704 1381.7057146553807 16175.665328946547
6705 2967.184488040798 16318.034820720593
6707 1464.5778780196542 16284.544448520219
6708 1866.7632398143992 15394.482452798202
6709 2844.607097869788 16368.002036702199
6711 3460.622885270419 15416.534143589599
6712 2193.9096635594165 15422.71726775938
6713 2850.0343590695716 15357.766443133129
6714 3202.822764800076 16629.072045254004
6715 3466.864806166519 16084.01682232568
6716 1455.6938334765248 15589.867181013375
6717 3470.686463929099 16090.47174865585
6719 3157.855845647403 16665.769495927885
6721 2945.4591183468838 17509.756671249976
6722 2214.238887562981 15385.598951257043
6723 2718.767070188389 16358.419906696965
6724 1857.1200228054129 16331.848711100973
6725 2910.0001627963134 15399.54942142205
6726 3209.368692202343 16625.407760972324
6727 2337.323184855175 15841.317580162655
6729 2966.57140471874 15609.27582660986
6730 3612.1004225269753 16331.499550443905
6731 2850.233795406125 15350.268203996264
6732 3570.3441111655147 16413.28092974149
6733 2193.7572719787845 15430.190316424982
6734 3478.5140768735873 16103.692886716008
6735 3647.46506808415 15234.511494607379
6736 2296.7143942614266 15386.541315346614
6737 1893.8197490826428 17350.942949265223
6738 3189.7329119852257 16636.39949314204
6739 980.1087230331904 15606.63196742799
6740 1678.1271841449109 17127.427010736992
6741 3464.267938094908 16073.355281286815
6742 2196.3210234480093 16661.92789697633
6743 2699.077451085765 17147.896191823016
6744 3159.4531481847785 14970.896444198937
6745 3095.1331028560885 16571.34308372046
6746 1759.8997228604298 17250.616759714674
6747 1481.9672861143597 15735.176091991907
6748 3105.296423918673 15419.862480242575
6749 3856.140293632733 15215.840509733027
6750 3231.786406099464 16812.89209678275
6751 1052.578589390252 16750.960648454606
6752 4481.781804205332 15955.183163427138
6753 4203.917309561691 16079.674342334598
6754 3737.2899707479355 15272.438404406419
6755 1848.3729180749724 15700.917150554995
6756 2057.960990735672 16733.528882392835
6757 3002.898842438503 16387.81733435222
6758 3005.180631250094 17559.282131949352
6759 3247.299575544651 16817.57813323659
6760 940.5053571164341 15545.27413449115
6761 1328.901114684804 15672.824218370313
6762 3080.5413243701137 14998.350011735463
6763 2167.9982307985683 15386.009274941765
6764 4053.9687206547715 15111.28318760203
6765 1108.3787382181592 16720.809525272893
6766 1001.2348806503726 15606.711837283465
6767 1795.6014024574959 16312.476151283272
6768 1627.3054810832878 17050.864475916347
6769 3161.787834589468 16672.156792470356
6770 3145.58001198281 16656.569467814177
6771 3851.2630592546366 16989.064969835195
6772 3700.465410297432 15867.519081673825
6773 949.863534522903 16810.92548437534
6774 1831.207719823873 17228.80851626996
6776 3867.3481725384836 15235.838570017704
6777 2809.873133587148 15397.1210483858
6778 3371.2348780285492 16100.959754096506
6779 4108.025296921519 16956.005742581594
6780 1189.6241978994249 15322.232320441435
6781 3410.6657556311816 15433.561168492019
6782 1035.772173679404 16285.130935096593
6783 3628.9513568317852 14884.46417615235
6784 2960.8865681668385 16379.564634597482
6785 3235.565343927643 16792.00423793654
6786 3063.4961941823994 16512.85297053229
6787 2639.2685386828953 15965.516246026304
6788 2708.349320126179 15951.685879662718
6789 3837.816611322975 16495.06167404204
6790 2345.0682016206692 16284.886163797833
6791 2853.43389642148 15350.344406106164
6792 1594.5411416123823 17504.53659488766
6794 2036.9723643794168 16360.921063004807
6795 783.7870634722958 17218.425452272233
6796 3269.8017405805763 15135.443414453746
6797 3643.716654159402 15907.559481386803
6798 3292.3151411781937 14366.998208674087
6799 1571.757520790607 16369.957105142883
6800 1214.377682138277 17197.100237074268
6801 2958.917134443201 16172.487198096745
6802 3368.3942941988316 15289.210558414015
6803 4712.377043348432 17124.160229528643
6804 3258.1358121796943 15382.607560135995
6805 2636.3 15820.572389229737
6806 3882.2950909826036 15388.272993899638
6807 2393.7511162293217 15510.774437167953
6808 2972.3007825215036 15988.021401946968
6809 3879.0652671741996 15832.747165754723
6810 2239.446274116191 16171.03224874533
6811 2831.5706083204705 17363.14522717492
6812 4657.089931319171 15992.068655665822
6813 3882.5377753046273 15175.050164226366
6814 3114.4707319044232 16213.07993298718
6815 2196.8991482071738 15345.587864859861
6816 814.6485886684925 15784.918859505218
6817 4582.916855399195 16131.582165347761
6818 4584.105134413845 17203.939505417075
6819 4172.000501131332 17058.751317542992
6820 2192.792762801813 15368.157995970734
6821 3180.4784320917074 17311.2390628961
6822 2886.0747677570394 16219.127927112484
