4957 3602.3245843096406 16308.284520795365
4983 3017.0740019311525 16291.051309253342
5005 3477.4992048749205 16095.70071478756
5032 3454.8436981610485 16057.315750708362
5099 3407.4373468277167 15613.625114291235
5229 3195.8694450291887 15617.279502238665
5231 3437.240653541019 16028.863650121808
5258 3767.9971491701776 15236.704046470943
5303 3225.473256798839 15406.79953201856
5333 2758.0261238932076 15399.062561159648
5339 3083.1830112559737 15595.208461795784
5342 2780.5192128220747 15399.609365547678
5396 2818.007731655018 15400.520707100786
5400 2773.0215314893208 15399.427097782422
5410 2788.016971124302 15399.791635184056
5417 2735.533030710317 15398.515756668203
5430 3201.721742640289 15406.618985691306
5433 2743.0307245480353 15398.698024737454
5436 2750.528423947926 15398.880292941922
5437 2765.5238468978464 15399.244829937945
5450 2803.0123552109862 15400.156171235316
5555 2713.0398916197223 15397.968951060746
5597 2683.0910579996407 15397.20451471342
5600 3057.4420919493223 15295.04469870921
5625 2690.5893619452922 15397.403452088682
5630 2668.094356849044 15396.806637488635
5660 3174.2539499898353 15406.749672296295
5662 2728.035325784361 15398.333488329397
5664 2720.5376242566253 15398.151220073201
5709 2645.5994787845584 15396.209826258868
5757 2810.5100420939652 15400.3384391355
5769 2795.5146568627856 15399.973903056416
5773 2675.5927273516627 15397.00557662972
5780 2653.097762884663 15396.408763107607
5787 2638.101088135365 15396.010886583275
5809 2615.606211866905 15395.414075401157
5819 2593.106716678393 15394.81714167455
5828 2623.1044976486155 15395.613012294512
5831 2630.602798806078 15395.8119495958
5836 2660.5960491556716 15396.607700013943
5861 2585.601691696888 15394.618025983598
5876 2480.6124041518 15389.02109868905
5889 2608.1076447862292 15395.215131044664
5897 2570.541466393451 15394.21846340059
5947 2600.607870523581 15395.016154660447
5968 2578.0861533075235 15394.418631361603
5987 3139.933622674674 16618.420932637924
5989 3132.020569559284 16605.67773867267
6013 2817.5491334906733 15394.105675549092
6015 2515.360681189814 15416.472490246735
6086 2504.5423149684616 15413.976293658705
6087 2459.6267550195353 15388.780189183477
6112 2452.125928891117 15388.694081753461
6129 2813.062922105851 15090.317028828109
6131 2361.273303059563 15387.54266150741
6161 2496.6084786693095 15390.293115394908
6164 2469.125117164532 15388.889227779982
6175 2377.0014589106504 15387.786614337021
6188 1424.7355545445482 16078.170809846257
6204 2384.5859893002726 15387.904254807228
6205 2429.623686464841 15388.43576217216
6207 3626.67975332354 15203.881594112652
6215 1848.6368522661387 16324.12356799632
6216 2399.6197252363727 15388.091324913192
6228 2524.6487708279187 15412.676085533807
6230 3631.690314954229 15212.847238119282
6241 2505.423643469122 15410.722641540651
6265 2325.457784190618 15386.987142013912
6267 2437.124499616397 15388.521869453205
6269 2335.546155261858 15387.143618506916
6270 3623.1308686989487 17226.54007128104
6281 2392.115121936554 15388.005174122283
6283 1044.4340375848508 17425.462005755744
6285 2357.011442702963 16367.685009489769
6290 2414.6221446255045 15388.26354857969
6295 2285.7364000109737 15386.371040281552
6297 2444.6252224527166 15388.607975697456
6302 2649.1823408472574 15456.08910080674
6311 1529.7197636161445 16490.555678510744
6317 1837.655915241238 15955.67169645645
6319 3147.8466753495472 16631.164125893767
6325 3636.148334812936 15220.824191996637
6327 2229.5352148009733 15385.499327266416
6329 2679.3454437706746 15418.015304923141
6330 1575.1613117906973 16463.915634168232
6345 2193.6132781831234 15437.663438290167
6350 2369.258686377131 15387.66651943928
6354 2677.698221563666 15414.794737909844
6356 3150.586713345071 16629.50418844741
6357 2837.755676471203 15155.74484454974
6359 2353.1853106430935 15387.417212048837
6370 2387.01288831018 16368.059993838244
6377 2978.8978447272193 17073.103462880772
6383 2422.1229750205584 15388.349656058686
6387 2348.044900010507 16367.384081145929
6389 3158.8366691219417 14969.939008664713
6390 2773.1666586743772 15412.757997809365
6392 2759.3093918240866 15418.99005476705
6394 3142.6718252786936 16616.758242309876
6395 2532.7882223858815 15415.894385185085
6396 3126.8420290610284 16591.266317690548
6398 2865.000847259101 15399.285861929076
6399 2652.3012801740915 15411.281699807585
6401 2922.559196310499 16978.86869738827
6403 3872.111256888887 15244.337274257941
6406 2649.469147149476 15423.357331565996
6408 2301.7858073756606 15386.619975908668
6409 3135.9770727790005 16612.04929807178
6411 2661.6394134441534 15417.799470778917
6414 2114.8100829023247 15384.908894274231
6417 1019.5224172736638 16782.87643468567
6421 1747.559044812922 16921.664215193494
6422 3124.107549405822 16592.93459778936
6427 3143.8901719202227 16624.792566157106
6428 2424.5147277088313 16368.528724678674
6430 2713.078703900845 15415.226021262844
6431 2074.4548696469224 15384.705756931315
6433 2100.3120926484103 15384.722690048828
6449 2379.512511808553 16367.966247562394
6460 3574.933079295896 15111.939633763066
6461 2886.078540821696 15417.147502583139
6462 4080.039114153071 15643.997070413257
6467 2394.5133003905376 16368.153740558788
6468 2402.0136567857176 16368.24748658333
6469 2188.0248935856043 15215.951610492075
6472 2127.627562019182 15385.174068129396
6475 2872.5006941512506 15399.329788282637
6476 2372.012173537512 16367.872501764385
6479 1638.572314250492 15779.374135216123
6482 2742.473971600363 15412.383858054354
6484 3138.7143579876924 16610.385231787284
6486 2407.121420363461 15388.177442319075
6491 2832.4824753164635 15426.879889931119
6494 3622.5536612532233 15189.933016327634
6500 2085.428123762775 15384.698155092648
6501 2803.4243938122236 15413.126835558383
6502 1851.9417633667888 17374.44184894896
6506 2364.511832952398 16367.77875593745
6507 2143.027825607127 15385.492675807936
6510 3120.1510149222686 16586.56298804292
6512 2648.6786641708068 17377.158329998205
6513 2832.126356993419 15434.372399065325
6514 2822.4376095541134 17343.597255305824
6515 2831.7702396951227 15441.864886639474
6516 2826.0924088345023 15426.569949207642
6518 2157.4897495634946 15385.79187068812
6521 2432.0150773654154 16368.62247061899
6522 2938.798761746451 15406.41604101357
6523 1307.28530012993 16220.560617459074
6524 2822.892475680082 15426.419882280808
6526 3128.064066221335 16599.306179083163
6527 2456.0683233824457 16927.012465353677
6529 3691.2561632114953 14983.822944528152
6530 1375.0087929409624 16737.914778653296
6531 1916.8598051090037 17338.082093271554
6532 2831.41410279002 15449.357786728677
6534 2812.2721602115985 15419.635663838078
6536 3667.897105522044 16352.715685166684
6537 3146.629275289651 16623.131225005098
6538 1845.8229315674532 16867.571006404793
6540 2212.8596927785316 15620.302652236343
6542 1887.513510026803 17354.48096971738
6543 2831.05713896975 15456.868084601281
6546 2880.0005846267863 15399.373714891464
6548 3130.7994925166045 16597.639322036663
6549 3334.015800146039 17344.70334641552
6550 1837.3020694920863 16910.871812203488
6551 2847.8898224984828 15416.938266872032
6552 1997.722298774333 15402.571502485713
6553 2651.031589097169 15576.656722077587
6554 4349.309444919123 16969.13972317053
6558 2417.014370952035 16368.434978649611
6560 1825.0891352521328 16799.903995980276
6561 4689.379278391228 15796.031802820991
6563 4202.2055389760635 15441.300022443314
6565 2315.0869098802787 15386.826283731638
6566 3071.052611292186 15422.671697188536
6571 1021.2493489053705 16379.165340474206
6572 3436.443659116123 16033.621250414926
6576 2852.8354885830195 15372.842839198602
6577 3736.083175437571 15253.864233906945
6582 2895.000349471517 15399.461568014784
6585 2849.2366163237884 15387.759301911792
6586 2819.2927061964524 16371.027689783534
6587 2887.500448805443 15399.417641346272
6590 2177.3309906752424 15392.61007070948
6592 2841.5406572908296 15420.302412005018
6593 4230.44811306805 15950.000298232333
6594 2979.323665617308 16311.740528216695
6595 2586.5986370537744 16954.261000945815
6596 2058.375316686876 15384.716896212894
6597 2864.4497385860436 15419.671097414415
6598 2560.4586304311015 16943.007251386924
6599 3005.3264389330407 16391.889089521275
6600 2815.364816645304 16355.757917588711
6601 2852.4366151350396 15387.839346605357
6602 2956.7075482865707 15420.786934279977
6603 2853.0349254597313 15365.344579753326
6604 1223.9497551852528 15302.533808969585
6605 3161.029388446026 16660.30859495687
6606 3103.916555659688 16560.41898770736
6607 3134.756920233221 16604.012268829614
6608 3513.8394096444013 15791.238022481302
6609 4179.3692217132875 17065.099076476698
6610 3096.66332155624 15596.048883981766
6611 2853.2343600883396 15357.846404830338
6612 4724.885737486291 16516.13650185178
6613 3081.518848180183 16166.171985971569
6614 2849.436052383714 15380.261073175341
6615 2948.6329758589172 15420.653840168048
6616 2837.0616156572805 16368.217103674602
6618 2942.8685304011283 15420.321794133786
6619 2066.067017588167 15384.71156770517
6620 2852.636051576747 15380.341103514997
6622 2564.5005621197743 16949.326615097227
6623 3518.706056894559 16457.372664496786
6624 2409.5140188031774 16368.341232678144
6625 4425.682122164633 15347.999747132697
6626 3091.531578132628 15482.028449511095
6629 2050.604531379473 15384.722279507185
6630 2344.227744459728 15387.278274996232
6631 3183.187996343086 16640.063211059856
6632 3392.7616354464 15408.075087279734
6633 3569.3090175041257 17428.300940505353
6635 2013.9484353692662 15384.747673408127
6636 3041.7025424847893 15422.187916607218
6638 2815.8809303944786 15794.514309172097
6639 3234.98231709184 16388.724731980317
6640 2849.83492469803 15365.26460839113
6642 3978.8290140988074 15716.050710442241
6644 2169.0666980326996 15395.719522406924
6645 2849.6354886449235 15372.762836871194
6646 2022.5609339345006 15384.741707008012
6647 2451.6188113641383 16357.797677781204
6648 1458.9076571852506 16532.199902722947
6649 1129.0277974633168 16615.56586737695
6650 2333.468995523178 16358.355905210803
6651 2530.7602530388226 15408.864498557918
6652 3459.2214800566408 16071.106951787347
6654 2902.5002881606742 15399.505494905996
6655 2286.4753224943547 15393.811966382817
6656 3912.1540896677225 15315.785136124965
6657 3463.043139707153 16077.561881306307
6659 3507.3578580719272 15373.352943826207
6664 2876.908527156952 15420.06171949832
6665 2855.636615179544 15387.92934493212
6666 2493.782069882953 16994.014952457754
6667 2486.2586940575666 16809.181361927967
6668 2865.823174054845 15416.519946724178
6669 3292.9578063251433 16779.14340851547
6670 3196.3000332506263 16632.723344943337
6671 3567.6842039641365 15364.68203552955
6672 1816.1349137522293 16329.84068030197
6673 1828.901670197189 16761.20223013693
6675 2807.7720336288908 15397.069979984035
6676 2485.945379809511 16361.25137790907
6677 3327.940641391601 16571.197435674272
6678 2967.560567019401 16382.51047798852
6679 2938.73694821693 15413.68520381328
6680 2033.1430738249537 15384.73437611789
6681 2958.0095590759165 15424.009219630309
6682 2917.5000141087044 15399.5933478015
6683 2809.507729178575 16283.919629351929
6684 1548.7205276885647 15490.384088669316
6685 2672.6437563189197 16358.890905204722
6686 1433.3786787771137 16120.389915788439
6689 3148.6664455560017 16655.561528264836
6690 2041.7857056014007 15384.728388842674
6691 3170.098133892151 16647.390664341987
6692 1454.377606865018 15591.274758640928
6693 3176.643024548631 16643.726960410662
6694 2439.5154396920575 16368.716216717668
6695 3091.4425182745513 15568.967443446201
6696 2852.3982718689845 16367.779966838898
6697 3274.1135080579597 16162.578307524785
6700 3671.618482880963 15285.210062834192
6701 2799.480685693241 17326.80113856202
6703 3157.2512643275145 16670.89196000713
6704 1298.3347197464193 16221.861287020376
6705 2872.68802086193 16352.604362221862
6707 1426.710121054093 16255.270134120587
6708 1848.5718611288387 15508.125331436002
6709 2844.607097869788 16368.002036702199
6711 3619.1767064928626 15333.066380807079
6712 2193.9096635594165 15422.71726775938
6713 2850.0343590695716 15357.766443133129
6714 3203.7686796299968 16628.54254032215
6715 3466.865157330458 16084.017415455022
6716 1437.1984052747293 15645.153433728072
6717 3472.8580118709688 16094.13957629977
6719 3157.855845647403 16665.769495927885
6721 2982.9954184087874 17497.214061413015
6722 2215.4599379966357 15403.962011947679
6723 2536.0094827156504 16358.420719978929
6724 1859.4637736357267 16199.386379691168
6725 2910.0001627963134 15399.54942142205
6726 3232.1909493929393 16612.63230026877
6727 2338.6355585015626 16028.864597082536
6729 2965.4902810039216 15683.126258537159
6730 3649.058788753852 16393.742768579243
6731 2850.233795406125 15350.268203996264
6732 3385.5363397636165 16514.88548218949
6733 2193.7572719787845 15430.190316424982
6734 3553.755980977139 16231.025324037088
6735 3641.160540388729 15223.230493571311
6736 2261.2485590419046 15385.991219649557
6737 2055.891293589796 17263.118091669734
6738 3189.7329119852257 16636.39949314204
6739 923.197746286417 15535.893314947038
6740 1776.9918410657688 17276.36591443442
6741 3523.9121114572526 16029.41441502822
6742 2022.8057718946711 16760.777288500747
6743 2608.4845365130986 17019.200047545437
6744 3201.457474601275 15036.510354964423
6745 3149.4872018060114 16663.753048139726
6746 1824.3262339400926 17358.669551440213
6747 1469.0391378212937 15899.681590234233
6748 3301.4243786665306 15427.782302030204
6749 3797.4079864907953 15220.885899762909
6750 3168.7372025875156 16847.846859892896
6751 898.1571439071099 16843.852123825804
6752 4538.804256751244 16059.88311628872
6753 4362.532323422888 15996.971818655082
6754 3874.4072197442074 15198.066810756827
6755 1839.2961433719815 15788.446154436535
6756 1927.0857802105438 16808.872501307385
6757 3069.7171608930444 16271.12041305108
6758 2958.022985753673 17566.2313072205
6759 3320.120999546051 16933.413270490168
6760 1024.0248800872635 15509.636606542772
6761 1129.9199313337092 15672.141069617992
6762 3150.491900836624 14960.537623472997
6763 2167.9515297220305 15386.008308768589
6764 4118.117510502564 15223.641596060865
6765 1012.8221234621259 16787.49590644668
6766 1081.4842580039015 15569.263945093151
6767 1667.5037194024433 16289.435926201428
6768 1726.8968272967597 17200.898131873495
6769 3161.7901917818135 16672.160621597737
6770 3189.882242380984 16729.99574678545
6771 3783.033536105843 17023.143091227492
6772 3604.852151744377 15923.210513758431
6773 835.95028757206 16883.93991684791
6774 1832.6014646132865 17340.408592154625
6776 3839.6449526563742 15204.093024096048
6777 2717.2846221569826 15394.870633177426
6778 3199.359710789486 16192.166052974597
6779 4277.328580956791 16922.187654225
6780 1272.1679310208033 15287.931493434597
6781 3348.010075695625 15470.541338330664
6782 1120.9917439911824 16238.72458691679
6783 3583.6957050804676 14811.54707919758
6784 3033.7223436059016 16470.69579242407
6785 3309.31831385303 16910.503597460767
6786 3125.337551076916 16621.286686268973
6787 2639.484816740512 15852.222040673523
6788 2638.0298158404507 15955.317965852524
6789 3901.253915775371 16464.01162018623
6790 2348.891702513235 16118.128818981953
6791 2854.8033143314005 15296.58787791795
6792 1603.8148684316757 17506.41197083807
6794 2194.773328030032 16364.256953492939
6795 834.323476190469 17265.644755945083
6796 3221.132895708997 15061.036553030879
6797 3742.7392516734303 15850.420519444899
6798 3349.27111600433 14453.347186053903
6799 1645.5470619281775 16336.143220259872
6800 1064.6508166632982 17302.61329494935
6801 2955.7110178732896 16184.989466995876
6802 3342.5714946753583 15235.840732357472
6803 4824.3218179555715 17053.13500715819
6804 3240.69461900321 15359.708073792684
6805 2636.268353477581 15914.990974477338
6806 3799.48056658077 15434.1307971976
6807 2395.6386465899386 15446.496331505872
6808 3034.368921233435 15957.073203995691
6809 3808.47663879082 15870.88294301356
6810 2313.127045085594 16171.435888580781
6811 2804.4642751748856 17304.922423891698
6812 4681.814459487392 16043.906770359654
