1010 4534.889805771652 16634.531412882123
1021 3580.7128880041523 15121.829858420455
1052 3866.7141631309937 16732.815591678474
1113 3883.3584507149017 16755.60899137041
1138 2802.394087597819 15400.141141221213
1157 2697.6687205744797 15376.332869270385
1178 3905.8850424531092 16784.29857443568
1197 1830.2472961563594 16884.808350497617
1204 3874.4914833126377 15631.499317313695
1209 2675.5927951180875 15397.005578427628
1224 2832.4824764367036 15426.879866361958
1226 2822.8924753402484 15426.419889430694
1233 2817.3894430472155 15400.505676576304
1247 1344.2758130583834 15354.700040054462
1248 2831.0580006372143 15456.849955651072
1265 1101.5667093543116 16735.334956714978
1267 907.1126239715771 15739.340483182155
1268 3326.5529946949982 16926.206227489
1269 2535.508072599395 15415.935602214971
1282 2809.891776900584 15400.323409180219
1286 2787.398737795262 15399.776606003394
1292 2779.9010245716263 15399.594337462871
1295 2262.5346368296314 15701.718808061685
1305 3637.170034535868 16368.108164388357
1306 3631.6137942175806 16358.723099508188
1309 2037.8936938910206 15410.9427831155
1315 1409.144792219603 16265.238257275738
1324 1419.2136210970318 16131.880508523518
1326 2829.6335261105664 15486.820018160392
1332 2830.345762816642 15471.834998629889
1339 2960.56508288967 15599.191501815943
1340 2316.398736999779 16171.453811644948
1341 2541.625939892874 16668.74517385851
1342 4142.230634117807 15612.8569401844
1349 2826.0924084667627 15426.569956934305
1352 2817.549177369522 15394.105676615496
1356 2969.563334078734 15623.482992726198
1357 2347.8784363901746 15387.334899347803
1358 1659.8385776592759 15400.609936585615
1359 3257.830766381666 15519.481629681048
1363 3090.4615157061785 15429.023002088163
1364 2749.9101217358225 15398.865262086721
1367 2810.049450029243 15393.923407803612
1368 1968.7523457748682 16804.552526730484
1369 2349.5110569547496 16367.591263098346
1370 2683.091075028332 15397.204515165207
1371 2831.414118713815 15449.357451701897
1372 1862.4994501194524 16355.252599872396
1378 2690.5893544760343 15397.403451890515
1380 2829.9896448632267 15479.32749998733
1392 3871.268365985611 15767.006887232692
1393 1054.3009710380943 15694.958099812617
1397 2337.4668729602554 16125.034431737222
1398 2654.9950196991144 15411.317291637193
1400 2312.3992396375884 16357.19109143863
1401 1173.4976729718805 16538.546966868293
1402 2794.896400404661 15399.958873313488
1403 2734.914671940004 15398.500724438078
1404 3519.7215790663777 15794.676648981798
1409 2839.7377615900687 15531.931398107576
1410 2827.852928594632 15524.28268797876
1412 1456.9371002335156 16533.35877681464
1413 2828.565168157856 15509.297608335633
1415 2395.083666119811 16677.21230716547
1417 2563.5421511122854 15416.360434967213
1418 2837.553380555994 16841.09214003007
1419 4172.373671948627 17053.006641284865
1420 2112.298450696198 16362.513446023511
1421 3723.535284263435 16506.58637575934
1422 2871.4224882594326 15416.693425806325
1424 3475.9924952026267 14647.257969477929
1425 1635.1262113005578 15418.547936918872
1426 2236.4928515109004 15385.607244251654
1427 2742.4123598311166 15398.682992362768
1428 2828.209050490426 15516.790103676116
1429 2829.277405994966 15494.312565008864
1430 1448.8408052109344 15605.742378463643
1431 2304.899452371153 16357.054028222572
1434 2596.8646418139556 15416.865409133918
1437 2832.1263567307064 15434.372404592636
1439 2828.921285387001 15501.80512221639
1441 2863.921095029604 15416.461016128142
1443 2595.3566856090656 16992.935740647405
1444 2547.1055319829143 16995.122121940447
1446 2274.5852326126583 16356.50001724802
1448 3604.841713270183 15948.81361669358
1449 3618.089321101945 17229.761236622548
1450 1985.3169076963031 16791.208304959397
1452 3506.1805692627877 15373.986812460123
1454 2009.1346860524457 15390.64068367274
1460 2772.4032700345765 15399.412067918027
1461 2548.9812426730846 16997.739683581836
1464 2062.335316234612 16361.457232289755
1465 1870.1283236821607 16355.433815734863
1466 2831.7702361314273 15441.864961617415
1467 2764.905536123796 15399.229798874603
1470 3173.806127428324 14312.74499697271
1472 2357.011434004998 16367.685009381054
1474 2668.094461251366 15396.806640258532
1475 2048.3578739164254 15391.108716524035
1476 1842.3973619212418 15745.65179063922
1477 3082.2453671380267 16162.63542642483
1479 3772.0557560048815 15824.642414572147
1480 2299.6251882196193 15386.586463451022
1481 2245.2761920173725 16647.51316910229
1482 4267.019848337813 16466.572110007826
1484 2990.4533589281095 16526.57044607876
1489 3389.4596561234453 16091.490384859571
1490 2727.4169237154924 15398.31845504669
1491 2719.919249736655 15398.136187460204
1492 2757.4078329441236 15399.04753057825
1493 2014.1618475647679 15410.079621022116
1494 2830.701883339699 15464.342443208781
1495 2607.747418956239 16358.950349151679
1498 1802.4322566628914 15382.437461262705
1500 2834.835967297941 15689.151774155527
1501 1551.4346090715346 16477.803818432832
1503 1032.8065666662335 16843.895493110744
1504 2891.6392672931715 17436.317542067372
1505 3117.4928878263836 16223.996050105561
1508 1441.9030262054912 15656.565899387868
1509 2901.7353888847997 16160.842153858013
1510 2391.6748526217907 16701.678419459164
1511 2372.0243625499406 16367.872654113338
1513 3179.1054836987055 16202.94707792763
1514 3129.740848630876 16622.387298505953
1515 3089.968841376278 17148.76544965908
1516 3244.4170503592322 15426.502749290117
1519 2289.8912325617366 16356.779743792718
1520 2331.889453369835 16605.714056451616
1521 3268.2258924929533 15138.862150346678
1522 3826.0976547087153 17101.57465468736
1523 2330.5802591059137 16458.71129772295
1524 1915.274732220557 15384.996590795861
1525 3382.317801808785 15940.110487527661
1526 2712.4215208184733 15397.95391853815
1527 3614.8675605478725 15968.216254207697
1528 1816.0473309720069 16348.53431616291
1529 2822.5363556514253 15433.912427300036
1530 3937.969021490099 16638.170822536824
1531 3084.1876682856155 16170.461035891338
1533 2809.9088838327925 16098.591600112462
1534 2485.596910429692 15624.380213578099
1535 3492.338695569201 16127.043197174633
1537 3325.5813769564047 15427.904881941788
1538 2572.5706588091853 16944.126761030107
1539 2653.079553181297 15396.408279986275
1540 2297.3994263311656 16356.916960642779
1542 3172.106924944068 15584.309285260748
1544 2863.8197932921057 15419.651346654373
1546 3697.362206210141 15306.876874167554
1547 2267.8926737247957 15386.094273726112
1548 1864.5612284244357 15639.866416498373
1549 3799.3790078882485 17642.69517880348
1550 1884.6490093810012 16355.778739341331
1551 2266.087419449591 16356.34471449606
1552 3175.4437577779668 15406.569800734364
1553 1477.7846671732327 15566.243161400276
1554 3192.7211126978796 16634.72675584616
1555 2716.3924404078257 15415.266415268163
1557 3205.9672177635875 15406.651257526099
1558 2214.074626185016 16355.394148770956
1559 2386.7801439032473 16368.057084794762
1560 2871.311658407242 15419.886240115078
1561 1444.6529374923166 15907.142234605544
1563 2335.0741594089036 16518.1669506018
1564 2332.467640074755 16369.062767080051
1565 3689.6855545688136 16458.606442845325
1566 2313.972769775807 16585.79095478202
1567 2878.8034981736773 15420.121132781023
1568 1834.2209215527328 16862.63692818498
1569 2695.9690217190864 16908.76436677864
1570 2319.899012099838 16357.328154384133
1571 2322.724929957192 16570.098228088355
1572 3244.98264885405 16609.139441224055
1573 1716.2977967008073 16290.612095478113
1574 2581.5903395117025 16949.663882838657
1575 2828.935788283542 15434.222420037215
1576 2617.6526220481956 16937.15455470758
1577 2202.0242265797065 15416.14901525628
1578 2408.570276362855 15388.19407478921
1579 2607.902519751437 16938.877184366065
1580 2364.5117846044423 16367.778755333155
1581 2247.1619656992184 16355.99884021133
1582 1943.8966392451289 16347.517368940702
1583 3630.154347237099 16362.58998632214
1584 3662.0814326291147 16414.564187860702
1585 4423.832565360989 14872.397721605366
1586 2990.8141765735445 16317.375512800398
1587 2880.0006273850304 15399.373715141897
1588 2660.596177668279 15396.60770342351
1589 3153.8129471326392 16655.390243555317
1590 2578.1779332702536 16990.71466864065
1591 1637.4306904614725 15402.840281145704
1592 2282.307013992117 16356.641137542765
1594 2257.523451126107 16356.188202717933
1595 1456.8110174004546 15627.01913864841
1596 3637.652386314552 15904.146116641301
1597 3085.4192373050996 16549.102322507555
1598 1438.8987413859795 16529.83909681474
1599 3036.6766408953317 15399.651396216123
1600 2601.2470441151127 16938.888232194742
1601 3654.107394841519 16401.84164568872
1602 2833.4922468516347 16601.667904539056
1603 3092.082850246916 15592.463156207823
1604 1875.4684169515867 15436.936825543135
1605 1543.9142805719162 17013.502500131297
1606 3852.0155037653117 15209.726376637525
1607 3650.123663339505 16395.485619621846
1608 2867.9669859690584 17400.637330042242
1610 2872.5007130214 15399.32978839316
1611 1473.1612183194022 16686.50482424728
1612 4254.677264169124 15944.758192756346
1613 2884.8462137972256 17452.217832540155
1614 2913.8151823202243 16366.60972062779
1616 3658.0911336748013 16408.197683452607
1617 3450.317087770626 17298.141240261022
1618 2500.2265082965528 15530.377607002103
1619 2829.292408534233 15426.729888674734
1620 4280.554882311495 15992.791694379912
1621 3823.168844068118 15213.425625954735
1622 2809.220446739876 15397.105184469372
1623 3601.1759885821784 16412.24739053034
1624 2865.0008677627816 15399.285862049166
1625 4273.839045484239 15980.32589643163
1626 3606.9321353578484 15931.516616053796
1627 3727.7083589642243 15254.740639594504
1628 4085.7879287359515 15638.10494170905
1629 1841.5394602734334 15798.320866899778
1630 3545.5370199048207 15376.750689086117
1631 4016.702667658203 16160.913091679247
1632 1471.7909075409946 15577.340498616424
1634 3428.3509472317287 17067.865371367763
1635 2981.6506659576257 17561.365199486365
1636 963.6588854576 15715.57558487935
1637 4284.82142679412 16019.441817385143
1638 4126.687477218685 17171.913125901785
1639 3627.249153132479 15983.49827527724
1640 3981.015919152828 15714.752755647707
1641 3444.9108551763193 16702.448324523943
1642 1054.9633503201037 17310.21817296504
1643 1845.5384143824158 16350.10748414108
1644 2817.4692487374073 15397.30567618459
1645 1403.2715881206439 15639.544088386663
1646 3379.8329494570726 17409.189409891256
1647 2271.500945247373 17130.523328415802
1648 2822.515977066139 15569.101571724192
1649 2846.572788821264 15571.760489790488
1650 3730.809244741308 15762.596656674254
1651 2664.452416348797 14727.786847889423
1652 1458.5834601160718 15662.71183952157
1653 3897.0524584658083 17237.439050432884
1654 3159.3947547234234 14970.805755028392
1655 1265.742264960222 17762.447155976333
1656 1841.190066226827 15837.723286080274
1657 4171.280806431462 16513.84181469483
1658 2047.8205334776098 16166.782370273668
1659 2315.6696482071184 15754.267876198805
1660 2392.794517539999 15420.936298863062
1661 1840.836379937061 15961.181698553275
1662 3098.847735802677 15401.417953269689
1663 3908.562717898721 15309.377102120929
1664 2024.5600120393694 16360.658667597652
1665 3098.691778443677 16161.518467365286
1666 2015.6807793506757 16757.456504069356
1667 2586.1756043586174 16985.39839522019
1668 2593.7299995422477 16965.809001054764
1669 3846.541874307194 16995.374377520886
1670 1719.598743261894 15640.105492552484
1671 1747.49526454309 17208.75759803181
1672 1515.016204664769 16395.9586807322
1673 2118.3425255595853 16699.357186599776
1674 3471.183484213636 17475.634804702066
1675 4320.874578185311 16775.053548384152
1676 2638.2976521783185 16023.885829127472
1677 4344.8804267720325 16933.03587005051
1678 3408.9439901101778 14546.367326594014
1679 3817.8835664727685 15530.99638227307
1680 4524.450340050986 15721.509119628547
1681 2172.2017252507194 16170.663867982183
1682 1019.1429789977628 15234.035454698522
1683 1844.3862281759484 17029.38274199644
1684 3760.6159147240505 15818.946581014978
1685 1089.0162620918038 17008.27511647686
1686 927.949085377096 15451.132379143903
1687 2106.0742159059932 15276.13429351317
1688 2633.89329486113 16096.241650176324
1689 2327.1190042355393 15517.940488206745
1690 785.308914970476 15798.024171291989
1691 4252.600855559332 17186.45702954385
1692 3410.7415165327493 17460.7326201191
1693 1574.72471003615 16960.448864514026
1694 1761.4111050242673 16813.32870677541
1695 3949.1311666241527 16218.763714254474
1696 2326.909113269608 17468.24982918069
1697 4147.352047304454 15265.931397411214
1698 2629.2436568731428 16642.85146086421
1699 4629.9848033669105 15677.211263971298
1700 2621.8707754884817 16175.376165893711
