5333 2758.0261238932076 15399.062561159648
5342 2780.5192128220747 15399.609365547678
5396 2818.007731655018 15400.520707100786
5400 2773.0215314893208 15399.427097782422
5410 2788.016971124302 15399.791635184056
5417 2735.533030710317 15398.515756668203
5433 2743.0307245480353 15398.698024737454
5436 2750.528423947926 15398.880292941922
5437 2765.5238468978464 15399.244829937945
5450 2803.0123552109862 15400.156171235316
5555 2713.0398916197223 15397.968951060746
5597 2683.0910579996407 15397.20451471342
5625 2690.5893619452922 15397.403452088682
5630 2668.094356849044 15396.806637488635
5662 2728.035325784361 15398.333488329397
5664 2720.5376242566253 15398.151220073201
5709 2645.5994787845584 15396.209826258868
5757 2810.5100420939652 15400.3384391355
5769 2795.5146568627856 15399.973903056416
5773 2675.5927273516627 15397.00557662972
5780 2653.097762884663 15396.408763107607
5787 2638.101192900699 15396.010889362802
5809 2615.6063214233504 15395.414078307796
5819 2593.1114067152844 15394.817266105838
5828 2623.1046336055815 15395.613015901583
5831 2630.6029117952385 15395.811952593513
5836 2660.5960491556716 15396.607700013943
5861 2585.613117457237 15394.618329120254
5876 2810.0494544789726 15393.923407911756
5889 2608.10804300881 15395.2151416099
5897 2570.6165185840073 15394.220454608989
5947 2600.6097237727918 15395.01620382897
5968 2578.114821316077 15394.419391952053
5987 3147.846723791599 16631.16420390493
5989 3139.9337086339474 16618.42107106688
6013 2817.5491334906733 15394.105675549092
6086 898.0379968199327 15876.485702358295
6087 2555.619904004164 15393.822579681011
6112 2548.121618817671 15393.623642803448
6131 2429.623874166982 15388.435764326929
6161 2563.1181885344836 15394.021516541165
6164 2802.5497872469136 15393.741140560705
6175 2444.6253428993678 15388.60797708015
6204 2452.1260746846706 15388.694083427132
6205 2540.623325715425 15393.424705715874
6216 2467.1275178631154 15388.866295887
6228 2159.061437137704 15179.326609957192
6230 3577.4596725994666 15109.92287137264
6265 2399.620936929539 15388.091338823098
6267 2795.050110996402 15393.558872990476
6269 2407.1216504532927 15388.177444960442
6281 2459.6268117049585 15388.780189834211
6285 1425.2444538253117 16066.331072348803
6290 2482.1289682846345 15389.038508430018
6295 2377.1192518934654 15387.78844137458
6297 2265.321418119854 16365.748330334007
6319 3319.918158457581 17153.82841000494
6327 2362.1186152052005 15387.555772789608
6350 2437.124611515832 15388.521870737779
6354 1258.3775687273753 15810.620757066565
6359 2422.1231233748863 15388.349657761753
6370 1842.5529274928736 15736.938754017556
6383 2533.125050458831 15393.22576910176
6387 2187.5187482613405 15422.59434142701
6390 1932.31099669518 15683.566613336048
6392 1939.6376726136343 16357.084937163552
6394 3661.4468444120957 16407.5134972722
6396 3146.6292232829705 16623.131141254784
6398 2971.2536154549057 16314.819766296343
6399 1428.5175577614489 16086.854141941574
6408 2384.619602218302 15387.904776163105
6409 3143.8902217731325 16624.792646440317
6411 1862.4910141482205 16355.252399484778
6414 2287.1153217704627 15386.392428158695
6422 3132.0206516098583 16605.677870807052
6427 2596.665099585527 16964.171351310393
6428 2344.1818144781523 15701.77484675692
6430 1664.6563931586047 15552.058684609936
6431 2264.614229482555 15386.043423152327
6433 2279.6149824413737 15386.27609354072
6449 1182.6787285342555 16689.47416979316
6467 1426.7997294464446 16507.748619668382
6472 2294.6156458014166 15386.508762539386
6475 2342.2917001575825 16133.134999047414
6476 1413.7296758609314 16189.83760506149
6484 3436.0794094743105 17054.50175257541
6486 2474.6282267174684 15388.952401970742
6491 2832.4824753164635 15426.879889931119
6500 2272.1145969515032 15386.159758206766
6501 2254.8911339468877 16634.690800429915
6506 1419.5648728654771 16124.10608491996
6507 2302.115982805119 15386.625097121292
6510 3128.0641073298075 16599.306245284315
6513 2832.126356993419 15434.372399065325
6515 2831.7702396951227 15441.864886639474
6516 2826.0924088345023 15426.569949207642
6518 2309.6163095905754 15386.741431544708
6521 1522.4245048383996 16494.845981504666
6524 2822.892475680082 15426.419882280808
6526 3135.977207239682 16612.049514607483
6532 2831.4141224871614 15449.357372313012
6534 2036.8225908126144 15824.246885341012
6536 4661.108209729235 15993.054234706582
6537 3581.0331389730654 16995.708958485928
6540 2332.1172492690425 15387.090434184014
6543 2831.058003296263 15456.849899706338
6546 2301.6042497577214 15407.350135687817
6548 3150.5866807727953 16629.504135993797
6558 2187.3595060845705 15430.120008743992
6565 2392.120213984194 15388.005232577596
6566 2871.422460313253 15416.69342494049
6576 2852.490701384802 15385.805857414056
6582 3245.844837194072 15699.595590592271
6585 2831.269499590881 15415.838129031552
6586 1689.6356379348224 16409.712281174096
6587 3115.4443642848532 15807.878355667404
6592 2331.6386523121837 16585.403180091413
6596 2249.613446218872 15385.810752293886
6597 1584.9988610197322 15465.904988782351
6601 2848.001664281482 15410.554929214557
6602 2978.8228379907528 15140.821454709225
6603 2852.8249057429175 15373.24072389306
6606 3124.1075816510984 16592.93464971721
6607 3632.058717378644 16379.905575343273
6610 3255.9003965270012 15399.001809683523
6611 2853.113175820868 15362.402588687453
6614 2848.880714615678 15396.086599801167
6618 2863.9210464330235 15416.461014622513
6619 2257.113815610808 15385.927087378153
6620 2851.881386708441 15400.528227224475
6624 1457.9168844995088 16532.78257088448
6629 2242.1126124234206 15385.694410006452
6630 2414.6224131093286 15388.263551661812
6631 2559.9937073274073 16991.622114510224
6632 4431.978454636193 15940.800080632695
6635 2160.4919198205257 15385.853980955953
6636 3267.4715254114617 15327.912128254506
6638 2830.7018824090997 15464.342462788018
6640 2849.6412011430775 15372.548063184671
6644 4244.923899316293 15186.644936854316
6645 2849.3764477080767 15382.502039487326
6646 2167.9982735277836 15386.009275825767
6647 4050.737265660635 15661.445001888884
6650 3138.7143615672976 16610.385237551793
6652 4249.61806883556 15522.919694320839
6654 2830.6617865808253 16332.024794357943
6656 3824.8511641023047 16669.271386310513
6657 2997.673913712781 15424.663011778797
6659 4428.149021903843 15358.632660339563
6665 2900.272729106324 15399.495021505803
6670 2824.5112393701825 16371.142917454199
6671 1701.4091987677439 15397.319173224289
6672 2337.12600267433 16374.688056895036
6675 2817.4692503424403 15397.305676223601
6676 3142.6717821245056 16616.758172815404
6678 2333.0276770867476 16357.164258179784
6679 3664.2976194852417 15271.193089540457
6680 2227.1080277343435 15385.461680185697
6681 2109.6674646849106 16362.457827344091
6682 2831.4007874990316 16093.100590695381
6683 2830.34576126762 15471.83503122035
6684 2152.985070214908 15385.698675826769
6685 3641.4017108617963 15521.768472098227
6686 1814.759420349641 16328.568474865511
6689 2814.924628014377 15816.646904336176
6690 2234.6112797600417 15385.578059981286
6691 2402.0136242932763 16368.247486177212
6692 2145.4723570685196 15385.543249389979
6693 2409.5145257895538 16368.341239014904
6694 2958.2380429087916 16322.452818316646
6701 1853.912691316688 17201.36436035943
6704 1809.2530000191537 16323.475540310756
6705 4365.526418279279 15486.86856914153
6707 1820.2658000617114 16333.66137185195
6711 1868.0606788188554 15499.261535641488
6712 2347.117901628229 15387.32310301205
6713 2849.91152543062 15362.384638667741
6714 2937.7740012014383 16332.558517925216
6715 3045.218623839117 15425.446696738944
6716 2137.9291594209626 15385.38719227592
6717 3075.426717028754 15422.74379607968
6719 3616.4350358290026 16381.083760550004
6721 2322.8809843354065 16558.143986215237
6722 2354.6182410855663 15387.439437632012
6723 3723.5871588988557 15709.812860303688
6725 3204.8816157367264 15632.122582722632
6726 2838.8854409000483 16371.367934159896
6727 2324.6169317747226 15386.97409990471
6730 3658.4501270704013 15892.254209458486
6731 2850.1527243343708 15353.316245760372
6732 4597.947197752563 17192.444070164995
6733 2339.6175803187475 15387.20676867357
6734 2965.643647375479 15672.847923163368
6735 4164.288157641689 15786.980240621871
6736 2369.618919765305 15387.672106868296
6737 1483.0459661930222 15787.790578941514
6738 2417.019904828021 16368.435047816842
6739 2066.0073021321436 15384.711609073687
6740 1392.3133817466453 15519.879770075066
6742 2866.4143389241394 17398.297091896013
6743 3580.339445990085 17368.95246491327
6744 2853.832666819844 15335.351773071934
6745 2359.291244484038 16367.713504449535
6746 1440.7629413023117 15642.3061986691
6747 2122.463779690554 15385.06723744492
6748 1657.5356019619232 15408.287834834657
6750 3391.979207068249 16507.625631487703
6751 1816.1048286791745 16348.51385978829
6752 3059.3724112791215 16709.37894508112
6753 2859.5160050589216 16370.779502261206
6754 2878.9238140751695 15416.92583339587
6755 2096.197325258983 15384.690694613608
6756 2193.9096468052535 15422.718089357757
6757 3120.15102679512 16586.56300716298
6758 2654.4005375983447 17107.0634168692
6759 2813.871244188326 15846.85426943262
6760 1510.0544562371565 16285.640650294486
6761 2130.306848173733 15385.229498423623
6762 2853.6260430550064 15343.120239074095
6763 2317.1166299361003 15386.857765868235
6764 2019.4491190592073 15402.877880829998
6765 1956.943233343586 15982.351330487107
6766 2071.5772264832176 15391.385782728463
6767 2322.6116922594874 16357.246178795725
6768 1271.0080535291659 15698.512465069483
6769 3467.880051091585 16461.610069473692
6770 2370.6150768602006 16367.855039626254
6771 3170.098297896729 16647.390572535376
6773 1802.0002940842908 16353.621353693314
6777 2809.9702232285445 15397.123408203472
6779 2609.107836855406 17034.3261983841
6780 1592.3081079542428 15443.783439356874
6781 3272.4317932631484 15407.157151141024
6782 1825.9048621987042 16020.069638440636
6784 2350.466048233614 16367.603199415922
6785 3414.173194111084 16491.5763978836
6787 2394.513268545214 16368.153740160757
6788 2829.989640944176 15479.32758244174
6789 3934.172954084011 17219.169417732755
6790 3134.7569227721033 16604.012272918168
6791 2853.387492889172 15352.089046967762
6792 2749.9735300775164 17244.391446741818
6794 3567.6271525971338 15997.22028651687
6795 1986.3239449545317 16774.17976583078
6796 2854.231536311551 15320.355414409796
6797 2849.9618183027146 16371.052009993427
6798 2847.4289837419947 15094.198103964087
6799 2290.2455122846673 16356.78621847213
6800 2691.0471619301657 17124.994770470905
6802 4200.37963781231 15437.752506715755
6803 3781.6371533112438 16605.807330568456
6804 4396.435549330386 15471.331265722361
6805 3003.5908007188805 16395.230456636473
6806 2123.532123807029 15401.145068712915
6807 2215.4599382447204 15403.962011948177
6808 2387.0128345553057 16368.05999316637
6809 2882.3224502972535 15420.231462963115
6810 2311.763277116137 16357.179468833163
6811 2326.1197901430805 16602.011353620244
6812 4031.298611244632 16905.564511018787
6813 3364.3704353971275 15288.85224768253
6814 3011.4673079152167 16395.936520829084
6816 975.887569885677 16051.8293108995
6817 3775.852981961541 16316.6191640669
6819 2887.8458602138285 17456.831326617143
6820 2802.471220600119 15396.941140778476
6821 3618.3562316910343 16609.60885087021
6822 2379.512507310185 16367.96624750617
6823 2850.4215563885514 15343.208924974511
6824 2295.736049209216 15416.923567883392
6825 2305.9737630949267 15406.391257521665
6826 3786.1037758903017 16519.690197040632
6827 1794.9470118572226 16356.421443167319
6828 4576.594139891787 15071.372640367948
6829 4101.2900108914255 15643.911235894258
6830 2324.9765386498298 16397.61812709129
6831 1266.544969812309 15566.43363415507
6832 4019.285868192975 15900.050087597103
6834 2516.2755444364266 15396.34252282932
6835 2854.0321015788895 15327.853593244878
6836 3045.8349305481265 16483.92132492596
6837 2829.6335193979585 15486.820159389512
6838 3234.901159295056 15531.96588957457
6839 2872.500822943526 15399.329789036969
6840 2736.588205184003 16621.881121277253
6841 2514.135192106022 16370.253705585934
6842 4054.6548652278743 15618.318618372965
6843 1093.6850159630992 15672.71200792995
6844 2880.0006748847068 15399.373715420103
6845 3143.2838144180064 16231.9386538059
6846 2887.152139797728 15101.97095886745
6847 4328.423234510912 16109.953421085778
6848 2022.5742432903758 15390.801051930313
6849 2481.7018769838414 17011.399529999595
6850 2850.6326677481125 15335.271738171676
6851 2891.960809458986 16583.343245528584
6852 1809.0378133920567 16351.028142866335
6853 3251.252234586824 15842.309521100884
6854 2869.911582254189 15399.315234596217
6855 2429.139671632216 16885.697579796557
6856 3893.6530360294114 16232.111532206798
6857 3831.259333331999 15203.05022459938
6859 2854.6616127227617 15303.149242462994
6860 1477.8169181187207 16521.07946666066
6861 3514.767287146232 15393.518023646438
6862 1833.0865839411576 15394.293234342393
6863 1847.3570938999314 15631.096852427901
6864 2582.4710064275832 16949.20784938738
6865 2308.923507001589 16592.443203182997
6866 2921.8366570270396 15083.676528255462
6867 2773.991487907439 16370.832750339667
6868 2355.09824460802 15751.246710017762
6870 1145.105644259644 15685.850170763146
6871 2850.832103536362 15327.773519649489
6872 2299.928603326391 16356.963182904909
6873 2339.260323745169 15977.42868639077
6874 3426.2096785637063 17221.385497940923
6875 1063.9907994103864 15676.291338663455
6876 3767.522706643365 15108.132736590733
6877 2395.6170891397733 16689.84303300802
6878 1829.5452321394246 17161.43831962316
6879 2193.6583279397055 15435.127136994595
6880 4057.0691335266156 15116.747602431124
6881 2033.539304296503 15829.18109758265
6882 3148.7531703027935 15577.215888720348
6883 3155.7160895284205 16668.398269435856
6884 3245.608801394907 16605.12124474321
6885 2821.0774511152913 16189.534358561501
6886 3287.9957398477445 16785.422555992667
6887 1868.834771727974 15468.894596127238
6888 2855.4200690519524 15268.029609629464
6889 1293.0404789391037 15558.217592135967
6890 2794.9368681904825 15396.758014157407
6891 3785.609521778638 15242.41887443065
6892 3735.814415354083 15469.272014595988
6893 1735.9520738899275 15744.632178490985
6894 2243.2271400502646 15393.335718074793
6895 2865.000906142443 15399.285862273955
6896 4623.0374380049 16278.624028943663
6897 2966.4761465296074 15615.760286238183
6898 2295.5067623033874 16977.222335513427
6899 2847.332044970539 16160.731104002554
6900 4117.577073156917 16966.16026565751
6901 4357.073930160166 14932.770425036915
6902 3538.154526612733 15356.771590070344
6903 1533.5059301575398 15880.909918913669
6904 2509.2762309929963 15342.574749282316
6905 2109.8492378712876 16353.489365820491
6906 4037.7015018460206 16913.154124176628
6907 3140.719399131199 17087.124420081404
6908 2222.953268281882 15403.97708907099
6909 1045.0156668860134 16883.05758160093
6910 1087.2521147036696 15684.960195339172
6911 2625.1915560581638 15268.423222423471
6912 4035.219598404222 15091.774849464813
6913 1848.5447618110989 15511.584416717498
6914 3324.8864374394752 15491.195107561021
6915 4304.875698864233 15623.696652345681
6916 2360.4519245919 17087.068851776505
6917 2574.8243260872646 17138.6795236037
6918 1594.7194661009942 15576.924447683687
6919 4275.69742271296 16462.19098198152
6920 3386.3898230003233 15207.6686544289
6921 3354.575693571544 16976.425945904637
6922 3621.957780402861 15961.133488318777
6923 3655.0468572127565 15297.494512918249
6924 2857.0211309014744 15175.003601547596
6925 3478.953314012239 16828.512208727312
6926 1596.246536628007 16974.804980609482
6927 2413.524076954379 16169.012051090485
6929 1032.662232890425 16328.914894627867
6931 3020.244364971402 16509.55214159379
6932 867.4891922204974 17127.89533884744
6933 1537.3662785142983 15709.073771137639
6934 874.7961817542347 17098.300263066714
6935 4763.507006583304 16198.586640984679
6936 2394.3761585005823 15176.33399720073
6937 1013.4942488827776 16229.317958061189
