4957 4170.168344504307 17049.194535003826
5005 4102.352202467957 16946.529414845158
5032 4060.2017885584605 16921.841829843972
5229 3655.2942985911845 16397.69604291256
5231 3742.4517949631922 16536.770950705093
5258 4267.101281131951 15967.81939706317
5303 3913.4123481935803 15318.030229069438
5333 2758.0261238932076 15399.062561159648
5342 2780.5192128220747 15399.609365547678
5396 2818.007731655018 15400.520707100786
5400 2773.0215314893208 15399.427097782422
5410 2788.016971124302 15399.791635184056
5417 2735.533030710317 15398.515756668203
5430 3921.7015958050274 15153.785674908135
5433 2743.0307245480353 15398.698024737454
5436 2750.528423947926 15398.880292941922
5437 2765.5238468978464 15399.244829937945
5450 2803.0123552109862 15400.156171235316
5555 2713.0398916197223 15397.968951060746
5597 2683.0910579996407 15397.20451471342
5625 2690.5893619452922 15397.403452088682
5630 2668.094356849044 15396.806637488635
5662 2728.035325784361 15398.333488329397
5664 2720.5376242566253 15398.151220073201
5709 2645.5994787845584 15396.209826258868
5757 2810.5100420939652 15400.3384391355
5769 2795.5146568627856 15399.973903056416
5773 2675.5927273516627 15397.00557662972
5780 2653.097762884663 15396.408763107607
5787 2638.101192900699 15396.010889362802
5809 2615.6063214233504 15395.414078307796
5819 2593.1114067152844 15394.817266105838
5828 2623.1046336055815 15395.613015901583
5831 2630.6029117952385 15395.811952593513
5836 2660.5960491556716 15396.607700013943
5861 2585.613117457237 15394.618329120254
5876 2810.0494544789726 15393.923407911756
5889 2608.10804300881 15395.2151416099
5897 2570.6165185840073 15394.220454608989
5947 2600.6097237727918 15395.01620382897
5968 2578.114821316077 15394.419391952053
5987 3139.933622674674 16618.420932637924
5989 3132.020569559284 16605.67773867267
6013 2817.5491334906733 15394.105675549092
6015 1873.4816531698566 15545.52068964438
6086 1540.245874481118 15520.421083360296
6087 2555.619904004164 15393.822579681011
6112 2548.121618817671 15393.623642803448
6129 2473.450087974831 15079.977584892024
6131 2429.623752904269 15388.435762934867
6161 2563.1181885344836 15394.021516541165
6164 2802.5497872469136 15393.741140560705
6175 2444.6252264328236 15388.607975743145
6204 2452.1259496522575 15388.694081991795
6205 2540.623325715425 15393.424705715874
6207 3583.085956767338 15125.890578139746
6216 2467.1275178631154 15388.866295887
6228 1853.764119260602 15264.030117402628
6230 3587.9315567892486 15134.182214634235
6265 2399.6206742598365 15388.091335807721
6267 2795.050110996402 15393.558872990476
6269 2407.121483122967 15388.177443039536
6281 2459.6267097288683 15388.780188663553
6285 1503.567412848674 16505.935737287833
6290 2482.1289682846345 15389.038508430018
6295 2377.116740288406 15387.788402418126
6297 2430.891969690356 15708.64703832111
6311 855.237825326669 17060.765274409296
6319 3148.5801958318375 16632.505049780462
6327 2362.0664461275223 15387.554963616923
6345 2258.1477125694596 15180.241317453656
6350 2437.124497474482 15388.521869428616
6354 1719.7861550495727 15397.424585975428
6356 3313.6938460308847 16768.089466596535
6359 2422.1230202281076 15388.349656577657
6370 1862.4910077804795 16355.25239933352
6383 2533.125050458831 15393.22576910176
6387 2187.0030857866095 15449.506278750367
6390 1994.1583735907516 15582.018887444427
6392 2347.390717197469 15946.685747225762
6394 3146.6292000306485 16623.131103809803
6396 3130.7994639338567 16597.639276007692
6398 2835.6023992607775 15846.964075731226
6399 1677.9767097464444 15398.181015370177
6403 4362.095058922803 15774.075715106304
6408 2384.618572616563 15387.904760193383
6409 3135.9770727790005 16612.04929807178
6411 2341.3039317691905 16188.304520552896
6414 2137.9732288432274 15385.388104004232
6421 1253.2886945606494 16925.541366350164
6422 3124.107549405822 16592.93459778936
6427 3143.8901719202227 16624.792566157106
6428 2332.791241514205 16325.86180026743
6430 1772.6804051691909 15398.856875467836
6431 2096.1979334389957 15384.690694192284
6433 2130.466916624564 15385.232809992754
6449 1709.5917551420798 16401.480784754636
6461 2391.4783961036737 15511.054731488937
6462 4032.4763691146436 15307.369054136369
6467 1869.9905458983926 16355.430542968616
6468 1877.4978834254075 16355.608871870465
6472 2145.4795177140036 15385.54339753268
6475 2553.7453214741304 15416.211972298946
6476 1622.1753188950024 16438.19436371855
6484 3142.6717447040814 16616.75811255445
6486 2474.6282267174684 15388.952401970742
6491 2832.4824753164635 15426.879889931119
6500 2122.960657212643 15385.077517073767
6501 2349.391219503635 15891.483714503187
6506 1540.3320142011794 16484.314670227923
6507 2152.985760955963 15385.698690117135
6510 3120.1510149222686 16586.56298804292
6513 2832.126356993419 15434.372399065325
6515 2831.7702396951227 15441.864886639474
6516 2826.0924088345023 15426.569949207642
6518 2160.492008722227 15385.853982795194
6521 2322.549859860349 16366.964079814374
6522 2901.4422591214425 15399.499298065139
6524 2822.892475680082 15426.419882280808
6526 3128.064066221335 16599.306179083163
6531 1469.000493239423 16725.862931486394
6532 2831.4141224871614 15449.357372313012
6534 2222.772101777206 15416.77708853687
6536 4746.134879638546 15768.754401689897
6537 3150.5866691523274 16629.50411728047
6540 2327.566914902782 15387.019855855899
6543 2831.058003296263 15456.849899706338
6546 2658.462714572465 15411.359772054753
6548 3134.7568870964287 16604.012215466915
6549 3418.7862109742746 17602.576639315685
6558 2334.747792364744 15843.44015323696
6565 2392.119960005809 15388.005229661992
6566 2959.6518381283013 15420.835465350228
6576 2852.8354885830195 15372.842839198602
6582 2851.286243373123 15504.27367564566
6585 2849.2366163237884 15387.759301911792
6586 2358.7983968626977 16367.707344408229
6587 2848.479017332406 15544.467283112965
6590 3349.829213208651 15407.747577318953
6592 2350.5632346486423 15859.143027773349
6594 3664.7478941795484 15884.964075620257
6596 2081.181064651696 15384.701097288083
6597 2215.262220390358 15416.762012015428
6600 3591.8525793685417 15917.815567304602
6601 2852.4366151350396 15387.839346605357
6602 2941.3616461625656 15402.090078653411
6603 2853.0349254597313 15365.344579753326
6605 3161.029388446026 16660.30859495687
6606 3116.1945024954734 16580.191413816716
6607 3138.7143213560335 16610.385172796538
6610 2992.769676494801 15421.381350513297
6611 2853.2343600883396 15357.846404830338
6614 2849.436052383714 15380.261073175341
6615 2962.811833758741 15399.009401387088
6618 2868.440998057136 15416.601052675469
6619 2088.689469467163 15384.695895760675
6620 2852.636051576747 15380.341103514997
6622 2846.9718315173423 17393.96655420594
6623 3511.630956285332 17169.90863292769
6624 1885.0083822638685 16355.787275865941
6626 2973.6021388465824 15421.065409771667
6629 2073.672649648257 15384.706298822552
6630 2414.6222511159867 15388.263549802174
6631 2943.7619272814572 16774.013451721614
6632 3932.834069998014 15352.6841334115
6635 2043.639079319933 15384.72710489829
6636 2941.1361277007913 15418.115239568258
6638 2830.7018824090997 15464.342462788018
6640 2849.83492469803 15365.26460839113
6644 3704.5130223937545 15270.857923882832
6645 2849.6354886449235 15372.762836871194
6646 2051.1474554172014 15384.721903390775
6647 3420.1060601660047 16075.566892449828
6650 3118.3654468433638 16577.615832747408
6651 1110.3147346654655 15691.157040065009
6652 3928.7195766922673 15739.380096499277
6654 2853.9577629260884 15466.023101343606
6655 3209.4024265616613 15325.780674125906
6656 4146.1715185041585 16107.742746980888
6657 3195.033581951204 15622.072348762793
6659 4064.6475694060136 15600.323957688535
6665 2855.636615179544 15387.92934493212
6668 2549.8452349933664 15087.361784626113
6670 3107.9054180795765 16586.282812319638
6671 2360.8495255884845 15406.995034856009
6672 2319.898886894013 16357.328152095919
6673 1841.970822621549 15533.73683879414
6675 2817.4692503424403 15397.305676223601
6676 3126.8420102794844 16591.2662874452
6678 2372.5032464434944 16367.878639623743
6679 3041.013482271848 15399.726330259791
6680 2058.6558217131546 15384.71670189005
6681 2395.841950379518 15761.548744369904
6682 2859.406257446917 15401.922726139592
6683 2830.34576126762 15471.83503122035
6684 2036.1306913117555 15384.732306414055
6685 3612.7988235873054 15972.869858071625
6686 1814.759420349641 16328.568474865511
6689 2837.6375027203517 16368.200689311197
6690 2066.1642216608043 15384.711500366013
6691 2924.061635776906 16370.894980927244
6692 2028.6222510128343 15384.737507966047
6693 3009.2176574449168 16431.771411432757
6694 2346.5852904758185 16365.640284671863
6695 2983.8293438614696 15421.23398597569
6700 3222.41818012256 15329.430133887863
6701 2170.8929126762723 16689.777994120774
6703 3125.5903160945727 16242.233847504678
6704 1808.9531663314458 16323.198221606923
6705 3623.446975013932 15912.268606226291
6707 1820.2658000617114 16333.66137185195
6708 2858.783206023246 15404.018162182087
6709 2963.0481688102973 16294.162097899525
6711 2434.988236537886 15407.810755152814
6712 2346.759325790479 15387.317541292603
6713 2850.0343590695716 15357.766443133129
6714 3131.8046684651763 16625.79978696243
6715 3220.327478384003 15663.734550840865
6716 2021.1138730285686 15384.742709474867
6717 3237.123520259547 15691.397794459464
6719 3157.855845647403 16665.769495927885
6721 2582.7391903048156 16985.929833856677
6722 2354.5037411032567 15387.437661670805
6723 3460.6382785375554 16054.400418691106
6724 2336.667529485334 16406.74763330605
6725 2856.5252180476655 15429.262512117872
6726 3156.9297669011594 16647.426818368305
6727 2308.316994395232 15386.721278411596
6729 3094.997278425073 15527.726249414327
6730 3459.2214603739176 16071.106918542475
6731 2850.233795406125 15350.268203996264
6732 4124.990492639963 16970.09191564071
6733 2338.483448429474 15387.189177629449
6734 3116.680625267341 16222.690389411751
6735 3796.525856657437 15221.36033913257
6736 2369.613135865121 15387.672017156645
6737 1502.9249021710339 16817.792046423376
6738 3075.597140341388 16539.04001563912
6739 1743.7624620039842 15381.368298278498
6740 1409.4183554649958 16299.079225727144
6741 3299.256145120919 16575.090493363194
6742 2572.570674178093 16944.126785058797
6743 3324.578716312281 17348.634763141985
6744 2854.0036947096755 15328.9216107495
6745 2396.3379504570908 16368.176546633715
6746 1429.6530108287022 16542.407680456945
6747 2006.085182596185 15384.753120760239
6748 1986.9512218667444 15402.5871461103
6749 3936.8093737716567 15737.826625608503
6750 3169.651825544018 16684.931406787462
6751 1485.8273021772734 16504.364975298224
6752 3801.7038171653985 16302.096687272833
6753 3333.3111037788167 16554.369734492586
6754 3008.508567546567 15421.640776476224
6755 1849.5894701009695 15408.751058355543
6756 2334.161283627051 16133.68326064511
6757 3112.23796035756 16573.81979174368
6758 3303.4204601669453 17365.099253827382
6759 2847.6264733361045 16367.915976206423
6760 1429.5169686165443 15627.33521817319
6761 2013.6054730963106 15384.747910998894
6762 2853.6332315405657 15342.849972458253
6763 2167.9982307985683 15386.009274941765
6764 3170.576633642364 15424.388026232387
6765 1819.6326362216573 16347.952212036342
6766 1556.7728625402865 15486.46517999354
6767 2312.2994451013756 16357.189267632222
6768 1416.336121454765 16199.74284586379
6769 3161.787834589468 16672.156792470356
6770 2505.6196616229813 16370.042492462424
6771 3746.1193926771766 16548.675028283484
6772 4178.0014496313925 15805.235960001544
6773 1419.4221806524229 16543.85002152133
6774 1848.9016378743247 16436.55036667278
6776 4271.888732123467 16038.687869773834
6777 2809.9702232285445 15397.123408203472
6779 3212.0732299006063 17402.353187047556
6780 982.0351385527539 15607.196557543444
6781 3000.989698414274 15421.516842086035
6782 1407.0274269502538 16161.634540891193
6783 3818.9088403549063 15195.652864196163
6784 2384.3447050018467 16368.026644545927
6785 3165.7198286175458 16678.54409727477
6786 2839.77424225602 16360.007174915932
6787 2643.425697022347 16353.279033702926
6788 2829.989640944176 15479.32758244174
6789 3914.4454015737997 16795.14835421636
6790 2825.4043153290927 16357.989682095344
6791 2853.433795434147 15350.348202942696
6792 2424.6657333608605 17050.87686273565
6794 2724.2279829081785 16358.364141368627
6795 1269.8701059270534 17164.99441728761
6796 2859.684358154346 15127.207362928506
6797 3084.497576217708 16263.23915357383
6798 2858.5146335336235 14546.030193885055
6799 1702.7779156897302 16393.01174364003
6800 2276.234732872261 16611.537201009352
6801 3201.9100822984046 16190.808528011838
6802 3835.9877157526503 15203.212668193999
6803 4230.9001299575175 17155.66167334367
6804 3873.263799919896 15246.393740535694
6805 2643.1062978339464 16345.784559889387
6806 3335.328025119004 15427.954339380814
6807 2215.4675232425616 15403.962027209744
6808 2752.0619492093797 16371.140187727158
6809 3700.5511438460385 15312.781649224413
6810 2157.956553778896 16354.368556549507
6811 2582.3060008361294 16991.284141488435
6812 3938.0076869391332 16224.906666061057
6813 3766.639616674453 15235.616556100525
6814 3122.656604537629 16226.234196322808
6815 2507.0450349407265 15292.2357106598
6816 668.6909325053091 16165.87048808468
6817 4493.2648068578 15976.267311560803
6818 4116.644503160005 16965.03420707258
6819 3615.058765409376 17231.697531138187
6820 2513.8944116982098 15267.798867399259
6821 3419.5640902441937 17052.22248314676
6822 2683.7196770393707 16372.09830043078
6823 2850.4332320329804 15342.769953944862
6824 2885.548139441983 15399.406206735326
6825 3414.382074608904 15429.76053609261
6826 3247.8481328451885 16803.71764138117
6827 1403.7327587966263 16552.78664849147
6828 4142.706976770599 15612.592549487565
6829 4174.063673302204 15309.535245070832
6830 2767.423810316819 17271.4152558911
6831 863.7454559982752 15809.927804542833
6832 4455.214901669131 15943.944640674155
6834 1849.5105683191032 15416.252107299806
6835 2854.8621477222523 15293.863651083067
6836 3451.8563828681904 16052.224302519517
6837 2787.365416801745 15808.56165788164
6838 2872.5579431607493 15399.33012358818
6839 2957.3169190984495 15398.968370064953
6840 2833.0848376657955 15736.27127615904
6841 2637.595602482496 16370.715147923838
6842 4389.397663526793 15781.847799281633
6843 995.5097662828725 15408.243326573094
6844 3253.0528365932532 15408.243738794847
6845 3368.8829646188315 15908.644719273285
6846 3270.6503079944164 15136.736233581325
6847 4169.9083759269515 16514.515704946607
6848 1476.1700574800723 15567.969831003715
6849 2315.9494421504733 17449.516789121844
6850 2850.6401998981014 15334.988550750531
6851 3398.195051466513 16096.795543853434
6852 1472.7483851914953 16716.97950025155
6853 3614.606045890563 16335.814452813966
6854 2856.7379681091006 15149.810565647022
6855 1859.087813462329 17357.279903984345
6856 3980.3505869729966 16206.177422102013
6857 3564.751845436345 14781.024234051994
6859 2808.5514774081494 15002.714095735391
6860 1903.1085225136972 16356.217225648066
6861 4041.45739989306 15357.706007116749
6862 2498.8836410091835 15204.49045554468
6863 1546.8580644232948 15951.200224329295
6864 2386.0998044543403 16802.172654145124
6865 1830.7566454239332 17212.615780635082
6866 3325.8574170008133 15228.285618091935
6867 2991.2884213472735 16022.755612498282
6868 2508.5663252817767 15377.693608876107
6869 3466.566941634554 17481.07589836558
6870 1301.1345282502132 15743.855402987609
6871 2856.5089037107905 15129.430671940634
6872 2061.400879359864 16352.41392110181
6873 2601.216247128376 16174.996088647636
6874 3497.007414990395 17468.13176368536
6876 3623.3194632802297 14874.813871379516
6877 2611.211250079358 16669.61273470562
6878 1853.1316363943122 17172.072069809063
6879 2358.3071252973664 15751.360076944311
6880 4429.644430277815 15085.971552811703
