5333 2758.0261238932076 15399.062561159648
5342 2780.5192128220747 15399.609365547678
5396 2818.007731655018 15400.520707100786
5400 2773.0215314893208 15399.427097782422
5410 2788.016971124302 15399.791635184056
5417 2735.533030710317 15398.515756668203
5433 2743.0307245480353 15398.698024737454
5436 2750.528423947926 15398.880292941922
5437 2765.5238468978464 15399.244829937945
5450 2803.0123552109862 15400.156171235316
5555 2713.0398916197223 15397.968951060746
5597 2683.0910579996407 15397.20451471342
5625 2690.5893619452922 15397.403452088682
5630 2668.094356849044 15396.806637488635
5662 2728.035325784361 15398.333488329397
5664 2720.5376242566253 15398.151220073201
5709 2645.5994787845584 15396.209826258868
5757 2810.5100420939652 15400.3384391355
5769 2795.5146568627856 15399.973903056416
5773 2675.5927273516627 15397.00557662972
5780 2653.097762884663 15396.408763107607
5787 2638.101192900699 15396.010889362802
5809 2615.6063214233504 15395.414078307796
5819 2593.1114067152844 15394.817266105838
5828 2623.1046336055815 15395.613015901583
5831 2630.6029117952385 15395.811952593513
5836 2660.5960491556716 15396.607700013943
5861 2585.613117457237 15394.618329120254
5876 2810.0494544789726 15393.923407911756
5889 2608.10804300881 15395.2151416099
5897 2570.6165185840073 15394.220454608989
5947 2600.6097237727918 15395.01620382897
5968 2578.114821316077 15394.419391952053
5987 3169.884082956946 16670.689680800697
5989 3147.0640506367695 16629.903785748
6013 2817.5491334906733 15394.105675549092
6086 1155.5639278614156 15851.110223703072
6087 2555.619904004164 15393.822579681011
6112 2548.121618817671 15393.623642803448
6131 2429.623874166982 15388.435764326929
6161 2563.1181885344836 15394.021516541165
6164 2802.5497872469136 15393.741140560705
6175 2444.6253428993678 15388.60797708015
6204 2452.1260746846706 15388.694083427132
6205 2540.623325715425 15393.424705715874
6216 2467.1275178631154 15388.866295887
6265 2399.620936929539 15388.091338823098
6267 2795.050110996402 15393.558872990476
6269 2407.1216504532927 15388.177444960442
6281 2459.6268117049585 15388.780189834211
6290 2482.1289682846345 15389.038508430018
6295 2377.1192518934654 15387.78844137458
6297 1884.9879939922896 16355.786791564007
6327 2362.1186152052005 15387.555772789608
6350 2437.124611515832 15388.521870737779
6359 2422.1231233748863 15388.349657761753
6370 1690.7030113856526 15546.550165037972
6383 2533.125050458831 15393.22576910176
6387 2187.296635378111 15420.64132864986
6390 1917.9788951306848 15748.030242092273
6392 1869.9899749884887 16355.430529407251
6394 3979.7184556864104 16867.979829265852
6396 3150.5867128151444 16629.504187594026
6399 1357.6126601461974 16033.560400243658
6408 2384.619602218302 15387.904776163105
6409 3148.725852458328 16649.655033749874
6411 1862.4910141482205 16355.252399484778
6414 2287.1153217704627 15386.392428158695
6422 3133.342171830648 16607.806049179795
6427 1933.9706307983936 17328.857000953227
6431 2264.614229482555 15386.043423152327
6433 2279.6149824413737 15386.27609354072
6449 1065.7244807411319 16898.96290808863
6467 1194.8319542501497 16578.500132755704
6472 2294.6156458014166 15386.508762539386
6475 2216.8121527118356 16364.722851190423
6476 1152.6982616217228 16306.217461994525
6484 3268.031262119759 17182.94585754479
6486 2474.6282267174684 15388.952401970742
6491 2832.4824753164635 15426.879889931119
6500 2272.1145969515032 15386.159758206766
6501 1842.7170075150175 16870.41459535706
6506 1432.0205278925441 15640.246964215714
6507 2302.115982805119 15386.625097121292
6510 3128.2725860873516 16599.641979823977
6513 2832.126356993419 15434.372399065325
6515 2831.7702396951227 15441.864886639474
6516 2826.0924088345023 15426.569949207642
6518 2309.6163095905754 15386.741431544708
6521 1080.9615039146238 16746.9851528968
6524 2822.892475680082 15426.419882280808
6526 3139.7230827267867 16618.08187875389
6532 2831.4141224871614 15449.357372313012
6537 3899.340513126594 16807.227580337756
6540 2332.1172492690425 15387.090434184014
6543 2831.058003296263 15456.849899706338
6548 3252.3469785965854 16793.570021187166
6558 2187.3595060845705 15430.120008743992
6565 2392.120213984194 15388.005232577596
6566 2871.422460313253 15416.69342494049
6576 2526.0174839677566 15415.79178037018
6582 3556.1995963847944 16003.329672397262
6585 2502.498055271582 15566.588361782908
6586 1415.3591848532633 16335.394444332096
6592 1876.4932403373848 16850.87915898701
6596 2249.613559864064 15385.81075405659
6597 996.0370861575357 15703.272849365143
6601 2504.195300526578 15500.31517768845
6603 2834.060370820282 15901.562799540281
6606 3124.107654046116 16592.934766302267
6607 3884.938335273254 16465.66211484502
6610 3318.396671813235 15216.832398968194
6611 2894.012070883487 15599.401960383004
6614 2508.493236682878 15457.523515625326
6618 2863.9210464330235 15416.461014622513
6619 2257.1139214511127 15385.927089019799
6620 3029.3987613455233 15599.206076885968
6624 1019.9139697038123 16782.48001825018
6629 2242.1132379523315 15385.694419708769
6630 2414.6224131093286 15388.263551661812
6632 4891.525779060303 15772.942439765124
6635 2160.49205343795 15385.853983720292
6638 2830.7018824090997 15464.342462788018
6640 2581.9791494845613 15416.639832085903
6645 2550.8527949239374 15416.168138505205
6646 2167.9982735277836 15386.009275825767
6647 4198.231020048976 15433.352718997417
6650 3142.671750203841 16616.75812141113
6652 4222.301243916701 15199.4360721416
6654 3098.905856710271 16552.349749742847
6656 4175.388989184047 17058.21888756697
6657 2871.3116710717622 15419.88624051215
6665 3375.3159629785437 15407.942002976357
6670 2432.0153220968155 16368.622473677857
6671 1497.3466892395882 15856.39654708361
6672 2554.8776555400214 16922.400819023213
6675 2817.4692503424403 15397.305676223601
6676 3146.629253347426 16623.131189669864
6678 2314.324873721331 15794.78090792213
6679 3637.6690063790898 15223.545204313827
6680 2227.1124503432748 15385.46174878293
6681 1877.488996254246 16355.608660765067
6682 2959.106739525203 16361.731895161272
6683 2830.34576126762 15471.83503122035
6684 2152.98574862094 15385.698689861943
6686 1814.759420349641 16328.568474865511
6689 2829.277397304402 15494.312747852959
6690 2234.612841286497 15385.578084201468
6691 2384.6388243008737 16368.030320706575
6692 2145.4794853376716 15385.543396862862
6693 2398.2758445939894 16368.200768132234
6694 3395.8202494050274 16088.185499278212
6704 1809.2530000191537 16323.475540310756
6707 1820.2658000617114 16333.66137185195
6711 1837.4906972867263 16002.187434732943
6712 2347.117901628229 15387.32310301205
6713 2642.460575400115 15417.552965925419
6715 2878.8035258153795 15420.121133647677
6716 2137.9731794636114 15385.388102982644
6717 2886.425173238942 15417.15824201861
6719 3440.3480269248316 16039.861690229482
6721 2018.9221650448053 16360.118394570067
6722 2354.6182410855663 15387.439437632012
6725 3485.8053135986224 16109.72836635119
6726 2632.9096814473974 16181.30757096353
6727 2324.6169317747226 15386.97409990471
6731 2829.7960082024024 15415.422618426745
6733 2339.6175803187475 15387.20676867357
6735 4244.607842155054 16053.672917983482
6736 2369.618919765305 15387.672106868296
6737 1414.3484914606436 15589.88561100033
6738 2408.15042341088 16368.324189268422
6739 2088.6895745929305 15384.695895687848
6740 1151.810839128017 14962.033148502906
6742 3336.2190430143723 17344.27266988367
6744 2851.4600653678294 15409.018940107335
6745 2276.8091987201506 16365.9911804228
6746 1446.8024519911523 15986.323528786786
6747 2122.9606487686424 15385.077516899073
6748 1486.6347199293339 15903.352730460154
6750 3593.8969589173885 16300.151595514288
6751 1816.1048286791745 16348.51385978829
6752 2593.822913471364 16965.75715939008
6753 2470.971209451923 16369.183097052775
6754 2878.9238140751695 15416.92583339587
6755 2096.197974040225 15384.690694164157
6756 2193.9096634828693 15422.717271513131
6757 3120.1511401011835 16586.56318963125
6758 2577.35888964564 16989.39935275028
6759 2828.921244348338 15501.805985644469
6760 1803.7466064355285 16318.3826304944
6761 2130.4668782947742 15385.23280919977
6762 2798.733136446678 15413.06964975783
6763 2317.1166299361003 15386.857765868235
6764 1886.2678396445137 15402.3069034489
6766 2782.5467600666943 15402.22151551843
6767 2793.2001672512224 16357.659816523406
6768 882.7667611101558 15843.62488965027
6769 3528.275772966684 16187.742297286026
6770 2308.3185983521894 16366.657284761377
6771 2917.4081602063698 16370.19927530675
6773 1802.0005137253902 16353.621266497777
6777 2809.9702232285445 15397.123408203472
6779 2580.0490710081713 16987.65965464378
6780 1843.5487295919374 15382.756758037822
6782 1898.921474607615 15978.903143913409
6784 2246.578076350903 16365.35209868829
6785 3569.408688118361 16257.980653446546
6787 2371.056872090835 16367.86056157006
6788 2829.989640944176 15479.32758244174
6789 3413.657347727953 17505.730950574678
6790 3138.7137123910097 16610.38419213385
6791 2772.247632782637 15412.746795006524
6794 3974.205221890112 15711.940382356945
6795 2329.5789014129873 16535.414532605944
6796 2852.1774206296227 15393.982588300563
6797 2447.6958339412367 16368.818462451023
6798 2977.597947933309 15139.906604482827
6799 2434.3610644203495 16357.670266724845
6800 2979.0505931666557 16954.38241324395
6803 3821.735160446468 16274.607837065212
6805 3116.1945726500508 16580.191526793766
6806 1887.4902287621073 15395.933954308151
6807 2215.4599382447204 15403.962011948177
6808 2358.641133002688 16367.705378786744
6809 2863.819813259533 15419.651347280414
6810 2791.6248807819566 16360.87640718009
6812 3733.5728184099657 17158.09670209079
6813 3177.3004431386803 14998.614554040372
6814 2837.8370438918987 16368.195001839618
6816 918.802911061533 15725.150446120517
6817 3198.423937078888 16635.204886047777
6819 2736.295859353477 17097.975805118647
6820 2802.471220600119 15396.941140778476
6821 3850.0925875117496 16484.710602904055
6822 2349.6443410106835 16367.592928999235
6823 2847.1127508576574 15413.839948113153
6824 1929.7892849569623 15403.045522136026
6825 1898.9680660641325 15396.185359568763
6826 4116.042603388047 16439.02811832487
6827 1795.0288160821672 16356.388967627305
6828 4399.177032214141 15001.524227433078
6829 3641.653945734127 15908.749725039948
6830 1893.1100381145288 16355.97972217408
6832 4055.306337770509 15658.654264554998
6834 3138.997086145729 15406.631023985708
6835 2851.837162270877 15401.506078677274
6836 2660.824100138074 16372.419281024333
6837 2829.6335193979585 15486.820159389512
6839 2872.500822943526 15399.329789036969
6840 2468.6222046108373 16787.547495075865
6841 2416.901220843066 16368.43356440043
6842 3832.39357000445 15227.06468598777
6843 1633.5246875608514 15405.988809247112
6844 2880.0006748847068 15399.373715420103
6845 3112.23805441903 16573.81994322043
6846 2852.8879829517605 15370.869200207031
6848 2730.6101426124674 15400.997537284658
6849 2819.0447528605832 16480.929857060382
6850 2848.846580544552 15396.846082883714
6851 2474.352144660012 16713.93220704856
6852 1809.0378133920567 16351.028142866335
6853 3003.391731056981 16035.85254022455
6854 3308.058487713762 15404.228700506186
6856 4467.97320324536 15913.599780749582
6857 3388.316133478225 15428.223217060056
6859 2852.6756129544656 15378.853708209594
6860 1040.1268010224294 16770.07311972697
6861 2749.154611760556 15413.188657205797
6862 1403.2220705299742 15533.224042965248
6863 1866.194803139151 15584.78464171102
6864 2813.8922174700615 16399.714166045378
6865 2477.393510341837 16795.32099206991
6866 2849.6905588508357 15370.692353726645
6867 2424.514699815534 16368.528724330039
6870 910.6992977739412 15732.054416451445
6871 2849.3708677532104 15382.71182992314
6872 2332.8997666976356 15971.156628471193
6873 2193.5969403986574 15438.583255555599
6874 3276.1619676527844 16865.39084566387
6875 1607.9222072490907 15427.086814290924
6876 3839.8489301820355 15204.149679054612
6877 2338.473451093061 16042.204235608797
6878 1828.4063240995947 16589.045438590394
6879 2193.757272936313 15430.190269469285
6880 3778.0897437158405 15250.168541937826
6881 1878.5423208058664 15580.851536008127
6882 3416.107954024525 15994.94235549767
6883 2852.4727703828107 16367.777843426587
6884 2859.322375444712 16816.663036211754
6885 2809.995300149692 16058.668429492956
6886 3094.9830511216032 16564.9159142302
6887 1852.736855305312 16063.228030592496
6888 2991.2746904364 15399.2219376526
6889 1280.630020884922 15684.79960884159
6890 2794.9368681904825 15396.758014157407
6891 3107.849954031468 15423.079039342068
6892 3633.1390819148637 15329.12432664472
6893 1849.5370094275336 15413.738399196052
6894 2851.3935692199693 15403.844012323163
6895 2865.000906142443 15399.285862273955
6896 4505.565953130987 15998.853667942249
6897 3090.988230703974 15432.42145381221
6898 2549.581832682267 16966.59698379602
6899 2813.1205226267534 16351.80453954213
6900 3719.6850036219166 16506.470431690224
6901 3823.3666603684824 15221.851256445889
6902 3828.5041146098933 15204.150309155022
6903 1428.7346754939304 16283.392798323222
6904 2511.7213757085797 15379.983064770711
6905 2319.8986537072406 16357.328147834289
6906 3677.9083394179997 16581.520617018206
6908 2222.952960155003 15403.977088451014
6909 1219.200317986284 16657.895530295275
6910 1023.2871283497674 15686.897217561262
6911 2511.86260599966 15372.521896016564
6912 3900.302605407648 15294.638699882309
6913 2081.1801618061754 15384.70109791354
6914 3498.0183335977654 15759.447195403458
6915 4103.794941298074 15670.58638510399
6916 2443.8541962752934 17053.307192912245
6917 2701.7116765331125 17347.374037555066
6918 1842.4996286304186 15474.267115172494
6919 4431.901698281828 16298.803877911425
6920 3190.156023966016 15018.728314037351
6921 3233.0062368953227 16599.15360904377
6922 3566.451706367543 16246.508290455757
6923 3717.611525022208 15283.179549467504
6924 2852.4738636061443 15386.438910011639
6925 3341.9843858572212 16959.95025735876
6926 1821.2085781228823 16869.514356026015
6927 2641.9479066417634 16318.603737987092
6929 1260.3061907874476 16242.932935875191
6931 3046.5056644287847 16491.696920400453
6932 961.847572563856 17358.274532897707
6933 1432.7086034323886 16065.837546380013
6934 887.1747820756227 16850.92945699987
6935 4566.679325707754 16110.47774290714
6936 2508.5270648413443 15379.950239202026
6937 973.1419789852366 16045.177544162592
6938 3261.4397798911714 15403.124312575845
6939 2771.3489344292057 17283.3987996838
6940 2102.782734360362 16715.517289272037
6941 1909.163319754731 16819.369560859002
6942 3001.0939746861336 14416.852959970276
6943 1321.4146614780761 17048.880850827405
6944 1412.703222474797 16163.51108428239
6945 1250.00473326041 16087.369258862136
6946 3358.8721319629376 16957.13212632452
6947 3402.8129214612804 16700.469323456677
6948 2486.753712365709 17466.962202543542
6949 2374.069592554208 17068.358196141307
6950 4559.551006409683 16097.976597264846
6951 4119.481455574327 15906.881751043622
6952 1004.7583858112805 15634.964160785212
6953 3015.666872032442 15399.404077598809
6954 3825.544626692324 15208.057868472464
6955 4249.166489700327 15560.83476462524
6956 3562.757651066314 14777.811135607955
6957 1020.880423780275 15034.317032941957
6958 880.7387226861257 15846.882882176893
6959 2041.9310182404618 17873.479800571044
6960 4150.435584732035 15243.124474341173
6961 3177.0895603916256 15254.093541339873
6962 3378.387669599844 15580.035081528182
6963 1941.5145212955265 17569.457540021092
6964 3659.652054735308 15891.56696114631
6966 2831.6306167123985 15353.903916749267
6967 4172.884737858687 15226.964703105607
6968 1542.83765561436 16894.712682259025
6969 2876.788383480059 16160.787504302572
6970 2187.6859815942425 17174.763196808482
6972 3012.9894425788084 17136.726519941105
6973 3428.4897660818715 15428.216315789474
6974 4154.471556489318 16510.20171213825
