1021 3568.995633009719 15101.779664700842
1052 4012.5749376613317 16826.43071805361
1113 4083.525419695254 16934.360333876797
1138 2802.394087597819 15400.141141221213
1157 2701.7518269966063 15296.783624644957
1197 1542.4891334698045 17036.809497663664
1204 3708.189171223352 15326.924551560747
1209 2675.5927951180875 15397.005578427628
1224 2939.4435639904164 15399.508152327708
1226 2837.069749146565 15244.75959349409
1233 2817.3894430472155 15400.505676576304
1247 1205.5675434205955 15419.458937082336
1248 2832.3153073502435 15430.397000489047
1265 1034.002215343708 16673.704291992955
1268 3508.1871221894335 17174.785311620202
1269 2526.9012475465893 15415.805173059844
1282 2809.891776900584 15400.323409180219
1286 2787.398737795262 15399.776606003394
1292 2779.9010245716263 15399.594337462871
1305 3785.81578089988 16606.47354036907
1309 1900.9408693596652 15402.61769940871
1315 1344.6314737444147 16199.867062435573
1324 1487.4107662713704 15803.113560855949
1326 2829.943044607572 15480.30794052789
1332 2830.984374006437 15458.399014399032
1339 3162.859274752684 15571.672251904052
1340 2145.251241981339 16170.516227173202
1341 2510.922324917255 16691.414491911713
1349 2832.7719518761637 15307.924380623885
1352 2817.549177369522 15394.105676615496
1356 2966.9951704337823 15799.01586938357
1357 2474.6282660416546 15388.952402422174
1358 1429.4854730001587 15609.42316371139
1359 3340.5644706708904 15514.923301076089
1363 2938.7846320361296 15406.459482357006
1364 2749.9101217358225 15398.865262086721
1367 2810.049450029243 15393.923407803612
1368 1691.968197984354 16954.62537598615
1369 2349.5110569547496 16367.591263098346
1370 2683.091075028332 15397.204515165207
1371 2832.99264842994 15415.453061010228
1372 1661.954265501233 16421.130289783
1378 2690.5893544760343 15397.403451890515
1380 2830.3784346916864 15471.147602597839
1392 4066.1637869613223 15652.022657944528
1393 864.0343458359347 15802.887703949109
1397 2308.9497908672784 15775.891597705757
1398 2526.9810080266643 15412.605173394602
1400 2409.692991853944 16360.585366015537
1401 1049.9152175834165 16610.590129863795
1402 2794.896400404661 15399.958873313488
1403 2734.914671940004 15398.500724438078
1409 2829.4073852453625 15979.14551766314
1410 2827.852928594632 15524.28268797876
1412 1292.0612994262488 16627.629195061243
1413 2828.578897344666 15509.008754741411
1417 2534.403577428428 15415.918864524696
1418 2937.284550701658 17003.351794640275
1419 4354.681106359371 16965.870731343155
1420 1873.4397628125637 16355.512475486279
1421 3961.6255951125327 16852.17884852227
1422 2871.4224882594326 15416.693425806325
1424 3354.1618686200345 14460.749874583842
1425 1355.4668374118528 15674.34505443051
1426 2452.0198948876136 15388.692864512137
1427 2742.4123598311166 15398.682992362768
1428 2828.2109719349796 15516.749677671785
1429 2829.4751465005997 15490.152227141389
1430 1488.9522838633166 15554.300470629063
1431 2319.8951674515324 16357.328084120825
1434 2541.9058923020098 15416.03255576211
1437 2848.3391161565414 15405.673951956767
1439 2829.0125853828276 15499.884226804897
1441 2863.921095029604 15416.461016128142
1443 2759.8454822699778 17253.837395740207
1444 2178.5857564286002 17204.1132558458
1446 2286.1564390286107 16356.711488148287
1448 3762.8058918310835 15832.87898656212
1450 1617.2470716562618 16990.447124040893
1452 3761.341126149837 15240.283881600422
1454 2431.6953897782073 15395.411127490326
1460 2772.4032700345765 15399.412067918027
1461 2224.132278895031 17181.941047164204
1464 1856.2440561721241 16355.348153894056
1465 1709.9846313258531 16401.318731241598
1466 2836.3216910367983 15401.627964723542
1467 2764.905536123796 15399.229798874603
1472 2357.011434004998 16367.685009381054
1474 2668.094461251366 15396.806640258532
1475 2485.020240031853 15395.998339906519
1479 4067.6484978811873 15654.867503616459
1480 2467.1271770049707 15388.866291974042
1481 1914.675513275595 16836.044960513733
1482 4455.334567412124 16372.722030009547
1484 2801.598487849436 16613.33579115251
1489 3604.092997583945 15947.416805278937
1490 2727.4169237154924 15398.31845504669
1491 2719.919249736655 15398.136187460204
1492 2757.4078329441236 15399.04753057825
1493 1893.3346350536196 15402.504898763058
1494 2831.609718142597 15445.242160766378
1495 2803.1898405715133 16305.023496041807
1498 1837.2391151880245 15383.071760478308
1500 2830.9971546902907 16130.132109627482
1501 1422.897525920346 16463.114844098433
1503 1191.8052847933307 16761.843907432536
1504 3154.600988724742 17419.870520122782
1505 2996.572658315372 16135.641252545658
1510 2247.7732356744245 16642.41657942939
1511 2372.012120300608 16367.872501098982
1513 3517.6020396458425 16023.956283399115
1516 2924.7558791151746 15419.245117682074
1519 2304.7009747366965 16357.050400921966
1520 2111.5342047827035 16723.41059083187
1521 3179.917198362921 15002.678559757822
1522 3427.3835422586353 17316.665561730555
1523 2337.952438191466 16085.077808377811
1524 2324.216313606741 15394.227569586112
1525 3179.9536481973605 15597.233817101776
1526 2712.4215208184733 15397.95391853815
1527 3744.2817838610636 15840.982755419844
1528 1855.083105862035 16344.940523503099
1529 2693.9643468603904 15418.193507398779
1530 3927.835862403472 16511.322849803433
1531 2988.923459834013 16019.028111145226
1533 2818.9093365755057 15729.75012585331
1534 2352.161481578623 15903.454478103897
1535 3384.743699928691 15944.58119859174
1537 2952.20552738532 15420.712726948368
1538 2572.5706588091853 16944.126761030107
1539 2653.0978939350694 15396.408766584504
1540 2312.3688252345883 16357.190535596745
1542 3091.6358581549157 15546.480015292087
1544 2863.8197932921057 15419.651346654373
1546 3475.9427810506427 15413.936054190412
1547 2459.611838523161 15388.780017946185
1548 1855.879839721561 16065.765702757215
1550 1758.8185118485567 16381.175739070522
1551 2274.0869350748962 16356.490910554636
1552 3498.9329887998892 15377.963435486769
1553 1722.9283451929816 15384.18681302965
1554 2997.1089937727556 16739.550133929028
1555 2534.482948036256 15412.718888662628
1557 3561.190162400955 15344.368884060454
1558 2245.057741645868 16355.960384225073
1559 2379.512501527295 16367.966247433891
1560 2871.311658407242 15419.886240115078
1561 1432.0840194833972 15640.423774673207
1563 2206.9600162000925 16665.606785545653
1564 2608.932933182532 16358.95910160473
1565 3650.125689869896 16395.48885294216
1566 2331.54167108343 16385.06787414746
1567 2878.8034981736773 15420.121132781023
1568 2094.6594024267256 16712.760166194214
1569 2596.9748233900664 16963.998539787157
1570 2453.6285530934324 16357.812515367916
1571 2286.50956049463 16366.19624472549
1572 3227.388326256759 16764.943762347288
1573 1924.425913289602 16346.693179397706
1574 2833.3483214629186 16757.6465056291
1575 2830.1799540361562 15406.551075553942
1576 2994.764499031054 16733.38412225896
1577 1951.1985876896938 15404.772136135147
1578 2482.1290253518964 15389.038509085134
1579 2932.751228372204 16758.180397908367
1580 2364.5117846044423 16367.778755333155
1581 2253.009216823102 16356.105702314971
1582 2237.372122295379 16355.819924813604
1583 3473.874754475979 16095.85689350079
1584 3678.2046529417353 16354.294752808175
1585 4524.949952916501 15005.935234098106
1587 2880.0006273850304 15399.373715141897
1588 2660.596177668279 15396.60770342351
1589 2814.1308444804113 16841.846371602624
1590 2577.3589105427413 16989.399386309284
1591 1837.1595902313315 15386.271921654188
1592 2296.4369205288153 16356.899370258405
1594 2262.33744949953 16356.276181493293
1595 1548.8303201687468 15490.266676183177
1596 3938.7452223767514 15733.598487029529
1597 2833.2337605168236 16367.903874989694
1598 1224.3667485558526 16665.903736918575
1599 2887.5442642261655 15399.417897971733
1600 2831.5709930116673 16718.919251197825
1601 3563.270632175517 16247.410384777984
1603 3089.3038893346857 15427.377548721757
1604 1930.2796354257996 15578.1737089456
1605 1808.8423802308278 16876.031632451824
1606 4005.327122402336 15493.910115566965
1607 3533.624315729935 16196.776190861896
1608 3076.21801713862 17453.63125437149
1610 2872.5007130214 15399.32978839316
1611 1602.4986493366694 16736.983219232927
1612 4226.999217427814 16063.34511308961
1613 2654.189991452633 17094.617483792914
1614 2903.769733156085 16349.350749058724
1616 3594.68765779895 16301.51324807853
1617 3813.1666160030795 17101.55436891728
1618 2349.8351991533245 15879.232501857861
1619 2886.5136643029036 15399.41418740313
1620 4099.515579903584 16133.135993648482
1621 3666.8014040824455 15289.343275145186
1622 2809.220446739876 15397.105184469372
1623 3287.099742962415 16581.89541352405
1624 2865.0008677627816 15399.285862049166
1625 4184.689261829067 16086.585437182019
1626 3476.6484446796967 16054.98717799436
1627 3783.740569406429 15142.07465602116
1628 4284.664997590199 15986.922839041086
1629 1849.3733948748968 15429.292937234233
1630 3182.1526884925624 15564.448930290731
1632 1691.6637773161606 15384.462553522555
1634 3262.755882666764 17013.811497754108
1635 3170.116873188005 17538.47839865551
1636 896.7429986654182 15737.73363006075
1637 4104.287241464842 15915.02549479502
1638 4099.181321072362 17181.38045573749
1639 3627.249153132479 15983.49827527724
1640 3620.0147215475627 15921.236196191881
1641 3303.5396306638054 16777.13466478832
1642 1364.0677245377403 17110.989971986888
1643 2113.0700569143073 16353.54822826561
1644 2817.4692487374073 15397.30567618459
1645 1658.2460232894875 15388.232493352798
1646 3214.2410059410277 17401.428852798
1647 2548.488719384912 16967.27095401824
1648 2827.4968113302803 15531.775174838736
1649 3038.48691078611 15598.447864045926
1650 3822.01387884989 15797.453333253656
1651 2743.656125622371 14891.527446552134
1652 1517.044315808302 15815.183032243604
1653 4135.807072382654 17097.605780210914
1654 2946.606635466321 15070.598872216156
1655 1539.0286719702879 17569.00643581271
1656 1848.9873691732387 15465.991698825977
1657 4353.638204695144 16422.840291388504
1658 2250.404662276566 16167.892171695905
1659 2195.175050955265 15498.388394733964
1660 2101.7070051200812 15408.38109970416
1661 1847.9745743931078 15584.365839637629
1662 2930.855531134665 15399.676981642991
1663 4081.604705493588 15630.61974780448
1664 2151.235768749124 16354.245730077515
1665 3118.8002175810084 16244.948191418787
1666 2291.873482693457 16598.70006245063
1667 2585.429353708382 16984.20004852697
1668 2583.597793297851 16962.563577325705
1669 3718.6057419765953 17056.75102707074
1670 1844.8619544759229 15573.189179928906
1671 1928.5519623222146 17319.76513226621
1672 1445.3950702340112 16521.36158938353
1673 2322.9396021035586 16553.653686189235
1674 3756.7354154784625 17322.004446576553
1675 4246.823292439389 16939.582608179833
1676 2643.0643408930737 16344.800070241052
1677 4186.889948678526 16950.65428363181
1678 3297.532674354521 14374.924762393723
1679 3696.8017427370764 15305.839095724106
1680 4298.442954950115 15810.106913160604
1681 2026.5694177780267 16223.308889542792
1682 1002.3377960784906 15366.139716291009
1683 1855.8199935446487 17344.404645523824
1684 3930.3078064941838 15731.664579197763
1685 1047.588633918749 16888.70521199509
1686 983.6148746871305 15607.659543538644
1687 2148.1041741644467 15385.597697622665
1688 2638.8119682897573 15992.965204661716
1689 2278.6510338941835 15416.889268726523
1690 555.3034022485896 15939.850472862221
1691 4322.751448821402 17312.808488508734
1692 3373.1206355759236 17329.164147994383
1693 1458.3545191865853 16673.63364533364
1694 1761.69834035465 16903.588507039454
1695 3661.8221746414 16380.67936715343
1696 2236.6250633158306 17313.44858235442
1697 4203.608033905548 15437.086193100216
1698 2809.3305777069354 16609.64914737508
1699 4542.519792329288 15542.359668406763
1700 2464.511743359242 16172.709502259511
1701 1826.0462284642208 17327.7500579953
1702 1851.3541417730016 17223.496193541352
1703 3781.9433664805188 15678.438309329349
1704 1485.4698833762375 15738.8105708288
1705 4255.834529107581 17122.67923397456
1706 2268.7583019615968 15710.858785621118
1708 2789.60225846524 15085.170658349005
1709 3869.3032054768905 15298.814536400589
1710 3566.4240742972115 17433.391870023435
1711 1072.2794527391552 15386.630830628934
1712 1678.8152673493082 16320.898142827053
1713 4122.550609297714 16543.132884287803
1714 3122.7038256322458 16963.402677267204
1715 3054.9449056228214 14369.599314818715
1716 1856.8262791412383 17354.871160627128
1717 4245.94838209608 15562.642685844885
1718 1450.985868716353 15590.204903881098
1719 2270.8689058646546 16935.20667968255
1720 2684.4162181930474 17343.17278341882
1721 1820.578850090307 16564.172901866343
