5333 2758.0261238932076 15399.062561159648
5342 2780.5192128220747 15399.609365547678
5396 2818.007731655018 15400.520707100786
5400 2773.0215314893208 15399.427097782422
5410 2788.016971124302 15399.791635184056
5417 2735.533030710317 15398.515756668203
5433 2743.0307245480353 15398.698024737454
5436 2750.528423947926 15398.880292941922
5437 2765.5238468978464 15399.244829937945
5450 2803.0123552109862 15400.156171235316
5555 2713.0398916197223 15397.968951060746
5597 2683.0910579996407 15397.20451471342
5625 2690.5893619452922 15397.403452088682
5630 2668.094356849044 15396.806637488635
5662 2728.035325784361 15398.333488329397
5664 2720.5376242566253 15398.151220073201
5709 2645.5994787845584 15396.209826258868
5757 2810.5100420939652 15400.3384391355
5769 2795.5146568627856 15399.973903056416
5773 2675.5927273516627 15397.00557662972
5780 2653.097762884663 15396.408763107607
5787 2638.101192900699 15396.010889362802
5809 2615.6063214233504 15395.414078307796
5819 2593.1114067152844 15394.817266105838
5828 2623.1046336055815 15395.613015901583
5831 2630.6029117952385 15395.811952593513
5836 2660.5960491556716 15396.607700013943
5861 2585.613117457237 15394.618329120254
5876 2810.0494544789726 15393.923407911756
5889 2608.10804300881 15395.2151416099
5897 2570.6165185840073 15394.220454608989
5947 2600.6097237727918 15395.01620382897
5968 2578.114821316077 15394.419391952053
5987 3307.6765198105327 16896.902705010263
5989 3028.778282592117 16725.881455252
6013 2817.5491334906733 15394.105675549092
6087 2555.619904004164 15393.822579681011
6112 2548.121618817671 15393.623642803448
6131 2429.623874166982 15388.435764326929
6161 2563.1181885344836 15394.021516541165
6164 2802.5497872469136 15393.741140560705
6175 2444.6253428993678 15388.60797708015
6204 2452.1260746846706 15388.694083427132
6205 2540.623325715425 15393.424705715874
6216 2467.1275178631154 15388.866295887
6265 2399.620936929539 15388.091338823098
6267 2795.050110996402 15393.558872990476
6269 2407.1216504532927 15388.177444960442
6281 2459.6268117049585 15388.780189834211
6290 2482.1289682846345 15389.038508430018
6295 2377.1192518934654 15387.78844137458
6297 1884.9879939922896 16355.786791564007
6327 2362.1186152052005 15387.555772789608
6350 2437.124611515832 15388.521870737779
6359 2422.1231233748863 15388.349657761753
6370 1560.7090244043402 15593.884343169091
6383 2533.125050458831 15393.22576910176
6387 2052.151659592738 15411.226409462603
6390 1918.1261306866982 15779.474916085155
6392 1869.9899749884887 16355.430529407251
6394 4098.3020915338075 16955.191463199273
6396 3185.247311424277 16683.59119835937
6399 1285.6642916385542 16068.445131549648
6408 2384.619602218302 15387.904776163105
6409 2964.297774959492 16759.108660987848
6411 1862.4910141482205 16355.252399484778
6414 2287.1153217704627 15386.392428158695
6422 3147.8466106977203 16631.164021778357
6427 1836.136880262353 17347.04903297471
6431 2264.614229482555 15386.043423152327
6433 2279.6149824413737 15386.27609354072
6449 1163.9619107202807 16847.552631909737
6467 1072.2313319451264 16647.935594596234
6472 2294.6156458014166 15386.508762539386
6475 1951.5779081482663 16357.368564892166
6476 1042.4428542952346 16366.588910054326
6484 3297.82342038822 17258.543441246515
6486 2474.6282267174684 15388.952401970742
6491 2832.4824753164635 15426.879889931119
6500 2272.1145969515032 15386.159758206766
6501 1673.328373403881 16960.845584192266
6506 1368.6777245442918 15441.632117520165
6507 2302.115982805119 15386.625097121292
6510 3143.885096862337 16624.784393275404
6513 2832.126356993419 15434.372399065325
6515 2831.7702396951227 15441.864886639474
6516 2826.0924088345023 15426.569949207642
6518 2309.6163095905754 15386.741431544708
6521 916.8770757846594 16843.1780343467
6524 2822.892475680082 15426.419882280808
6526 3057.65837906044 16710.303496141598
6532 2831.4141224871614 15449.357372313012
6540 2332.1172492690425 15387.090434184014
6543 2831.058003296263 15456.849899706338
6548 3355.0367213533773 16746.030304402368
6558 2094.399945381391 15411.52892894144
6565 2392.120213984194 15388.005232577596
6566 2871.422460313253 15416.69342494049
6576 2503.356689010619 15533.060860857864
6582 3605.4988891165235 15922.739479602995
6585 2369.609851941535 15812.451457186175
6586 1419.0805449345755 16060.663193413304
6592 1825.1873717928393 16793.662356404453
6596 2249.613559864064 15385.81075405659
6597 852.3136052079267 15755.221144873482
6601 2407.4423224920433 15741.910299924215
6603 2888.191692692435 15987.789800453955
6606 3139.8563693450515 16618.296523746754
6607 3951.8015844191914 16548.00960674106
6610 3296.6634981319717 15126.781285508992
6611 3136.362976992043 15582.623804274725
6614 2443.333792980458 15701.809990042955
6618 2863.9210464330235 15416.461014622513
6619 2257.1139214511127 15385.927089019799
6620 3178.8728463596753 15589.286037601534
6624 1053.9987720713327 16895.065838351275
6629 2242.1132379523315 15385.694419708769
6630 2414.6224131093286 15388.263551661812
6632 5003.311416305742 16026.594912360311
6635 2160.49205343795 15385.853983720292
6638 2830.7018824090997 15464.342462788018
6640 2505.008606011219 15468.55763177694
6645 2507.5764826591057 15493.320468368569
6646 2167.9982735277836 15386.009275825767
6650 3161.9031331609535 16630.831707571586
6652 4156.53703527206 15185.728438690141
6654 3120.294946912563 16586.7947763607
6656 4284.396696015751 17008.643189280247
6657 2871.3116710717622 15419.88624051215
6665 3630.1768125298 15310.890544929594
6670 2409.4978824829004 16368.341030992278
6671 1433.5874228261368 15982.662381600572
6672 2590.893352551511 16974.001168900337
6675 2817.4692503424403 15397.305676223601
6676 3171.728568812821 16661.433481917913
6678 2189.532294482856 15541.882396372228
6679 3627.3824394105745 15205.138944838804
6680 2227.1124503432748 15385.46174878293
6681 1877.488996254246 16355.608660765067
6682 3064.8367005046453 16491.414421947768
6683 2830.34576126762 15471.83503122035
6684 2152.98574862094 15385.698689861943
6686 1814.759420349641 16328.568474865511
6689 2829.277397304402 15494.312747852959
6690 2234.612841286497 15385.578084201468
6691 2364.5776542164413 16367.779578629268
6692 2145.4794853376716 15385.543396862862
6693 2372.383701602924 16367.877145447605
6694 3605.620840568302 15976.908148337718
6704 1809.2530000191537 16323.475540310756
6707 1820.2658000617114 16333.66137185195
6711 1806.7061084127358 15946.471308695034
6712 2347.117901628229 15387.32310301205
6713 2485.5462162603108 15418.403173044406
6715 2878.8035258153795 15420.121133647677
6716 2137.9731794636114 15385.388102982644
6717 2886.425173238942 15417.15824201861
6719 3314.8691687132437 15821.36015177039
6721 1899.9861834934047 16356.143057770749
6722 2354.6182410855663 15387.439437632012
6725 3618.523689173112 16336.180794826027
6726 2507.7767065687567 16173.27664763057
6727 2324.6169317747226 15386.97409990471
6731 2613.762044067687 15410.719709426385
6733 2339.6175803187475 15387.20676867357
6735 4051.08377574807 16163.065360145398
6736 2369.618919765305 15387.672106868296
6737 1341.8736079650935 15345.28781505396
6738 2380.2734441621537 16367.975758361526
6739 2088.6895745929305 15384.695895687848
6740 1043.560283576487 15021.862592995863
6742 3408.9560860601446 17451.65793969239
6744 2821.9807473415663 15413.67470551267
6745 2047.1264517834088 16361.135719004384
6746 1573.2225841816412 15941.94528068507
6747 2122.9606487686424 15385.077516899073
6748 1428.8182412763058 16155.24373982144
6750 3477.3314482388055 16101.695381657284
6751 1816.1048286791745 16348.51385978829
6752 2593.7241916672097 16965.812241579766
6753 2429.719818708303 16368.593782465647
6754 2878.9238140751695 15416.92583339587
6755 2096.197974040225 15384.690694164157
6756 2193.9096634828693 15422.717271513131
6757 3135.660234162307 16611.539060633797
6758 2561.39308323728 16965.967672636754
6759 2828.921278794828 15501.805260911631
6760 1803.7466064355285 16318.3826304944
6761 2130.4668782947742 15385.23280919977
6762 2569.3280146641146 15410.045938523012
6763 2317.1166299361003 15386.857765868235
6764 1708.5414906749468 15397.360085032553
6766 3069.117372400274 15406.77211471662
6767 2796.0189305904714 16357.631032092819
6768 853.5009951055771 15787.649283610808
6769 3445.440249516294 16048.000705343135
6770 2071.362886692831 16361.64807387732
6771 2789.8069166227556 16370.611028663108
6773 1802.0005137253902 16353.621266497777
6777 2809.9702232285445 15397.123408203472
6779 2560.1774103619828 16958.523013962003
6780 2014.472898446663 15384.747310080744
6784 2024.5341070901156 16360.658119970618
6785 3464.9052055169627 16080.70698177604
6787 2357.01167752065 16367.685012424725
6788 2829.989640944176 15479.32758244174
6790 3148.892878586051 16626.776477528027
6791 2550.388946817821 15412.95999361846
6794 4121.42273202574 15624.40622241125
6795 2336.5259354846335 16362.647196279811
6796 2851.672981364224 15405.1363009466
6797 2420.329368226932 16368.476412389493
6798 3055.5052885260266 15256.225853181404
6799 2685.8588641532137 16358.755956183335
6800 3095.233268621162 16904.341458661085
6803 4072.1481137817113 16137.46742612999
6805 3130.9448164555556 16603.94534407609
6806 1722.652048415701 15391.071247159018
6807 2215.4599382447204 15403.962011948177
6808 2349.511120263591 16367.591263889635
6809 2863.819813259533 15419.651347280414
6810 2813.613347415142 16359.135256975487
6812 3435.6591668025594 17313.71353048308
6813 3173.9374750113457 14987.474752723434
6814 2837.0616034183568 16368.217104023446
6816 1175.4722127420564 15673.911545450961
6817 3208.758796795507 16728.258741850204
6819 2841.6661805165777 17032.9037423757
6820 2802.471220600119 15396.941140778476
6822 2334.5034955274505 16256.008825318908
6823 2677.723634474527 15417.995535284488
6824 1868.179925610159 15493.644044905204
6825 1756.5471151775887 15391.95947276252
6826 4183.36547141625 16507.908007553076
6827 1795.0288160821672 16356.388967627305
6829 3611.5403585449412 15982.0017501908
6830 1892.486980603377 16355.964922098638
6832 4021.1039656599887 15557.096188802847
6834 3249.507155397416 15374.246675776229
6835 2852.883551757498 15435.49996583737
6837 2829.6335193979585 15486.820159389512
6839 2872.500822943526 15399.329789036969
6840 2596.60456449832 16988.958954583566
6841 2388.6402609625957 16368.080334167233
6842 3814.6492755626027 15209.799461861568
6843 1904.565994072818 15384.788893376166
6844 2880.0006748847068 15399.373715420103
6845 3125.734306007087 16595.554329339484
6846 2849.0755806100246 15391.750831426954
6848 3027.142932690937 15406.565358223559
6849 2809.6109701663845 16236.223688132506
6850 2746.401250562309 15412.431731060231
6851 2378.8659078987616 16681.118178388195
6852 1809.0378133920567 16351.028142866335
6856 4579.087210855732 15823.680339593457
6857 3057.6759120705456 15418.750547313211
6859 2847.495681718132 15420.550242743739
6860 1014.1232340068126 16757.244642073438
6861 2423.49693339548 15407.684320674927
6862 1306.7194655918966 15228.128484347599
6863 1860.0778911584976 15853.04705203481
6864 2918.016634200153 16342.315242370294
6865 2579.331295084091 16949.59602581523
6866 2848.5004596151516 15404.54727356287
6867 2397.7326147039407 16368.193978369198
6870 1189.3420677073618 15681.089648713394
6871 2851.285447830547 15504.285066152002
6872 2278.676139358416 15736.795994935013
6873 2193.6132789761937 15437.66339364029
6874 3156.5063539947196 16669.68195064896
6875 1878.8875433497567 15375.502893215798
6876 3742.9822755659366 15265.68623210243
6877 2310.631192067232 15779.150769831398
6878 1834.7293342480616 16334.197498484122
6879 2193.757272936313 15430.190269469285
6880 3520.191437011516 15390.562244465316
6882 3485.4959764943987 16109.205946857526
6883 2844.6070522084306 16368.002038003673
6884 2614.30936973652 16954.32666660584
6885 2815.6674372471857 15730.496166746781
6886 2959.0032676543665 16375.445469286986
6887 1850.7300472770155 16331.172691054535
6888 3186.2848155070037 15406.501642414605
6889 1442.4618959310567 15635.400700338168
6890 2794.9368681904825 15396.758014157407
6891 2894.137692228356 15417.422253699946
6892 3393.8292878871557 15428.251192472062
6893 1849.5894705962644 15408.75101126876
6894 3108.932759234811 15406.831258159667
6895 2865.000906142443 15399.285862273955
6896 4421.696009166078 15965.436011739343
6897 2976.413340302395 15421.11174713065
6898 2552.354744670292 16964.88731645111
6899 2813.1188010434635 16351.802134790869
6900 3611.470273430726 16406.61464154446
6901 3547.3894368455462 15372.096399300095
6902 3887.079386864345 15271.04469750147
6903 1620.2492556069114 16288.296868930958
6904 2511.7213757085797 15379.983064770711
6905 2335.641980643412 16478.461012081418
6908 2222.952960155003 15403.977088451014
6909 1406.4874663767994 16551.217578943713
6910 1314.2624387243943 15676.290276749856
6911 2511.86247749532 15372.528154933825
6912 4033.9425176430027 15552.010460891339
6913 2081.181174477513 15384.701097212
6914 3594.5071859372424 15916.029512207408
6915 4208.722493792013 15865.269021061615
6916 2202.2072886207397 17194.409810340454
6917 2773.5052271446643 17298.637320525904
6918 1843.1894669387486 15408.701119594403
6919 4309.304659150754 16075.11877144209
6920 3137.7480430868245 14966.40376316458
6921 3460.935759409193 16472.815551122098
6922 3656.454435920469 16399.54724331199
6923 3447.314815143935 15424.742978072747
6924 2852.2275121929706 15392.875008177649
6925 3221.0945410259355 16774.59700860233
6926 1991.236383028574 16771.35580223017
6927 2732.5905091759596 16358.278745566315
6929 1377.4355458887326 16178.031434059332
6931 3112.93092631855 16574.93574528569
6932 1083.6564412550365 17287.693454042368
6933 1430.979171016187 16398.351899695506
6934 1135.6239363982606 16705.500276514147
6935 4495.087242921208 15979.613519263434
6936 2508.527062611434 15379.950368536829
6937 888.9489616161258 15864.667254439746
6938 3423.5662821697506 15405.579880649966
6939 2657.486802480057 17099.91157980695
6940 2314.0939438895866 16589.423074306025
6941 2130.733550969841 16692.344738967928
6942 2889.0815613325685 14518.57725724823
6943 1252.6792987706167 16924.43807833847
6944 1294.5224301748897 16227.632537447418
6945 1400.4632399088778 16006.994765925789
6946 3442.9731287702457 17062.505443925893
6947 3332.5971368958417 16579.237179671964
6948 2624.9950621866524 17390.29174916429
6949 2534.448705131511 16975.927468900343
6950 4481.741615257476 15955.109371775636
6951 4021.5190507987754 15904.354817452457
6952 1046.3252443206613 15678.886935139235
6953 2902.1310707981247 15399.503332412196
6954 3871.779520118617 15243.745361016703
6955 4084.8040445406436 15653.363435873001
6956 3621.1884291319734 14871.95634276945
6957 924.0700753420136 15089.46367287067
6958 879.6343886892148 15741.241927835257
6959 1963.6893624918982 17623.662259151104
6960 4210.625142564209 15205.940519964231
6961 3098.6912535941633 15124.723382809714
6962 3326.228840379509 15483.262375894914
6963 1846.315338517397 17394.612688696587
6964 3758.4717010274676 15841.34243174107
6966 2837.241077789528 15145.760541027505
6967 4216.31688790572 15206.427782830084
6968 1467.4048285845904 16701.18662817729
6969 2830.672934561541 16230.594891818882
6970 2354.1349638740767 17079.613299269597
6972 2950.1621837604434 17031.179959679816
6973 3297.5849073389722 15427.737145835998
6974 4096.21436365446 16411.81614742388
6975 3162.4538212025845 15407.066277616335
6976 1085.263810180452 16175.866139235959
6977 4051.8472687623353 15296.853264210067
6978 1282.244175835952 15697.868082524277
6979 2381.5456327370057 17565.929123406997
6980 3066.0131638687976 17124.220749055356
6981 4390.847895613816 16948.12759536578
6982 3113.2354342215062 16680.3251650884
6983 3955.592777968767 16215.195283492982
6984 842.6944310501709 15716.433242368961
6986 1072.5838645894808 16512.947481134917
6987 4367.965429048711 15774.67256748273
6988 3085.603565027788 15400.885621266254
6989 4056.4268890074704 15109.135965848453
6990 3127.5106174411203 15165.469573520051
