5333 2781.609257805796 15399.635864415048
5342 2823.161226940069 15400.615845939263
5396 2839.622095178881 15732.800456912772
5400 2808.8103050110417 15400.297118723778
5410 2843.28617646478 15400.92237903146
5417 2748.2066965386407 15398.823852017369
5433 2759.8404152074067 15399.106666371472
5436 2771.043223873621 15399.379005353294
5437 2794.451512961878 15399.948058151254
5450 2844.2482960404154 15467.34997554473
5555 2720.1832009490813 15398.142604083623
5597 2702.2341239612615 15397.70160868039
5625 2711.336637274693 15397.927545144788
5630 2684.3011781732557 15397.236620391295
5662 2738.238569744678 15398.58152800893
5664 2728.8621546990225 15398.353588444597
5709 2650.975718659748 15396.352463188137
5757 2986.5321354971575 15399.186524309267
5769 2891.6628889562485 15399.444878146096
5773 2693.2192592183555 15397.471574200745
5780 2662.975954504748 15396.67084124254
5787 2640.095141811758 15396.063790787664
5809 2615.6063214233504 15395.414078307796
5819 2593.1114067152844 15394.817266105838
5828 2623.1046336055815 15395.613015901583
5831 2630.7321229719423 15395.815380693059
5836 2673.9120405892063 15396.960986357628
5861 2585.613117457237 15394.618329120254
5876 2841.045604537529 15104.20437744963
5889 2608.10804300881 15395.2151416099
5897 2570.6165185840073 15394.220454608989
5947 2600.6097237727918 15395.01620382897
5968 2578.114821316077 15394.419391952053
6013 2898.369608431568 15209.343260349655
6087 2555.619904004164 15393.822579681011
6112 2570.7372569134845 15391.021270127088
6131 2429.623874166982 15388.435764326929
6161 2563.1181885344836 15394.021516541165
6175 2444.6253428993678 15388.60797708015
6204 2452.1260746846706 15388.694083427132
6205 2547.9787390031206 15393.619852061503
6216 2467.1275178631154 15388.866295887
6265 2399.620936929539 15388.091338823098
6267 2833.6845859936734 15116.831427241452
6269 2407.1216504532927 15388.177444960442
6281 2459.6268117049585 15388.780189834211
6290 2482.1289682846345 15389.038508430018
6295 2377.1193577889057 15387.78844301708
6297 1884.9879939922896 16355.786791564007
6327 2362.1187575476843 15387.555774997423
6350 2437.124611515832 15388.521870737779
6359 2422.1231233748863 15388.349657761753
6383 2539.1709725847295 15393.386173359508
6392 1869.9899749884887 16355.430529407251
6408 2384.6197027269723 15387.904777722051
6411 1862.4910141482205 16355.252399484778
6414 2287.1154441057984 15386.392430056187
6431 2264.614341044873 15386.043424882724
6433 2279.6150861739497 15386.276095149673
6472 2294.6157466112763 15386.508764103006
6475 1907.484901849416 16356.321181933263
6486 2474.6282267174684 15388.952401970742
6500 2272.114703911005 15386.15975986577
6507 2302.116123705633 15386.62509930674
6510 2341.3143396075416 17107.936664925637
6516 2719.497037861854 14671.29672946088
6518 2309.616475433062 15386.74143411702
6526 2531.307931871363 17066.708937596344
6532 3171.943722797487 15245.541570547226
6540 2332.117375212823 15387.090436137476
6543 3662.307243095771 15291.764154472026
6558 910.5566053112243 15725.167309494534
6565 2392.120213984194 15388.005232577596
6566 2871.422460313253 15416.69342494049
6576 1997.47265672254 16358.458746342578
6585 1982.4747554709054 16358.1024869829
6596 2249.61368664513 15385.810756023038
6601 1989.9737063007117 16358.280616667584
6606 3035.8001960714455 16812.992777477128
6614 2564.407454235597 16949.181045446443
6618 2863.9210464330235 15416.461014622513
6619 2257.1140309778752 15385.927090718622
6629 2242.1133400236545 15385.694421291955
6630 2414.6224131093286 15388.263551661812
6635 2160.49205343795 15385.853983720292
6640 1983.271907740454 16788.691880650415
6645 2025.150880876615 16360.671158482932
6646 2167.9982735277836 15386.009275825767
6654 2889.5280801893273 16925.332201979334
6656 4365.991054465661 17077.873808529686
6657 2871.3116710717622 15419.88624051215
6670 1974.9758134126193 16357.924357506574
6675 2851.9158187914554 15599.535080081525
6678 1736.7469192667106 15391.390323959778
6680 2227.112643185746 15385.461751774028
6681 1877.488996254246 16355.608660765067
6683 3168.9693705041886 15407.6509697144
6684 2152.98574862094 15385.698689861943
6686 1814.759420349641 16328.568474865511
6689 3154.0262440463184 15406.310004040462
6690 2234.6129524653306 15385.578085925918
6691 1937.480893716583 16357.033705150758
6692 2145.4794853376716 15385.543396862862
6693 1944.9798424317298 16357.21183478521
6704 1809.2530000191537 16323.475540310756
6707 1820.2658000617114 16333.66137185195
6712 2347.118111223491 15387.323106262995
6715 2878.8035258153795 15420.121133647677
6716 2137.9731794636114 15385.388102982644
6717 2886.425173238942 15417.15824201861
6719 1996.3633915308335 15402.552340006076
6721 1899.9859354097398 16356.143051877782
6722 2354.6184271596503 15387.43944051813
6727 2324.6170725663437 15386.97410208847
6731 1988.2409784885251 15405.564226734872
6733 2339.617746820647 15387.206771256111
6735 4308.961871404214 17282.884105921665
6736 2369.619054856993 15387.672108963647
6738 1952.478831449576 16357.389965377011
6739 2088.6895745929305 15384.695895687848
6744 2335.052408987914 16519.687888576853
6745 1914.9838966630589 16356.499312662736
6747 2122.9606487686424 15385.077516899073
6751 1816.1048286791745 16348.51385978829
6752 1600.092986406321 17008.821078791258
6753 2323.9182005063194 16366.99596617188
6754 2878.9238140751695 15416.92583339587
6755 2096.197974040225 15384.690694164157
6756 2193.9096634828693 15422.717271513131
6757 2392.339406109167 17086.281491216785
6759 3146.5547488873926 15405.639527311956
6760 1803.7466064355285 16318.3826304944
6761 2130.4668782947742 15385.23280919977
6762 2214.022895325456 15410.291175854356
6763 2317.1167754379258 15386.857768125054
6766 4397.090578353471 15952.711236421732
6770 1922.4828937985042 16356.677443447363
6771 2344.048024217077 16367.46505020972
6773 1802.0005137253902 16353.621266497777
6777 2836.5897031724444 15641.962143225088
6780 2073.6727632937627 15384.706298743822
6785 3833.5430290567842 15415.26901280227
6787 2853.347635253295 17395.967979980025
6791 1967.517155761443 15403.324109765785
6795 3601.519218576072 15942.615137619177
6796 3150.586713816144 16629.50418920601
6797 2294.3058394755353 16366.36105698198
6805 3448.0897242990713 17213.131375353587
6807 2215.4599382447204 15403.962011948177
6808 1929.9818653863408 16356.855573625131
6809 2863.819813259533 15419.651347280414
6810 3878.3494499503277 16749.229591185092
6814 2822.892475488826 15426.41988630471
6816 2051.1476620528024 15384.721903247626
6820 2847.126604509524 15563.831007069723
6823 2349.327310596354 16610.116996638775
6827 1795.0288160821672 16356.388967627305
6829 3147.8467184746655 16631.16419534253
6830 1892.486980603377 16355.964922098638
6832 3623.476884952287 15198.152336701149
6835 3653.5093167993136 16394.84779475894
6839 2872.500822943526 15399.329789036969
6841 1959.9778693810974 16357.568097130705
6843 3838.9851292001945 15203.923583027241
6844 2880.0006748847068 15399.373715420103
6845 3260.685221339489 17015.050246946776
6846 2043.7133038311856 15460.876121163192
6848 3502.2352452878067 14686.779692579003
6850 2006.8829239412207 15406.600361941026
6852 1809.0378133920567 16351.028142866335
6857 928.4263341392165 15737.259107667993
6861 894.3096115063112 15751.402477866655
6866 2005.6997857169695 15409.75870057512
6867 1967.4768617330894 16357.746227801705
6871 3683.813028598206 16443.202624803784
6872 1784.2839859167814 15396.0079081821
6873 2193.6132789761937 15437.66339364029
6874 2818.8681815109394 15730.630250244412
6876 2893.786436913294 15420.609563131513
6878 2102.8544437013866 15299.995619650384
6879 2193.757272936313 15430.190269469285
6880 2886.2954435719394 15420.356028758855
6884 2172.059273492551 16977.374260396078
6886 2822.534357536901 15433.954466393106
6888 4375.233314095131 15261.523378317976
6890 2860.0251078307842 15399.585469040212
6891 2893.9257239156173 15417.409634095655
6892 1794.8717299778539 15399.533720052053
6895 2865.000906142443 15399.285862273955
6896 3471.663589080077 16822.10683498635
6897 2901.4174065323546 15417.855653922305
6898 2831.6137144133386 15445.158081703054
6899 2810.7950637622675 16340.76236527894
6900 2359.0662846257715 16367.710692704162
6901 1747.2716208299944 15394.879132445452
6903 1798.1674623180143 16313.409098631568
6905 2868.8293991112264 17249.75991703338
6908 2222.952960155003 15403.977088451014
6909 1781.0854483295975 16361.924358955663
6910 2066.1643915970926 15384.711500248288
6911 2447.7143269812486 16766.737013628834
6912 3955.459046498132 16844.760944636157
6913 2081.181174477513 15384.701097212
6915 3986.1896602709357 16873.092799184804
6917 2954.4232294229428 16754.318580212923
6919 2991.80877899003 15421.365511928505
6920 2852.436615455292 15387.839334564771
6923 1873.7161207764473 15534.479166462657
6924 3633.9557100961215 16362.756083284463
6925 2809.6292567161836 16227.775549240901
6926 2971.0835809147006 16316.037189686722
6929 1791.1183989618598 16310.846257028657
6931 3180.6030327691915 16844.929878944775
6932 1427.2100570759403 15643.558189349647
6934 1774.1138202438258 16364.69203247151
6935 3072.9440238628167 16534.6530394576
6936 2032.654129297497 16360.829776114017
6937 1985.5517560879464 15381.567459539614
6938 3461.144410976409 15701.646839584922
6939 2832.482476515457 15426.879864705032
6940 2934.605452200362 17499.366020738547
6941 3091.972662447282 16249.892659816827
6942 2852.636050124223 15380.341158125766
6943 1835.1677376497598 17380.845134880263
6945 1998.1217811242402 15390.509271577617
6947 2809.51229617105 16281.809740544802
6949 2832.1262568283964 15434.374506475417
6950 3736.4408370316673 15379.236559704703
6951 2901.2687905169323 15421.053754222594
6952 2043.6392948632613 15384.72710474897
6953 2887.500542876597 15399.417641897244
6955 2864.221537291637 16370.645289486183
6956 3349.437146648495 15428.025933328408
6957 1090.6397902399904 15673.03706670656
6958 2968.9278172673216 15406.278603875162
6959 1401.2215220035523 16168.510455744843
6961 2849.4360504048127 15380.261147576404
6962 3161.4978083687806 15406.980486975563
6964 2809.7908764322847 16370.817884906503
6966 2849.236615798127 15387.759321675168
6967 3815.1739541023703 15809.342035074815
6968 1788.0571205414863 16359.156667922143
6969 3839.3481517185924 16692.30905024746
6970 3447.156637295892 16050.744046944592
6972 3737.6608213529034 16546.077488876384
6973 2908.909100337195 15418.30167441504
6974 3637.4017847390874 16374.63859682604
6975 4139.258952427158 15741.561788068238
6976 1861.9729329267766 15385.546748691564
6977 2187.4368309499755 15405.087040328874
6978 1814.228501424258 15385.853351314474
6979 2698.4625084004974 16885.328624074995
6980 3575.364027715026 16268.236268601482
6981 3624.1737593808075 16352.290891457968
6982 2062.6723075341997 16361.464356239096
6983 2670.113723920993 17097.080436761367
6984 880.3438595968922 15757.026186894465
6986 1777.020261137967 16305.720569782976
6987 3701.661665081125 15288.240384875262
6988 2895.000405163109 15399.461568340968
6989 3861.5855078949667 15783.26302144611
6990 2852.835484499608 15372.842992723263
6991 2902.5003062266283 15399.505495011808
6992 2673.112715616811 16899.294765957788
6993 4535.007615228826 15876.755464530095
6994 1275.1708300097011 15682.013104450542
6995 1773.653042867675 15385.112711233447
6996 1206.1451935681403 15312.644327441474
6997 1527.702181346429 15524.795605320971
6998 3942.6500449807145 15737.523369413784
6999 2849.635506070951 15372.762181702104
7000 2855.636616409571 15387.929298686604
7002 2961.881525903687 16376.519740108557
7003 3183.7085443769092 15425.093281721796
7004 1784.0693378647388 16308.283416247066
7006 2720.5650242250335 16880.464494506614
7007 3170.098186390198 16647.39063495459
7008 3192.3974206688713 16205.900705983067
7009 1676.8791607401788 16403.293315933537
7010 3795.3335556825214 16621.78518087241
7011 2058.6560284849384 15384.716701746807
7012 2777.354110854904 17286.79349296559
7013 3232.4007707954006 16184.692628978648
7015 2510.0787649412455 15411.038747512319
7016 3610.888157936576 16329.411924893206
7017 3510.8765813141877 16027.550687268627
7018 2595.431919829279 16942.092000033597
7019 3440.5447930817945 14588.128893254083
7020 2850.2491762178724 15099.358800826396
7021 4841.46998791087 15716.818336881426
7022 1837.9630072166913 15929.982670164272
7023 1853.2435401540267 16189.25095531558
7024 3076.1962921953514 15425.957305232016
7025 2313.9325278800925 16357.219113222474
7026 3161.7985383442146 17423.790189037158
7027 3382.490419971504 15454.852320753389
7028 1440.160243476994 15978.965013774041
7029 2515.712654381547 16873.049093008827
7030 3829.389059304393 15203.680470347803
7031 3155.9529700109674 16656.138780285546
7032 1694.8856224524498 16934.77167138497
7033 3674.075715652894 16356.59886117937
7034 3896.415442288576 15763.691809980168
7035 2910.0001979114722 15399.549421627718
7036 1857.526245646745 16308.8901167236
7037 2193.480537455165 15445.1367412742
7038 1958.6114724630686 16790.408124175876
7039 4285.319122133249 16021.399550415928
7040 3355.57276035192 17381.775398149366
7041 2335.680246853092 17093.827234925433
7043 1448.0857512859154 16694.822294034122
7044 3797.6451956032533 15235.84940648283
7045 978.6518266785173 15703.76618643498
7046 3653.475133979029 15318.079765945333
7047 2982.875193629256 16003.516356630218
7048 3101.592679899968 16668.46969440295
7049 3327.161808089857 17355.633505654376
7050 1739.05464885391 15381.282505928519
7051 1472.9007305313742 15683.558696117443
7052 2036.1308811579167 15384.732306282538
7053 2181.3898548035877 17185.733336005454
7054 4376.05491160005 17321.589493337735
7055 3338.4539120935087 17332.18325218001
7056 2824.1863128469813 15604.725336004456
7057 3534.8756754586093 15358.536969037466
7058 3832.576644230225 15227.38827311607
7059 2516.85530422751 16998.051463150296
7060 3235.3293349661876 16803.824062654156
7061 3169.4873857459015 14986.480323975264
7062 1016.932858755705 15660.606703031168
7063 4546.483591495849 16073.983281221494
7064 2383.32075825135 16688.26886871943
7065 2866.7846039839005 15112.713863784355
7066 4192.437131942789 15838.059883094324
7067 915.0743647683012 15912.309160488923
7069 3898.716098552439 16024.053224801175
7070 4171.588695947928 16951.293523285392
7071 2151.0847872770723 15382.45919548772
7072 4427.3370314261865 16170.31325589081
7073 2035.4006866378068 15734.523012904147
7074 3179.580476767406 15408.050755626304
7075 3550.8956170055017 17508.47554963895
7076 4220.085489301125 16070.794571953118
7077 1847.7061031787646 16563.438281248098
7078 3248.899469270621 15109.415976027209
7079 1486.33184783093 15903.491829560337
7080 2831.7719005387853 16059.052616249299
7081 989.7701775331005 15340.862332123894
7082 3573.9730772517896 15110.296908827517
7083 2465.248401210687 16715.781560991763
7084 3574.0854574902714 14796.062795397089
7085 2750.5490563273897 15954.404603075747
7086 3843.538976923473 15253.275779127867
7087 1825.6341719150523 17063.23189658424
7088 3501.5918209736856 17162.027175028987
7089 3783.797018594683 16609.282404065616
7090 3072.42668871928 16476.20863348396
7091 3610.687037472006 15550.413482348453
7092 3707.263691635035 15716.737425731648
7093 4166.176516953623 16311.115185509094
7094 4032.1399935903237 16791.238487928385
7095 2872.03210182755 16160.778397409938
7096 3425.7648140790616 17485.409794484505
7097 1807.522821013281 16627.01447171241
7098 4140.719777422898 17004.003463367604
7099 4309.265952003609 16877.49386867123
7100 3636.779887178609 15595.560903157519
7101 2638.15358125534 16304.579834430797
7102 4338.57602236237 16927.969501133448
7103 3528.611550264719 17032.002978528122
7104 3899.763303422249 16810.591755993588
7105 4332.323121237725 16833.49592350766
7106 2874.9571542020044 15399.345307541602
7107 4008.2096646848804 15299.272179386746
7108 1841.6164584773148 15697.925100881155
7110 3174.8287155961857 17050.20897466648
