5333 2822.651444538623 15400.606673718024
5342 2853.3284185142757 15429.130022816158
5396 2834.257120531695 15894.596466837955
5400 2848.3004817710257 15405.191022137822
5410 2854.332610338525 15460.65607014018
5417 2777.3373512360185 15399.532014860857
5433 2792.1064829812467 15399.89105074389
5436 2806.0509774310312 15400.23003978973
5437 2836.1651305371684 15400.84981768959
5450 2840.2300329711848 15630.232689677094
5555 2735.8589028918013 15398.523678583211
5597 2714.9785354880523 15398.016079268766
5625 2724.3494553923956 15398.24388524685
5630 2692.4540209995944 15397.452047432404
5662 2762.5850625221556 15399.173388429968
5664 2748.495865866816 15398.83088169026
5709 2665.405437497525 15396.735297814763
5757 3131.717551286976 15404.308067477517
5769 3037.022499950776 15399.657192736604
5773 2703.179401144164 15397.725729546437
5780 2674.3508002725625 15396.972627083373
5787 2655.5547835295206 15396.473950280812
5809 2627.3756765955386 15395.72633087097
5819 2593.8562933962057 15394.83702868178
5828 2637.6121644023046 15395.997914955977
5831 2646.9269382691273 15396.245045064019
5836 2682.963468976089 15397.201129651192
5861 2585.9813250278194 15394.628098029087
5876 2831.283918003446 15056.206589945803
5889 2614.8731539050277 15395.394626652758
5897 2570.6165185840073 15394.220454608989
5947 2603.7623567658297 15395.09984628163
5968 2578.1335275097053 15394.41988824576
6013 2955.589713402115 15150.774917888679
6087 2555.619904004164 15393.822579681011
6112 2679.8468830809966 15393.916055775
6131 2429.623874166982 15388.435764326929
6161 2563.1181885344836 15394.021516541165
6175 2444.6253428993678 15388.60797708015
6204 2452.1260746846706 15388.694083427132
6205 2548.121601840895 15393.623642353037
6216 2467.1275178631154 15388.866295887
6265 2399.620936929539 15388.091338823098
6267 2852.6321791534288 15109.580166609812
6269 2407.1216504532927 15388.177444960442
6281 2459.6268117049585 15388.780189834211
6290 2482.1289682846345 15389.038508430018
6295 2377.1193577889057 15387.78844301708
6297 1884.9879939922896 16355.786791564007
6327 2362.1187575476843 15387.555774997423
6350 2437.124611515832 15388.521870737779
6359 2422.1231233748863 15388.349657761753
6383 2540.623187709466 15393.424702054439
6392 1869.9899749884887 16355.430529407251
6408 2384.6197027269723 15387.904777722051
6411 1862.4910141482205 16355.252399484778
6414 2287.1154441057984 15386.392430056187
6431 2264.614341044873 15386.043424882724
6433 2279.6150861739497 15386.276095149673
6472 2294.6157466112763 15386.508764103006
6475 1907.484901849416 16356.321181933263
6486 2474.6282267174684 15388.952401970742
6500 2272.114703911005 15386.15975986577
6507 2302.116123705633 15386.62509930674
6510 2162.921206975846 17205.40913131363
6516 2781.7125270451065 14612.082887973795
6518 2309.616475433062 15386.74143411702
6532 3133.967379535813 15182.395807719298
6540 2332.117375212823 15387.090436137476
6558 1014.1560401669526 15685.779368818263
6565 2392.120213984194 15388.005232577596
6566 2871.422460313253 15416.69342494049
6576 1997.47265672254 16358.458746342578
6585 1982.4747554709054 16358.1024869829
6596 2249.61368664513 15385.810756023038
6601 1989.9737063007117 16358.280616667584
6614 2564.5005760662702 16949.326636901897
6618 2863.9210464330235 15416.461014622513
6619 2257.1140309778752 15385.927090718622
6629 2242.1133400236545 15385.694421291955
6630 2414.6224131093286 15388.263551661812
6635 2160.49205343795 15385.853983720292
6640 1855.4182774140188 16863.153095505637
6645 2025.1507804550006 16360.671156360033
6646 2167.9982735277836 15386.009275825767
6654 2922.941199584519 16987.907389003798
6656 4350.367214972213 17085.497976022078
6657 2871.3116710717622 15419.88624051215
6670 1974.9758134126193 16357.924357506574
6675 2941.9739944678654 15599.250291849805
6678 1578.5909939832238 15468.239700748869
6680 2227.112643185746 15385.461751774028
6681 1877.488996254246 16355.608660765067
6683 3168.9693705041886 15407.6509697144
6684 2152.98574862094 15385.698689861943
6686 1814.759420349641 16328.568474865511
6689 3154.0262440463184 15406.310004040462
6690 2234.6129524653306 15385.578085925918
6691 1937.480893716583 16357.033705150758
6692 2145.4794853376716 15385.543396862862
6693 1944.9798424317298 16357.21183478521
6704 1809.2530000191537 16323.475540310756
6707 1820.2658000617114 16333.66137185195
6712 2347.118111223491 15387.323106262995
6715 2878.8035258153795 15420.121133647677
6716 2137.9731794636114 15385.388102982644
6717 2886.425173238942 15417.15824201861
6721 1899.9859354097398 16356.143051877782
6722 2354.6184271596503 15387.43944051813
6727 2324.6170725663437 15386.97410208847
6731 1876.025142170346 15395.588557323006
6733 2339.617746820647 15387.206771256111
6735 4386.0421934737615 17414.7481455848
6736 2369.619054856993 15387.672108963647
6738 1952.478831449576 16357.389965377011
6739 2088.6895745929305 15384.695895687848
6744 2327.281096050973 16596.03779853255
6745 1914.9838966630589 16356.499312662736
6747 2122.9606487686424 15385.077516899073
6751 1816.1048286791745 16348.51385978829
6752 1662.2773392084148 16959.141671587822
6753 2208.0185442970333 16364.53695552801
6754 2878.9238140751695 15416.92583339587
6755 2096.197974040225 15384.690694164157
6756 2193.9096634828693 15422.717271513131
6757 2225.1453591398117 17181.364907449082
6759 3146.5547488873926 15405.639527311956
6760 1803.7466064355285 16318.3826304944
6761 2130.4668782947742 15385.23280919977
6762 2196.367058439212 15358.913709814735
6763 2317.1167754379258 15386.857768125054
6766 4545.555325734262 15870.958499605078
6770 1922.4828937985042 16356.677443447363
6771 2242.14951340271 16365.258479481707
6773 1802.0005137253902 16353.621266497777
6777 2832.6756290386406 15837.194932545848
6780 2073.6727632937627 15384.706298743822
6785 3893.5715126679893 15382.028776097406
6787 2918.4888274284654 17494.33768132314
6791 1840.3694248891911 15394.514393848223
6795 3637.498159239012 15904.234301896082
6796 3150.586713816144 16629.50418920601
6797 2143.599979053893 16363.175155992176
6805 3304.35651749351 17277.132152209146
6807 2215.4599382447204 15403.962011948177
6808 1929.9818653863408 16356.855573625131
6809 2863.819813259533 15419.651347280414
6810 4002.8862952792415 16885.860962211358
6814 2822.892475488826 15426.41988630471
6816 2051.1476620528024 15384.721903247626
6820 2870.2537255831844 15599.477090676237
6823 2438.4104236760877 16752.190813089233
6827 1795.0288160821672 16356.388967627305
6829 3147.8467184746655 16631.16419534253
6830 1892.486980603377 16355.964922098638
6832 3617.4680689831825 15187.400256337709
6835 3733.906180509516 16523.134940130596
6839 2872.500822943526 15399.329789036969
6841 1959.9778693810974 16357.568097130705
6843 3880.9466209393427 15260.102089742113
6844 2880.0006748847068 15399.373715420103
6845 3194.8950946060204 17054.408429428426
6846 2042.0342795695078 15590.508119824868
6848 3451.2034437107645 14609.95423163902
6850 1993.0205890311765 15406.07382073225
6852 1809.0378133920567 16351.028142866335
6857 852.9698868007454 15768.248964509661
6861 854.7422951528636 15782.680379443455
6866 1992.654505577353 15409.263963333902
6867 1967.4768617330894 16357.746227801705
6871 3767.7316825263392 16577.38089850201
6872 1619.5334623933998 15427.239869238265
6873 2193.6132789761937 15437.66339364029
6874 2826.780045905731 15546.855475803326
6876 2893.786436913294 15420.609563131513
6878 2103.628693371317 15223.603203912502
6879 2193.757272936313 15430.190269469285
6880 2886.2954435719394 15420.356028758855
6886 2822.536351578923 15433.912512982972
6890 2924.207290204139 15399.633052423322
6891 2893.9257239156173 15417.409634095655
6892 1636.6041705239322 15421.478632344322
6895 2865.000906142443 15399.285862273955
6897 2901.4174065323546 15417.855653922305
6898 2831.7702368826235 15441.864945812707
6899 2809.5832926264816 16249.010337546904
6900 2272.212664121042 16365.89401031881
6901 1599.0049528861077 15450.33946170303
6903 1798.1674623180143 16313.409098631568
6905 2948.9826370418327 17193.386676962604
6908 2222.952960155003 15403.977088451014
6909 1781.0854483295975 16361.924358955663
6910 2066.1643915970926 15384.711500248288
6911 2537.4350214215956 16907.01095791601
6912 4078.919520812215 16931.661447299728
6913 2081.181174477513 15384.701097212
6915 4094.273377396034 16941.66003074142
6917 3088.0958541553637 16679.930078826357
6919 2941.525089126638 15401.925214446173
6920 2852.436615455292 15387.839334564771
6924 3677.670965447677 16433.401897363543
6925 2810.05814266393 16029.636037138107
6926 3108.2763460716137 16240.933386123632
6929 1791.1183989618598 16310.846257028657
6931 3108.4453368122568 16884.93728967826
6932 1355.371340195025 15681.170595773085
6934 1774.1138202438258 16364.69203247151
6935 2951.62701517836 16376.108604256713
6936 2032.6501053516868 16360.82969104836
6937 2091.105198305818 15381.494228463582
6938 3505.609600459153 15773.550007768177
6939 2832.482476515457 15426.879864705032
6940 3037.5393180137366 17469.088325484063
6941 3239.2263105733923 16170.945652653396
6942 2852.636050124223 15380.341158125766
6943 1786.6484370837284 17290.913507772202
6945 2209.402866712182 15392.963245706313
6947 2809.8934307333643 16105.730723222629
6949 2832.126357713012 15434.372383925529
6950 3693.447573076025 15300.276850626728
6951 2901.2687905169323 15421.053754222594
6952 2043.6392948632613 15384.72710474897
6953 2887.500542876597 15399.417641897244
6955 2796.3609365588513 16370.521345507925
6956 3206.9658859735646 15425.633246726295
6957 1244.4319494468186 15681.600628959171
6958 3157.0229508787615 15406.510968274986
6959 1333.7791566237443 16205.88034304063
6961 2849.4360504048127 15380.261147576404
6962 3161.4978083687806 15406.980486975563
6964 2668.6650368328724 16372.309356363987
6966 2849.236615798127 15387.759321675168
6967 3659.4334497256636 15898.490426380626
6968 1788.0571205414863 16359.156667922143
6969 3960.1912027851536 16850.45338017931
6970 3395.2221174369024 15963.891975373173
6972 3737.6608213529034 16546.077488876384
6973 2908.909100337195 15418.30167441504
6974 3570.324550004386 16259.557847641046
6975 4236.8004760710255 15911.575667014993
6976 2026.939547797938 15390.85314116698
6977 1981.332786737833 15402.64830182975
6978 1995.3749877926882 15393.678390316456
6979 2833.067197697435 16751.520934643668
6980 3484.608757260243 16113.987035314814
6981 3550.2711366329286 16225.024117575394
6982 2040.1497310300576 16360.988232095173
6983 2766.927156280215 17247.107847758078
6984 865.6704581929877 15806.445740216272
6986 1777.020261137967 16305.720569782976
6987 3529.8742541500087 15381.640079202058
6988 2895.000405163109 15399.461568340968
6989 3721.472579422208 15862.692017132296
6990 2852.835484499608 15372.842992723263
6991 2902.5003062266283 15399.505495011808
6992 2829.7726646969754 16816.622872602897
6993 4716.2151218070585 15777.764757524186
6994 1439.8826694641439 15608.039836040769
6995 1957.4191364108021 15388.083922977505
6996 1121.34277069165 15361.859583787027
6997 1400.7565503482751 15655.926296440943
6998 3799.665681986679 15818.056253988281
6999 2849.6354849112977 15372.76297724491
7000 2855.636616409571 15387.929298686604
7002 2837.8288346258073 16368.195235826255
7003 3041.2391638931635 15418.532036441806
7004 1784.0693378647388 16308.283416247066
7006 2862.5439004124305 16802.173037403532
7007 3170.098186390198 16647.39063495459
7008 3029.123498377085 16292.765893262069
7009 1766.8302682981196 16367.58353694843
7010 3915.8304414558293 16796.865497583913
7011 2058.6560284849384 15384.716701746807
7012 2711.332901066942 17190.450797397727
7013 3064.7080257621733 16273.791399816731
7015 2503.1116050903142 15542.630775235953
7016 3530.6019501680107 16191.67129967146
7017 3611.318464957858 15973.862091477395
7018 2748.0260622804585 16854.373599621293
7019 3472.722666717258 14636.546907706714
7020 2856.860471807128 15160.709737944642
7021 4878.191424929058 15741.78397165035
7022 1842.8053042752988 15722.803440370317
7023 1850.3677480855524 16355.317905317042
7024 2969.8580675870567 15424.204519967521
7025 2391.2276828318954 16360.27674638441
7026 2993.21463268566 17493.22936778353
7027 3223.954269434167 15541.599897253855
7028 1431.8617903790064 16161.414533294552
7029 2560.3424634440235 16942.825629949697
7030 3828.2620862135464 15219.24715176159
7031 3158.25748233009 16644.89741118236
7032 1805.69872388803 16877.629970906775
7033 3792.3773836621144 16290.581907053414
7034 3775.4911740705384 15831.640098309235
7035 2910.0001979114722 15399.549421627718
7036 1883.6131681113302 16344.965589071915
7037 2193.480537455165 15445.1367412742
7038 2117.9164678481266 16699.598305255484
7039 4191.529824084349 16082.828002754653
7040 3355.57276035192 17381.775398149366
7041 2496.987398171019 17002.617263768578
7043 1447.0507705166597 16636.61252455408
7044 3623.596582415714 15330.665935147339
7045 1144.7291954268283 15678.818625022983
7046 3522.5180519719124 15389.294403378099
7047 3035.3035372270633 16086.153221301043
7048 3240.280860780723 16595.166475086142
7049 3214.915582192086 17401.141215181764
7050 1928.67127011675 15379.143619557837
7051 1502.0629207191002 15831.735829067857
7052 2036.1308811579167 15384.732306282538
7053 2300.8056276581415 17113.767655815038
7054 4332.389670020739 17329.29835260722
7055 3415.4095537234953 17311.990413484553
7056 2830.95237687451 15459.072214253458
7057 3687.8272918747734 15279.839575985285
7058 3798.9324503842213 15218.251151920706
7059 2556.9532593624895 16973.32530254864
7060 3184.87746644019 16721.86554179343
7061 3128.0522408176435 14971.818240980014
7062 1057.7597239527502 15677.193056909038
7063 4485.670156321817 15962.322636829784
7064 2327.5227993487038 16602.032504512794
7065 2860.259000620129 15192.721096913341
7066 4276.51393779555 15985.290976427452
7067 985.7584635204341 16067.643303498631
7069 3757.8166511360337 16100.201805507026
7070 4009.2110068512 16968.630828565383
7071 2151.0847872770723 15382.45919548772
7072 4541.519503041739 16113.475289890683
7073 2038.7297080058058 15594.816836262
7074 3098.238671469751 15401.382265906432
7075 3576.3925651956365 17579.218397994562
7076 4060.913874823125 16157.7311564648
7077 1836.5837799002645 16709.02535258646
7078 3198.6393416147657 15032.0762201156
7079 1431.5668768398891 16024.290094077085
7080 2830.6742070224504 16219.017406233957
7081 1008.8563635947245 15405.47518046213
7082 3565.4724562440506 15095.904540288235
7083 2569.4231655010776 16654.698762975935
7084 3616.475853079305 14864.363316227098
7085 2671.176137654952 15955.305904571549
7086 3829.6001645838646 15228.638666843004
7087 1827.4277661273334 16884.16026042495
7088 3445.5448999172695 17084.892923546562
7089 3677.4034892244804 16439.010461679376
7090 3165.366356573808 16423.99020524044
7091 3657.50527034161 15631.459626231577
7092 3757.090644573429 15689.659075534524
7093 4030.04258487833 16386.161285808386
7094 3986.205521285274 16848.850497626743
7095 2831.9765214081813 16162.298050237872
7096 3385.3554672471364 17418.5428634456
7097 1827.933096777066 16559.4780025909
7098 4093.1746772348224 16944.797136264464
7099 4177.218178216476 16951.247106050327
7100 3693.4427924831625 15694.153244835139
7101 2633.3992929071096 16192.816320334174
7102 4300.992192872615 16898.51554637719
7103 3467.3207494274016 17072.308798483413
7104 3838.8090568995253 16845.390199326728
7105 4284.529260169184 16916.60412279711
7106 2924.262126295015 15399.63295326745
7107 3973.3140964342797 15237.564628680397
7108 1847.3576507352939 15631.068075461928
7110 3151.299998934072 17010.734184554993
7111 762.4313076105377 16227.478863407152
7112 2669.92658121735 17317.00920430034
7113 3607.340868327065 16615.474685867448
7114 4534.24545338746 16120.675750572122
7115 1153.59861968579 15649.844459167763
7117 1374.348872532345 15515.349309365716
7118 2105.990058479532 15375.869999999999
7119 947.7036732564608 15955.943480734993
7120 808.4569196036198 16901.65739221209
