1002 1476.1684461735724 16695.978790086665
1005 2806.15226348421 15797.029779673763
1007 2849.436050633243 15380.261138988059
1008 2855.8360495697025 15380.43117897418
1010 2802.3940416574223 15400.141140104406
1012 2849.5915644486386 16371.062570498543
1017 1428.532701806015 16166.366600418
1019 2364.621951222487 16367.780132292053
1021 2787.3986208841816 15399.7766031613
1022 1760.6347608021317 15398.489478332984
1024 1843.5891927278324 16354.80097160983
1025 2852.8354874332626 15372.842882426185
1026 2246.697710717349 17324.483152512432
1027 1917.045356459818 15827.745443546764
1029 2872.7560968107323 15416.734743935469
1030 2378.6812011212273 15387.81266811403
1031 1720.2097454178117 15391.026249623457
1033 2789.31507121511 17281.793349769887
1034 2837.061627337207 16368.217103341693
1035 2809.8917362039156 15400.323408190889
1036 2338.2887432388075 15387.186157638887
1037 2855.636614654518 15387.929364671609
1038 2394.5132219087177 16368.153739577854
1039 3537.7233843017098 16021.941604922855
1041 2782.9924869196984 16357.764054528016
1042 2826.991976788351 16357.835429696459
1044 2858.3990567562864 15416.582882138677
1045 2464.664872218306 15395.77418691482
1046 2794.8962851767083 15399.95887051231
1047 2889.5301056217404 16783.794149286525
1048 3196.1062817349484 16193.897805050976
1049 3754.193947490983 16561.653115046596
1050 1546.2920232862868 16909.498879943254
1052 1856.3922820316916 15381.400077748407
1053 4133.597288124339 17166.1568845464
1054 2849.8349219516017 15365.264711649019
1056 2849.6354866932566 15372.762910248326
1057 2398.9879657076467 16695.253944477583
1059 2593.5088280993505 16965.932404465748
1061 2426.751108054394 16727.821549957967
1062 4055.0930176414754 15619.118112463873
1063 2386.6618429991245 16368.05560616643
1064 2060.715721409486 15391.25617722045
1065 2042.5687132541211 17265.209852347944
1066 4336.976513795649 15985.523047510822
1067 3485.557038069527 16050.167041033932
1068 3782.2879831954633 16313.0041104196
1069 2863.341835904984 15419.63636119174
1070 2850.2634088541017 15349.15482256119
1071 3295.5633443570555 15817.38677326693
1072 3671.8739797763287 16375.032466167086
1073 854.8885209658536 15767.276506289643
1074 2402.842996277404 16877.48450909073
1075 2832.1263593166655 15434.372350185655
1077 3150.3965694797 15579.993973120643
1079 2451.896209739085 16368.870962427276
1080 2594.6884444633424 16968.93905286955
1081 3568.949545429875 15363.992513658965
1082 3734.865621667067 16530.691040924932
1083 2765.2349245024216 15392.834262831759
1084 2518.577127798331 16370.363880179739
1085 3534.7276763841733 15358.616653793157
1086 2917.5000325092537 15399.593347909271
1087 3050.14795347788 16497.000130917622
1088 2861.7969919612706 16352.934284136913
1089 3740.2364786839053 15069.745677577765
1090 3597.9756511231567 16413.99852699509
1091 2853.234359007591 15357.8464454634
1092 2964.7997280792474 15060.953993831678
1093 1827.3907720073264 16866.246874456014
1094 3633.2875620754753 16361.605474011043
1095 4050.8641583223553 15582.24213773608
1096 2832.4824765571966 15426.879863826865
1097 3844.6070792302085 16706.00228130817
1098 3459.2215071939704 16071.106997623338
1099 2508.1245853666046 15396.252764595645
1100 3177.223280478979 15248.109434178745
1101 3217.3258415099363 16620.953501805823
1102 1763.9172422106933 16379.072615487723
1103 2643.8146806436735 15407.824350724757
1104 2853.0349227045167 15365.344683341556
1105 2005.322341828335 15409.744386160544
1106 3527.1099061276122 16185.773103542233
1107 2832.3977862517945 16371.317056124304
1108 4285.723098205701 16002.384830238841
1109 3275.150700107067 16366.91523181583
1111 1279.8954277038529 16232.078518601213
1112 3488.852285391848 16121.154516855868
1113 2240.08640293239 15385.662982320753
1114 3000.9260115260813 15421.515792327686
1115 2995.9803600377713 15044.417143277205
1116 1841.8278321692242 16870.917008403107
1117 916.2925432220811 15922.32353938915
1118 974.0286159886723 16047.325607272147
1119 2187.3595071798422 15430.119956982273
1120 1924.5504666455654 15385.199710504852
1121 1846.8297014325954 15660.699479446333
1122 2681.6698852535405 16358.798732875754
1123 3984.7920494318046 16980.85921935896
1124 4175.0102675946055 17063.953034880284
1125 2957.107288041028 15398.966804719541
1126 3969.12684040501 16863.81081803676
1127 2856.7094083521347 15147.269599807096
1128 2329.9472857721626 16507.196571902557
1129 3336.8769887367944 15852.369133452194
1131 2569.1970143318 16956.081486080766
1132 877.3852624769619 15116.05226138768
1133 4218.047640483986 15865.508523137769
1134 2827.075362045048 15540.642206987513
1135 1030.0246028513188 16763.147498143328
1136 4112.319363704056 15637.714985351678
1137 2995.132789057674 15406.407683574753
1138 1088.1265207251304 16504.057940105973
1139 2187.211923874925 15437.647755968846
1140 3199.697987152565 15408.20367819744
1141 2603.688122669265 16960.25283003745
1142 1929.4254914980033 17331.30745719695
1143 1829.931193827822 16518.39997243071
1144 4097.356217375191 15646.121226872283
1145 1839.4464161038743 16852.003701021367
1146 4632.62935497163 15681.288574420569
1147 1064.3076197295848 16520.743168036777
1148 3435.593549122854 17076.96619252553
1149 2652.6307920767645 14752.088017172644
1150 1848.5487616743856 15702.547220721553
1151 1906.8270074200807 15378.42801769463
1152 2797.9042865794017 16610.35192658979
1153 3992.21147446393 16195.0118180394
1154 3545.1263866565578 14755.475400598038
1155 3536.868395889674 16013.66449474785
1156 2463.0113824792434 17480.128893854595
1157 3091.0513569720642 15438.184809529936
1158 1861.5691911228273 17154.678161744985
1159 2219.3914405655532 15586.699065383216
1160 898.6828454394641 15877.84166670424
1162 2949.6010460434063 15398.910754525414
1163 3672.425817821131 14960.578903466392
1164 3137.018647632271 15404.783777045614
1165 1261.1774093087022 16909.459284784727
1166 3394.6770987983277 17108.20466577925
1167 959.8028271631193 16007.126024914145
1169 3197.1153167157695 15029.678273692398
1170 2263.853138594667 17148.312439497466
1171 2902.069771705597 16160.843082699183
1172 2856.0354855737382 15372.932952339035
1173 2304.491429644922 17429.931948944795
1174 2964.0433383333207 15782.050690507313
1175 3942.647882459516 17210.43533096026
1176 3170.973226858356 17037.48875280641
1178 2701.592490501054 15311.141921196342
1179 4618.883650802821 15911.964334242333
1180 1227.4500599037199 15075.955618299029
1181 1415.312260365333 15531.155256816588
1182 3161.98126219687 15407.023871135512
1183 1127.6436262587858 15354.503305802087
1184 3307.4381731100702 15496.58921642917
1185 2881.460418395808 16160.796449887268
1186 3662.7463158828336 17556.0310180001
1187 3479.5114591714023 17140.65613418017
1188 2045.2731019692112 17903.151114436383
1189 1537.1980174941768 16683.462207994
1190 3536.2192047000303 15381.828241307183
1192 4522.368085250499 17045.80866855573
1193 1830.0802588906033 16077.410954696947
1194 1304.3196822761672 16058.459146548828
1195 2801.4430456342343 15928.296652366635
1196 2784.6406252760416 16370.68345659406
1197 3457.8072858895785 15438.158230812898
1198 1748.9842184683005 16295.527451505484
1199 2841.617468563865 16353.545582395765
1200 4456.470551121247 15907.639942987456
600 3607.550798468578 15169.651059176982
602 3475.911800840294 17473.623261568257
606 3469.579283023833 15714.412579201287
655 3034.540845108193 16440.88978202604
678 903.4495451211866 15504.542505438558
696 2834.3481109866834 15373.254641531785
704 3298.353533649553 15497.817680872258
715 3959.4415572914936 15400.158314873916
716 2562.6139917675705 15416.346369497262
739 1414.3565501396597 17686.59412280834
740 1334.729619096674 15321.383677353555
744 2826.1427545465217 14570.798771836666
764 3453.021201077908 16053.64997777042
768 2991.61457679273 16377.846594812596
775 2836.289304184685 15289.310964104096
781 3318.392856500032 15821.040040141821
782 3474.4052171177555 15727.583618980996
788 1357.9354154024793 15403.062486513389
791 2865.0009059874783 15399.285862273047
793 4697.174216814732 15788.138086247372
798 2833.784071600334 15419.533739112583
801 3310.4040688519085 15491.376956724103
821 1120.976630952769 15684.746584356766
823 2872.500768641995 15399.329788718927
831 2837.7041757109305 15208.543621357132
833 2872.089057352098 16355.825358030557
837 2822.8924764962057 15426.419865110072
839 2880.0504090492245 15599.446110921872
842 2780.444642414338 17285.748330630642
846 2835.2540320038347 15336.735554096664
856 1449.3474249592327 16570.465922683175
858 2608.9486159557036 15417.048531542963
863 2903.8807617753555 15599.370752921744
868 4366.982602983916 15255.801805068331
870 3719.58730598771 16323.870533189307
876 2698.25424338754 15323.564535056814
878 1223.5646268638839 17204.973196370156
881 4384.741007738478 15281.398974239457
888 1581.9679630781786 17519.66900615408
890 2653.5818690012698 15417.699705215988
897 2817.3894306919083 15400.505676275949
898 4068.3593608280507 15650.197219600963
900 2576.3838446026557 16972.95497450626
901 1561.1966075130656 15467.677436175598
902 1930.7509917218235 15581.378853459832
905 2849.236614518043 15387.75936980268
913 1754.1350878515973 15391.885927743278
916 3052.809866348669 15403.491762276013
917 2336.4063033719362 16425.014347138032
918 919.7896023036375 15740.928044912875
921 1875.4092757234787 15463.067619833824
923 3598.4536031449184 15324.320748975986
928 2780.8588685111276 15416.052252414283
929 3102.8841030451786 15422.94615123453
930 3173.637238646008 15586.829902788477
931 3485.464258263286 15385.754708614073
933 2938.2180477828542 15162.162176021391
935 2332.367804877644 16367.19286678033
940 2852.6360511836647 15380.341118293773
941 3701.8852914986246 15866.659164986699
943 3103.6962896411264 15591.913112646675
945 2751.9922963399954 15415.700372755977
947 2855.636614690626 15387.929363314044
948 2332.4155600095955 16341.188072261602
950 2895.000342707585 15399.461567975168
951 1878.7729813165856 15402.0805348558
952 3451.7910280268775 15399.925691591938
953 2236.416133541233 17171.280238608924
955 2352.100420861009 16367.623627236731
957 2579.617543264255 16979.109669241687
958 1854.1257075542428 16863.905880716335
961 2750.125659252969 15395.668852829065
962 2902.500226271624 15399.505494543515
964 2880.000613372565 15399.373715059828
965 1559.1836008262264 16473.268024874502
966 4163.575378455199 15601.009687380067
967 4361.8616038637 16205.076234876025
968 4343.464377535978 17335.847889529505
970 2855.8360512198387 15380.431116933749
973 2423.3508686528116 15388.363751941353
975 1695.9463243971804 15391.430928021988
976 2187.518749230975 15422.594295602814
977 2772.4031342136877 15399.412064616237
980 2807.286857368734 15419.57489366244
981 3834.6151479528635 16684.979113590718
982 2779.900854761228 15399.5943333348
983 2554.7751320886864 16664.4125736031
984 2910.000119353713 15399.549421167609
985 3598.335302421753 15935.884648303512
986 2834.578174574229 15416.422453340836
989 2852.4366162893584 15387.83930320625
991 3234.000907970046 16173.727057029077
992 3812.3800447200665 15227.80663958839
993 3596.6899279132417 15149.594618394054
994 2377.5290042524093 16367.941455947404
995 2887.50047760287 15399.417641514938
997 2814.2754031912214 15413.259107913062
998 2815.7516030952606 15797.280046795788
999 2602.879345754605 16362.114641464781
