5333 2762.4457596916563 15399.170001994285
5342 2789.0210283756483 15399.816043699604
5396 2844.8007626258554 15505.333939404098
5400 2781.23010699294 15399.626647302679
5410 2797.291242444556 15400.017091646248
5417 2737.1765591269386 15398.555710653753
5433 2745.676149733979 15398.762334717487
5436 2754.1121732824827 15398.967413473385
5437 2771.8644677990665 15399.398969698053
5450 2829.5522031601454 15400.730835094737
5555 2713.0974855643094 15397.970351162872
5597 2683.0910579996407 15397.20451471342
5625 2690.5893619452922 15397.403452088682
5630 2668.094356849044 15396.806637488635
5662 2728.9507067133372 15398.355741133815
5664 2720.8646705322585 15398.159170530304
5709 2645.5994787845584 15396.209826258868
5757 2841.50556968029 15400.898725595027
5769 2818.515781340759 15400.532263111245
5773 2675.5927273516627 15397.00557662972
5780 2653.097762884663 15396.408763107607
5787 2638.101192900699 15396.010889362802
5809 2615.6063214233504 15395.414078307796
5819 2593.1114067152844 15394.817266105838
5828 2623.1046336055815 15395.613015901583
5831 2630.6029117952385 15395.811952593513
5836 2660.5960491556716 15396.607700013943
5861 2585.613117457237 15394.618329120254
5876 2837.000448257959 15248.715605413816
5889 2608.10804300881 15395.2151416099
5897 2570.6165185840073 15394.220454608989
5947 2600.6097237727918 15395.01620382897
5968 2578.114821316077 15394.419391952053
6013 2855.1839443326226 15278.96315072687
6087 2555.619904004164 15393.822579681011
6112 2548.121618817671 15393.623642803448
6131 2429.623874166982 15388.435764326929
6161 2563.1181885344836 15394.021516541165
6164 2853.6789310486492 15341.13180090552
6175 2444.6253428993678 15388.60797708015
6204 2452.1260746846706 15388.694083427132
6205 2540.623325715425 15393.424705715874
6216 2467.1275178631154 15388.866295887
6265 2399.620936929539 15388.091338823098
6267 2835.7996161978326 15314.742205331582
6269 2407.1216504532927 15388.177444960442
6281 2459.6268117049585 15388.780189834211
6290 2482.1289682846345 15389.038508430018
6295 2377.1193577889057 15387.78844301708
6297 1884.9879939922896 16355.786791564007
6327 2362.1187575476843 15387.555774997423
6350 2437.124611515832 15388.521870737779
6359 2422.1231233748863 15388.349657761753
6383 2533.125050458831 15393.22576910176
6392 1869.9899749884887 16355.430529407251
6408 2384.6197027269723 15387.904777722051
6411 1862.4910141482205 16355.252399484778
6414 2287.1154441057984 15386.392430056187
6422 2890.6491471920276 17007.742640338143
6431 2264.614341044873 15386.043424882724
6433 2279.6150861739497 15386.276095149673
6472 2294.6157466112763 15386.508764103006
6475 1907.484901849416 16356.321181933263
6486 2474.6282267174684 15388.952401970742
6491 3128.083457555387 15833.344189621139
6500 2272.114703911005 15386.15975986577
6507 2302.116123705633 15386.62509930674
6510 2579.756854761919 16973.45941500345
6513 3193.980458509738 15275.955445035204
6516 2646.9962901398453 14748.89043196247
6518 2309.616475433062 15386.74143411702
6526 2601.4789865425655 17193.415075493158
6532 3222.4630223894064 15329.504646226005
6540 2332.117375212823 15387.090436137476
6543 3559.582498427836 15345.234472655646
6558 861.0695303645621 15757.886651204797
6565 2392.120213984194 15388.005232577596
6566 2871.422460313253 15416.69342494049
6576 2035.3227557964924 16360.886190508128
6585 1982.4748569916846 16358.10248939442
6596 2249.61368664513 15385.810756023038
6601 1989.9776315805545 16358.280709908477
6606 3085.706529970913 16887.349936837705
6614 2478.66802254239 16815.1316119287
6618 2863.9210464330235 15416.461014622513
6619 2257.1140309778752 15385.927090718622
6629 2242.1133400236545 15385.694421291955
6630 2414.6224131093286 15388.263551661812
6635 2160.49205343795 15385.853983720292
6640 2240.4447509077854 16642.899739474156
6645 2076.0497868252437 16361.747154296154
6646 2167.9982735277836 15386.009275825767
6650 4194.6735980048725 16868.04186718508
6654 2842.127288851039 16829.739242882206
6656 4385.962811229327 17068.127931484076
6657 2871.3116710717622 15419.88624051215
6670 1974.9758134126193 16357.924357506574
6675 2854.388514971801 15459.855632678813
6678 1887.6733592826956 15395.939471294805
6679 3662.56696128029 15261.534053793845
6680 2227.112643185746 15385.461751774028
6681 1877.488996254246 16355.608660765067
6683 3168.9693705041886 15407.6509697144
6684 2152.98574862094 15385.698689861943
6686 1814.759420349641 16328.568474865511
6689 3154.0262440463184 15406.310004040462
6690 2234.6129524653306 15385.578085925918
6691 1937.480893716583 16357.033705150758
6692 2145.4794853376716 15385.543396862862
6693 1944.9798424317298 16357.21183478521
6704 1809.2530000191537 16323.475540310756
6707 1820.2658000617114 16333.66137185195
6712 2347.118111223491 15387.323106262995
6715 2878.8035258153795 15420.121133647677
6716 2137.9731794636114 15385.388102982644
6717 2886.425173238942 15417.15824201861
6719 2300.598656759042 15406.332117252303
6721 1899.9859354097398 16356.143051877782
6722 2354.6184271596503 15387.43944051813
6727 2324.6170725663437 15386.97410208847
6731 2140.04559356162 15408.655670548143
6733 2339.617746820647 15387.206771256111
6735 4199.1540769943485 17097.43393925338
6736 2369.619054856993 15387.672108963647
6737 1005.067343787338 15039.646125918793
6738 1952.478831449576 16357.389965377011
6739 2088.6895745929305 15384.695895687848
6744 2338.645582241464 16285.585956376704
6745 1914.9838966630589 16356.499312662736
6747 2122.9606487686424 15385.077516899073
6751 1816.1048286791745 16348.51385978829
6752 1695.4861529516327 17153.578173993046
6753 2357.0113387994834 16367.68500819109
6754 2878.9238140751695 15416.92583339587
6755 2096.197974040225 15384.690694164157
6756 2193.9096634828693 15422.717271513131
6757 2631.6830329078484 16944.632968049817
6759 3146.5547488873926 15405.639527311956
6760 1803.7466064355285 16318.3826304944
6761 2130.4668782947742 15385.23280919977
6762 2215.3610365260733 15410.362012014773
6763 2317.1167754379258 15386.857768125054
6766 4292.269385264611 16001.039637046872
6770 1922.4828937985042 16356.677443447363
6771 2364.5116806083283 16367.778754033321
6773 1802.0005137253902 16353.621266497777
6777 2846.8399790760104 15430.24249324674
6780 2073.6727632937627 15384.706298743822
6785 3776.6619712607194 15453.762102516677
6787 2739.372072205981 17222.1212650359
6791 2101.6029455744606 15408.38035445718
6795 3560.271807725473 16001.152591838267
6796 3150.586389923181 16629.503667616544
6797 2349.511009989251 16367.59126251133
6805 3487.590193633434 17126.392426971186
6806 1009.9621635752605 15394.237542511739
6807 2215.4599382447204 15403.962011948177
6808 1929.9818653863408 16356.855573625131
6809 2863.819813259533 15419.651347280414
6810 3735.9702640741275 16526.428543588398
6814 2822.892475488826 15426.41988630471
6816 2051.1476620528024 15384.721903247626
6817 3394.8996005979106 17558.507958866205
6820 2851.3813368323304 15410.213058042991
6823 2340.287442359917 16377.434239446631
6825 1002.7835918069632 15637.912460540265
6827 1795.0288160821672 16356.388967627305
6829 3147.8467184746655 16631.16419534253
6830 1892.486980603377 16355.964922098638
6832 3633.5700766319924 15216.21078800896
6835 3598.1801415120203 16301.147428162085
6839 2872.500822943526 15399.329789036969
6841 1959.9778693810974 16357.568097130705
6843 3746.7210038802864 15248.139292247615
6844 2880.0006748847068 15399.373715420103
6845 3345.407951036127 16959.142464933066
6846 2108.277157075634 15411.628296922201
6848 3558.0931179585828 14776.36726151578
6849 2857.868677249106 15302.892125974146
6850 2172.8725089937934 15409.170616508118
6851 1146.1978113285988 17104.246533824222
6852 1809.0378133920567 16351.028142866335
6857 1185.3551778951698 15694.816088149504
6861 1140.2928416587247 15691.955430105236
6866 2138.0009356529226 15411.841134480848
6867 1967.4768617330894 16357.746227801705
6871 3618.303154212107 16335.801014353132
6872 1899.651010017058 15399.396340803274
6873 2193.6132789761937 15437.66339364029
6874 2810.1340653243997 15994.560793983132
6876 2893.786436913294 15420.609563131513
6878 2095.434540992427 15381.491224843643
6879 2193.757272936313 15430.190269469285
6880 2886.2954435719394 15420.356028758855
6882 4524.577959177175 16448.530550492043
6884 2270.0853327647337 16940.13976281408
6886 2816.9926681518536 15550.548181598344
6888 4298.604299291245 15160.154292390744
6890 2807.46873954231 15400.264505422534
6891 2893.9257239156173 15417.409634095655
6892 1899.961938964468 15402.603181846382
6895 2865.000906142443 15399.285862273955
6896 3484.64360915034 16838.60317603997
6897 2901.4174065323546 15417.855653922305
6898 2821.9296275933225 15660.593543905856
6899 2813.1188010434635 16351.802134790869
6900 2424.9338630764673 16368.533963399661
6901 1886.8948631202556 15399.120923659022
6903 1798.1674623180143 16313.409098631568
6905 2780.242975808735 17267.737990689588
6908 2222.952960155003 15403.977088451014
6909 1781.0854483295975 16361.924358955663
6910 2066.1643915970926 15384.711500248288
6911 2334.2805080536145 16573.66447342165
6912 3795.417775719778 16621.920669152296
6913 2081.181174477513 15384.701097212
6915 3828.9190173186316 16675.815511118166
6917 2760.028025116907 16858.726200666857
6919 3233.4382150497845 15426.247853998984
6920 2852.436615455292 15387.839334564771
6921 4541.120296593802 16117.25421256332
6923 1888.1394039986176 15402.632150474945
6924 3543.0234327508306 16206.360359176313
6925 2831.6409517128022 16367.768745000905
6926 2822.0974677509807 16355.102983953928
6927 3365.0804054854916 15901.636210690709
6929 1791.1183989618598 16310.846257028657
6931 3246.7764965508586 16805.10309536496
6932 1483.8521516325525 15798.473811066684
6934 1774.1138202438258 16364.69203247151
6935 3163.9867322593827 16648.418275700154
6936 2111.933947966283 16362.50574048635
6937 1843.288197325025 15379.579660098081
6938 3399.031585055042 15600.469140399804
6939 2831.069336177245 15456.611462903787
6940 2802.126302318864 17301.39849790967
6941 2914.6848973164856 16343.960544535068
6942 2852.636050124223 15380.341158125766
6943 1818.9972078675908 17328.64328269203
6945 1842.855136721387 15386.14320451368
6947 2843.2379216309355 16368.04106198648
6948 3272.8644560999605 17210.65536509881
6949 2827.62957457765 15528.981918274167
6950 3823.7391876189595 15541.782193677242
6951 2929.598263978541 15422.735537842196
6952 2043.6392948632613 15384.72710474897
6953 2887.500542876597 15399.417641897244
6955 3022.2130222449678 16452.413852118392
6956 3544.9812139115693 15377.053564158598
6957 1016.3026984773367 15658.026984391598
6958 2697.1542458754125 15400.209089915448
6959 1408.8736231672087 16269.697764868593
6961 2849.4360504048127 15380.261147576404
6962 3161.4978083687806 15406.980486975563
6964 2953.3252193294707 16376.742441017339
6966 2849.236615798127 15387.759321675168
6967 4025.556290965038 15688.31750230294
6968 1788.0571205414863 16359.156667922143
6969 3698.3334790988997 16466.37252296
6970 3286.910670713036 16145.563974338505
6972 3737.6608213529034 16546.077488876384
6973 2908.909100337195 15418.30167441504
6974 3658.0910521369647 16408.197553359347
6975 4001.970809194667 15494.458928199116
6976 1633.6987887471528 15405.845814782464
6977 2481.9626751935198 15408.327597198646
6978 1568.881740696034 15473.51557413915
6979 2559.410084776445 16964.75205873289
6980 3629.7225020117444 16373.898720195375
6981 3654.1073659361373 16401.841599570314
6982 2272.8050440128764 16365.906533147574
6983 2593.0618560826933 16977.446859103016
6984 1156.8743843780903 15689.803001806575
6986 1737.721692234868 16292.068420018522
6987 3829.059615546896 15223.347196124005
6988 2895.000405163109 15399.461568340968
6989 4048.988041645629 15674.41047278454
6990 2852.835484499608 15372.842992723263
6991 2902.5003062266283 15399.505495011808
6992 2556.798201584033 16962.501930935825
6993 4330.184107425438 15989.230518571032
6994 1058.735714890888 15677.051818234844
6995 1541.681779815969 15502.602929506262
6996 1316.0855917831848 15267.640376366395
6997 1734.9729432411327 15391.350165053687
6998 4099.61026031279 15644.85491369758
6999 2850.8418881011003 15327.405647838736
7000 2855.636616409571 15387.929298686604
7001 4066.965491773755 15518.225523337667
7002 3112.2047700880253 16593.39171245488
7003 3387.983425994523 15428.221528801712
7004 1784.0678173056124 16308.282863414444
7005 3274.842198039005 15148.403922702704
7006 2520.1488336065745 16992.264615046646
7007 3175.143517711555 16644.566355502557
7008 3424.485161017371 16082.857644501362
7009 1471.5375172299534 16512.78872835985
7010 3665.0808680952655 16413.312212582878
7011 2058.6560284849384 15384.716701746807
7012 2860.0738535682067 17259.017600193816
7013 3478.4375377031397 16054.019160594691
7015 2511.7213761631665 15379.983026130836
7016 3650.1236739810797 16395.48563660043
7017 3459.221499537675 16071.106984691562
7018 2375.8318335310664 17071.039899945285
7019 3395.3764037904252 14518.696792499282
7020 2735.759224001371 14879.813756782869
7021 4661.838334655651 15814.676946937929
7022 1836.1087626929395 16225.02651092424
7023 1858.4069960889008 15949.281945012262
7024 3091.3694923307726 15467.230202107214
7025 2109.7340655611533 16353.487260975824
7026 3405.2708405948383 17324.838269951564
7027 3572.68061765137 15361.961601893052
7028 1498.417777455731 15825.8236725313
7029 2439.9949961298703 16742.791202257205
7030 3825.7074323176353 15198.303000040452
7031 3250.7120442548903 16817.0632753126
7032 1595.7665380927137 16973.813169076035
7033 3711.9382587638047 16348.850522504985
7034 4074.8606852700104 15659.10665090699
7035 2910.0001979114722 15399.549421627718
7036 1855.1147672363886 16101.170489100621
7037 2193.480537455165 15445.1367412742
7038 1730.5682540963826 16916.02209545279
7039 4215.649273990169 15876.08284032052
7040 3354.9250272085383 17382.501723787394
7041 2173.456461885676 17191.34502715692
7043 1349.92394128136 16747.823399116456
7044 4004.1622995616895 15125.932851312506
7045 851.6815695972235 15755.448341106323
7046 3808.650510313979 15233.487467030605
7047 2965.9748602876107 15868.35036622121
7048 2903.9072832004495 16776.468683277628
7049 3388.2875964662535 17423.508992213116
7050 1520.4090919408015 15520.660443222641
7051 1487.6420598588038 15622.934869780342
7052 1994.3411251023454 15384.761256581156
7053 2213.490398569614 17273.422475554104
7054 4550.54607172319 17222.91676613223
7055 3357.4083772815657 17254.414463145065
7056 2813.772257359945 15849.715011218823
7057 3429.273787643951 15386.264659356737
7058 3927.249361333569 15394.732387110878
7059 2281.0083684983038 17132.461193761224
7060 3150.75775694021 16857.814745741514
7061 3245.3563767033 15104.017963132646
7062 953.7376007013797 15584.4138162952
7063 4640.511818580634 16072.64280320839
7064 2469.462172944495 16716.94315720912
7065 3003.6583263001585 15040.345084031831
7066 4099.453070837976 15675.950239996399
7067 841.3026651989136 15762.113542962878
7068 3333.298663448158 15288.237037738962
7069 4102.028703210508 15916.236018528823
7070 4326.451475546411 16844.700262710066
7071 2106.0086155279023 15355.34675005803
7072 4351.99445967842 16124.711600229306
7073 2031.7263595062986 15937.8383694698
7074 3258.5974722580804 15389.629482150836
7075 3523.2861392449986 17418.670241360673
7076 4448.343255248491 15951.232325867932
7077 1885.1841910068883 16534.11524960083
7078 3317.785595090075 15215.894316318832
7079 1508.0554183588931 15821.446023497896
7080 2867.782229700092 15991.36981781896
7081 962.0235986731043 15306.47630079422
7082 3586.6357109316264 15131.964804456815
7083 2391.9111404161117 16660.06620161492
7084 3514.3179103950874 14699.919495209684
7085 2777.930775305155 15950.893399218972
7086 3938.8592241287824 15421.753970797574
7087 1829.9148401609093 17277.870107538874
7088 3478.3205411770236 17112.051824953585
7089 3893.37928353502 16773.5534019309
7090 3014.736683576682 16407.672689619565
7091 3641.0463107784713 15609.335747255647
7092 3664.4974585010104 15643.644565386965
7093 4292.466151666724 16242.070249587456
7094 4110.77477586623 16733.63378688829
7095 2945.038784846319 16161.00934238742
