5333 2758.0261238932076 15399.062561159648
5342 2780.5192128220747 15399.609365547678
5396 2818.007731655018 15400.520707100786
5400 2773.0215314893208 15399.427097782422
5410 2788.016971124302 15399.791635184056
5417 2735.533030710317 15398.515756668203
5433 2743.0307245480353 15398.698024737454
5436 2750.528423947926 15398.880292941922
5437 2765.5238468978464 15399.244829937945
5450 2803.0123552109862 15400.156171235316
5555 2713.0398916197223 15397.968951060746
5597 2683.0910579996407 15397.20451471342
5625 2690.5893619452922 15397.403452088682
5630 2668.094356849044 15396.806637488635
5662 2728.035325784361 15398.333488329397
5664 2720.5376242566253 15398.151220073201
5709 2645.5994787845584 15396.209826258868
5757 2810.5100420939652 15400.3384391355
5769 2795.5146568627856 15399.973903056416
5773 2675.5927273516627 15397.00557662972
5780 2653.097762884663 15396.408763107607
5787 2638.101192900699 15396.010889362802
5809 2615.6063214233504 15395.414078307796
5819 2593.1114067152844 15394.817266105838
5828 2623.1046336055815 15395.613015901583
5831 2630.6029117952385 15395.811952593513
5836 2660.5960491556716 15396.607700013943
5861 2585.613117457237 15394.618329120254
5876 2810.0494544789726 15393.923407911756
5889 2608.10804300881 15395.2151416099
5897 2570.6165185840073 15394.220454608989
5947 2600.6097237727918 15395.01620382897
5968 2578.114821316077 15394.419391952053
5987 3425.7988496299595 17479.321907031317
6013 2817.5491334906733 15394.105675549092
6087 2555.619904004164 15393.822579681011
6112 2548.121618817671 15393.623642803448
6131 2429.623874166982 15388.435764326929
6161 2563.1181885344836 15394.021516541165
6164 2802.5497872469136 15393.741140560705
6175 2444.6253428993678 15388.60797708015
6204 2452.1260746846706 15388.694083427132
6205 2540.623325715425 15393.424705715874
6216 2467.1275178631154 15388.866295887
6265 2399.620936929539 15388.091338823098
6267 2795.050110996402 15393.558872990476
6269 2407.1216504532927 15388.177444960442
6281 2459.6268117049585 15388.780189834211
6290 2482.1289682846345 15389.038508430018
6295 2377.1193577889057 15387.78844301708
6297 1884.9879939922896 16355.786791564007
6327 2362.1187575476843 15387.555774997423
6350 2437.124611515832 15388.521870737779
6359 2422.1231233748863 15388.349657761753
6383 2533.125050458831 15393.22576910176
6387 1482.4156375899329 15584.692797197857
6392 1869.9899749884887 16355.430529407251
6408 2384.6197027269723 15387.904777722051
6411 1862.4910141482205 16355.252399484778
6414 2287.1154441057984 15386.392430056187
6422 2846.424625124269 16827.383033745173
6431 2264.614341044873 15386.043424882724
6433 2279.6150861739497 15386.276095149673
6472 2294.6157466112763 15386.508764103006
6475 1907.484901849416 16356.321181933263
6486 2474.6282267174684 15388.952401970742
6491 3038.429264070771 15602.493663494937
6500 2272.114703911005 15386.15975986577
6507 2302.116123705633 15386.62509930674
6510 3090.7044645613055 16688.838507641307
6513 3255.929770964869 15399.549335542852
6515 3259.3440430078695 15406.117667948949
6516 2797.6408784335226 14977.039986964022
6518 2309.616475433062 15386.74143411702
6526 2776.675567582254 17306.27685016429
6532 3171.1249524702093 15407.615712231245
6540 2332.117375212823 15387.090436137476
6543 3161.1056119604627 15406.945292070233
6558 1429.6815955721602 15633.423477686636
6565 2392.120213984194 15388.005232577596
6566 2871.422460313253 15416.69342494049
6576 2337.8019369396757 16339.374060477045
6585 2174.372180476472 16363.825676062837
6596 2249.61368664513 15385.810756023038
6601 2319.198977573411 16366.88729446925
6606 3115.909717459368 16682.512543308
6611 3609.5615688936664 15957.619026185495
6614 2337.3741798455485 16363.49716089361
6618 2863.9210464330235 15416.461014622513
6619 2257.1140309778752 15385.927090718622
6620 3577.817561323111 16198.06427892004
6629 2242.1133400236545 15385.694421291955
6630 2414.6224131093286 15388.263551661812
6635 2160.49205343795 15385.853983720292
6638 3031.0601471362475 15371.46190440204
6640 2337.6907096262403 16349.541060831061
6645 2337.890197439625 16331.30639700018
6646 2167.9982735277836 15386.009275825767
6650 3901.098017319013 16778.201879613123
6654 3135.8797445193345 16611.892560479708
6656 4432.753351296138 17044.39188627428
6657 2871.3116710717622 15419.88624051215
6670 1974.9758134126193 16357.924357506574
6671 1131.9272944192153 16154.343325368884
6675 2817.4692503424403 15397.305676223601
6678 2153.7017662158287 15411.953560511645
6679 3638.6688491433547 15218.771988052962
6680 2227.112643185746 15385.461751774028
6681 1877.488996254246 16355.608660765067
6682 3276.104251886781 16788.131497202034
6683 3075.3666699291566 15400.619473735493
6684 2152.98574862094 15385.698689861943
6686 1814.759420349641 16328.568474865511
6689 2922.9778577549323 15399.62596227079
6690 2234.6129524653306 15385.578085925918
6691 1937.480893716583 16357.033705150758
6692 2145.4794853376716 15385.543396862862
6693 1944.9798424317298 16357.21183478521
6694 3949.9205475530107 15434.79853207773
6704 1809.2530000191537 16323.475540310756
6707 1820.2658000617114 16333.66137185195
6712 2347.118111223491 15387.323106262995
6715 2878.8035258153795 15420.121133647677
6716 2137.9731794636114 15385.388102982644
6717 2886.425173238942 15417.15824201861
6719 3000.989030047723 15417.996949347582
6721 1899.9859354097398 16356.143051877782
6722 2354.6184271596503 15387.43944051813
6725 3909.819431780787 16478.77541872163
6727 2324.6170725663437 15386.97410208847
6731 2222.817970510307 15413.57709033424
6733 2339.617746820647 15387.206771256111
6735 3920.925206341591 16803.181880127362
6736 2369.619054856993 15387.672108963647
6737 872.8550382901524 15200.382992192985
6738 1952.478831449576 16357.389965377011
6739 2088.6895745929305 15384.695895687848
6744 2368.1451583910693 15821.963550670625
6745 1914.9838966630589 16356.499312662736
6747 2122.9606487686424 15385.077516899073
6751 1816.1048286791745 16348.51385978829
6752 1939.2002621091992 17326.037509216898
6753 2357.0113387994834 16367.68500819109
6754 2878.9238140751695 15416.92583339587
6755 2096.197974040225 15384.690694164157
6756 2193.9096634828693 15422.717271513131
6757 3137.555048328907 16663.5672458562
6759 2888.0022864290654 15399.423059985338
6760 1803.7466064355285 16318.3826304944
6761 2130.4668782947742 15385.23280919977
6762 2215.4110043918895 15407.162012902136
6763 2317.1167754379258 15386.857768125054
6764 951.7471548353077 15989.893355314995
6766 4016.7324888409835 15514.490429362777
6767 3336.699246148816 16065.289174745629
6769 2969.2988719614723 15641.489413405843
6770 1922.4828937985042 16356.677443447363
6771 2364.5116806083283 16367.778754033321
6773 1802.0005137253902 16353.621266497777
6777 2809.9702232285445 15397.123408203472
6780 2073.6727632937627 15384.706298743822
6784 2016.9979511590145 15582.246524430157
6785 3929.79070522116 15729.900589135264
6787 2567.1905919002056 16947.596597142616
6788 2846.7825978079045 15568.756463776974
6790 3328.4526781331615 16568.960982800258
6791 2215.3116408853916 15413.562012040062
6795 3142.7616955947715 16222.29233779265
6796 2959.4823000646425 16361.838851894167
6797 2349.511009989251 16367.59126251133
6799 3359.486561269745 16105.818577454256
6805 3155.620743638692 16645.49577622384
6806 1279.110148207845 15285.23450579028
6807 2215.4599382447204 15403.962011948177
6808 1929.9818653863408 16356.855573625131
6809 2863.819813259533 15419.651347280414
6810 3437.805389407367 16485.721394112858
6814 2813.2475340070932 15637.608253295406
6816 2051.142928843393 15384.721906526607
6817 3603.8095904632473 17589.016861767952
6820 2802.471220600119 15396.941140778476
6823 2357.1097472737288 15855.054204933253
6825 907.7737688658358 15739.071680982137
6826 4222.112048964404 15909.588299751847
6827 1795.0288160821672 16356.388967627305
6829 3121.584504040342 16588.871481315025
6830 1892.486980603377 16355.964922098638
6832 3655.3919873433365 15255.257804571746
6835 3382.03095140729 15932.877814675421
6837 2839.909031209144 15529.479175258284
6839 2872.500822943526 15399.329789036969
6841 1959.9778693810974 16357.568097130705
6842 3294.909902161137 15185.711739436489
6843 3203.3323581154477 15406.631228730075
6844 2880.0006748847068 15399.373715420103
6845 3144.207550603674 16625.3036733195
6846 2215.6164599044323 15416.76272317175
6848 3718.4530497192677 15034.71100930873
6849 2852.4171012898405 15388.573011695227
6850 2230.340411098885 15413.592200991217
6851 1446.7240859109174 17080.106988190168
6852 1809.0378133920567 16351.028142866335
6857 1562.2912310972272 15495.920183345937
6859 2957.890884267031 16322.624254682947
6860 1016.1873596899597 16581.616168334418
6861 1506.5721888221133 15557.845545110364
6863 1898.781894294652 16169.129946737361
6865 3633.1303550141447 16379.326032054156
6866 2236.0675335700807 15416.803779885533
6867 1967.4768617330894 16357.746227801705
6871 3400.036663108557 15966.064197994821
6872 2175.777222780577 15412.498554090667
6873 2193.6132789761937 15437.66339364029
6874 2837.0616093380972 16368.217103854717
6875 2344.814116595131 14946.607453732306
6876 2893.786436913294 15420.609563131513
6878 1849.5894705908468 15408.751011783821
6879 2193.757272936313 15430.190269469285
6880 2886.2954435719394 15420.356028758855
6882 4283.533089992618 16028.349074728028
6884 2215.553939805945 17158.827897120624
6886 2806.8139917009576 16050.03907796176
6888 4079.1435925135756 15149.173695221261
6890 2794.9368681904825 15396.758014157407
6891 2893.9257239156173 15417.409634095655
6892 2103.876181641448 15404.068419680483
6893 2925.7244690497528 15405.595751422621
6895 2865.000906142443 15399.285862273955
6896 3340.5454651131936 16586.577901973873
6897 2901.4174065323546 15417.855653922305
6898 2809.50117101281 16286.949413311544
6899 2813.1188010434635 16351.802134790869
6900 2837.160470525861 16371.417134345826
6901 2105.261549270801 15400.88748271917
6902 3839.3291008914853 15788.029740986245
6903 1798.1674623180143 16313.409098631568
6905 2572.5706576237826 16944.126759176776
6908 2222.952960155003 15403.977088451014
6909 1781.0854483295975 16361.924358955663
6910 2066.1643915970926 15384.711500248288
6911 2345.0043262957024 16167.45947011577
6912 3761.899429140884 16324.457988052074
6913 2081.181174477513 15384.701097212
6914 4404.025885464671 15460.936982381094
6915 3729.375697807376 16342.729163038208
6917 2585.429368884918 16984.200072897806
6918 803.0646625689874 15790.09311484328
6919 3751.5861229659345 15264.635092756245
6920 2852.436615455292 15387.839334564771
6921 4374.05476542614 16152.631207256663
6923 2021.6397463877659 15402.908771718083
6924 3309.0573931405634 15805.234975924699
6925 2844.607123870877 16368.002035961097
6926 2363.777290285998 16359.817954711241
6927 3394.1308561498463 16089.063287113895
6929 1791.1183989618598 16310.846257028657
6931 3128.008522218412 16599.216730928
6932 1414.153343390526 16362.001528159932
6934 1774.1138202438258 16364.69203247151
6935 3429.425490319918 16502.27176245081
6936 2339.2293329425643 16264.223789447991
6937 1603.779649409701 15426.827065453328
6938 3482.7505707277273 15410.46383299562
6939 2809.979629320669 16065.908140733542
6940 2569.880644524185 16945.856761944673
6941 2534.2521728213046 16358.407746054192
6942 2856.7126319791164 15147.556406380812
6943 1553.1229834144715 17015.896007802177
6945 1731.2778909779859 15384.339220629878
6946 3438.691129051097 17489.45785825139
6947 2852.1525652493706 16367.786970152576
6948 3141.6232029545395 17347.30531820909
6949 2809.592567211931 16244.725604401387
6950 3991.325498787514 15846.153090265234
6951 3507.173855527765 15397.655908411532
6952 2003.481148192358 15384.754924732808
6953 2887.500542876597 15399.417641897244
6955 3182.6750782245576 16211.055078968584
6956 3841.6352904299015 15204.911118642383
6957 919.0230784102343 15458.024682900463
6958 2076.0312351014272 15391.43893043182
6959 1506.542411993 16825.44185951837
6961 2849.4360504048127 15380.261147576404
6962 3034.0274557248804 15399.606996464663
6963 2286.9257578178886 17393.564898846857
6964 2986.9320831669565 16328.21898089197
6966 2849.236615798127 15387.759321675168
6967 4098.237214522624 15645.626285859376
6968 1788.0571205414863 16359.156667922143
6969 3385.1555759165562 16515.097933543548
6970 2816.251283906124 16367.247650336807
6972 3462.000445585613 16690.159586934424
6973 2908.909100337195 15418.30167441504
6974 3733.2765177379656 16528.155632604557
6975 3732.323471203298 15255.8880203634
6976 1484.5859618046406 15767.299709535011
6977 3163.5227027407677 15423.899012964213
6978 1410.2094036374447 15638.650811055491
6979 2276.88837968738 17131.127981323614
6980 3177.8299477225096 16629.39507027703
6981 3665.7004286998026 16420.338280153213
6982 2427.377637325158 16746.704147761662
6983 3022.879811863044 16729.063097527058
6984 1424.1990266860878 15632.952988749872
6985 3218.324679582912 15544.677026053252
6986 1429.8668271016593 16206.280678446295
6987 4066.423996632271 15633.12629191108
6988 2895.000405163109 15399.461568340968
6989 4117.955671439675 15634.548528039246
6990 2859.6818941201864 15126.98810066495
6991 2902.5003062266283 15399.505495011808
6992 2552.354697946146 16964.88734525936
6993 4065.7465327605337 15602.287376685807
6994 910.8618955736717 15516.309814526694
6995 1495.852610975683 15876.214504191588
6996 1431.0901032927966 15597.901998765163
6997 1889.4749265157561 15189.626725742391
6998 4208.512711860943 15446.304963636965
6999 3050.1341985866293 15015.330422785004
7000 2855.636616409571 15387.929298686604
7001 3969.0852499037464 15410.82935150504
7002 3393.9061958385814 17029.98030283227
7003 3814.762208316212 15226.506376086789
7004 1467.9394523851788 16284.625478446575
7005 3279.1217807238054 15320.727238049245
7006 2052.9751284514523 17248.626657381683
7007 3502.9703193816786 16462.33533778326
7008 3661.39284678887 15897.359796433175
7009 1107.3198679392162 16721.38167658224
7010 3603.805208585019 16310.834285172503
7011 2058.6555966349006 15384.716702045976
7012 3074.415582477816 17124.753076394016
7013 3700.7995819738403 15874.620946932992
7015 2511.7213761631665 15379.983026130836
7016 3650.1303451671697 16395.496280448457
7017 3571.6397977664105 16261.822819211817
7018 2184.206834045872 17222.758381495347
7019 3290.2873024951996 14358.094954295899
7020 2779.541796805638 14618.604938490244
7021 4245.584019472912 16043.069000560205
7022 1827.4592851230373 16852.68005260365
7023 1872.2709626082408 15433.47721713257
7024 3214.284988855977 15653.781816969273
7025 1859.3749571064773 16204.406044913234
7026 3931.8238237461137 17027.325801018156
7027 3831.2291796622894 15203.06038332233
7028 1488.8566044564902 15780.313298248624
7029 2615.378825495686 16629.6915157201
7030 3663.3601794829474 14939.904576638488
7031 3231.450243780057 17028.81142627666
7032 1433.162401437412 16424.5473963362
7033 4039.6656696625896 16311.664317076391
7034 4270.87896956854 15560.101557702503
7035 2915.287731623791 15399.580390536637
7036 1841.958064431066 16282.886632880965
7037 2193.4771088847187 15474.078651433192
7038 1203.099471795521 17204.29603034643
7039 3911.683530954354 15314.94552484824
7040 3133.014187214498 17546.665565759333
7041 2302.0541743670633 17425.766020947736
7042 3891.3381675500596 15272.095422167116
7043 1168.0766232721414 16845.399292711707
7044 4127.092302436056 15202.533204216827
7045 1249.603830513605 15695.209884235004
7046 4008.1851755455546 15533.61933616378
7047 2969.760778474452 15610.03960473949
7048 2831.781121286703 16723.497859707008
7049 3545.3747980162593 17502.59566002274
7050 1491.3623012384908 15855.508214713467
7051 1772.4729693596537 15518.663953539171
7052 1847.14875364597 15641.863769911468
7053 2343.5064826680905 17540.279250468036
7054 4386.458038888231 17312.02567551442
7055 3611.1701051974865 17357.937632953734
7056 2750.853926211591 15951.200727842233
7057 3384.8991186742815 15209.838173678081
7058 4181.621815680791 15848.313265422925
7059 2250.220274797482 17336.970141568992
7060 3226.533375312598 16819.46407027538
7061 3380.397313336799 15193.621766586855
7062 854.4971936341092 15736.116084678059
