5417 3447.874189308693 16045.859472038504
5436 3451.856299755125 16052.224169678015
5437 3338.0777203449024 16588.699765397276
5597 2809.891763346478 15400.323408850722
5625 2817.389432975275 15400.505676331457
5630 2794.896300507238 15399.958870884993
5662 3168.2528807109807 16655.968148098575
5664 3641.8030335727817 15230.942422203603
5709 2772.403287978018 15399.41206835423
5773 2802.3940408711305 15400.141140085292
5780 2779.9009553180244 15399.594335779326
5787 2764.905572121448 15399.229799749703
5809 2742.412470899918 15398.682995062838
5819 2719.9194130607566 15398.136191430594
5828 2749.9101635428206 15398.865263103044
5831 2757.407904043626 15399.047532306671
5836 2787.3986271753975 15399.776603314238
5861 2712.421698709794 15397.953922862669
5889 2734.9147641316526 15398.500726679247
5897 2683.090987256038 15397.204512836523
5947 2727.4170795771533 15398.318458835669
5968 2690.5892776636697 15397.403449852607
6087 2668.0943577205353 15396.806637511758
6131 2600.609543984789 15395.016199059019
6161 2675.592689846298 15397.005575634665
6175 2608.107827124792 15395.215135882287
6204 2615.606143743854 15395.414073593785
6205 2660.5960059218264 15396.607698866907
6216 2630.602806524148 15395.811949800567
6265 2578.1146535643707 15394.419387501435
6269 2585.612959648249 15394.618324933426
6281 2623.104431343346 15395.613010535368
6290 2645.599370554947 15396.20982338743
6295 2555.6197207258065 15393.822574818456
6297 1884.9879939922896 16355.786791564007
6327 2548.121431340619 15393.623637829498
6383 2653.0976512605553 15396.408760146109
6392 1869.9899749884887 16355.430529407251
6408 2563.1179993249357 15394.02151152125
6411 1862.4910141482205 16355.252399484778
6414 2452.126053796253 15388.69408318734
6431 2429.6238354210154 15388.435763882137
6433 2444.625312871094 15388.607976735433
6472 2459.6267753136112 15388.780189416448
6475 1907.484901849416 16356.321181933263
6486 2638.101081441919 15396.010886405691
6500 2437.1245798117147 15388.521870373825
6507 2467.1274841387344 15388.866295499854
6518 2474.6281897297167 15388.952401546132
6565 2570.616362141667 15394.220450458419
6566 2830.7127769903846 14566.694743127027
6576 1997.47265672254 16358.458746342578
6585 1982.4747554709054 16358.1024869829
6596 2414.621785654748 15388.263544458805
6601 1989.9737063007117 16358.280616667584
6619 2422.1231137829463 15388.34965765164
6629 2407.109218142095 15388.177302240914
6630 2593.1112527987957 15394.817262022283
6635 2327.011280760999 15387.011237647737
6645 2025.1507804550006 16360.671156360033
6646 2335.6146479611057 15387.14468086845
6657 1287.0531122029365 15691.148609790962
6670 1974.9758134126193 16357.924357506574
6675 4088.8610113643676 15717.665638956447
6680 2392.027046208902 15388.004163037047
6681 1877.488996254246 16355.608660765067
6684 2317.430490816662 15386.862634032732
6686 1814.759420349641 16328.568474865511
6690 2399.5869072428623 15388.090948171613
6691 1937.480893716583 16357.033705150758
6692 2281.8563780266823 15386.310858887688
6693 1944.9798424317298 16357.21183478521
6704 1809.2530000191537 16323.475540310756
6707 1820.2658000617114 16333.66137185195
6712 2540.623131935235 15393.424700574695
6715 1400.181507975838 15544.89654737449
6716 2258.779071903499 15385.952916470163
6721 1899.9859354097398 16356.143051877782
6727 2698.866920649688 15269.7943421476
6733 2533.124780912608 15393.225761950434
6736 2337.32639652876 16365.52479635507
6738 1952.478831449576 16357.389965377011
6739 2101.9024402962805 15384.739395381264
6745 1914.9838966630589 16356.499312662736
6747 2141.882862549367 15385.468988289878
6751 1816.1048286791745 16348.51385978829
6753 2055.1479611990617 16361.305292601028
6755 2127.827240091716 15385.178199160451
6756 2368.9993674883517 15387.662497252744
6760 1803.7466064355285 16318.3826304944
6761 2159.3537144730412 15385.830433244488
6763 2482.128976732399 15389.038508526995
6770 1922.4828937985042 16356.677443447363
6771 2062.647197245763 16361.46382541108
6773 1802.0005137253902 16353.621266497777
6780 2081.9732204079046 15384.700548513747
6791 917.2123483352021 15241.863588749331
6797 2047.6486424413688 16361.146758042478
6807 2384.4326261591423 15387.901876055861
6808 1929.9818653863408 16356.855573625131
6814 2822.892475488826 15426.41988630471
6816 2059.1556344350747 15384.716355639464
6827 1795.0288160821672 16356.388967627305
6830 1892.486980603377 16355.964922098638
6839 2055.260162798317 15408.048459687532
6841 1959.9778693810974 16357.568097130705
6844 2104.2568664671962 15408.399361137628
6852 1809.0378133920567 16351.028142866335
6866 1029.1175895064173 16310.492077039931
6867 1967.4768617330894 16357.746227801705
6873 2352.349271527205 15387.404244596713
6874 2831.057997941172 15456.850012374134
6876 2336.066905289997 16448.747378867774
6879 2360.8563706930836 15387.536194644319
6880 2225.6248247637127 16364.90914985548
6886 2822.536357068828 15433.912397478774
6891 2514.0770642529556 15258.748787454299
6895 3298.4886607149238 15787.443652954536
6897 2215.361035834091 15410.362012013382
6898 2831.7702368826235 15441.864945812707
6899 2829.292409078356 15426.729877242802
6900 2070.1464977813516 16361.622359584419
6903 1798.1674623180143 16313.409098631568
6908 2376.704826288226 15387.78201339281
6909 1781.0854483295975 16361.924358955663
6910 2074.4523182454573 15384.705758698827
6913 2090.696437260588 15384.694505412359
6920 2852.436615455292 15387.839334564771
6929 1791.1183989618598 16310.846257028657
6934 1774.1138202438258 16364.69203247151
6935 2092.6443399243426 16362.097960847377
6936 2032.6501053516868 16360.82969104836
6937 2198.2598520057027 15311.509916099121
6939 2832.482476515457 15426.879864705032
6941 3525.8545375156023 14718.420891541866
6942 2852.636050124223 15380.341158125766
6947 2826.0924074710374 15426.56997785573
6949 2832.126357713012 15434.372383925529
6950 2374.9101910458567 15796.097801400978
6952 2050.8897547504557 15384.722081915657
6953 2260.4479130904324 15413.652679253519
6955 2085.1451153534867 16361.939428279922
6956 2222.9092148043874 15407.177090921656
6957 3738.4461532342757 15248.959897749475
6961 2849.4360504048127 15380.261147576404
6964 2077.6458052397074 16361.780893904102
6966 2849.236615798127 15387.759321675168
6967 3159.6659191593567 17024.769924358614
6968 1788.0571205414863 16359.156667922143
6974 3185.297398869394 15403.293975887173
6978 3894.126523125895 15317.485006927922
6981 3247.3058481466146 15403.765267032602
6982 2040.149381421402 16360.988224704493
6986 1777.020261137967 16305.720569782976
6987 2230.4177051564984 15407.192189612924
6988 2447.525874944137 15415.181873010437
6989 3147.8466824792304 16631.16413737542
6990 2852.835484499608 15372.842992723263
6991 2605.5656606792313 15410.595424397226
6992 4277.295689172265 17114.41413405792
6994 2021.627768611979 15384.74235346823
6999 2849.6354849112977 15372.76297724491
7000 2855.636616409571 15387.929298686604
7002 2830.7018804604995 15464.342503785354
7003 1853.2738944789812 16187.537030233827
7004 1784.0693378647388 16308.283416247066
7007 2803.365308651972 16164.973505556949
7009 1767.1421500282831 16367.459722712496
7011 2066.92855256581 15384.710970867638
7012 1567.7884793898634 17023.459755214575
7013 2107.642869377995 16362.415027680068
7015 1831.296556455222 16609.11558258306
7016 2863.819835756153 15419.651347985755
7019 3968.5855991673047 15416.473989959384
7020 2849.834919888377 15365.26478922041
7024 1872.0350283149965 15395.46835122731
7025 3745.496406015434 16316.74332474737
7028 1769.9711553275179 16303.157712744875
7030 1844.0631216083027 15953.664340462055
7031 4017.565965771275 15543.995875190338
7035 2691.3810232677915 15411.761041839995
7036 3159.214468986344 16632.035337422487
7037 2344.1387436861532 15387.276894542558
7038 2829.9896380289156 15479.327643777007
7040 2295.5408112068762 16618.952646448764
7041 2828.0150187401587 15520.872411625833
7043 1760.17045242074 16370.22742382786
7044 1298.1864276496824 15555.504489900179
7048 3900.073229989961 17246.533410847274
7049 2322.8006434592094 16564.29834264758
7050 2031.3569407547686 15384.7356134806
7051 1762.9220903939854 16300.594870568473
7052 2042.3278314919662 15384.72801327919
7053 3532.7568866842685 16015.86258468238
7054 3459.2237976375527 16071.110866270272
7056 2831.414115728082 15449.357514519865
7060 2830.3457595736777 15471.835066859856
7061 2850.0343554764363 15357.766578224793
7062 2013.6542749568866 15384.747877190886
7065 2853.0349190204024 15365.34482185377
7067 1280.486053120572 17583.969564974428
7069 2350.9260525351656 16367.608948952648
7070 2375.875866783609 16783.855469613965
7071 2308.208548523452 15386.719596353158
7072 3277.1597653792614 15907.649261639202
7074 2851.59726984243 15499.820426909033
7078 2853.234354469632 15357.846616077772
7080 2516.4111088756017 17033.204222003955
7083 4012.1414799993163 15685.018869270598
7084 3970.0432985143607 16203.540909679106
7085 2100.143644402175 16362.256495104053
7086 3396.799026529691 16097.535656975622
7088 2837.061611220575 16368.217103801062
7089 2305.0555213484795 15768.343075279487
7090 4251.578066767996 15548.503318848017
7091 3143.890177680923 16624.79257543415
7092 2244.0103457572654 15405.709497392112
7094 3113.03240043903 16594.760184146107
7096 2324.601647963767 16426.335898348087
7097 3148.243447448185 16625.73064918101
7098 3138.8306208295858 15585.03836572928
7099 3906.5972777326137 15747.78039003637
7100 2859.7003193430282 16367.571838425318
7101 2076.6410952120755 15411.401766430638
7102 3276.507406503141 15756.734735769702
7103 1873.3494369562977 16860.1118050728
7104 3823.4577402271493 16702.828447088865
7105 3173.0883601665596 15585.925831476734
7106 2848.698241122175 15541.328456803403
7107 2392.19728542982 15771.18628202277
7108 2046.0020270077628 17824.476165169166
7111 1857.2206604955707 15385.695014764151
7112 2689.5056346132505 16890.26329834261
7114 3882.7464652137437 15646.144441958384
7115 2006.0971936812925 15384.753112439432
7116 2879.730343268538 16370.283969707409
7117 1035.390655006712 16343.095509574357
7118 2231.902944008194 15385.536052121213
7119 1592.271976551788 15443.822075750079
7120 1753.1988084015024 16372.995103669151
7121 2845.3611879177597 15416.147592549181
7122 3660.16964757458 16381.6077234634
7123 2852.152530544634 16367.786971141755
7125 1939.5684713733056 16347.334158992166
7126 3139.8714265689823 16618.320771925344
7127 2981.9211471329886 15598.866928386295
7128 621.0272903315332 17703.55388687255
7129 3770.7850144832246 16528.06422436067
7131 1182.7643582986195 16289.557805443152
7132 3195.4697938802474 16633.18809697738
7133 1694.4083506755487 16396.334385517068
7136 4247.674257723963 16034.666067161566
7137 2353.303406369371 15871.94257235276
7139 2866.044169493961 15399.291972632673
7140 2844.607083250896 16368.002037118878
7141 3089.543823829874 15422.884100649568
7142 3604.918795081052 15985.584453025183
7143 1746.2271558511397 16375.76278689722
7144 1033.1765417745376 16348.515913286885
7145 1982.7570144512786 15384.769281597193
7146 4263.233781404638 15995.609247715951
7148 2670.227577699029 16900.884295539152
7149 2857.7666381019408 15113.94891591617
7150 2858.4202608979836 15404.499285539208
7151 2736.842751538854 16371.353550645365
7152 2180.1899225544416 17215.80907806927
7154 3096.734086147198 16247.276140809236
7155 1937.5495164649092 15396.735702298964
7156 3434.6064355517683 16024.653319634073
7157 1755.8729995721433 16298.03201897981
7158 1715.2826102227782 15380.849298621226
7159 1106.5188733318935 16732.53500007139
7160 3627.332054965697 15975.316066927064
7161 3443.8200057985086 16039.379578382985
7162 2850.233791574077 15350.268348070378
7164 2737.7015105299083 16361.426982739127
7165 3519.010659176161 15367.078913987558
7166 2896.4421435636623 16355.087507901962
7167 2863.9211268706126 15416.461017114647
7168 3465.039470149535 16080.933759882779
7170 3661.090618119962 16412.983347674955
7171 2622.511662400104 16372.519890512503
7172 2885.51847840836 15399.40603301164
7173 2833.503185548589 16834.525658608614
7174 3761.3731804503013 15825.756777101371
7175 1771.7036373785634 16763.53591585482
7176 1839.7803816178161 15386.239133749636
7177 2215.460012606604 15403.9620120978
7178 2817.3652481328427 16626.905942773385
7179 3558.4268586686594 16239.06898355683
7180 3853.4935238471267 15787.809970320304
7181 3051.838557376318 16493.648476850285
7182 2682.214305292369 16916.43886083607
7184 3077.747692136609 15400.681377581835
7185 2875.499243998861 16352.519201845425
7187 3439.419046033219 16032.34542435674
7188 3945.292488733717 16220.883627622383
7189 2795.3957834357016 16856.268873052333
7190 1860.463123775796 15830.446738486628
7191 2953.789088240222 14459.789095872946
7192 2321.820188250163 16589.474118829177
7193 2618.8661041122414 15183.307669203637
7194 2859.6857455010345 15127.330816077108
7195 1991.0779691426196 15384.763517167203
7196 3442.955973113098 15425.766610506336
7197 1447.013513042315 15599.7690409449
7198 1998.5888282368517 15384.758313939567
7199 2313.9727510354533 16585.790965729037
7200 2204.243089063908 15385.44454103413
7201 3025.947438737133 15599.491987479938
7202 3747.9141242132214 15266.639390850552
7203 3531.7911463841183 16193.67989762658
7204 3553.789390482793 15348.353562373268
7205 1425.2601622416203 16167.861594750144
7206 3509.6312803317633 17185.53903589154
7207 3474.0475134011676 16056.394453468565
7208 2643.42556751307 16353.27599486025
7209 4011.9576695846304 16180.65888863302
7210 3678.629675124753 16440.966835883064
7211 3018.1659813584674 16419.677092328468
7212 2335.5510692395096 16019.31934680212
7213 3829.650322274062 15222.098247311134
7214 3339.3937028218384 17350.9885592143
7215 3105.911036901034 15594.71100943074
7216 3719.536178204497 15347.935161187612
7217 3758.5544833240524 16538.39600501932
7219 3631.7093375564773 16365.267815525049
7220 3565.902404625651 16006.69489520916
7221 3264.3289988713295 16846.62172115198
7222 2511.8892395564785 15371.224685131507
7223 4558.439695841976 16095.936099901814
7224 3839.0533261564697 15245.347307252017
7225 2191.791026351809 16805.29940785786
7227 3027.446214303485 15027.729023220722
7228 3502.211760603835 16239.98990057098
7229 3146.9077300065105 14961.311473752985
7230 4472.719205474492 15940.589584967698
7231 3224.3070045137615 15664.116274187963
7232 874.4443448945195 15197.56560706292
7233 3912.900397869376 16087.568197557326
7234 4251.35869653028 16478.03346702181
7235 2224.094467965607 17157.6295630638
7236 4021.7740002579576 15323.189963181272
7237 1325.057464324378 15670.564492600171
7238 3343.428503805172 15869.764413229104
7239 1134.927850684628 16612.242524025543
7240 4438.813558995909 14864.169706605304
7241 2644.745964026788 16914.92306244292
7242 1639.7000910176546 16963.769120965462
7243 3291.2820433719494 14359.60638831159
7244 1608.9658510900465 16979.91854545272
7245 2346.0961714559007 16247.28619020916
7246 2957.3718032401307 17190.335115156064
7247 2830.662656911385 16324.106091761198
7248 3890.4798580564275 15336.244667082314
7249 3247.6259619266725 15708.692505737448
7250 2614.792293878649 16362.2025886568
7251 3255.311275162503 16811.422598917292
7252 1020.3469896118538 16744.89925158477
7253 4445.112720229753 14882.75456835938
7254 962.2659695724964 15420.584832402545
7255 3608.1131926106577 15322.75932899639
7256 886.0677949082423 15858.471959268623
7257 2853.626317415628 15343.109923894905
7258 4234.804773449027 15190.91775099522
7259 4541.524636478594 15534.947441599843
7260 3171.9071473352187 17068.24054985533
7261 2700.9680823824588 15367.409237135485
7262 1829.886320746821 16520.418867452234
7263 1013.9467530212639 15034.587209992444
7264 1112.4638434998128 16324.852539740948
7265 2933.9891743679796 15399.70391840431
7266 3002.7424504223704 17161.217625585236
7267 3675.5709363623446 17470.695520621644
7269 999.620678523348 15046.42946756874
7270 3545.1091627897035 17197.146279554443
7271 2612.9985160515635 16175.212901747736
7272 3608.4058300131765 17411.76026367921
7273 979.0365943018355 16059.458479491863
7274 1259.4536724967084 15859.403647809233
7275 4219.910635631155 16266.199910474485
