5597 2809.891763346478 15400.323408850722
5625 2817.389432975275 15400.505676331457
5630 2794.896300507238 15399.958870884993
5709 2772.403287978018 15399.41206835423
5773 2802.3940408711305 15400.141140085292
5780 2779.9009553180244 15399.594335779326
5787 2764.905572121448 15399.229799749703
5809 2742.412470899918 15398.682995062838
5819 2719.9194130607566 15398.136191430594
5828 2749.9101635428206 15398.865263103044
5831 2757.407904043626 15399.047532306671
5836 2787.3986271753975 15399.776603314238
5861 2712.421698709794 15397.953922862669
5889 2734.9147641316526 15398.500726679247
5897 2683.090987256038 15397.204512836523
5947 2727.4170795771533 15398.318458835669
5968 2690.5892776636697 15397.403449852607
6087 2668.0943577205353 15396.806637511758
6131 2600.609543984789 15395.016199059019
6161 2675.592689846298 15397.005575634665
6175 2608.107827124792 15395.215135882287
6204 2615.606143743854 15395.414073593785
6205 2660.5960059218264 15396.607698866907
6216 2630.602806524148 15395.811949800567
6265 2578.1146535643707 15394.419387501435
6269 2585.612959648249 15394.618324933426
6281 2623.104431343346 15395.613010535368
6290 2645.599370554947 15396.20982338743
6295 2555.6197207258065 15393.822574818456
6327 2548.121431340619 15393.623637829498
6383 2653.0976512605553 15396.408760146109
6408 2563.1179993249357 15394.02151152125
6414 2452.126053796253 15388.69408318734
6431 2429.6238354210154 15388.435763882137
6433 2444.625312871094 15388.607976735433
6472 2459.6267753136112 15388.780189416448
6475 1762.4297312427334 16379.686183802616
6486 2638.101081441919 15396.010886405691
6500 2437.1245798117147 15388.521870373825
6507 2467.1274841387344 15388.866295499854
6518 2474.6281897297167 15388.952401546132
6565 2570.616362141667 15394.220450458419
6576 1959.9778225955806 16357.568096019364
6585 1944.8386952051658 16357.208481981394
6596 2414.62237403435 15388.263551213242
6601 1952.4788444962703 16357.389965686922
6619 2422.1231137829463 15388.34965765164
6629 2407.1216621716585 15388.177445094967
6630 2593.1112527987957 15394.817262022283
6635 2332.1174563887516 15387.090437396562
6645 1967.4767637440973 16357.74622547408
6646 2339.617767159124 15387.206771571573
6670 1936.7396818277705 16357.016098442427
6680 2392.120224251251 15388.00523269546
6681 1198.591723043161 17176.17139800902
6684 2324.617097423144 15386.974102474014
6686 2830.5361215351027 17344.219397144192
6690 2399.6209420024493 15388.091338881333
6691 1871.4466737152277 16355.4651317524
6692 2309.616463822458 15386.741433936933
6693 1884.020733681249 16355.763815313312
6704 2655.1661639963136 17091.607791379392
6712 2540.623131935235 15393.424700574695
6716 2302.1161341354505 15386.625099468514
6721 1726.4014705505958 16294.162381701452
6733 2533.124780912608 15393.225761950434
6738 1900.463002492463 16356.154384104242
6739 2242.1134870171527 15385.69442357191
6745 1789.8438287442423 16368.378644658067
6747 2257.1141458014513 15385.927092499602
6751 2021.1140084401436 15384.74270938106
6753 1989.9737289548593 16358.28061720571
6755 2249.613814042204 15385.810757999041
6756 2369.619069421869 15387.672109189556
6760 2775.715622490061 17073.631898107436
6761 2264.614490114635 15386.043427194882
6763 2482.128976732399 15389.038508526995
6770 1822.540976011405 16357.443633722696
6771 1997.4727028222403 16358.458747437628
6773 2578.418183263849 16358.733816314923
6780 2227.1127128795874 15385.46175285502
6797 1982.474714556109 16358.102486011012
6807 2384.6197003303114 15387.904777684878
6808 1858.0993973227335 16355.31852313858
6814 2526.939214486921 15415.805748416717
6816 2152.9858220345436 15385.698691380758
6827 1944.0720659762897 15386.882472093597
6841 1914.9496360887156 16356.49849883885
6844 1235.0338851660765 15299.668825053403
6852 2623.230065364449 16359.064654937974
6867 1926.5097947823724 16356.773098242118
6873 2354.618438443005 15387.439440693142
6874 2879.277681619618 15399.371059029521
6879 2362.118744710643 15387.555774798313
6880 2070.1463616732317 16361.622356707112
6886 2558.4774281681493 15416.283683374088
6895 4269.085068975425 17214.65958200452
6898 2998.373122011963 15396.074738853305
6899 2836.3944167942022 15129.545318783757
6900 2025.1507749724028 16360.67115624413
6903 2916.1240780785624 16343.249837985895
6908 2377.119402168777 15387.788443705436
6909 1847.6375896785414 15616.279560105835
6910 2167.998279571137 15386.009275950795
6913 2234.6131039434267 15385.57808827543
6920 2230.338924681615 16365.008805274007
6929 2781.339274879706 17269.436482207995
6934 2316.106698205005 16357.258847519783
6935 2047.6485372922891 16361.14675581964
6936 1974.975728130136 16357.924355480778
6939 3078.496883167109 15400.7008556893
6942 3547.088037451689 16213.255308426455
6947 2839.3098423343336 15108.285394566039
6949 3056.220781784733 15400.121702604229
6952 2145.47959565818 15385.543399145223
6953 978.6440675495039 16050.126163540905
6955 2040.1492592645768 16360.988222122116
6961 2336.000339102406 16453.402141302497
6964 2032.650008034123 16360.829688991082
6966 1893.5011092603077 15399.304887234483
6968 2330.6322356141472 16356.98876270833
6986 2787.4901452213594 16357.71812568703
6988 887.5188900886753 15853.959294362096
6990 3501.3485314028985 16135.978304895074
6994 2122.960876320904 15385.077521606778
6999 1900.855406001857 15402.616431984969
7000 2335.463979157839 16490.908091572608
7002 2858.765159796383 15399.682295595601
7004 2795.838373703607 16357.632875889743
7009 2305.6780363926723 16357.0682573235
7011 2160.492047741523 15385.853983602441
7013 2062.647037786209 16361.463822040127
7016 2863.819835756153 15419.651347985755
7019 3739.707799747764 16532.392430239797
7020 2337.1855615887434 16148.183231930765
7028 2790.7141190267644 16360.885706360765
7037 2347.1180703190207 15387.323105628542
7038 2832.5674885660796 15425.035101441988
7041 2832.134094203273 15434.209612958146
7043 2297.399647863485 16356.916964691418
7048 4075.4164216963077 17186.182127247386
7049 2077.6456312007845 16361.780890224944
7050 2130.467109966146 15385.232813992694
7051 2424.0577189917835 16723.517116992214
7052 2137.9733464146407 15385.388106436603
7056 2936.4004550839077 15399.689155087945
7060 2837.318170256341 15401.23034434715
7062 2096.198011876401 15384.690694137946
7065 2351.0134548895057 15935.134768364995
7069 2085.1448653398093 16361.939422994668
7071 2317.1167862390807 15386.857768292586
7078 2957.5630000741266 16322.7861728029
7085 2055.1477628046014 16361.305288406997
7088 2831.5476284290276 15446.54848991586
7091 2326.3290996295636 17503.83323489461
7094 2357.011379031516 16367.685008693947
7096 2272.114863396204 15386.15976233948
7101 852.1072418216027 15776.949956787506
7102 2893.7864234260824 15420.609562330843
7105 2886.295366892185 15420.356026354706
7111 4141.2232523340335 15609.762431060508
7114 1893.6928992012854 15396.105487806213
7115 2088.6896484314043 15384.695895636694
7116 2115.5176839086184 16362.581500167187
7118 2294.6158241898593 15386.508765306295
7119 2051.147629121007 15384.72190327044
7120 2289.898555615366 16356.779877626019
7121 1458.9626780321025 15611.54387468889
7122 3953.42909226203 17228.16888386244
7123 2830.336276475179 15472.034585383682
7125 2693.873992165742 17151.63847546443
7133 2282.2422746367597 16356.639954391307
7137 2370.789156724944 17098.53713888638
7140 2831.0644240487636 15456.714811047183
7142 3149.676721596658 16643.84588802566
7143 1846.8454966359866 15686.757953815597
7145 2066.1643869276095 15384.711500251522
7146 2864.815762677154 15415.563841554977
7148 2829.6330751616474 15486.829505846581
7150 1893.33377765201 15402.504886047771
7151 2100.143439033282 16362.256490762584
7152 2816.899214031877 15772.73773620902
7158 2058.6560045779956 15384.71670176337
7162 2153.7707701193535 15187.733890593006
7166 4512.21961528616 15728.31822128971
7167 2863.9211268706126 15416.461017114647
7168 2908.7512519649495 15421.497951715874
7170 3075.773891009207 15425.950342744372
7171 2092.644111576336 16362.097956020132
7172 2865.000917717906 15399.285862341752
7173 2337.063826818498 17522.58296877609
7176 3406.244958024477 15236.713127741601
7177 2279.6151714306475 15386.276096472055
7178 2606.0526490425946 15417.004645613431
7180 2497.3281827143687 16369.836836553812
7181 2828.9488826322445 15501.224493254935
7182 1325.779736519512 17140.315306560802
7184 2880.000669455227 15399.373715388301
7188 2594.017716948883 16965.64846808128
7189 1395.2588530498692 17681.31201723771
7190 2752.2324260944642 17224.341364371703
7191 3153.2982774207144 15575.23209759919
7194 2350.562577843189 15859.161151719522
7195 2073.6728640732877 15384.706298674006
7196 2871.311689034533 15419.88624107534
7197 2043.6392570749724 15384.727104775147
7198 2081.1812569542517 15384.701097154864
7199 3591.292102262849 15916.90969048662
7200 2287.11549426662 15386.39243083421
7201 2878.80353397976 15420.121133903656
7203 2938.52242746212 15407.265621951567
7205 2332.7766574982497 15984.258532277394
7206 2121.185014865717 16710.61163279985
7207 2873.608694410628 16899.53022421606
7209 2556.5719540786386 16371.306276657782
7214 2354.9082408328745 16636.59908361031
7215 2871.422512271193 15416.693426550262
7216 1483.8822573512423 15573.495414010094
7219 3666.1548729397123 15646.536700424993
7222 2809.18989196068 15397.104441818488
7223 3528.250081602852 15386.17085143549
7224 2878.9239139047027 15416.925836488808
7225 1426.4419306752268 15615.235807096284
7227 2388.424247094028 15778.079277984682
7230 2719.0204243576845 16371.60340768901
7232 1438.8936192678998 15939.668531660278
7235 3261.381635390255 16159.152701551258
7236 2886.425291241305 15417.158245674584
7237 2036.1308044636392 15384.732306335669
7239 2251.18795333114 16356.072417606667
7240 2893.925869617139 15417.409642770044
7241 3950.6759063100453 15722.561343348125
7242 2800.8608407933775 16331.076597682326
7243 3562.3444813297965 15363.947688552496
7244 2887.1843258815356 16352.1652256851
7246 2107.6426946201227 16362.415023985712
7248 1329.4189353474687 15686.970938282577
7249 3664.4976609628993 15285.135756093552
7250 2349.511011702032 16367.591262532738
7252 1837.5788038166238 15977.381775461414
7255 3424.095189581975 16731.23669625151
7256 2013.6056148107975 15384.74791090072
7257 2505.386741411457 15578.824389736123
7258 2901.2688427059757 15421.053757320806
7260 2342.7032247182347 16623.071750673662
7261 2817.4692401459697 15397.30567597577
7262 2673.083964492179 17119.40004238519
7263 1366.9375704565352 15660.14322353203
7264 1571.3379616888017 15470.889089770135
7265 2872.500792966893 15399.329788861398
7266 2187.5394767417206 15421.614728798691
7269 1538.739562812123 15501.057769583125
7270 3489.6102890924803 16122.434814137714
7271 2193.909663352821 15422.717277890502
7272 2887.401194062415 16366.911399253
7273 2006.0972336607786 15384.753112411736
7274 1810.838255327696 15382.590647117027
7275 3091.665320331865 15494.238958574766
7276 3121.873655682057 16675.665697941306
7277 2731.380909315142 17192.036197530502
7278 2901.4195184722557 15417.855779657351
7279 2830.667441347815 16280.574896903236
7280 2028.6223903450605 15384.737507869522
7282 3187.2462012723868 15609.245561543128
7283 2379.512579643275 16367.966248410252
7284 2586.5263525130113 16974.431495872388
7286 1429.2191392032 16216.332256614874
7287 3818.117025020378 15194.304233541325
7288 2852.152511260147 16367.786971691417
7289 2828.162499133428 15517.769515419199
7290 2215.459952767141 15403.962011977397
7291 2825.5409922121207 15438.155893970044
7292 2861.143472667559 16356.156987500304
7293 2837.061603787601 16368.217104012921
7294 3134.1853182176787 16236.764198865694
7295 3087.747060880124 15400.941349699808
7296 2330.0479091015823 16499.48890168069
7297 2955.490535598939 16266.076188582245
7298 3943.184585009151 15753.338268450138
7300 3237.869292385579 16609.453673055963
7301 3474.4735858998415 16096.868342710886
7302 2563.7334119369907 16942.191050839974
7303 2849.2366143213794 15387.759377196679
7304 3544.7503314306505 16443.121955181905
7306 4367.46596911925 16415.858938807636
7307 4382.395285655378 15979.134143025512
7308 3520.5531817814663 16174.698544999601
7309 1874.6466936540944 16344.772077323156
7310 2144.814770736572 16354.12838239729
7311 2944.1666048521156 15420.398814470242
7312 1622.21741839933 17043.19934560897
7313 2844.607047466715 16368.002038138826
7314 3611.1715754867446 15926.338952521255
7315 1840.7921149550043 15973.644135376493
7316 3819.110291117747 15206.700876560004
7317 3877.3310567916974 15253.650889618008
7318 2853.4632562684333 15221.685508753157
7319 3045.9361227925156 16283.801012871296
7320 3863.8130362915967 15229.530876262777
7321 3435.03877802634 16499.229128392417
7322 3547.616297067479 16437.90458555868
7323 2720.902933643464 14674.374195369639
7324 4046.813566226085 15525.011172128923
7325 3391.8133321203804 15957.609892005948
7326 1352.3588786310152 16310.109731167415
7327 1054.6289261903667 16538.329209421598
7328 2852.436614508006 15387.839370180027
7329 3844.5153941815693 15206.592906200754
7330 1407.6316582675588 17086.01432917452
7331 3939.6922714833436 15416.722389620885
7332 4681.4947344892125 15823.664266982847
7333 2565.0217194306592 16961.846200601383
7334 1059.2889306501208 16747.334774148396
7335 2193.757273262369 15430.19025347999
7336 1550.2103126830798 17010.19595089306
7337 2584.953409949843 16983.435766942726
7338 3476.29884539211 14641.930470944606
7339 2849.438926161971 15380.153027284774
7340 1998.588763251041 15384.758313984586
7341 2364.511710627755 16367.77875440853
7342 2651.8571123647907 16911.005266842552
7343 3971.2567967071714 16865.41973804867
7344 3511.566359220115 16457.631493668043
7345 2852.8354844258342 15372.842995496943
7347 2372.0121136306316 16367.872501015616
7348 3115.4225664271976 16598.712280016167
7349 2588.920059682174 16989.80550556661
7350 2560.6220646563565 16960.521829898044
7351 4180.184017892478 16089.060110759903
7352 4334.460678625639 17089.698659274865
7353 2666.489105346662 14778.122504658424
7354 3021.8919259362397 15399.45073944452
7355 3320.1573948369833 16563.205142473926
7356 3758.332083260836 15260.952925012218
7357 3211.4353792203756 16607.32595363973
7358 3656.850779388218 15296.522790295327
7359 1878.4046494824918 15224.090720129727
7360 1075.9250087315843 16511.036531186874
7361 2896.248681712233 15399.468879455158
7362 3340.696014280301 16065.665317140356
7363 4098.08660668263 16948.54322075843
7364 3236.5294751240476 14293.379271002508
7365 1482.2314388637333 15908.892429029807
7366 3891.403626172575 15278.76037672129
7367 2192.3976057259842 16656.808036767492
7368 2833.08496387833 15413.372501592134
7370 4302.242451033436 15618.77083599547
7371 4044.7894204589775 15676.902405614284
7372 3498.3618122215794 17178.40032385743
7373 3129.5781699297527 14970.966108366738
7374 1419.4008778965394 16543.862155479135
7375 1962.9648337896886 17313.225131156498
7376 2887.551344509698 15399.417939440717
7377 3660.23409800891 15310.768008865138
7378 3611.6060396975 15941.82117812621
7379 3271.1507949887528 16574.594436319283
7380 2160.6075818722215 15382.656516148842
7381 3365.0435168123577 17247.65286955923
7382 2363.9578385879713 15181.580804780397
7383 2964.8386244401377 15989.390643731263
7384 1343.3342425936385 16196.927002943972
7385 4328.682055978473 16435.44013529009
7386 3118.6148479277936 16219.739307730402
7387 2951.4356586058893 15602.420403139573
7388 2995.3400205192456 16749.372490922276
7389 2852.6360491916053 15380.341193189544
7390 3035.1055025340547 15390.39878779629
7391 1437.3259752473275 16547.767750092156
7392 2378.928518053295 16795.885878315054
7393 4240.54309178695 15565.67935840217
7394 3260.358892648668 14318.449802351239
7395 3122.6554748724 16226.232381010675
7396 4295.663604457593 16739.152307441305
7399 3537.3849078679136 16013.388357756856
7400 3243.5409830949984 15408.536949240304
7401 2322.0807611379428 17115.196751833206
7402 1074.1705464753604 15892.16340817047
7403 4396.705839473682 15474.868151164419
7404 3711.1855276180745 17526.700954661217
7405 3923.3839411838235 15808.803832116639
7406 3334.8837037764138 15477.907923163611
7407 2039.0001167328674 17049.816032153252
7408 3450.361702652285 15482.586197827564
7409 3316.3386367080266 15213.673046057502
7410 3644.569552348821 17402.262901958664
7411 2534.047182759492 16673.412479988892
7412 3829.39 15203.68
7413 3934.227171549266 15588.350884996262
7414 3808.7714084948457 15662.3011545
7415 2944.569494870968 16549.327179196793
7416 3846.0420704954154 16254.199858302805
7417 3387.078120837295 15409.63180687648
7418 3821.796742318268 17286.19880332865
7419 2855.839381830308 15248.61371150656
7420 1624.9347067349324 16884.304161649827
7421 3117.29589277089 16223.679393012397
7422 2441.2204438776726 15583.015885708935
7423 1438.3895388437415 16283.913185021624
7424 3078.7342452926546 14355.550292932694
