5597 2809.891763346478 15400.323408850722
5625 2817.389432975275 15400.505676331457
5630 2794.896300507238 15399.958870884993
5709 2772.403287978018 15399.41206835423
5773 2802.3940408711305 15400.141140085292
5780 2779.9009553180244 15399.594335779326
5787 2764.905572121448 15399.229799749703
5809 2742.412470899918 15398.682995062838
5819 2719.9194130607566 15398.136191430594
5828 2749.9101635428206 15398.865263103044
5831 2757.407904043626 15399.047532306671
5836 2787.3986271753975 15399.776603314238
5861 2712.421698709794 15397.953922862669
5889 2734.9147641316526 15398.500726679247
5897 2683.090987256038 15397.204512836523
5947 2727.4170795771533 15398.318458835669
5968 2690.5892776636697 15397.403449852607
6087 2668.0943577205353 15396.806637511758
6131 2600.609543984789 15395.016199059019
6161 2675.592689846298 15397.005575634665
6175 2608.107827124792 15395.215135882287
6204 2615.606143743854 15395.414073593785
6205 2660.5960059218264 15396.607698866907
6216 2630.602806524148 15395.811949800567
6265 2578.1146535643707 15394.419387501435
6269 2585.612959648249 15394.618324933426
6281 2623.104431343346 15395.613010535368
6290 2645.599370554947 15396.20982338743
6295 2555.6197207258065 15393.822574818456
6327 2548.121431340619 15393.623637829498
6383 2653.0976512605553 15396.408760146109
6392 1179.0748164689514 16955.945650586225
6408 2563.1179993249357 15394.02151152125
6414 2452.126053796253 15388.69408318734
6431 2429.6238354210154 15388.435763882137
6433 2444.625312871094 15388.607976735433
6472 2459.6267753136112 15388.780189416448
6475 1868.3366624925457 16355.39125670894
6486 2638.101081441919 15396.010886405691
6500 2437.1245798117147 15388.521870373825
6507 2467.1274841387344 15388.866295499854
6518 2474.6281897297167 15388.952401546132
6565 2570.616362141667 15394.220450458419
6576 1959.9778225955806 16357.568096019364
6585 1944.9799025133668 16357.211836212386
6596 2414.62237403435 15388.263551213242
6601 1952.4788444962703 16357.389965686922
6619 2422.1231137829463 15388.34965765164
6629 2407.1216621716585 15388.177445094967
6630 2593.1112527987957 15394.817262022283
6635 2332.1174563887516 15387.090437396562
6645 1967.4767637440973 16357.74622547408
6646 2339.617767159124 15387.206771571573
6670 1937.4809560245426 16357.033706630817
6680 2392.120224251251 15388.00523269546
6681 1130.1768053295323 17060.775603702237
6684 2324.617097423144 15386.974102474014
6686 2668.7081159747963 17100.808222479773
6690 2399.6209420024493 15388.091338881333
6691 1899.9859307956474 16356.143051768178
6692 2309.616463822458 15386.741433936933
6693 1907.48493729118 16356.321182775144
6704 2566.5032956223977 16952.558817420217
6712 2540.623131935235 15393.424700574695
6716 2302.1161341354505 15386.625099468514
6721 1857.1513019182012 16353.672227401246
6733 2533.124780912608 15393.225761950434
6738 1914.9839753523856 16356.499314531919
6739 2242.1134870171527 15385.69442357191
6745 1877.488959502219 16355.608659892061
6747 2257.1141458014513 15385.927092499602
6751 2021.113138847245 15384.74270998348
6753 1989.9737289548593 16358.28061720571
6755 2249.613814042204 15385.810757999041
6756 2369.619069421869 15387.672109189556
6760 2679.86010749825 17112.198644821015
6761 2264.614490114635 15386.043427194882
6763 2482.128976732399 15389.038508526995
6770 1884.987961421724 16355.786790790327
6771 1997.4727028222403 16358.458747437628
6773 2364.6655108880327 16356.631867911727
6780 2227.1127128795874 15385.46175285502
6797 1982.474714556109 16358.102486011012
6807 2384.6197003303114 15387.904777684878
6808 1892.4869689153566 16355.964921821002
6814 2686.476823467409 15418.102235488921
6816 2152.9858220345436 15385.698691380758
6827 1849.2285213027596 15443.065804330823
6841 1922.4829623503088 16356.677445075738
6844 1321.0812086396602 15276.65196699641
6852 2389.677512105314 16357.050023031825
6867 1929.981991969791 16356.855576631988
6873 2354.618438443005 15387.439440693142
6874 2832.472243332592 15427.095164539747
6879 2362.118744710643 15387.555774798313
6880 2070.1463616732317 16361.622356707112
6886 2758.9746616571997 15418.985974451032
6895 4135.043595008564 16987.345715765343
6898 2841.0543125573004 15400.901275070297
6899 2835.428783399512 15329.69105311112
6900 2025.1507749724028 16360.67115624413
6903 2798.2214719786616 16357.425574631778
6908 2377.119402168777 15387.788443705436
6909 1841.3543003539048 15819.202014805855
6910 2167.998279571137 15386.009275950795
6913 2234.6131039434267 15385.57808827543
6920 2338.028559049665 16318.659120941713
6929 2643.365261979832 17061.495600456405
6934 2309.709806856588 16357.141940403642
6935 2047.6485372922891 16361.14675581964
6936 1974.975728130136 16357.924355480778
6939 2905.662229107168 15399.526102820686
6942 3449.695801906281 16048.770996858304
6947 2836.249900616085 15291.560300154415
6949 2873.7184928012152 15399.33792479153
6952 2145.47959565818 15385.543399145223
6953 884.4134541002356 15847.205935508355
6955 2040.1492592645768 16360.988222122116
6961 2340.4638551969842 16219.04684931509
6964 2032.650008034123 16360.829688991082
6966 1893.5093860903592 15399.305010317063
6968 2319.8072247013715 16357.326476913082
6986 2623.926590210258 16359.069797264297
6988 862.1342952762741 15764.358788241429
6990 3438.2803372696735 16030.525400257226
6992 4475.9352018714935 17018.121270256008
6994 2122.960876320904 15385.077521606778
6999 1902.0947270843403 15402.634811147725
7000 2342.334624917818 16267.757716764092
7002 2831.8521606968516 15440.14131945963
7004 2699.671064254714 16358.614909821075
7009 2291.7850450503133 16356.814354378468
7011 2160.492047741523 15385.853983602441
7013 2062.647037786209 16361.463822040127
7016 2863.819835756153 15419.651347985755
7019 3659.401353332419 16404.249561350014
7020 2343.637202107933 16050.260565489436
7028 2574.3813113996866 16361.904255079018
7031 3073.3089819915353 14359.669999457818
7037 2347.1180703190207 15387.323105628542
7038 2830.348275370315 15471.782136055492
7041 2829.7610629504884 15484.136721974184
7043 2261.462323495048 16356.260188028362
7048 4059.1787564156825 17191.770960967217
7049 2077.6456312007845 16361.780890224944
7050 2130.467109966146 15385.232813992694
7051 2335.2933361192318 16502.8406181991
7052 2137.9733464146407 15385.388106436603
7054 3008.616706547761 15399.351432993935
7056 2833.2087148267365 15410.583464592426
7060 2831.014355340473 15457.768225684764
7061 2315.7497521203427 15754.26750405519
7062 2096.198011876401 15384.690694137946
7065 2393.9040368778333 15774.740611660942
7069 2085.1448653398093 16361.939422994668
7071 2317.1167862390807 15386.857768292586
7078 2839.806379309453 16353.600445718652
7085 2055.1477628046014 16361.305288406997
7088 2829.300289925628 15493.831101269388
7091 2306.120256064348 17426.375459473893
7094 2357.014578585776 16367.685048684778
7096 2272.114863396204 15386.15976233948
7101 969.7216466116984 15720.034810801311
7102 2893.7864234260824 15420.609562330843
7105 2886.295366892185 15420.356026354706
7111 4050.309609154484 15574.707613500002
7114 2031.4074019671214 15396.646004679218
7115 2088.6896484314043 15384.695895636694
7116 2279.74953565441 16366.053338737831
7118 2294.6158241898593 15386.508765306295
7119 2051.147629121007 15384.72190327044
7120 2225.851170271243 16355.609372343197
7121 1588.9059845405177 15466.34091981321
7122 3934.5467784697207 17234.667977802797
7123 2828.565162587855 15509.297725525
7125 2586.7507321868256 16985.488803507084
7132 2505.119150571886 16856.486664770044
7133 2129.1510968816415 16353.842119142402
7137 2534.107537607054 16995.018796823857
7139 2949.147705409728 16672.084726262256
7140 2828.924106581067 15501.745766039125
7142 3147.84670886851 16631.16417987276
7143 1837.5268778974514 15992.001085288364
7145 2066.1643869276095 15384.711500251522
7146 3121.1460907197043 15420.961257289016
7148 2828.2090437642887 15516.79024518988
7149 4057.587475826584 15111.181476587493
7150 1893.35488033704 15402.50519900112
7151 2100.143439033282 16362.256490762584
7152 2810.028098582976 16043.515996537906
7158 2058.6560045779956 15384.71670176337
7162 2195.1623098591353 15308.82377328535
7166 4573.366914294278 15811.747405062864
7167 2863.9211268706126 15416.461017114647
7168 2911.8691857239946 15421.683048340776
7170 3091.7310209775446 15500.237352007345
7171 2092.644111576336 16362.097956020132
7172 2865.000917717906 15399.285862341752
7173 2317.923096632322 17446.550918662997
7176 3393.1728138558888 15210.20318759955
7177 2279.6151714306475 15386.276096472055
7178 2798.5591616328343 15419.468504217404
7180 2751.0498746188837 16371.154376332415
7181 2827.8529214503574 15524.282838289879
7182 1222.614400042525 17202.182000744186
7184 2880.000669455227 15399.373715388301
7185 3878.7489388142103 15308.998669927496
7187 4015.1588296358636 16394.739306032374
7188 2727.5446877118393 16891.146609094434
7189 1536.329438089744 17592.65109010262
7190 2654.008563980853 17072.09874412851
7191 2936.248337754455 15599.268397920003
7194 2467.3569135568846 15654.48805265495
7195 2073.6727637489516 15384.706298743507
7196 2871.311689034533 15419.88624107534
7197 2043.6392570749724 15384.727104775147
7198 2081.181155203813 15384.701097225354
7199 3585.7307657386937 15987.54175538948
7200 2287.11549426662 15386.39243083421
7201 2878.80353397976 15420.121133903656
7203 3054.8173737266757 15422.404089888572
7205 2328.000441162374 16260.045504276608
7206 2304.7496184941438 16613.720171730347
7207 2855.0749526986087 16822.64010008276
7208 2334.2952346457832 16264.505019246517
7209 2797.039475223054 16370.536327961256
7214 2498.5062875517974 16863.042562933202
7215 2871.422512271193 15416.693426550262
7216 1655.0819290722334 15402.365063604362
7219 3685.0417604380236 15685.934724197206
7221 2834.3860320313515 15371.72598514824
7222 2809.18989196068 15397.104441818488
7223 3681.973101814107 15302.602448392714
7224 2878.9239139047027 15416.925836488808
7225 1484.641577845279 15767.981958362292
7227 2502.632621034374 15561.333905160272
7229 2506.66162736997 15529.043280271091
7230 2857.767550340568 16370.82937227551
7232 1495.5338878959913 15830.154827349093
7235 3016.1203863465475 16291.575344386592
7236 2886.425291241305 15417.158245674584
7237 2036.1306231672331 15384.732306461263
7239 1984.5730295520796 16349.239187408815
7240 2893.925869617139 15417.409642770044
7241 3745.0036459238636 15836.799698920635
7242 2751.438467017522 16358.086275440626
7243 3783.547171087243 15247.189697984722
7244 2788.5188738857723 16357.707620594807
7246 2107.6426946201227 16362.415023985712
7248 1564.6055910332486 15488.5688410003
7249 3516.8547112667256 15368.239706263455
7250 2349.51159886407 16367.591269871604
7252 1831.835397622898 16183.612573099066
7255 3366.440478043943 16631.28733519258
7256 2013.6013652170875 15384.747913844672
7257 2512.227110441969 15419.175324005102
7258 2901.2688427059757 15421.053757320806
7260 2486.0345546164062 16849.58791730565
7261 2817.4692401459697 15397.30567597577
7262 2576.3614217764093 16968.652122919782
7263 1115.0792869573459 15672.049010826306
7264 1437.5696582517305 15615.471595985482
7265 2872.500792966893 15399.329788861398
7266 2223.454506511551 15653.732942030789
7269 1345.5916071856127 15668.22103625799
7270 3606.3207601399026 16321.546466794322
7271 2193.909663352821 15422.717277890502
7272 3062.301377181252 16510.877362411728
7273 2006.0723228889765 15384.753129668938
7274 1596.8543883888747 15438.92196522197
7275 3104.6522898495164 15594.979703512892
7276 3176.643159521888 16643.726884855227
7277 2629.4757642950917 17034.044427161087
7278 2969.787045544044 15421.002525147178
7279 2829.3683909939145 15983.695027673642
7280 2028.6221826214207 15384.737508013424
7282 3307.7928963002 15809.379640628256
7283 2386.991542397735 16368.059727038331
7284 2595.2742441447886 16968.612186558254
7286 1441.0620829867337 15958.106338661677
7287 3763.7228987314115 15101.675730827987
7288 2852.152511260147 16367.786971691417
7289 2827.4793829704768 15532.141856743512
7290 2215.459952767141 15403.962011977397
7291 2814.3692767106254 15689.060068461276
7292 2711.798964969475 16361.691456351138
7293 2837.061603787601 16368.217104012921
7294 3387.82174426138 16102.295030703937
7295 2965.4251587129756 15399.028915462313
7296 2291.4754763026735 16598.93255444606
7297 2931.366202145005 16335.72286313827
7298 4026.1204096051606 15913.224493661464
7300 3494.153138753867 16467.158584529392
7301 3592.684810193505 16298.064169495854
7302 2439.9015295097415 16748.571111662302
7303 2849.2366143213794 15387.759377196679
7304 3647.2274645715884 16388.01571596021
7306 4262.396403935563 16468.906391567747
7307 4476.170125879698 15944.879459711568
7308 3625.001397994876 16353.71615746933
7309 1740.6177840881433 16377.989656930731
7310 1891.6814939705664 16345.307118700437
7311 3159.944164590437 15424.473100717243
7312 1759.014350782615 17249.282952965717
7313 2844.607047466715 16368.002038138826
7314 3782.6233029022164 15827.632499558411
7315 1835.621875951269 16276.102931029885
7316 3816.1776930474584 15191.001136929603
7317 3838.920100223854 15203.906883743286
7318 2872.2233327204613 15109.845193454288
7319 3296.5998387867157 16150.657010130095
7320 3820.209659668515 15208.619104223359
7321 3618.7467571323205 16402.633150183578
7322 3635.8479505371483 16366.24215525131
7323 2829.3379129572413 14572.234795176564
7324 3963.8767897647913 15401.533520513136
7325 3471.2196414421533 16091.372305896051
7326 1276.8991155393157 16396.090440079293
7327 1039.5462696886123 16648.344166503775
7328 2852.4366176755047 15387.839251091087
7329 3824.128399542946 15198.859421113437
7330 1210.5019878298517 17199.503167545492
7331 4052.8122725330713 15614.95645049321
7332 4847.602341023056 15733.870281725312
7333 2553.9068027861126 16967.686050027725
7334 1024.5407776319844 16727.275082950197
7335 2193.757273262369 15430.19025347999
7336 1326.8827447658975 17132.30849612492
7337 2584.953409949843 16983.435766942726
7338 3398.522397975456 14523.784849682985
7339 2855.762879773143 15252.156069919602
7340 1968.5003089331317 15383.367911553514
7341 2365.1158416234225 16367.786305366932
7342 2580.056639744647 16973.479838467883
7343 4117.972803128131 16966.63810124398
7344 3641.8793222308514 16393.71081214306
7345 2852.8671970021037 15371.65069280716
7347 2375.7026309365733 16367.918628333799
7348 3170.0982058423374 16647.390624065654
7349 2592.8967019272877 16996.191290400497
7350 2552.3534645562795 16964.888105718543
7351 4282.778431749496 15996.919001033588
7352 4316.033524375878 17098.688564999764
7353 2697.265237052211 14696.739837615329
7354 3161.099829222199 15406.944773139103
7355 3531.6569580882015 16446.637705012683
7356 3834.162115633393 15236.702000899515
7357 3123.8669895048747 16586.475385257676
7358 3470.47693870831 15393.558583258273
7359 1914.3152555475913 15189.732851091776
7360 1106.2665561300166 16497.361470599513
7361 2999.2206281262766 15399.281271118027
7362 3290.1890617516456 16000.456846250747
7363 3946.8636990722835 17005.058075010067
7364 3298.1982378530984 14375.935896323686
7365 1487.975359400197 15712.868457665825
7366 3882.4128995960514 15193.617754562933
7367 1980.12449607352 16777.808096934587
7368 2824.768977640434 15521.766409377447
7370 4366.566214191542 15739.096405266142
7371 4056.729102914035 15599.268117272084
7372 3354.3061546518984 17252.263953105976
7373 3183.579147612404 15008.38005979401
7374 1276.667896927753 16625.162245372663
7375 2168.7267149554295 17202.252497548936
7376 2948.216606541916 15398.98633567037
7377 3833.0065227996106 15216.723365286389
7378 3714.3030546344244 15866.829044581336
7379 3155.849545550614 16658.855518866443
7380 2160.6075818722215 15382.656516148842
7381 3320.48020976999 17306.645876661085
7382 2268.202111430706 15180.256671587831
7383 3061.672400182944 15943.03044795121
7384 1232.0787274872634 16258.573803692227
7385 4255.271840836139 16475.264077867487
7386 3056.6106481396855 16121.226861493415
7387 2965.5857400007462 15676.728770131813
7388 3061.113505780987 16853.731992418805
7389 2852.645849700347 15379.972721929615
7390 3029.232124060194 15356.471238169022
7391 1478.7751648031608 16734.791636704602
7392 2401.00605498209 16874.84699841993
7393 4220.891525257406 15467.712158040436
7394 3334.076857849479 14430.349015955773
7395 3090.484437297803 16174.535229222613
7396 4332.925051248062 16825.507020210505
7400 3241.2025270615954 15354.41186374624
7401 2517.997334810559 17007.632640918895
7402 981.4493810066225 15938.924765602209
7403 4300.635643715626 15524.200596659446
7404 3615.4604841559258 17579.628482609707
7405 3820.291016438817 15864.500180169822
7406 3363.0605841914507 15556.052639120704
7407 1899.3911670436025 17129.697714234175
7408 3458.5010143339305 15439.457113444869
7409 3377.361883965823 15214.205668497169
7410 3701.5453433666635 17499.006911452343
7411 2446.521152561354 16726.896273046816
