5436 3950.88435480507 16839.257927404036
5597 2809.891763346478 15400.323408850722
5625 2817.389432975275 15400.505676331457
5630 2794.896300507238 15399.958870884993
5709 2772.403287978018 15399.41206835423
5773 2802.3940408711305 15400.141140085292
5780 2779.9009553180244 15399.594335779326
5787 2764.905572121448 15399.229799749703
5809 2742.412470899918 15398.682995062838
5819 2719.9194130607566 15398.136191430594
5828 2749.9101635428206 15398.865263103044
5831 2757.407904043626 15399.047532306671
5836 2787.3986271753975 15399.776603314238
5861 2712.421698709794 15397.953922862669
5889 2734.9147641316526 15398.500726679247
5897 2683.090987256038 15397.204512836523
5947 2727.4170795771533 15398.318458835669
5968 2690.5892776636697 15397.403449852607
6087 2668.0943577205353 15396.806637511758
6131 2600.609543984789 15395.016199059019
6161 2675.592689846298 15397.005575634665
6175 2608.107827124792 15395.215135882287
6204 2615.606143743854 15395.414073593785
6205 2660.5960059218264 15396.607698866907
6216 2630.602806524148 15395.811949800567
6265 2578.1146535643707 15394.419387501435
6269 2585.612959648249 15394.618324933426
6281 2623.104431343346 15395.613010535368
6290 2645.599370554947 15396.20982338743
6295 2555.6197207258065 15393.822574818456
6297 1440.077312171317 16534.110547549844
6327 2548.121431340619 15393.623637829498
6383 2653.0976512605553 15396.408760146109
6392 1332.2558582954223 16604.903166066375
6408 2563.1179993249357 15394.02151152125
6414 2452.126053796253 15388.69408318734
6431 2429.6238354210154 15388.435763882137
6433 2444.625312871094 15388.607976735433
6472 2459.6267753136112 15388.780189416448
6475 1869.989980056151 16355.430529527628
6486 2638.101081441919 15396.010886405691
6500 2437.1245798117147 15388.521870373825
6507 2467.1274841387344 15388.866295499854
6518 2474.6281897297167 15388.952401546132
6565 2570.616362141667 15394.220450458419
6576 1960.0555152143131 16357.569941525755
6585 1944.9869162635368 16357.21200281664
6596 2414.62237403435 15388.263551213242
6601 1952.5105235515734 16357.39071818954
6619 2422.1231137829463 15388.34965765164
6629 2407.1216621716585 15388.177445094967
6630 2593.1112527987957 15394.817262022283
6635 2332.1174563887516 15387.090437396562
6645 1967.82206826483 16357.754427819555
6646 2339.617767159124 15387.206771571573
6670 1937.4825271413868 16357.033743951044
6680 2392.120224251251 15388.00523269546
6681 1398.0823261845876 16567.684839507598
6684 2324.617097423144 15386.974102474014
6686 2319.5110723520365 16357.321064547104
6690 2399.6209420024493 15388.091338881333
6691 1899.9859307956474 16356.143051768178
6692 2309.616463822458 15386.741433936933
6693 1907.48493729118 16356.321182775144
6704 2301.788491637472 16356.997173505491
6712 2540.623131935235 15393.424700574695
6716 2302.1161341354505 15386.625099468514
6721 1862.490988317963 16355.252398871207
6733 2533.124780912608 15393.225761950434
6738 1914.9839753523856 16356.499314531919
6739 2145.4795011659435 15385.543397190326
6745 1877.488959502219 16355.608659892061
6747 2160.4919596290442 15385.85398177953
6751 1849.589095604777 15408.786661027674
6753 2027.867176322016 16360.728580591958
6755 2152.9857353469565 15385.698689587325
6756 2369.619069421869 15387.672109189556
6760 2279.7149692668663 16356.593766334277
6761 2167.9982702582383 15386.009275758124
6763 2482.128976732399 15389.038508526995
6770 1884.987961421724 16355.786790790327
6771 2035.3664914811345 16360.887115074436
6773 1809.0377600705244 16351.02816183692
6780 2130.4669915113236 15385.232811542046
6797 2020.378955117781 16360.333347376301
6807 2384.6197003303114 15387.904777684878
6808 1892.4869689153566 16355.964921821002
6814 2822.892475488826 15426.41988630471
6816 2088.689626770078 15384.695895651701
6827 1802.0004558488445 16353.621289474244
6830 1458.4455278831313 16532.471678514437
6839 1080.82672949423 15691.524021176872
6841 1922.4829623503088 16356.677445075738
6844 1798.8593900434273 15396.452418077411
6852 1816.1048121487806 16348.513865669427
6867 1929.982218854798 16356.855582021402
6873 2354.618438443005 15387.439440693142
6874 2831.057997941172 15456.850012374134
6876 1546.958056450118 17027.21818236458
6879 2362.118744710643 15387.555774798313
6880 2088.7678952410038 16362.016013344348
6886 2822.536357068828 15433.912397478774
6895 3631.1625071877957 16357.945943810051
6898 2831.7702368826235 15441.864945812707
6899 2829.292409078356 15426.729877242802
6900 2042.8659251905274 16361.04565206305
6903 2237.2479406335065 16355.817655317504
6908 2377.119402168777 15387.788443705436
6909 1788.0571005138777 16359.156675872924
6910 2122.9607509236707 15385.077519012502
6913 2137.9732597058783 15385.388104642734
6920 2661.344053193693 15417.795870376922
6929 2152.2986090173513 16354.265154135845
6934 1781.0854275518718 16361.924367204232
6935 2065.3913414300105 16361.521836238584
6936 1975.7647348804708 16357.943097505742
6939 2832.482476515457 15426.879864705032
6942 2845.754122762723 15583.482076056269
6947 2826.0924074710374 15426.56997785573
6949 2832.126357713012 15434.372383925529
6952 2081.1812388631192 15384.701097167397
6953 1791.742318546866 15393.032608162412
6955 2057.8750274408676 16361.362942403197
6956 2353.746496393654 14959.57314055547
6957 3578.7440344601337 14809.639800702811
6961 2736.1445180626456 15418.70767805063
6964 2050.3662492097396 16361.20420787269
6966 2597.1618124812417 15410.467993496446
6968 1795.028759255175 16356.38899018711
6982 2016.199372647261 16351.225392715105
6986 1847.467080538655 16341.891334894704
6987 2481.6167186335447 15186.455682112788
6988 1824.7868338394767 15397.243134082772
6989 2887.7814202846835 16922.501233457926
6990 2847.454958890105 15559.129658873384
6991 1900.4120118733508 15378.302691622692
6992 4376.346789713736 17069.26402326104
6994 2058.6560710088083 15384.716701717349
6999 2830.4538310442767 15415.608118232865
7000 2526.9011935002127 15415.805172240816
7002 2830.7018804604995 15464.342503785354
7004 2064.4218915454494 16352.53635860008
7009 1774.1137468441082 16364.692061610536
7011 2096.19800962782 15384.690694139503
7012 1451.9001021256793 17415.716200648832
7013 2080.807632138789 16361.847734486275
7016 2863.819835756153 15419.651347985755
7019 4258.263804632738 16046.17187031553
7020 2848.0085424956796 15410.510458002072
7024 1278.689022545093 15285.398109244126
7025 4469.646510975674 16334.909214379348
7028 1828.6703787905794 16337.105806833322
7031 3455.582743912842 14616.543671927222
7035 1869.4880840035826 15392.086963888787
7036 3765.964672226963 16530.699272761332
7037 2347.1180703190207 15387.323105628542
7038 2829.9896380289156 15479.327643777007
7040 1735.7915177020502 16913.277511517237
7041 2829.6335182000676 15486.820184592394
7043 1767.1420980854716 16367.459743333324
7048 3981.2331000159134 17218.59903663405
7049 2097.28244881743 16362.196009826175
7050 2066.164458849796 15384.711500201698
7051 1814.5731332486903 16328.39617635639
7052 2073.672869120727 15384.70629867051
7054 3176.1037669475727 15590.892582526416
7056 2831.414115728082 15449.357514519865
7060 2830.3457595736777 15471.835066859856
7061 2848.900039162679 15395.65662863039
7062 2051.1476609175515 15384.721903248412
7065 2851.4600641151105 15409.018960419278
7069 2107.553350716927 16362.413135267989
7070 2062.5091406370784 17040.05407024814
7071 2317.1167862390807 15386.857768292586
7074 3017.2702524357 16057.728427598757
7078 2851.859981142576 15401.001528069704
7083 4157.938442403403 15235.290889732083
7084 3189.0645611796654 16689.84781113003
7085 2072.999152592298 16361.682664311524
7088 2820.5119053833355 15695.23203814241
7090 4544.427167079985 15033.966236113667
7091 2607.156720082444 16961.98196602074
7092 1874.8266576461162 15482.919474028653
7094 2372.0139086465088 16367.872523451297
7096 2249.7687157385903 15385.813160614292
7097 3746.44891722557 16543.171336245276
7098 3023.5606743591857 15399.463255057693
7099 3753.7012140803668 15242.574155192227
7100 2809.577842493781 16251.52822520399
7101 1826.9039669100284 15400.510716525896
7102 3077.575412045499 15425.980037424133
7103 1318.2012391842925 17159.739141783823
7105 2886.2958796718553 15420.356042431957
7106 3418.1980554232496 15630.466847993031
7107 2166.2138488151477 16688.758892443242
7111 3135.9974586325284 15406.651002079318
7114 3214.7221161033713 15425.813322889322
7115 2043.6392594999681 15384.727104773468
7116 2357.011381914302 16367.685008729979
7117 1276.1891431775593 16529.004904487992
7118 2294.6158241898593 15386.508765306295
7119 2006.0973096032837 15384.753112359125
7120 1760.1704629362473 16370.2274196533
7121 2215.262239992115 15416.762012054778
7122 4180.498171180945 17067.63023499907
7123 2817.412189093477 15761.767473654549
7125 2335.4285650638312 16493.384486877956
7126 3088.5962726554 16892.31876923866
7132 2599.3148523622062 16962.692912111255
7133 1746.2271717666822 16375.762780578892
7137 2564.4160359147777 16949.194462484673
7139 2825.1401614278525 16080.243651249419
7140 2819.005986784016 15727.68320634266
7141 3217.400034322506 15321.087469479748
7142 3143.8459281923306 16624.72131598375
7143 1753.1988205367122 16372.995098851581
7144 730.0794120668951 15986.412568469423
7145 2021.114090059868 15384.742709324517
7146 3839.5855183857057 15569.914379487695
7148 2815.0282883407517 15814.098290104961
7149 3146.490909748789 15405.633798517934
7150 2526.9809409143545 15412.605172377307
7151 2135.839330550573 16363.011096959042
7152 2558.4276758813085 16965.260776967825
7155 954.7238014002853 15719.173410146217
7157 1805.2502119918781 16319.773327941206
7158 2013.6057082273112 15384.747910836006
7161 3847.4194672281633 16253.455612461634
7162 2849.3005378398434 15385.35603467546
7164 2947.4693375455363 16768.3351102877
7165 4072.9478190099435 15615.153267225945
7166 3616.920940801114 16380.82101317702
7167 2863.9211268706126 15416.461017114647
7168 3188.80290149196 15611.809640956324
7170 3456.7663503826243 16066.91908926865
7171 2119.8076844393513 16362.67219018348
7172 2865.000917717906 15399.285862341752
7173 2589.5246844111584 16972.40123046294
7176 2998.510188978595 15406.42431987456
7177 2279.6151714306475 15386.276096472055
7178 2821.2397293006857 15461.19264330667
7179 3369.9130026629446 16111.789484785171
7180 3002.3601538777602 16307.036727866172
7181 2809.491624417941 16291.35981113305
7182 2142.4290932036674 16702.273469145577
7184 2880.000669455227 15399.373715388301
7185 3607.061583473088 15921.637583253423
7187 3634.929257955666 16364.432617765886
7188 3176.6569971547947 16643.719138814424
7189 2588.381810339117 16968.743234495203
7190 2336.8107920199836 16396.72973850507
7191 2838.839257234981 15073.98532067233
7192 2761.8353865897284 17256.920031475875
7194 2849.5428926364866 15376.244183482238
7195 2028.622507085317 15384.73750778865
7196 2871.311689034533 15419.88624107534
7197 1940.9620107738942 15380.447182960866
7198 2036.1308966695622 15384.732306271791
7199 2753.217335950154 16358.06811012373
7200 2287.11549426662 15386.39243083421
7201 2878.80353397976 15420.121133903656
7202 3400.3422997490097 15614.402387696042
7203 3378.5797585982787 15933.221611609053
7204 4177.889490099359 15805.032806616044
7205 1798.4791168010993 16313.522407454971
7206 2756.5036742619864 16874.87188153309
7207 3147.8466779073406 16631.164130012843
7208 2349.5110252502077 16367.591262702075
7209 3170.0982212757845 16647.39061542631
7210 2882.4251582814745 16807.64411182475
7211 3077.5218013819836 16874.07192145902
7212 1927.934165596774 15396.623937813578
7214 2642.761300226316 17082.32015071649
7215 2871.422512271193 15416.693426550262
7216 2824.4017673339204 15414.733911293464
7217 4147.1699344737435 17094.749105726587
7219 3465.8279338218044 16051.626820801526
7221 2810.8203356510157 16341.514046019895
7222 2749.079902875986 15395.643435139347
7223 4052.9458805738354 15942.543264646858
7224 2881.503357860939 15417.00575334177
7225 1559.8074544377503 16922.92038416802
7227 2849.7877232811206 15367.039247444878
7228 3496.0564502719803 16035.471268103103
7229 2850.12228689044 15354.46060710018
7230 3557.459168075533 16432.51846221139
7231 3700.6824751651916 16127.891330560295
7232 966.1557875663458 15595.699432445283
7233 4008.33101461066 16189.904162255754
7234 4208.91141728747 16948.593305586048
7235 2558.233791451016 16961.758543180647
7236 3254.8855056338307 15426.745795103241
7237 1910.4640957468591 15378.49907339373
7239 1454.7094404033787 16522.708791132784
7240 3510.8671853997926 15395.643304074283
7241 3028.9734227499807 16284.512285903595
7242 2253.955653956453 16620.84943459561
7243 3644.117552513996 14908.900349717402
7244 2297.060026831017 16595.67038749097
7245 2769.755318215042 17077.312719134363
7246 2345.1780140958485 16620.979478602807
7247 3629.054125214102 15980.517468045822
7248 2831.117478016174 15411.670652062136
7249 3055.6435762149567 15422.417708279818
7250 2364.5119304831483 16367.778757156475
7251 3817.8946484163625 17675.36915048919
7252 1619.0787242937702 16428.276527330007
7253 3731.7183798651213 15254.394635599001
7254 1175.4839205216597 14995.94899288649
7255 4286.758550292068 16004.306815067508
7256 1630.6728703656515 15404.185537654796
7257 2852.234466623044 15392.721238001579
7258 3700.2716602872847 15292.644219851196
7259 4393.190733519284 15477.575848603097
7260 2613.0540337846705 17040.663541565693
7261 2817.4692401459697 15397.30567597577
7262 2336.0964936068617 16446.678361686038
7263 995.8579321497556 15349.691667728757
7264 1486.262522217828 15891.8963341904
7265 2872.500792966893 15399.329788861398
7266 2437.723645883657 16762.800554294223
7267 3634.399884867488 16963.816544902827
7269 982.5075436025636 15410.76167122845
7270 3366.014053073016 16989.280773360355
7271 2195.6820005653976 15524.248858848445
7272 3645.8937791511944 17404.458184465657
7273 1368.7841931663738 15659.295609277733
7274 916.5251196530846 15735.354876108368
7275 3605.0573083821155 16319.370692468714
7276 3798.514271591538 16632.961443787466
7277 2830.7401694844625 16605.874875057383
7278 4027.788732098477 15112.797062173458
7279 2852.515165966368 15384.886058714696
7280 1875.7401259405306 15367.877293344874
7281 2884.997676418714 15099.491431647602
7282 3763.2337868993054 16576.197589920717
7283 3152.540861587425 16662.686810550473
7284 3103.1335352809724 16685.77414164586
7285 2398.10125124021 16876.559077567425
7286 1222.742878464288 15683.347160827487
7287 3423.7252583359937 14562.820895453382
7288 3186.1188357715746 16717.7835522663
7289 2774.292913287997 16611.804154805817
7290 2218.012697268942 15403.967148284242
7291 2841.1142443221297 16368.10159262406
7292 1907.509839645166 16345.977127462193
7293 3043.1778600054668 16479.7009533307
7294 4117.876540820407 15634.592983335118
7295 3329.6963590962673 15503.856282913339
7296 1318.2847846133818 17137.237793442648
7297 2545.8991166889255 16968.867600137823
7298 4602.613432501469 15877.851754351599
7299 3081.4125669034693 16165.236339748935
7300 4471.493131947766 15940.15355329792
7301 3286.717440797542 16875.6034825864
7302 1842.9918519711719 16708.850158386875
7303 3159.7091697665633 14971.29406380146
7304 4313.6949212545005 16096.761244381927
7306 3875.650719703356 16410.782885848348
7307 4505.368534183042 16345.782987481914
7308 4274.657634291249 16034.950944585926
7309 1285.6311114562798 16795.56259418639
7310 1059.9861333075332 16746.95804678032
7311 4011.071780279124 15304.333399249706
7312 2267.205902922273 17366.20090646021
7313 3033.117517061024 16704.0634258041
7314 4574.458841836609 15314.43429946729
7315 1517.745538421082 16786.095547634173
7316 3506.405939880055 14687.344405402488
7317 3610.858453840709 14855.312414758147
7318 3152.9069436848827 15207.667305029641
7319 3714.5775959700604 15718.959040150667
7320 3364.6434542366887 15222.114865404834
7321 4198.2375428079 16865.983401488753
7322 3982.5538919015185 15980.827452737802
7323 3328.9150449033605 14422.536047995132
7324 3646.4816865595126 15232.751881749093
7325 3609.2675717001794 16618.072785495333
7326 806.8505005465241 16665.345970346058
7327 1155.5757341921249 17123.667353064004
7328 3062.1552617595216 15274.553494897853
7329 3519.631832760969 14708.44148198646
7330 412.25710254389384 17925.116445455027
7331 4448.227791590105 15739.336832660752
7332 4644.039395923065 16572.229795906303
7333 1615.4191412894897 17486.08952071962
7334 737.5408338660033 16526.20067349821
7335 2195.980441945457 15544.75476607234
7336 1149.7768018596769 16858.589664516912
7337 2980.1897206645694 17174.343683013754
7338 2938.7092251777603 14469.185340471802
7339 3183.2620764981784 15264.346046297109
7340 1133.2266046618174 15625.090554333852
7341 2453.757892648822 16368.894231371116
7342 2904.4404855511484 17499.965140565753
