5436 4382.151490546705 17408.092195978254
5597 2809.891763346478 15400.323408850722
5625 2817.389432975275 15400.505676331457
5630 2794.896300507238 15399.958870884993
5709 2772.403287978018 15399.41206835423
5773 2802.3940408711305 15400.141140085292
5780 2779.9009553180244 15399.594335779326
5787 2764.905572121448 15399.229799749703
5809 2742.412470899918 15398.682995062838
5819 2719.9194130607566 15398.136191430594
5828 2749.9101635428206 15398.865263103044
5831 2757.407904043626 15399.047532306671
5836 2787.3986271753975 15399.776603314238
5861 2712.421698709794 15397.953922862669
5889 2734.9147641316526 15398.500726679247
5897 2683.090987256038 15397.204512836523
5947 2727.4170795771533 15398.318458835669
5968 2690.5892776636697 15397.403449852607
6087 2668.0943577205353 15396.806637511758
6131 2600.609543984789 15395.016199059019
6161 2675.592689846298 15397.005575634665
6175 2608.107827124792 15395.215135882287
6204 2615.606143743854 15395.414073593785
6205 2660.5960059218264 15396.607698866907
6216 2630.602806524148 15395.811949800567
6265 2578.1146535643707 15394.419387501435
6269 2585.612959648249 15394.618324933426
6281 2623.104431343346 15395.613010535368
6290 2645.599370554947 15396.20982338743
6295 2555.6197207258065 15393.822574818456
6327 2548.121431340619 15393.623637829498
6383 2653.0976512605553 15396.408760146109
6392 1077.1415475677954 16944.889633423383
6408 2563.1179993249357 15394.02151152125
6414 2452.126053796253 15388.69408318734
6431 2429.6238354210154 15388.435763882137
6433 2444.625312871094 15388.607976735433
6472 2459.6267753136112 15388.780189416448
6475 1869.989980056151 16355.430529527628
6486 2638.101081441919 15396.010886405691
6500 2437.1245798117147 15388.521870373825
6507 2467.1274841387344 15388.866295499854
6518 2474.6281897297167 15388.952401546132
6565 2570.616362141667 15394.220450458419
6576 1959.9778225955806 16357.568096019364
6585 1944.9799025133668 16357.211836212386
6596 2414.62237403435 15388.263551213242
6601 1952.4788444962703 16357.389965686922
6619 2422.1231137829463 15388.34965765164
6629 2407.1216621716585 15388.177445094967
6630 2593.1112527987957 15394.817262022283
6635 2332.1174563887516 15387.090437396562
6645 1967.4767637440973 16357.74622547408
6646 2339.617767159124 15387.206771571573
6670 1937.4809560245426 16357.033706630817
6680 2392.120224251251 15388.00523269546
6681 1067.9753248964373 16925.245716753998
6684 2324.617097423144 15386.974102474014
6686 2566.129738381561 16945.937877354707
6690 2399.6209420024493 15388.091338881333
6691 1899.9859307956474 16356.143051768178
6692 2309.616463822458 15386.741433936933
6693 1907.48493729118 16356.321182775144
6704 2549.9935677729823 16926.64563464484
6712 2540.623131935235 15393.424700574695
6716 2302.1161341354505 15386.625099468514
6721 1862.490988317963 16355.252398871207
6733 2533.124780912608 15393.225761950434
6738 1914.9839753523856 16356.499314531919
6739 2242.1134870171527 15385.69442357191
6745 1877.488959502219 16355.608659892061
6747 2257.1141458014513 15385.927092499602
6751 1999.63908974139 15384.757586359723
6753 1989.9737289548593 16358.28061720571
6755 2249.613814042204 15385.810757999041
6756 2369.619069421869 15387.672109189556
6760 2552.2255609924564 16912.31799207726
6761 2264.614490114635 15386.043427194882
6763 2482.128976732399 15389.038508526995
6770 1884.987961421724 16355.786790790327
6771 1997.4727028222403 16358.458747437628
6773 2250.090332207017 16356.052357906847
6780 2227.1127128795874 15385.46175285502
6797 1982.474714556109 16358.102486011012
6807 2384.6197003303114 15387.904777684878
6808 1892.4869689153566 16355.964921821002
6814 2822.892475488826 15426.41988630471
6816 2152.9858220345436 15385.698691380758
6827 1840.1845681234254 15880.55550208419
6841 1922.4829623503088 16356.677445075738
6844 1419.3490468646824 15584.51602786708
6852 2273.6130603680144 16356.482250203479
6867 1929.981991969791 16356.855576631988
6873 2354.618438443005 15387.439440693142
6874 2831.057997941172 15456.850012374134
6876 1094.1148737277385 16988.829692276006
6879 2362.118744710643 15387.555774798313
6880 2070.1463616732317 16361.622356707112
6886 2822.536357068828 15433.912397478774
6895 3911.284313983719 16791.175018545364
6898 2831.7702368826235 15441.864945812707
6899 2829.292409078356 15426.729877242802
6900 2025.1507749724028 16360.67115624413
6903 2796.018597938249 16357.63103548977
6908 2377.119402168777 15387.788443705436
6909 1831.3051919439777 16126.450462767632
6910 2167.998279571137 15386.009275950795
6913 2234.6131039434267 15385.57808827543
6920 2348.793886257779 15907.96657947284
6929 2451.974666113421 16761.52043385557
6934 2065.4788032392607 16352.579193787671
6935 2047.6485372922891 16361.14675581964
6936 1974.975728130136 16357.924355480778
6939 2832.482476515457 15426.879864705032
6942 3267.6189802523604 15735.553647302511
6947 2826.0924074710374 15426.56997785573
6949 2832.126357713012 15434.372383925529
6952 2145.479483648008 15385.543396827907
6953 976.0224919479027 15717.496813768154
6955 2040.1492592645768 16360.988222122116
6957 3672.3257816389864 14954.350190752326
6961 2351.5659496011476 15846.8817095799
6964 2032.650008034123 16360.829688991082
6966 1993.0206746268723 15406.073823983483
6968 2210.6302574440983 16355.331200817882
6982 1916.9482386537886 15982.024553055326
6986 2324.731340760806 16357.178149536392
6988 1182.1065099251375 15694.608238318398
6990 3236.545662350363 15684.277615872845
6991 2103.185185941625 15250.57215153302
6992 4444.215127006088 17034.766757161568
6994 2122.960555046212 15385.077514960101
6999 2021.8913568526784 15410.372759694506
7000 2355.1490940504605 15909.156638634464
7002 2830.7018804604995 15464.342503785354
7004 2375.156287979154 16356.807254603753
7009 1965.2997339290052 16348.423355028046
7011 2160.492047741523 15385.853983602441
7013 2062.647037786209 16361.463822040127
7016 2863.819835756153 15419.651347985755
7019 3782.848706229774 16312.689107550663
7020 2442.552991853716 15691.623579510968
7024 957.1389024443296 15293.81752122025
7025 4595.553051327915 16159.115348536863
7028 2310.855781666251 16357.162883796747
7031 3235.411418263242 14293.72446913974
7036 3758.7163402180113 16326.246183081417
7037 2347.1180703190207 15387.323105628542
7038 2829.9896380289156 15479.327643777007
7041 2829.6335182000676 15486.820184592394
7043 1923.268392549027 16346.644181918497
7048 4036.3618421324904 17199.624303041
7049 2077.6456312007845 16361.780890224944
7050 2130.467003297937 15385.232811785892
7051 2296.8315488219573 16356.906582332706
7052 2137.973241346512 15385.388104262905
7054 3028.379339081292 15421.968308703405
7056 2831.414115728082 15449.357514519865
7060 2830.3457595736777 15471.835066859856
7061 2482.464587337146 15623.5749014063
7062 2096.198011876401 15384.690694137946
7065 2508.262069919183 15466.549999830695
7069 2085.1448653398093 16361.939422994668
7071 2317.1167862390807 15386.857768292586
7078 2831.882751058647 16048.882572992172
7085 2055.1477628046014 16361.305288406997
7088 2829.27740077577 15494.312674817522
7091 2206.529246319851 17254.986262731836
7094 2372.012153734847 16367.872501516873
7096 2272.114863396204 15386.15976233948
7097 4184.956773024732 16947.5743245907
7098 3301.176410153637 15408.976505721066
7101 1273.4402059611411 15698.372983090589
7102 2893.7864234260824 15420.609562330843
7103 1507.5283483782086 17460.000887259168
7105 2886.295366892185 15420.356026354706
7111 3873.250431103747 15246.369886745559
7114 2402.6422822115624 15401.05384208097
7115 2088.689539552449 15384.695895712122
7116 2357.011381914302 16367.685008729979
7118 2294.6158241898593 15386.508765306295
7119 2050.550365022137 15384.722317031506
7120 1863.585135538357 16344.660905884808
7121 1859.7200339071046 15401.505075159193
7122 3904.5447346376764 17244.99436594632
7123 2828.565162587855 15509.297725525
7125 2560.4586991799406 16943.007358872394
7132 2448.934747246642 16774.28858850215
7133 1812.1267315470068 16349.929176141215
7137 2564.50061028206 16949.326690396618
7139 2887.896664828634 16781.03740190054
7140 2828.9212834678056 15501.80516259507
7141 3034.211508599187 15024.997141008522
7142 3147.835044386064 16631.14539537073
7143 1826.8764348147479 16339.962972301824
7145 2066.1423895207986 15384.71151549046
7146 3501.867180446181 15400.547672119523
7148 2828.2090437642887 15516.79024518988
7149 3821.6162012594204 15207.861303238331
7150 1992.6914764026544 15409.265365438258
7151 2100.1436954031096 16362.256496182206
7152 2811.0105645610065 16404.878486323836
7158 2058.3723209521554 15384.716898288221
7162 2433.337351417958 15411.906488908067
7166 4383.822689414126 15959.953193335326
7167 2863.9211268706126 15416.461017114647
7168 3091.0958062833433 15442.242980558558
7170 3142.6012725738397 15583.393827234095
7171 2092.644111576336 16362.097956020132
7172 2865.000917717906 15399.285862341752
7173 2221.811891942034 17281.42731180582
7176 3344.888619530588 15276.34052933792
7177 2279.6151714306475 15386.276096472055
7178 2822.180238584871 15441.404909998475
7179 2991.937887752831 16023.779259983414
7180 2837.2808213222506 16371.413701659882
7181 2827.8523459970743 15524.29494547084
7182 1456.211989176938 17075.100662781435
7184 2880.000669455227 15399.373715388301
7185 4048.224644004561 15606.585432130712
7187 3965.907289015643 16419.432528349957
7188 3000.4189665981103 16737.53861489599
7189 1882.962855846638 17360.70339969833
7190 2569.8778202351295 16945.85234640035
7191 2853.6462001911514 15470.484028282823
7194 2531.9734076454674 15415.88203735676
7195 2073.6666150787096 15384.706303003064
7196 2871.311689034533 15419.88624107534
7197 2041.6246867550226 15384.728500390194
7198 2081.1810121356684 15384.701097324465
7199 3339.9217730579708 16117.346950079473
7200 2287.11549426662 15386.39243083421
7201 2878.80353397976 15420.121133903656
7203 3091.6560916256853 15544.126653329786
7204 4432.290795092923 15862.291912595843
7205 2284.59666532839 16356.682982326445
7206 2461.7214959974185 16811.856802750714
7207 3136.216703491169 16664.28915068712
7208 2349.5110252502077 16367.591262702075
7209 3023.313186039652 16454.16140335883
7214 2580.0490798453093 16987.659668835666
7215 2871.422512271193 15416.693426550262
7216 2021.2392448024575 15399.702902083778
7219 3758.3309716289928 15821.476930709272
7221 2822.966355368387 15559.63919950041
7222 2809.18989196068 15397.104441818488
7223 3807.5399174981403 15511.616145421516
7224 2878.9239139047027 15416.925836488808
7225 1422.1791578530053 16063.166547773297
7227 2599.8895865928616 15416.911249613931
7229 2637.2571013024713 15417.477522698715
7230 3094.086510487059 16563.433500641913
7232 1418.5583165061307 15632.10249999387
7234 3378.6563040611964 17335.29649699779
7235 2813.300968047957 16372.839294067786
7236 2886.425291241305 15417.158245674584
7237 2030.9768522829193 15384.735876790937
7239 1784.2519791959737 16360.667274741163
7240 2893.925869617139 15417.409642770044
7241 3610.375743007468 15959.137957492223
7242 2419.6081124822676 16360.75108221705
7243 3827.868969879495 15200.86057228917
7244 2668.8684084529577 16358.929458011577
7246 2107.6447157031125 16362.415066711126
7247 4031.9982059489694 15951.736446486651
7248 1885.5711832325185 15402.285862206363
7249 3228.0366522478153 15406.819017581904
7250 2364.5117616754296 16367.77875504657
7252 1798.1282010509979 16355.158539728956
7255 3508.8820096401378 16466.39956125134
7256 1867.289137117482 15379.926253374973
7257 2789.5206200004977 15416.157838007763
7258 2911.52453534975 15421.662588117444
7259 3908.451943586569 15691.748410486885
7260 2577.3588731880095 16989.399326320694
7261 2817.4692401459697 15397.30567597577
7262 2556.416782091632 16936.68801798905
7263 993.2910553406651 15615.596950476656
7264 1437.1984002907195 15645.153421602794
7265 2872.500792966893 15399.329788861398
7266 2335.7236698114502 16005.116237515547
7269 1040.0982118356667 15680.115485535805
7270 3462.923245613658 16464.375773317977
7271 2193.909663352821 15422.717277890502
7272 3180.097714799408 16708.003029158663
7273 1848.459172111869 15382.448517530904
7274 1335.039893291326 15671.131163724282
7275 3250.54650948354 15713.501866110071
7276 3317.814695895446 16564.70061878455
7277 2465.1114377235976 16776.11844933972
7278 3342.219156494656 15427.989307064488
7279 2838.8169284459145 15545.115803425206
7280 2016.0995992681521 15384.746183166424
7282 3456.2828992774002 16066.094264464251
7283 2694.850924014445 16371.942247832654
7284 2595.2742441447886 16968.612186558254
7286 1471.140908270592 15694.12652822539
7287 3659.9964823129553 14934.48489924618
7288 2853.922734060395 16367.73651547836
7289 2812.8237054317524 15877.128377034727
7290 2215.459952767141 15403.962011977397
7291 2809.761784498572 16166.54950469344
7292 2349.2844904825415 16359.5605383746
7293 2837.061603787601 16368.217104012921
7294 3622.6340119662514 15962.81619904851
7295 3092.397583525383 15422.865777954894
7296 1995.1907759919154 16769.08258033451
7297 2815.5430127477025 16425.810219279843
7298 4197.85645563489 15878.635974579314
7299 3312.3754525518766 16032.506159085102
7300 3759.8779808169093 16321.920354900813
7301 3521.529555201985 16432.402777945972
7302 2284.5487184012804 16606.680878744362
7303 2850.93316800826 15323.973782893234
7304 3820.236808294648 16289.945741262183
7306 4139.432660871208 16478.529575607678
7307 4570.232918787775 16116.488045817072
7308 3723.059175731078 16342.603340731403
7309 1450.453173603311 16525.452412259074
7310 1650.4566160033862 16414.22335958693
7311 3549.461467649098 15374.61214180626
7312 1874.335774293596 17361.874139897645
7313 2844.6071954823306 16368.002033919975
7314 4082.2289282623015 15654.850805093152
7315 1826.1979848525802 16617.409549530807
7316 3727.413601184142 15043.06106313961
7317 3818.9022201643293 15195.641588597467
7318 3043.0504762054393 15034.63737330726
7319 3609.1924264446643 15983.272136412495
7320 3546.6370923844006 15352.204458933058
7321 3782.162189581708 16606.652077526764
7322 3558.9379005318447 16233.568860260544
7323 2993.4130965910304 14423.828369561654
7324 3804.9432792520925 15216.833163518551
7325 3640.7699655442616 16380.158566152326
7326 1102.0015195586209 16496.122206964203
7327 1016.3443319422577 16802.784504148087
7328 2855.5077666507145 15263.96885181077
7329 3743.0574824561704 15068.22470920862
7330 935.1051760287139 17402.985332638484
7331 4224.654422144564 15574.605555574843
7332 4961.240492967271 15943.97147228815
7333 2351.1496535866995 17084.991316762753
7334 1022.297351380271 16583.74621638366
7335 2193.757273262369 15430.19025347999
7336 1179.9161196017917 17151.05557254525
7337 2680.2781431323383 17136.372531774963
7338 3282.5589331073334 14346.35227773394
7339 2928.8073336210214 15079.999828406244
7340 1557.5807527883126 15480.91553998469
7341 2379.512528067992 16367.966247765618
7342 2585.4441173088944 16984.22375626089
7343 4269.481574300854 17221.669991765404
7344 3823.8543188412436 16673.731822981703
7345 2856.6409950798516 15141.182860761148
7347 2387.012870951156 16368.059993621277
7348 3196.1986647477547 16632.780089081927
7349 2762.5838060586407 17263.919940654836
7350 2346.979919030877 17083.677261707115
7351 4315.016055946694 15801.661790930535
7352 4284.643209623249 17111.584464530086
7353 2851.835077872504 14552.029329135567
7354 3246.913706621982 15363.789958141686
7355 3792.959096335039 16303.3370184257
7356 3984.1940341816157 15496.848655407744
7357 3041.431788577245 16493.7603913446
7358 3375.155965264278 15299.814055040804
7359 2038.336597668276 15190.262707529944
7360 1252.185628550892 16413.901102638323
7361 3183.97952096403 15408.084194811183
7362 3359.812176267095 16104.830394046809
7363 3637.3145982360184 17207.81321528782
7364 3397.9098799423577 14528.8792146758
7365 1406.735078898438 15505.694338023168
7366 4216.647170422087 15007.82526035974
7367 1839.9392020821342 16832.296932848116
7368 2785.6521761565286 15579.551982178691
7370 4326.211819644132 15656.80963084587
7371 4107.14163879713 15497.534674850811
7372 3196.565027468136 17321.870800563018
7373 3267.415207973572 15137.625285937063
7374 1012.622086445986 16785.51942130213
7375 2471.2619721444817 17034.031789132285
7376 3009.901019097137 15399.361023141406
7377 3653.0981454515436 15298.54422965752
7378 3674.676984619237 15882.968544742782
7379 3305.603561797205 16904.671157021407
7380 2160.6075818722215 15382.656516148842
7381 3506.4052707230044 17287.535020828513
7382 2197.3591745126996 15334.066802829122
7383 3122.5776170321433 15908.107437685032
7384 1068.1383171795756 16349.413361615825
7385 4373.711842374049 16416.284267071664
7386 2918.0943655442634 16157.700158259293
7387 2963.1736948593702 15841.217630870844
7388 3137.7142046212794 16988.175050983373
7389 2862.6398863636364 15230.208712121213
7390 3031.684233717632 15385.545274158956
