5436 3651.0723940754883 16390.88586519499
5597 2809.891763346478 15400.323408850722
5625 2817.389432975275 15400.505676331457
5630 2794.896300507238 15399.958870884993
5664 3615.7473158281596 15184.320579629439
5709 2772.403287978018 15399.41206835423
5773 2802.3940408711305 15400.141140085292
5780 2779.9009553180244 15399.594335779326
5787 2764.905572121448 15399.229799749703
5809 2742.412470899918 15398.682995062838
5819 2719.9194130607566 15398.136191430594
5828 2749.9101635428206 15398.865263103044
5831 2757.407904043626 15399.047532306671
5836 2787.3986271753975 15399.776603314238
5861 2712.421698709794 15397.953922862669
5889 2734.9147641316526 15398.500726679247
5897 2683.090987256038 15397.204512836523
5947 2727.4170795771533 15398.318458835669
5968 2690.5892776636697 15397.403449852607
6087 2668.0943577205353 15396.806637511758
6131 2600.609543984789 15395.016199059019
6161 2675.592689846298 15397.005575634665
6175 2608.107827124792 15395.215135882287
6204 2615.606143743854 15395.414073593785
6205 2660.5960059218264 15396.607698866907
6216 2630.602806524148 15395.811949800567
6265 2578.1146535643707 15394.419387501435
6269 2585.612959648249 15394.618324933426
6281 2623.104431343346 15395.613010535368
6290 2645.599370554947 15396.20982338743
6295 2555.6197207258065 15393.822574818456
6297 1763.3364403477678 16379.312184558472
6327 2548.121431340619 15393.623637829498
6383 2653.0976512605553 15396.408760146109
6392 1673.1137842247101 16416.52721306917
6408 2563.1179993249357 15394.02151152125
6411 1471.748745299211 16287.919228899227
6414 2452.126053796253 15388.69408318734
6431 2429.6238354210154 15388.435763882137
6433 2444.625312871094 15388.607976735433
6472 2459.6267753136112 15388.780189416448
6475 1870.2252137725593 16355.43611725699
6486 2638.101081441919 15396.010886405691
6500 2437.1245798117147 15388.521870373825
6507 2467.1274841387344 15388.866295499854
6518 2474.6281897297167 15388.952401546132
6565 2570.616362141667 15394.220450458419
6566 3101.3909830323446 14337.06276073922
6576 1995.7942469421403 16358.418877484688
6585 1977.454828413648 16357.983243898881
6596 2414.62237403435 15388.263551213242
6601 1986.6719615642292 16358.202187196293
6619 2422.1231137829463 15388.34965765164
6629 2407.1216621716585 15388.177445094967
6630 2593.1112527987957 15394.817262022283
6635 2332.1174563887516 15387.090437396562
6645 2018.572902938297 16360.06414026226
6646 2339.617767159124 15387.206771571573
6657 849.8507845406155 15756.233658993186
6670 1969.0964609692198 16357.784699677011
6680 2392.120224251251 15388.00523269546
6681 1705.7005317237697 16403.085836043043
6684 2324.6169738949975 15386.97410055802
6686 1868.4663856152058 16344.709963674524
6690 2399.6209420024493 15388.091338881333
6691 1915.732471592711 16356.51709427235
6692 2309.616236160727 15386.741430405767
6693 1930.9276097169584 16356.878038786355
6704 1846.534466938818 16341.68602070668
6707 1973.676916871914 16727.322455359874
6712 2540.623131935235 15393.424700574695
6715 1137.4580233616757 15626.727638667426
6716 2302.11589409659 15386.625095745372
6721 1862.4932181810077 16355.252451839258
6733 2533.124780912608 15393.225761950434
6738 1943.5889330813038 16357.178795197455
6739 2145.4795011659435 15385.543397190326
6745 1880.6679285580303 16355.684172956273
6747 2160.4919596290442 15385.85398177953
6751 1839.527035659327 15894.956498532138
6753 2055.1479611990617 16361.305292601028
6755 2152.9857353469565 15385.698689587325
6756 2369.619069421869 15387.672109189556
6760 1823.946834665541 16335.249433715093
6761 2167.9982702582383 15386.009275758124
6763 2482.128976732399 15389.038508526995
6770 1893.1862154488008 16355.98153168648
6771 2062.647197245763 16361.46382541108
6773 1809.0377600705244 16351.02816183692
6780 2130.4669915113236 15385.232811542046
6791 908.1168228150833 15094.871226830312
6797 2047.6486424413688 16361.146758042478
6807 2384.6197003303114 15387.904777684878
6808 1905.288300915434 16356.26900398989
6814 2822.892475488826 15426.41988630471
6816 2088.689626770078 15384.695895651701
6827 1802.0004558488445 16353.621289474244
6830 1815.9713587757312 16359.129727829812
6839 1550.739788503097 15508.75829456132
6841 1952.4359066821664 16357.388945744338
6844 1893.5029185896597 15399.304914140546
6852 1816.1048121487806 16348.513865669427
6866 774.8062394516006 16517.29354172183
6867 1960.4191670373157 16357.578579692085
6873 2354.618438443005 15387.439440693142
6874 2831.057997941172 15456.850012374134
6876 1919.43415066141 16825.870621164875
6879 2362.118744710643 15387.555774798313
6880 2115.142148377114 16362.573561398129
6886 2822.536357068828 15433.912397478774
6895 3508.5209478442102 16148.09133664734
6898 2831.7702368826235 15441.864945812707
6899 2829.292409078356 15426.729877242802
6900 2070.1464977813516 16361.622359584419
6903 1812.2418754307253 16326.23997635992
6908 2377.119402168777 15387.788443705436
6909 1788.0571005138777 16359.156675872924
6910 2122.9607509236707 15385.077519012502
6913 2137.9732597058783 15385.388104642734
6920 2852.436615455292 15387.839334564771
6929 1801.8616535520787 16316.639221691941
6934 1781.0854275518718 16361.924367204232
6935 2092.6443399243426 16362.097960847377
6936 2030.7165320299143 16360.788815576481
6937 2377.1088184368205 15181.784970271736
6939 2832.482476515457 15426.879864705032
6942 2852.636050124223 15380.341158125766
6947 2826.0924074710374 15426.56997785573
6949 2832.126357713012 15434.372383925529
6952 2081.1812388631192 15384.701097167397
6953 1898.3817943936056 15396.176482778155
6955 2085.1451153534867 16361.939428279922
6956 2237.37018547667 15177.028931970455
6957 3710.268924149061 15021.5483375875
6961 2849.4360504048127 15380.261147576404
6964 2077.6458052397074 16361.780893904102
6966 2849.236615798127 15387.759321675168
6968 1795.028759255175 16356.38899018711
6974 3350.0689011265595 15272.28009447262
6981 3312.1226023341137 15207.200882177942
6982 2040.149381421402 16360.988224704493
6986 1784.1917447166657 16308.327919943054
6987 2236.7846319366176 15180.274276212855
6988 1964.7586011320407 15406.243802782907
6989 2991.8370495854556 16747.471631049986
6990 2852.835484499608 15372.842992723263
6991 2031.8101784386658 15407.547188489347
6992 4331.947705048167 17090.924643235518
6994 2058.6559658154183 15384.716701790221
6999 2849.6354849112977 15372.76297724491
7000 2721.647736205964 15418.53096421651
7002 2830.7018804604995 15464.342503785354
7003 1843.371948594474 16693.258022710565
7004 1792.2304247720394 16311.25055840401
7007 2710.0693761118323 15810.662559225028
7009 1774.1137468441082 16364.692061610536
7011 2096.19800962782 15384.690694139503
7012 1258.4687295782103 17264.005107492092
7013 2107.642869377995 16362.415027680068
7016 2863.819835756153 15419.651347985755
7019 4179.799750602996 15815.127860288809
7020 2849.834919888377 15365.26478922041
7024 1424.2468329256305 15599.525447045999
7025 4272.613244075868 16029.560611283909
7028 1777.0201466420094 16305.720528155458
7031 3684.53270722668 14973.03457644451
7035 2065.8754697075224 15408.124483711777
7036 3604.617899698352 16394.74561194488
7037 2347.1180703190207 15387.323105628542
7038 2829.9896380289156 15479.327643777007
7040 1742.5595832213262 16924.303094051753
7041 2829.6335182000676 15486.820184592394
7043 1767.1420980854716 16367.459743333324
7044 1262.3304873198813 15679.227075774726
7048 3945.8943792635855 17230.762252881148
7049 2123.1071476783854 16362.741940378792
7050 2066.164458849796 15384.711500201698
7051 1769.9700162085974 16303.157298593203
7052 2073.672869120727 15384.70629867051
7053 3894.262601206772 15754.493096766199
7054 3429.1252871237502 16021.92413011364
7056 2831.414115728082 15449.357514519865
7060 2830.3457595736777 15471.835066859856
7061 2850.0343554764363 15357.766578224793
7062 2051.147557136184 15384.721903320307
7065 2853.0349190204024 15365.34482185377
7069 2349.5110160120835 16367.59126258661
7070 2285.1686346016195 16946.835939937337
7071 2317.1165922598266 15386.857765283854
7074 2832.665064794529 15972.307281828169
7078 2853.234354469632 15357.846616077772
7080 2686.33474136801 17340.031122517194
7083 4238.648314040386 15504.25505367376
7084 3435.564498869925 16502.588068810775
7085 2100.143644402175 16362.256495104053
7088 2809.752745955912 16170.725189259918
7089 2272.5337272577804 15625.92107015515
7090 4717.890529771419 15266.64011844544
7091 3028.9999891630273 16722.121976612318
7092 1893.3337997055817 15402.504886374825
7094 2742.90084170218 16371.268620294633
7096 2305.6288284494367 15769.454354683192
7097 3574.3915522407337 16411.09206735412
7098 3084.0046274579036 15422.885186770147
7099 3905.825086273964 15356.856268477115
7100 2837.0624370790038 16368.217080261828
7101 1900.869792046685 15402.616645330374
7102 3091.297457809812 15585.839476120878
7103 1810.7117849183396 16895.568534257513
7104 3562.1088564727283 16838.695873227276
7105 3091.042567682497 15437.382357495097
7106 3241.3517776421977 15528.439445883565
7107 2336.694386225219 16404.8696266414
7111 2515.514624542702 15396.334143591363
7114 3667.270009688546 15310.587734471696
7115 2043.635925047146 15384.727107083445
7116 2426.4609948656553 16368.55305083053
7117 1048.469804356162 16655.453323709477
7118 2294.615262726309 15386.508756597668
7119 2004.5561703892777 15384.75417999973
7120 1760.1696531980338 16370.227741112072
7121 2389.544870480472 15418.019880685226
7122 3933.400480321463 16818.226113891134
7123 2809.5436567484658 16267.32157757025
7125 2319.8990103874344 16357.328154352837
7126 3069.437066440779 16707.579947709284
7131 1006.2267172349291 16207.173173601048
7132 2724.9366594126686 16892.60176796959
7133 1746.218313867168 16375.766297085165
7137 2334.66507691644 16546.772792208976
7139 2840.8417148453514 15613.77428720897
7140 2809.681646385923 16203.572229789816
7141 3163.6265194507787 15407.171513164007
7142 3102.9748799385334 16253.386627655915
7143 1753.1963312551406 16372.99608707393
7144 854.8178568413618 16195.409218306511
7145 2020.9159049438044 15384.742846619367
7146 4009.6764517631514 15881.52677396814
7148 2811.186580826683 16351.274810528907
7149 2855.6366178220032 15387.929245583173
7150 2574.7627436570447 15413.329454429508
7151 2364.5117101495275 16367.778754402552
7152 2553.906510969708 16967.68622995099
7154 3388.4065174218395 15951.331440309623
7155 1440.1628514594966 15623.772081852074
7156 3531.207931913162 16186.405921507127
7157 1762.9183877184657 16300.59352437957
7158 2012.8648845077407 15384.748424049527
7160 3863.251081854944 16016.669511060774
7161 3576.0238878806854 16262.9924234256
7162 2850.233791574077 15350.268348070378
7164 3093.1792872300152 16543.12767267875
7165 3850.9657776616236 15208.811319343191
7166 3182.011009492443 16619.8100761561
7167 2863.9211268706126 15416.461017114647
7168 3443.0264902923414 16044.142739110981
7170 3481.9442852503616 16109.486640041072
7171 2357.0113610849917 16367.685008469636
7172 2865.000917717906 15399.285862341752
7173 2595.2741982643943 16968.61221215874
7176 2430.378065328836 15395.396621134112
7177 2279.6059698922136 15386.27595375085
7178 2800.5704020389235 15977.753354846333
7179 3464.3245342693317 16079.72620579913
7180 3520.0769561258326 16031.489487169583
7181 2844.6113296642516 16368.001916084431
7182 2405.330393567368 16723.597572040937
7184 2880.0237433822695 15399.373850531525
7185 3364.2459181799427 16104.580379583682
7187 3551.1204270734443 16220.131190186376
7188 3470.0696292483317 16483.884861284365
7189 2593.7242077104825 16965.812232628363
7190 1954.8693404581238 16347.981839840186
7191 2666.442027227848 14725.904307221504
7192 2564.4561328074824 16949.25715202724
7193 2738.897241308289 14934.67696471315
7194 2850.433227439071 15342.770126662814
7195 2028.553729420069 15384.73755543511
7196 2872.0356171307794 15419.9089384909
7197 1837.2390589363413 15383.07175945321
7198 2036.0964720481086 15384.732330119814
7199 2336.0776322649035 16362.985170461261
7200 2287.1115790340345 15386.39237010668
7201 3025.8406142349277 15425.1272867637
7202 3334.27768636295 15505.08672299005
7203 3459.300632436496 16071.240643188454
7204 3937.375548293109 15360.786603204753
7205 1730.2860816423674 16291.22780757204
7206 3147.8133231927577 16666.185145335712
7207 3040.8163657169794 16457.66809280994
7208 2372.0255787438564 16367.872669314396
7209 3454.58223515132 16488.635766466716
7210 3227.105624388136 16615.478967415722
7211 3112.1149240548843 16684.55945947922
7212 2186.9629456087123 15451.785571851962
7213 3981.037680906946 14995.254532797035
7214 2911.5274769595235 17493.25395229229
7215 3050.514576169628 15422.333166378407
7216 3337.083729536341 15427.963248355749
7217 4032.548908494837 16906.31728065855
7219 3476.8762020167846 16100.926453352398
7221 2979.1314048666295 16385.85599623394
7222 2511.7213758991284 15379.983048574075
7223 4309.091947715262 16018.210514928393
7224 3379.0353728324403 15428.176123675119
7225 1858.3904719725772 16861.422106584545
7227 2851.1894099793726 15314.339813429571
7228 3470.9460954196384 16090.910276187235
7229 2857.0802265038196 15191.655265495641
7230 4009.9245211324624 16181.762399441219
7231 3479.548066971019 16099.160905900155
7232 986.1108787613857 15410.063756720923
7233 4252.441704216121 16039.372212287502
7234 4279.406174952012 16705.760736043347
7235 2552.35473948174 16964.887319650163
7236 3777.836513557121 15250.306763314991
7237 1796.6649945549818 15382.332362153329
7238 3097.3114574473125 15596.501663448094
7239 1078.5381976414246 16736.933600810986
7240 3965.8531993103825 15139.912795190636
7241 2815.5708438465763 16426.250178036462
7242 1858.811165432292 16848.86046495545
7243 3489.8873294434757 14662.382321243118
7244 1852.3004354858033 16856.382347475916
7245 2526.5102929223317 16872.113170848505
7246 2679.01662137788 17140.356150582684
7247 3235.0480645053476 16173.169671122114
7248 3488.8536677776324 15403.755014313107
7249 3091.445159891455 15568.660196073177
7250 2556.224190941754 16371.29765098983
7251 3539.571759029423 17210.562629658394
7252 1327.2787746716608 16596.334507857184
7253 3916.918556654909 15167.113969627939
7254 1271.0823259581066 15284.916255072649
7255 4001.828597529258 15494.202264666881
7256 1133.0793116275058 15675.36092158103
7257 2853.4337896162 15350.348421680961
7258 4051.9720835054186 15107.764155105964
7259 4569.625478349842 15584.150608182335
7260 2858.92438645991 17259.676645165204
7261 2817.4692401459697 15397.30567597577
7262 2106.421546167028 16353.426722650498
7263 827.1976984633997 15159.650180776387
7264 1381.4585362567611 16175.802290763444
7265 2872.500792966893 15399.329788861398
7266 2746.918317086218 17239.66009047389
7267 3459.2409677185997 17099.029880065897
7269 902.09742876982 15218.679006200022
7270 3686.451893741859 17465.7207376444
7271 2337.8258784733916 16095.492266956262
7272 3611.703875043561 17581.503176304283
7273 868.6855206833814 15745.67503869329
7274 1297.745342450273 15701.290864860513
7275 3950.4532786448076 16214.377587770172
7276 4115.892365582817 16964.126016825572
7277 2824.2785182986017 16179.798299739128
7278 4170.014609824379 15232.21871793852
7279 2853.6332683719 15342.84858770481
7280 1898.7580895875717 15189.666386204342
7281 3178.6943600571535 15000.779405484574
7282 4073.285195642252 16932.280205070954
7283 3407.205513233207 17039.278191585494
7284 3322.259207950519 16936.77049151113
7285 2232.392543341746 16869.08551489109
7286 1206.2146326329776 15596.479881355697
7287 3268.908307893824 14325.611178453355
7288 3482.7749575118028 17139.776135230863
7289 2442.4509822057544 16732.16727678921
7290 2391.414718644491 15489.401423118645
7291 3135.1640545941787 16637.534987927047
7292 1858.8894415167754 15921.498920124597
7293 3124.5357700259183 16231.288518575651
7294 4212.158927377547 15452.845112112474
7295 3489.8204228917534 15752.236675074066
7296 1146.9304669596036 17098.08569963822
7297 2101.9442018430746 17221.99557137276
7298 4668.71703095308 16056.942771506518
7299 3128.376574384879 16143.06967477179
7300 4465.796311259747 16151.168923064233
7301 3424.0123384880408 16917.667138736015
7302 1852.3023055539538 16182.036800131447
7303 3276.926841565517 15199.922773375269
7304 4570.403543011138 16555.69105740727
7306 3943.1428203678392 16225.735261620597
7307 4630.499534482538 16278.05255824014
7308 4147.770824171512 16095.79739022027
7309 1236.5603599634303 16810.591573910326
7310 1049.776243652325 16611.328271763945
7311 4006.542007850722 15321.751950761782
7312 2338.0868580707406 17530.81414692594
