5597 3139.4684130916016 15581.268382630791
5630 3017.5633008486566 15599.418742166552
5709 2854.0348078892935 15599.528379266705
5773 3159.302221763131 15406.783459514098
5780 3145.1513271483927 15405.513587109057
5787 2845.285098502348 15590.19752281429
5809 2854.198652745608 15462.574062788033
5819 2821.3196642669573 15400.58271176238
5828 2851.0034322265624 15508.322939954043
5831 2847.451712709392 15559.17613739398
5836 2932.5281152857706 15599.280162266445
5861 2805.17615966212 15400.20877307104
5889 2846.994077817619 15428.036121461355
5897 2779.960252196553 15399.595777279577
5947 2837.8072014410877 15400.879362525928
5968 2792.1924388685666 15399.893140321561
6087 2755.4246736506066 15398.999320205397
6131 2643.2315108852526 15396.147001742549
6161 2768.793750088933 15399.324320905991
6175 2655.994440993995 15396.485614825573
6204 2667.9735037641617 15396.803431137483
6205 2744.490371300303 15398.733508581032
6216 2695.51329155158 15397.530111577524
6265 2619.157619617364 15395.508297740165
6269 2856.631912666444 15399.846234873843
6281 2680.95258418694 15397.147778900835
6290 2721.6730262414208 15398.178821564015
6295 2582.499451796814 15394.535720509237
6327 2571.1287011440854 15394.234043315833
6383 2733.973710710073 15398.477849779505
6408 2595.682719856962 15394.885485571345
6414 2459.6267363752872 15388.780188969447
6431 2437.1232494309866 15388.521855101419
6433 2452.126011589716 15388.69408270282
6472 2467.127479347639 15388.866295444854
6486 2708.4510377089905 15397.857396553389
6500 2444.6250561442316 15388.60797378828
6507 2474.6282123487786 15388.952401805793
6518 2482.128957778216 15389.038508309406
6565 2607.7609588461137 15395.205933125846
6576 1610.0285490104498 16646.316046689954
6585 923.4742318642623 16838.94736043864
6596 2422.0750856090294 15388.349106301355
6619 2429.609085683653 15388.43559455919
6629 2414.5283795788528 15388.262472182632
6630 2631.579229649943 15395.837855266016
6635 2332.1174563887516 15387.090437396562
6645 956.6276881461562 16817.73442660714
6646 2339.6271870275277 15387.206917679201
6670 1032.9057764123295 16678.31201764131
6680 2398.9825702192325 15388.084010548066
6684 2324.617097423144 15386.974102474014
6690 2406.894546935449 15388.174837874245
6692 2309.616463822458 15386.741433936933
6712 2559.115796860747 15393.915329155308
6716 2302.1161341354505 15386.625099468514
6733 2548.72872423936 15393.639749907132
6739 2242.1134870171527 15385.69442357191
6745 1115.0589282362364 16327.073457162887
6747 2257.1141458014513 15385.927092499602
6751 2021.1141874628224 15384.74270925704
6753 1410.9413146214358 16235.693568377928
6755 2249.613814042204 15385.810757999041
6756 2372.390105209394 15387.715089563588
6761 2264.614490114635 15386.043427194882
6763 2537.2121371872486 15393.33420353068
6770 1152.8938193679414 16306.10910323672
6771 1408.6319098379374 16284.25380477651
6773 3686.3350361619136 15876.063047545473
6780 2227.1127128795874 15385.46175285502
6797 1125.389562934185 16721.86550024056
6807 2390.32710795071 15387.984648211333
6808 991.2272280846222 16577.25055611
6816 2152.9858220345436 15385.698691380758
6852 3496.7267867167798 15763.454417315987
6867 1511.441650015971 15820.35463573366
6873 2355.3529448823315 15387.450833314499
6879 2363.8139651447227 15387.582068651554
6880 1907.484948623343 16356.321183044327
6899 3034.8444691928553 14384.86270288345
6900 1862.4910709893475 16355.25240083498
6908 2381.473679237103 15387.855981071023
6910 2167.998279571137 15386.009275950795
6913 2234.6131039434267 15385.57808827543
6920 1959.9779377979976 16357.568098755877
6934 2988.660133846558 17165.716245155858
6935 1884.9880214456366 16355.786792216133
6952 2145.47959565818 15385.543399145223
6955 1877.489046858327 16355.608661967113
6961 1175.4501330471244 17150.403107749426
6964 1869.990064963043 16355.430531544502
6966 894.2224614990938 15731.851019420721
6968 3650.8686897532193 15896.589187471081
6994 2122.960876320904 15385.077521606778
7004 3465.3977867161184 15713.895008247408
7009 3046.6297860377485 16461.16630155021
7011 2160.492047741523 15385.853983602441
7013 1899.9860038830673 16356.143053504293
7016 2863.819835756153 15419.651347985755
7037 2347.190410130356 15387.32422766102
7043 3033.2700547672252 16282.151181315918
7048 4208.953119466606 17140.220199443396
7049 1914.9839781038709 16356.499314597277
7050 2130.467109966146 15385.232813992694
7051 3051.466406753501 17461.122623186766
7052 2137.9733464146407 15385.388106436603
7062 2096.198011876401 15384.690694137946
7069 1922.4829718693563 16356.677445301853
7071 2317.1167862390807 15386.857768292586
7085 1892.4869875263946 16355.964922263087
7096 2272.114863396204 15386.15976233948
7102 2893.7864234260824 15420.609562330843
7105 2886.295366892185 15420.356026354706
7115 2088.6896484314043 15384.695895636694
7116 1952.4789269132975 16357.38996764465
7118 2294.6158241898593 15386.508765306295
7119 2051.147730457805 15384.721903200238
7120 2994.177607811143 16303.633438926312
7121 1199.3730294544848 16117.987009078042
7122 4102.947004586761 17176.706389983094
7133 2949.1151240910867 16326.957963411809
7142 2191.30006193401 17200.61276070737
7143 1968.6287962168283 15383.381538992695
7145 2066.1644989880074 15384.711500173891
7146 1436.8506866857024 15614.45729624542
7148 3337.2617107229303 15407.651706132756
7151 1937.4809974703658 16357.03370761532
7152 3213.538104283478 15406.708807362545
7158 2058.656111648888 15384.716701689194
7167 2863.9211268706126 15416.461017114647
7168 2908.7512519649495 15421.497951715874
7170 2916.401047598034 15418.747709997366
7171 1929.9819686081182 16356.855576077056
7172 2865.000917717906 15399.285862341752
7177 2279.6151714306475 15386.276096472055
7180 2357.0114647197456 16367.685009764953
7181 3278.9602925859085 15407.206953794723
7184 2880.000669455227 15399.373715388301
7191 3631.162494981181 16357.945922789195
7194 1842.3983710908126 16868.584592772702
7195 2073.6728640732877 15384.706298674006
7196 2871.311689034533 15419.88624107534
7197 2043.639365461822 15384.727104700061
7198 2081.1812569542517 15384.701097154864
7200 2287.11549426662 15386.39243083421
7201 2878.80353397976 15420.121133903656
7209 2364.511906146379 16367.778756852293
7214 2193.613279384745 15437.663370638855
7215 2871.422512271193 15416.693426550262
7222 3174.9841801247485 15406.615166768801
7223 1452.8084310832378 15608.896368575011
7224 2878.9239139047027 15416.925836488808
7227 1765.9095124996777 16919.21767849943
7230 2372.0127725738444 16367.872509251665
7232 1853.0992431654845 17377.457427674093
7236 2886.425291241305 15417.158245674584
7237 2036.1309250827414 15384.732306252108
7239 2904.842875726044 16348.820802110595
7240 2893.925869617139 15417.409642770044
7242 2832.4824752169498 15426.87989202483
7243 1464.133121932224 15595.443857297843
7244 4147.39746737346 15606.335059686959
7246 1944.9799826986211 16357.211838117102
7248 764.8200765342802 16573.452606694886
7249 3612.950184108612 15179.314480188907
7250 2336.11169381287 15951.58524784278
7252 2584.4395174838614 15397.552768018895
7256 2013.6057903094909 15384.747910779142
7257 2572.570694302784 16944.126816522967
7258 2901.2688427059757 15421.053757320806
7260 1365.4305445520322 17347.431103816903
7261 3168.9915479426936 15573.934300695773
7263 1976.095378898457 15384.17344927711
7264 3476.6740460105343 15390.880932835575
7265 2872.500792966893 15399.329788861398
7266 1161.7745628009586 15338.394912075137
7269 1983.572209374417 15384.768716862229
7270 4210.308225509612 15456.012647600788
7271 2193.909663352821 15422.717277890502
7272 2818.9464892913857 15509.44099393834
7273 2006.097405043375 15384.753112293009
7274 1991.080572262873 15384.763515363864
7275 2916.233670842936 15421.942146681977
7276 2131.9349614754296 17222.11646066293
7278 2901.417588014059 15417.855664726878
7279 3500.702567425172 17146.677905303586
7280 2028.6225632156743 15384.737507749764
7283 2349.51106579689 16367.591263208864
7286 2780.3617552743835 16360.991407440531
7287 3899.369651804033 16242.58856730844
7288 3003.455685985091 16041.932878236505
7289 3239.783205241789 15406.908308605069
7290 2215.459952767141 15403.962011977397
7292 4329.481791037713 16072.273486677526
7293 2822.8924744474953 15426.419908213671
7294 2402.4701014744887 16368.253191628895
7296 2831.2945413184543 15451.8732861002
7298 2946.3531670402645 15420.369684375024
7300 2821.559594445174 17348.05643499172
7301 4195.925627718447 15428.631899391945
7302 3042.1128316138816 17445.03715311483
7303 2849.2366143213794 15387.759377196679
7307 4234.824952938134 15497.74667108144
7308 2851.5562378927984 15602.736248795965
7309 2553.478748512746 16920.213742606717
7310 2796.0188872369613 16357.631032535533
7311 2908.90936114462 15418.301689942298
7313 2830.315405031666 15472.473707638968
7314 2524.6600884939 16682.955604242572
7317 3395.8132416769595 16520.49099115403
7318 2849.635485838548 15372.762942382937
7319 2372.8771455955457 16785.041693157647
7321 2564.603239589957 16953.392242957038
7322 2253.849656282178 17165.04074589958
7323 2855.8360500212166 15380.431161998536
7328 2852.436614508006 15387.839370180027
7329 3670.5292811825925 15620.250831763306
7330 2332.6564813786 16368.10895846063
7332 3453.5715277978425 16061.468343815577
7333 3639.7069873147225 16385.340572530044
7334 1809.035499970699 16351.028965928961
7335 2193.757273262369 15430.19025347999
7336 2484.4234524804574 16818.184298902084
7337 3211.4764978574585 16610.95380036212
7338 3356.3608280603935 15428.061066180806
7339 2849.4360488706006 15380.261205258417
7340 1998.5890209994047 15384.758313806027
7341 2624.4829179205776 16359.07390453864
7343 2992.6195678651625 16405.40623547066
7344 2592.016878014963 16396.848974371205
7345 2852.8354844258342 15372.842995496943
7347 2540.844374324714 16361.656669056318
7348 2394.680589304441 16368.15583148218
7349 2814.185960581577 16369.857467992371
7350 3637.3017928164886 16379.697309421392
7351 2837.160336220944 16371.417138176515
7352 4490.423061533528 17010.518593423832
7353 2849.8349211838204 15365.264740515426
7354 2902.500276600196 15399.505494838288
7355 2638.6907810877487 16317.241369494204
7356 2923.716091458081 15422.386341751208
7357 4284.34136599994 16457.826833596824
7358 3849.4623996136324 16273.805881786984
7359 1850.8080661327226 16326.76743829906
7360 1437.2067304395146 15645.173687487177
7361 2895.000376566427 15399.461568173478
7363 3400.2901306794506 15973.231865902968
7364 2787.0773136699695 14958.582680283705
7365 2025.5300829036048 16171.577798909291
7366 4138.2791074897295 16476.581438470574
7368 3064.826783434023 16491.398451734804
7370 3478.51036543658 15391.670833749442
7371 3047.959508844369 16485.209715001696
7372 2419.2283835899975 16368.462651319036
7373 2853.0349200353785 15365.344783693565
7374 1899.0943676109973 16345.620903248171
7375 1419.6929799011878 16046.387204538405
7376 2887.5005319265906 15399.41764183311
7377 2923.8927354053785 15419.19373013304
7378 2966.4676221104205 16761.564026725024
7379 3607.4394459866908 15953.659972629892
7380 2160.6075818722215 15382.656516148842
7381 2837.0616212340237 16368.21710351565
7382 2538.9463774148107 15390.177826840372
7383 2387.0555797279735 16368.060527432981
7384 2221.9270919681767 16355.537657403402
7387 3116.7616056037036 16581.104677610234
7388 1754.7462272154899 16921.490720143258
7389 2852.6360491916053 15380.341193189544
7390 2949.601068252029 15398.91075469125
7391 2115.4435589760974 16353.59160547277
7393 3177.4679796205764 16313.952705656391
7394 2750.613994718095 14902.233013289597
7395 3462.9468189764143 17088.26793093546
7396 4290.1644045762605 16047.623797751883
7400 2910.0001288884255 15399.549421223453
7401 2825.356905779751 16656.09156360395
7402 1033.7394772581147 16334.513730486255
7403 3395.0750229753708 16098.449650429178
7404 2698.7225920395927 16371.887969650186
7405 2968.197889604153 15420.976330905882
7406 2938.8537783643455 15420.083581639563
7407 1743.6897679109907 16923.706545717727
7408 2931.3845067891166 15419.639755244463
7410 3460.8787368911726 16073.90612205367
7411 1849.5329140342453 16866.33278216809
7412 3694.6257454141887 16358.575837258337
7413 2613.905869006456 15410.411227667097
7414 3301.2859175696512 15427.781599436745
7416 3627.2491546804827 15983.498278057335
7417 2917.499993359621 15399.593347679973
7418 3257.7120136413046 16841.664157301464
7419 2855.636614823329 15387.929358324795
7420 1438.9268269493086 15657.779281180558
7421 3825.22334931417 15792.065241429327
7423 2788.5169710758173 16357.707640025776
7424 2856.2166869192693 15366.120297011554
7426 1816.1048250815877 16348.51386106823
7428 3252.40517937259 16806.37396929088
7429 2323.577529635604 16504.786489364196
7430 945.5890054111239 15984.283532034351
7431 2419.0036885620807 16357.540303306952
7432 2845.238410199095 15089.04338940232
7434 2857.09325094007 15189.082939336118
7435 3070.5228397779747 16261.67986302764
7436 2518.251080134729 15385.700854957548
7437 3514.5996160792984 14700.37126923845
7438 3210.2586022848104 17396.3985111992
7439 2855.3983908844993 15269.03339752359
7440 3962.820490290297 15123.99052762023
7441 4425.673808064708 15519.970313845088
7442 3908.67492369366 15343.787444053552
7443 3137.4837991324407 16641.684141537477
7444 1980.3092231603293 15390.14439872706
7445 1322.5247940695394 15674.553579595666
7446 2895.5093354471414 15599.397225628782
7447 1893.3337777330264 15402.504886048971
7448 3634.9292705589346 16364.432639469816
7449 3607.6399490370995 15934.343716041223
7450 3233.5416581892346 16811.918977098772
7451 1609.6412207390554 16006.039153450794
7452 1013.1887136810456 15649.262382422354
7453 3622.183719391495 15961.555002338235
7454 1835.9515673625006 16861.72222809739
7455 1840.6983859449454 15867.741971382538
7456 1855.357444450707 17331.881593310252
7457 3650.123683695155 16395.485652099196
7458 3977.7845736158934 15467.419092783608
7459 3569.1502596645296 15340.08557473811
7460 3628.8016560637043 15201.116021773445
7461 2455.653968825667 16761.33206464091
7462 2379.5158193832667 16367.96628890336
7463 3031.8227355528015 16467.67836681383
7464 1579.054515714837 16976.438275578905
7465 3334.8253392437964 16962.425503397797
7466 2958.2148418748784 16375.151200067023
7467 1841.3259959543961 15822.394003407057
7468 1844.7169592854268 16637.875317839662
7469 2590.60043598243 16992.50389300807
7470 3996.4724475392663 15705.579117729982
7471 4051.50464542773 15672.916837777884
7472 2507.2299986829007 15404.512461230448
7473 3169.249362085627 15404.460968958934
7474 1434.9423327778543 16086.56286757242
7475 2962.959465929489 15399.010503777848
7476 4291.610895594349 16031.478670677248
7477 1003.9189616115585 16170.226400811405
7478 2193.4805379815384 15445.136711639385
7479 3630.222993418 16380.898337697652
7480 3562.178085770428 16239.148742364367
7481 2422.9668891425185 15719.956627257015
7482 3222.128253042643 15660.527861974097
7483 1223.4739118340476 16263.341741313496
7484 3115.6326764530204 16214.947116274598
7485 3021.9359626513547 16065.082708967293
7486 3447.0815626224953 15401.05580354643
7487 3186.2576418234166 15874.30463279713
7488 4178.5623124925005 17069.996692500856
7489 4074.646510010208 15930.91223430199
7490 3629.3881239609777 17377.095367129088
7491 3451.8563906037666 16052.224314883464
7492 3246.283950236408 15408.55779981176
7493 3721.0257472971875 15350.693311840976
7495 2832.1260988051113 15434.377831187541
7496 872.5486983848488 15829.072122807424
7497 4189.1919351412635 17070.327532819487
7498 4178.603878771728 15331.802920677323
7499 1313.3330653680248 15267.258038959255
7500 3687.7200306538157 15684.167208986497
7502 1448.8806711382144 15675.8001303481
7503 1430.8520939716125 16190.990155057167
7504 2548.9908331952297 15087.314552438445
7505 907.4271311109003 15859.886506870285
7506 2643.4256991960833 16353.279084708098
7507 3267.1595223041027 17179.769481876672
7508 835.8113417924388 17033.034132899564
7509 2176.5402948706155 17181.136587641176
7510 2495.428776140319 15406.024635142463
7511 2364.5449464201392 15081.399047840383
7512 3880.9722759285964 16471.467532668627
7513 2990.3127815803628 14426.642057126786
7514 2178.2202294072604 17636.94605925475
7515 2938.798750056356 15406.416076954394
7516 1158.0470843335338 15671.17319091062
7517 875.8626173848855 17122.472953399523
7518 1295.4324009593129 16706.904020580692
7519 3610.9015019152916 15550.784561650962
7520 3139.667945791421 17348.374387641423
7521 3175.047091570289 17062.60022286208
7522 4318.837379819344 16092.487690327831
7523 3571.875882358086 15879.35903125754
7524 2515.5674496331703 17334.512191226902
7525 3383.4464343170494 15209.974618407776
7526 4049.625561321083 15527.155644823933
7527 3348.1861829587638 15257.361985594092
7528 3953.4976117259616 16557.68186702522
7529 4324.01726618494 16842.456322229868
7530 1376.156228342484 16476.364982757987
7531 2033.0034964892534 16023.668397149666
7532 2387.7801691981163 16805.18319197142
7533 1426.7797361248759 16507.51993415215
7534 1874.6512176673853 16116.167939162257
7535 3850.854658584307 15188.480678635282
7536 4353.2805248545 15373.91382321172
7537 4285.63848343776 15166.5127228799
7538 1542.1917731885349 16863.101543528574
