5597 2809.891763346478 15400.323408850722
5625 2817.389432975275 15400.505676331457
5630 2794.896300507238 15399.958870884993
5709 2772.403287978018 15399.41206835423
5773 2802.3940408711305 15400.141140085292
5780 2779.9009553180244 15399.594335779326
5787 2764.905572121448 15399.229799749703
5809 2742.412470899918 15398.682995062838
5819 2719.9194130607566 15398.136191430594
5828 2749.9101635428206 15398.865263103044
5831 2757.407904043626 15399.047532306671
5836 2787.3986271753975 15399.776603314238
5861 2712.421698709794 15397.953922862669
5889 2734.9147641316526 15398.500726679247
5897 2683.090987256038 15397.204512836523
5947 2727.4170795771533 15398.318458835669
5968 2690.5892776636697 15397.403449852607
6087 2668.0943577205353 15396.806637511758
6131 2600.609543984789 15395.016199059019
6161 2675.592689846298 15397.005575634665
6175 2608.107827124792 15395.215135882287
6204 2615.606143743854 15395.414073593785
6205 2660.5960059218264 15396.607698866907
6216 2630.602806524148 15395.811949800567
6265 2578.1146535643707 15394.419387501435
6269 2585.612959648249 15394.618324933426
6281 2623.104431343346 15395.613010535368
6290 2645.599370554947 15396.20982338743
6295 2555.6197207258065 15393.822574818456
6327 2548.121431340619 15393.623637829498
6383 2653.0976512605553 15396.408760146109
6408 2563.1179993249357 15394.02151152125
6414 2452.126053796253 15388.69408318734
6431 2429.6238354210154 15388.435763882137
6433 2444.625312871094 15388.607976735433
6472 2459.6267753136112 15388.780189416448
6475 1585.529034179298 16457.84699325165
6486 2638.101081441919 15396.010886405691
6500 2437.1245798117147 15388.521870373825
6507 2467.1274841387344 15388.866295499854
6518 2474.6281897297167 15388.952401546132
6565 2570.616362141667 15394.220450458419
6576 1942.3120413038628 16357.148463977148
6585 1915.3515104637745 16356.508044941676
6596 2414.62237403435 15388.263551213242
6601 1928.390264927929 16356.817766831324
6619 2422.1231137829463 15388.34965765164
6629 2407.1216621716585 15388.177445094967
6630 2593.1112527987957 15394.817262022283
6635 2332.1174563887516 15387.090437396562
6645 1955.8776864148633 16357.470701599583
6646 2339.617767159124 15387.206771571573
6670 1902.037721038537 16356.19178988599
6680 2392.120224251251 15388.00523269546
6684 2324.617097423144 15386.974102474014
6686 2934.366438951328 17499.135149060043
6690 2399.6209420024493 15388.091338881333
6691 1832.6591073422535 16318.417984233394
6692 2309.616463822458 15386.741433936933
6693 1835.484247222774 16337.845701130405
6704 2752.4455901964197 17242.373944196515
6712 2540.623131935235 15393.424700574695
6716 2302.1161341354505 15386.625099468514
6721 1554.6228684932732 16289.916889331193
6733 2533.124780912608 15393.225761950434
6738 1857.3730127771885 16358.712275439588
6739 2242.1134870171527 15385.69442357191
6745 1618.090744717466 16439.965264740837
6747 2257.1141458014513 15385.927092499602
6751 2021.1140084401436 15384.74270938106
6753 1989.4921243628146 16358.26917719549
6755 2249.613814042204 15385.810757999041
6756 2369.619069421869 15387.672109189556
6760 2875.5102741687947 17012.841363758118
6761 2264.614490114635 15386.043427194882
6763 2482.128976732399 15389.038508526995
6770 1664.7625504903367 16419.971928785588
6771 1997.4012805740356 16358.45705087729
6773 2753.485352072713 16358.06537321731
6780 2227.1127128795874 15385.46175285502
6797 1980.811033161049 16358.062967010415
6807 2384.6197003303114 15387.904777684878
6808 1753.4710347650027 16383.381465665996
6814 2526.9012038032065 15415.80517239695
6816 2152.9858220345436 15385.698691380758
6827 2150.0902924311204 15392.31009656687
6841 1870.2476963225502 16355.436651306303
6844 1140.4842953406169 15350.750761533025
6852 2778.160818292593 16357.813394189945
6867 1883.289350744069 16355.746442081385
6873 2354.618438443005 15387.439440693142
6874 3045.740176217301 15399.849218880816
6879 2362.118744710643 15387.555774798313
6880 2070.1463616732317 16361.622356707112
6886 2534.4035843114116 15415.918864629002
6895 4338.126304838367 17342.424653827322
6899 2841.3118259964804 15079.803607961145
6900 2025.1507749724028 16360.67115624413
6903 3011.424302987692 16294.155957275527
6908 2377.119402168777 15387.788443705436
6909 1849.1248825997561 15452.918547391357
6910 2167.998279571137 15386.009275950795
6913 2234.6131039434267 15385.57808827543
6920 2122.7553570504115 16362.734503573702
6929 2892.0024677044266 17436.864978434143
6934 2336.523797101075 16416.798383200443
6935 2047.6485372922891 16361.14675581964
6936 1969.0677197554623 16357.784016959728
6939 3173.469061773956 15407.004635984256
6942 3632.4119935867725 16360.097668567512
6947 2856.796337198834 15155.00367227237
6949 3156.2412574215628 15406.508774820586
6952 2145.47959565818 15385.543399145223
6953 1013.7363867009635 16230.575533838732
6955 2040.1492592645768 16360.988222122116
6961 2330.3951415177785 16588.061333010486
6964 2032.650008034123 16360.829688991082
6966 1893.5011092603077 15399.304887234483
6968 2444.6863078355404 16357.746496268306
6986 2792.2882082854653 16357.669129195805
6990 3607.9734720345414 16318.012399049776
6994 2122.960876320904 15385.077521606778
6999 1900.855406001857 15402.616431984969
7000 2381.2450213261277 16661.1224156259
7002 3007.245924552889 15399.341197166614
7004 2805.36436267914 16356.730734026509
7009 2319.8987756499573 16357.328150062865
7011 2160.492047741523 15385.853983602441
7013 2062.647037786209 16361.463822040127
7016 2863.819835756153 15419.651347985755
7019 3812.884423536026 16650.01999260431
7020 2338.918019895864 16005.62116279148
7028 2824.145733835954 16417.37747306732
7037 2347.1180703190207 15387.323105628542
7038 2846.6396447979096 15394.150279550935
7041 2834.478086864504 15403.21190139313
7043 2312.3365219347984 16357.189945234111
7048 4089.2768340522507 17181.41151899756
7049 2077.6456312007845 16361.780890224944
7050 2130.467109966146 15385.232813992694
7051 2543.9555376649278 16899.388132332682
7052 2137.9733464146407 15385.388106436603
7056 3121.7261536881856 15403.411459846415
7060 2948.575963131268 15398.964961300742
7062 2096.198011876401 15384.690694137946
7065 2342.329370130788 16130.29268185038
7069 2085.1448653398093 16361.939422994668
7071 2317.1167862390807 15386.857768292586
7078 2955.5349432889802 16263.64448472758
7085 2055.1477628046014 16361.305288406997
7088 2833.0192993924143 15414.852414943469
7094 2357.011379031516 16367.685008693947
7096 2272.114863396204 15386.15976233948
7101 893.4826196453954 15866.810465371364
7102 2893.7864234260824 15420.609562330843
7105 2886.295366892185 15420.356026354706
7111 4315.659466656007 15511.864633211773
7114 1893.668268856069 15396.105114876003
7115 2088.6896484314043 15384.695895636694
7116 2115.141978041706 16362.573557797263
7118 2294.6158241898593 15386.508765306295
7119 2051.147730457805 15384.721903200238
7120 2304.7248302570933 16357.050836896244
7121 1484.4153958559355 15720.0953442649
7122 3967.9183104466415 17223.181847255597
7123 2831.7721972491427 15441.823700914316
7125 2781.5373013798294 17287.44100979139
7133 2295.4422859369865 16356.88119270068
7137 2198.443283493497 17196.550403697103
7140 2832.412351821122 15428.35524487741
7142 3061.328633580604 16704.683866549763
7143 1848.7185834387471 15491.566911400327
7145 2066.1644989880074 15384.711500173891
7146 2660.030786811185 15411.358435800586
7148 2831.1967546566266 15453.930656950106
7150 1893.33377765201 15402.504886047771
7151 2100.143336301119 16362.25648859084
7152 2826.2957279653765 15557.045225549835
7158 2058.656111648888 15384.716701689194
7162 2062.6913912920386 15187.166694210808
7167 2863.9211268706126 15416.461017114647
7168 2908.7512519649495 15421.497951715874
7170 2951.586764464516 15420.702527807525
7171 2092.644111576336 16362.097956020132
7172 2865.000917717906 15399.285862341752
7173 2327.5154654401513 17512.344028836305
7177 2279.6151714306475 15386.276096472055
7178 2527.128442566748 15412.607408224289
7180 2387.024847287262 16368.060143312015
7181 2830.5448102456653 15467.64716390309
7182 1495.033491572513 17046.402408900503
7184 2880.000669455227 15399.373715388301
7188 2593.724195223144 16965.812239595718
7189 1274.6576165167685 17589.997899527305
7190 2869.100372442347 17402.34563475186
7191 3212.5975965362504 15644.830833346898
7194 2344.2659653275387 16032.910419120473
7195 2073.6728640732877 15384.706298674006
7196 2871.311689034533 15419.88624107534
7197 2043.6392570749724 15384.727104775147
7198 2081.1812569542517 15384.701097154864
7200 2287.11549426662 15386.39243083421
7201 2878.80353397976 15420.121133903656
7203 2938.798749187024 15406.416079627128
7205 2311.8540510520206 15797.154873693702
7206 1934.9432851390125 16816.838190942857
7209 2397.6700987263903 16368.193196989747
7214 2324.4606122317064 16437.139666067374
7215 2871.422512271193 15416.693426550262
7216 1453.4309075963506 15597.041365437184
7222 2809.18989196068 15397.104441818488
7223 3308.8018564027957 15427.819737582327
7224 2878.9239139047027 15416.925836488808
7225 1371.5008220803056 15439.90279507304
7227 2348.6048945854664 15913.18163193599
7230 2523.0856468056495 16370.475706258436
7232 1429.7125162516543 16130.324565089213
7235 3435.3942993819373 16067.623312486086
7236 2886.425291241305 15417.158245674584
7237 2036.1308044636392 15384.732306335669
7239 2285.4997927643253 16356.699487534723
7240 2893.925869617139 15417.409642770044
7241 4065.937941159255 15652.160601994517
7242 2806.492749546095 16198.474659059133
7243 3348.3460192347475 15424.820233600176
7244 2985.545933491417 16308.376755494693
7246 2107.6425943570584 16362.415021866165
7248 1078.9951359299334 15691.615425078353
7249 3664.506406032283 15271.56668156309
7250 2349.511011702032 16367.591262532738
7252 1841.424397552414 15811.29690243816
7255 3483.455538176023 16836.496293167293
7256 2013.6056148107975 15384.74791090072
7257 2419.963138425132 15735.289252883213
7258 2901.2688427059757 15421.053757320806
7260 2283.6632040354734 16625.701542076713
7261 2817.4692401459697 15397.30567597577
7262 2767.1898971432215 17265.21490546322
7263 1519.907452840168 15521.19689794023
7264 1733.6600103605836 15384.382702408157
7265 2872.500792966893 15399.329788861398
7266 2083.2583322521104 15411.449149254895
7269 1698.1774248950042 15380.55408023814
7270 3462.1201151541195 16053.60845493103
7271 2193.909663352821 15422.717277890502
7272 2859.6983809346984 16367.571893675282
7273 2006.0972336607786 15384.753112411736
7274 1837.2391814836815 15383.071761686439
7275 3079.5612333882927 15426.012769947178
7276 2958.2946235225913 16766.045243163582
7277 2844.654207253457 17365.49898084476
7278 2901.417588014059 15417.855664726878
7279 2857.9333438470894 16356.254248025825
7280 2028.6223903450605 15384.737507869522
7282 3141.4206138524073 15583.90876174642
7283 2379.5124518839784 16367.966246813405
7284 2484.1063104721156 17034.09356394273
7286 1451.4706669062082 16284.228502408145
7287 3827.8690294222056 15200.860539209887
7288 2852.152511260147 16367.786971691417
7289 2829.9848517903274 15479.42834327496
7290 2215.459952767141 15403.962011977397
7291 2828.259270303601 15360.699260825586
7292 3012.297419650156 16403.581364918835
7293 2837.061603787601 16368.217104012921
7294 2997.901451675396 16376.051965855944
7296 2333.0865896238856 16366.721762970143
7297 2955.719084461478 16168.50136073845
7298 3891.1799899853586 15661.106318671624
7300 3146.051317779556 16662.378523586856
7301 3480.3938890604068 16043.84208357011
7302 2569.880625462418 16945.856732143166
7303 2849.2366143213794 15387.759377196679
7304 3382.7788490110966 16531.200073834352
7306 4450.195350671622 16375.217534319236
7307 4303.606446455073 16011.513541879893
7308 3459.9251060623737 16072.295403059848
7309 2064.317324727848 16352.532120649763
7310 2273.6829905826085 16356.483528221077
7311 2908.9099113812526 15418.30172270082
7312 1622.015000802832 16976.67583155967
7313 2844.607047466715 16368.002038138826
7314 3608.0918324199342 15983.867630415296
7315 1842.6648100982763 15730.672346688641
7316 3736.8188865054817 15251.64911743677
7317 3966.5361773890104 15412.817215383997
7318 2850.44213562597 15342.435204166733
7319 3036.6055565077027 16450.60539346829
7320 3943.9814596120304 15372.572928241449
7321 3237.4722410773124 16609.675934743038
7322 3362.269068435113 16538.673320174785
7323 2651.651644476161 14741.745066571517
7324 4141.66892464846 15476.147921916048
7325 3310.1451472356084 15813.361342522667
7326 1408.9800594681471 16267.94736788192
7327 1052.4519430961689 16449.77500483757
7328 2852.436614508006 15387.839370180027
7329 3777.0494744253824 15247.091230755565
7330 1567.5078532030618 17001.11163105163
7331 3845.049497390257 15249.43427505148
7332 4486.816863349878 15923.137704853072
7333 2665.1535225557277 16907.33980835031
7334 1205.1287838230403 16665.910615418885
7335 2193.757273262369 15430.19025347999
7336 1732.2715135443134 16915.12711122994
7337 2584.953409949843 16983.435766942726
7338 3537.1438971682155 14736.541256100443
7339 2849.4360488706006 15380.261205258417
7340 1998.5888668880216 15384.758313912791
7341 2364.511710627755 16367.77875440853
7342 2820.9884134385243 16791.812781405333
7343 3861.9820782132792 16731.55146537654
7344 3313.270305176867 16567.24563605601
7345 2852.8354844258342 15372.842995496943
7347 2372.0121136306316 16367.872501015616
7348 3020.172916529859 16449.1732535
7349 2588.920059682174 16989.80550556661
7350 2657.9324931470055 16907.658114038568
7351 3969.961900581505 16203.586285234845
7352 4352.595605667677 17080.851320058726
7353 2763.7313255450504 14922.504267942144
7354 2949.607744871635 15398.910804546533
7355 3179.27737780448 16642.25230011662
7356 3607.7016686610773 15342.93944935538
7357 3388.8330788038515 16513.04603057538
7358 3818.096604282986 15209.757552928271
7359 1869.069314880022 15354.778152647783
7360 1151.1946374481345 16467.98646002341
7361 2895.000477192251 15399.46156876284
7363 4027.8452620422627 16907.219020022352
7364 3152.8998878558004 14319.293145008816
7365 1435.9332480588105 16065.405467228211
7366 3982.9028194953867 15446.97486979352
7367 2312.901698300351 16586.416611933128
7368 2847.9163581190182 15414.1773642847
7370 4259.358618093764 15555.108863735068
7371 3894.470541121736 15764.784665096873
7372 3457.488950155416 17107.886774007016
7373 3006.6893583749743 15038.73755649635
7374 1450.1497985633005 16525.412304007634
7375 1838.0700572752485 17381.85897289038
7376 2887.5005319265906 15399.41764183311
7377 3458.876874392764 15420.651464009363
7378 3580.876912546808 15998.592698157785
7379 3434.1866411542296 16480.409676157044
7380 2160.6075818722215 15382.656516148842
7381 3494.1051923020145 17181.060835404653
7382 2462.3155688821003 15180.006436652302
7383 2863.263205098127 15991.453906050185
7384 1407.08268922782 16161.603920003672
7385 4423.748535467179 16388.059596573614
7386 3141.33928551623 16223.049465600168
7387 2852.5438276596965 15602.733125770863
7388 2895.6961198299696 16796.72057214566
7389 2852.6360491916053 15380.341193189544
7390 3035.105515350156 15390.399076213342
7391 1502.0165616769175 16494.821491979314
7392 2410.572426845434 16751.15786555939
7393 4117.255324528333 15634.941980402507
7394 3196.3598636655965 14305.781569610795
7395 3089.4918646744372 16260.57608339839
7396 4249.340479868691 16662.892250197867
7399 3609.4808936775803 15957.468517701729
7400 3160.8983313647445 15406.92669113257
7401 2179.8975758135925 17196.060330846947
7402 1148.3469406860684 15854.750401624686
7403 4322.922355125853 15518.365365436131
7404 3661.353454353025 17427.74934954614
7405 3950.8505832275973 15768.122976861088
7406 3410.3026356954506 15433.792840229538
7407 2196.4575794062016 16959.728211709556
7408 3439.854503234563 15431.440718131995
7409 3254.5711477625214 15217.881816947032
7410 3538.5661826615747 17219.74858741635
7411 2606.8485112434173 16648.581296814602
7412 3871.214836677357 15242.737804315295
7413 4009.0528668344073 15542.125739836165
7414 3729.886372598965 15709.750761045669
7415 3040.6208465628333 16494.223647204468
7416 3965.534957623221 16189.395799827704
7417 3262.104092278585 15408.678428185332
7418 3689.479210232197 17366.622060475853
7419 2856.1996168127816 15366.762084474896
7420 1569.889757699213 16927.68532483324
7421 3089.009128043224 16178.210207650096
7422 2499.670630508419 15590.685382613658
7423 1523.122375646915 16285.955649289672
7424 3011.118988027831 14408.092774801995
7426 1474.5352540552556 16722.260588009165
7427 4648.818282697316 16792.523767381677
7428 3680.8367142006678 16079.737448067419
7429 2299.7487796152654 16984.51792129052
7430 807.1592171228509 15788.26417786843
7431 1774.6680843624422 16768.97789341266
7432 3073.053081434919 14359.86431909437
7433 1809.949235428001 16788.45050176393
7434 3409.3858672957854 15241.63726292178
7435 2349.481954499081 16073.597073456065
7436 2372.5772449896676 15159.422266138869
7437 3002.972451838133 14410.819952229978
