5597 2894.335964410379 15599.400936144348
5625 2969.608518906575 15620.406495317551
5630 2845.059084520152 15594.23269105463
5709 2855.5778917083794 15442.82624459699
5773 3131.2779105408954 15404.268615014136
5780 2959.2018529771863 15398.982445138718
5787 2854.23681366201 15415.583554238252
5809 2815.717382512736 15400.465028978271
5819 2770.775398655532 15399.372494553247
5828 2829.2857676782696 15400.726041274515
5831 2843.416227895809 15400.940208663134
5836 2846.5334862241193 15572.323220806507
5861 2756.881208105256 15399.034728389379
5889 2801.2492244547207 15400.113309730734
5897 2731.584395183274 15398.41976579564
5947 2788.2866404026336 15399.798190812993
5968 2744.868581873493 15398.742702836284
6087 2707.7061763174365 15397.839289059186
6131 2602.8483874631474 15395.075597777506
6161 2720.0817754185114 15398.140138440716
6175 2613.030435554316 15395.345737523337
6204 2624.844731249192 15395.659182402758
6205 2694.465727716141 15397.503380638274
6216 2647.5468139354716 15396.261490974846
6265 2585.7630024404416 15394.62230571621
6269 2782.0958494900965 15396.445906063995
6281 2636.9158687726385 15395.979441548392
6290 2670.2613680484437 15396.864130426145
6295 2563.117995297314 15394.021511414394
6327 2555.6144945825663 15393.822436163739
6383 2682.961993616366 15397.201090508448
6408 2570.616287350662 15394.22044847414
6414 2458.916150048933 15388.772031633
6431 2430.0400991586125 15388.440542475859
6433 2449.4452908956023 15388.663308763309
6472 2466.7551944559327 15388.862021716239
6486 2658.843960914282 15396.56121539042
6500 2439.897315549865 15388.553700620845
6507 2474.571905014612 15388.951755413016
6518 2482.1280449571786 15389.038497830472
6565 2578.1147142782547 15394.419389112234
6576 1501.686618295224 16701.574284554667
6585 1056.4560933833618 16760.840527503027
6596 2414.62237403435 15388.263551213242
6619 2422.1231137829463 15388.34965765164
6629 2407.1216621716585 15388.177445094967
6630 2593.912687466629 15394.838524871911
6635 2332.1174563887516 15387.090437396562
6645 1181.791511049114 16689.97580312014
6646 2339.617767159124 15387.206771571573
6670 1033.8294755064614 16773.633631554745
6680 2392.120224251251 15388.00523269546
6684 2324.617097423144 15386.974102474014
6690 2399.6209420024493 15388.091338881333
6691 1479.3729128824375 16051.178845227132
6692 2309.616463822458 15386.741433936933
6693 1623.0396274099376 15784.380415913123
6712 2548.0490516585564 15393.621717525377
6716 2302.1161341354505 15386.625099468514
6733 2540.3527630860985 15393.417527423328
6739 2242.1134870171527 15385.69442357191
6745 1260.896082847827 16246.26493271862
6747 2257.1141458014513 15385.927092499602
6751 2021.1141874628224 15384.74270925704
6753 1433.0757603505979 16506.116485990457
6755 2249.613814042204 15385.810757999041
6756 2369.619069421869 15387.672109189556
6761 2264.614490114635 15386.043427194882
6763 2532.3126445123335 15393.204215173324
6770 1298.1482892735287 16225.62344501563
6771 1436.7222918957232 16530.526387339392
6773 3612.956225605355 15963.95213143604
6780 2227.1127128795874 15385.46175285502
6797 1376.5728349197184 16579.846319466644
6807 2384.6197003303114 15387.904777684878
6808 1032.2136997073164 16681.220432777856
6816 2152.9858220345436 15385.698691380758
6827 3347.448398559293 15274.57358722876
6852 3600.7069412605047 15941.09974499806
6867 1643.571872994576 15777.762746620516
6873 2354.618438443005 15387.439440693142
6879 2362.118744710643 15387.555774798313
6880 1907.484948623343 16356.321183044327
6899 2914.1617616224685 14491.64067661617
6900 1862.4910709893475 16355.25240083498
6903 3700.9424483768103 15713.680914674773
6908 2377.119402168777 15387.788443705436
6910 2167.998279571137 15386.009275950795
6913 2234.6131039434267 15385.57808827543
6920 1959.9779377979976 16357.568098755877
6934 2861.5942105691474 17254.461004614448
6935 1884.9880214456366 16355.786792216133
6936 1484.803498105273 16722.875570749762
6942 4523.380389380311 16641.018720017473
6952 2145.47959565818 15385.543399145223
6953 762.8968570360972 16576.518415600563
6955 1877.489046858327 16355.608661967113
6961 1312.7993159854932 17155.4461474627
6964 1869.990064963043 16355.430531544502
6966 893.2879499115035 15744.909064871403
6968 3606.8562232582267 15976.247689581493
6986 3591.9914957216447 15918.040092272056
6994 2122.960876320904 15385.077521606778
7002 3354.99718414216 15228.113581537798
7004 3579.394925142355 15897.664766688218
7009 2882.071986545543 16355.52289510963
7011 2160.492047741523 15385.853983602441
7013 1899.9860038830673 16356.143053504293
7016 2863.819835756153 15419.651347985755
7037 2347.1180703190207 15387.323105628542
7041 3309.6453887483444 15203.398035505017
7043 2853.943456549363 16353.172191268246
7048 4189.914503120661 17146.773091079864
7049 1914.9839781038709 16356.499314597277
7050 2130.467109966146 15385.232813992694
7051 2923.3399125417463 17484.098561915704
7052 2137.9733464146407 15385.388106436603
7062 2096.198011876401 15384.690694137946
7065 1876.9182751549808 16521.477768148045
7069 1922.4829718693563 16356.677445301853
7071 2317.1167862390807 15386.857768292586
7085 1892.4869875263946 16355.964922263087
7094 2333.651239000611 16290.777413015903
7096 2272.114863396204 15386.15976233948
7102 2893.7864234260824 15420.609562330843
7105 2886.295366892185 15420.356026354706
7115 2088.6896484314043 15384.695895636694
7116 1952.4789269132975 16357.38996764465
7118 2294.6158241898593 15386.508765306295
7119 2051.147730457805 15384.721903200238
7120 2821.881358364488 16355.12400647593
7121 1306.4837703051433 16060.929021838312
7122 4079.3991367571457 17184.8113185847
7133 2792.1559696585055 16357.67047958004
7142 2451.811490119882 17052.459659514672
7143 1968.6287962168283 15383.381538992695
7145 2066.1644989880074 15384.711500173891
7146 1592.4354256450567 15452.853522228455
7148 3168.969349826912 15407.650967858863
7151 1937.4809974703658 16357.03370761532
7152 3146.5548744314156 15405.63953857802
7158 2058.656111648888 15384.716701689194
7167 2863.9211268706126 15416.461017114647
7168 2908.7512519649495 15421.497951715874
7170 2916.401047598034 15418.747709997366
7171 1929.9819686081182 16356.855576077056
7172 2865.000917717906 15399.285862341752
7177 2279.6151714306475 15386.276096472055
7180 2367.4833458956305 16367.81589650926
7181 3161.4978687584435 15406.980492394807
7184 2880.000669455227 15399.373715388301
7191 3631.162494981181 16357.945922789195
7194 1857.8770600151322 16861.72111473922
7195 2073.6728640732877 15384.706298674006
7196 2871.311689034533 15419.88624107534
7197 2043.639365461822 15384.727104700061
7198 2081.1812569542517 15384.701097154864
7200 2287.11549426662 15386.39243083421
7201 2878.80353397976 15420.121133903656
7203 3309.1539929725386 15196.789528427615
7209 2380.4364663029555 16367.97779595505
7214 2193.6132775056794 15437.663476430258
7215 2871.422512271193 15416.693426550262
7222 3139.0199175647876 15404.963366925373
7223 1637.7213245909 15412.270966017088
7224 2878.9239139047027 15416.925836488808
7227 1854.00762406416 16867.678185475535
7230 2392.1830058918513 16368.124614496804
7232 1774.2977101913905 17260.962275657217
7236 2886.425291241305 15417.158245674584
7237 2036.1309250827414 15384.732306252108
7239 2773.10477426963 16357.865025111276
7240 2893.925869617139 15417.409642770044
7241 4283.120177936024 15167.987341160006
7242 2832.4824752169498 15426.87989202483
7243 1674.9622887751646 15395.734852520649
7244 4002.2809685166903 15691.041557655466
7246 1944.9799826986211 16357.211838117102
7248 833.4490694749936 16484.422094538295
7249 3622.5612982177954 15196.514653239237
7250 2334.573962339428 16253.134067009876
7252 2334.2855985619167 15394.338452394402
7256 2013.6057903094909 15384.747910779142
7257 2530.5264664603073 16878.39230193427
7258 2901.2688427059757 15421.053757320806
7260 1238.8564561675462 17233.727158531987
7261 2955.1556066609123 15599.208608038207
7263 1976.095378898457 15384.17344927711
7264 3184.8263975520827 15406.49055630011
7265 2872.500792966893 15399.329788861398
7266 1305.334577747571 15273.263954169519
7269 1983.572209374417 15384.768716862229
7270 4234.8593740574315 15557.784040111115
7271 2193.909663352821 15422.717277890502
7272 2808.4755011089183 15817.889734990336
7273 2006.097405043375 15384.753112293009
7274 1991.080572262873 15384.763515363864
7275 2916.233670842936 15421.942146681977
7276 2426.485795258505 17055.818670615085
7278 2901.417588014059 15417.855664726878
7279 3297.127626206674 16880.714888191927
7280 2028.6225632156743 15384.737507749764
7283 2353.346965506037 16367.639207643679
7286 2529.0938461165892 16358.369662991749
7287 4184.403061101658 16086.742643625901
7288 3088.057591513732 16176.68067285688
7289 3154.026354855819 15406.31001398428
7290 2215.459952767141 15403.962011977397
7292 4160.528967361398 16088.919827909966
7293 2822.8924744474953 15426.419908213671
7294 2432.3075927356736 16368.626126732332
7296 2819.9532508545217 15707.425427086393
7298 2946.9052643427904 15420.445294599916
7300 2642.584606172203 17066.195398453612
7301 4252.49654256564 15547.993463322084
7302 2935.689900638687 17500.413529327394
7303 2849.2366143213794 15387.759377196679
7307 4268.867638860222 15556.339114390921
7308 3094.169549308725 15597.054673770088
7309 2393.2179740802717 16668.189147743306
7310 2741.3513618672614 16358.189282164878
7311 2908.90936114462 15418.301689942298
7313 2818.6117129755517 15736.11497529398
7314 2778.263020697699 16614.76800754897
7317 3693.611908568217 16359.145360714376
7318 2849.635485838548 15372.762942382937
7319 2414.9145567587325 16853.79710180683
7321 2593.7241676963545 16965.81225495439
7322 2518.1611286136826 17014.86066262437
7323 2855.8360500212166 15380.431161998536
7328 2852.436614508006 15387.839370180027
7329 3598.2741668317444 15660.401322134612
7330 2325.9746595723395 16566.33878772194
7332 3470.005050028002 16089.320814478802
7333 3639.7069873147225 16385.340572530044
7334 1801.0227021139158 16354.009448894667
7335 2193.757273262369 15430.19025347999
7336 2346.225036199233 16605.15947300001
7337 2960.4353950521822 16751.255258867983
7338 3670.6550554769215 15308.74930764421
7339 2849.4360488706006 15380.261205258417
7340 1998.5890209994047 15384.758313806027
7341 2369.835822016478 16359.919213879208
7343 3121.7010461323002 16609.093631702886
7344 2606.0787001396457 16568.732100387904
7345 2852.8354844258342 15372.842995496943
7347 2347.3275105308203 16361.003879361353
7348 2424.4225657954075 16368.527572758345
7349 2828.689271824282 16658.525377838647
7350 3637.3017928164886 16379.697309421392
7351 2907.3670636344887 16369.660722862985
7352 4467.743369493634 17022.420031818103
7353 2849.8349211838204 15365.264740515426
7354 2902.500276600196 15399.505494838288
7355 2642.099248247704 16365.156691265938
7356 2923.716091458081 15422.386341751208
7357 4149.537340015793 16525.053338842747
7358 4109.389247500412 16127.776965930632
7359 1855.9403645365355 16063.151695047067
7360 1490.4438272792363 15843.329877542545
7361 2895.000376566427 15399.461568173478
7363 3459.2218044363535 16071.107499677106
7364 2654.9467250535718 14761.177837501842
7365 2014.861665780465 16348.322279048
7366 4065.039030262147 16352.033599976048
7367 2172.869672221286 15412.298280005403
7368 2923.447989450108 16356.274103764488
7370 3624.7533983971603 15311.989156642321
7371 3053.518073413577 16478.97204721425
7372 2684.1926520524175 16372.091669639118
7373 2853.0349200353785 15365.344783693565
7374 1816.090478952465 16348.518965094217
7375 1411.4476871888571 16326.046606948279
7376 2887.5005319265906 15399.41764183311
7377 2923.8927354053785 15419.19373013304
7378 3149.6057753381256 16645.008116733617
7379 3493.479872645733 16036.84831337395
7380 2160.6075818722215 15382.656516148842
7381 2837.0616212340237 16368.21710351565
7382 2511.721375526723 15379.983080228552
7383 2415.670573993174 16368.418182698053
7384 1998.5552254303848 16349.831049245779
7386 3255.1912860925536 15714.991437035591
7387 3048.138905446392 16469.949214735785
7388 1882.2374669707851 16851.238123856536
7389 2852.6360491916053 15380.341193189544
7390 2949.601068252029 15398.91075469125
7391 1867.8455873022922 16344.7037244955
7393 3172.5833263065215 16216.405297165567
7394 2651.696862114703 14741.609413655891
7395 3274.3726038045515 16845.741876873275
7396 4405.960273660695 16256.676130239115
7400 2910.0001288884255 15399.549421223453
7401 2682.9814955041593 16893.857688767734
7402 998.1164790450797 16133.093502446134
7403 3612.4331819668237 15981.518673796287
7404 2866.972407748486 16370.571679064704
7405 3236.9947033201256 15426.330424880825
7406 2938.8537783643455 15420.083581639563
7407 1851.3950434326302 16865.49620370785
7408 2931.3845067891166 15419.639755244463
7410 3580.3903052117844 16276.891957640197
7411 1864.5581241991665 16857.830101598658
7412 3946.9498724999794 16216.312347010624
7413 2946.931398143197 15417.250144783298
7414 3567.7057460854194 15364.67029659254
7416 3627.2491546804827 15983.498278057335
7417 2917.499993359621 15399.593347679973
7418 3446.654625362095 17091.801853788314
7419 2855.636614823329 15387.929358324795
7420 1468.829613197654 15899.768329807413
7421 3633.370735850148 15906.594314765785
7423 2661.1791704190928 16359.007978380905
7424 2856.6684283413783 15143.623602133688
7426 1808.8886026003138 16351.081228667552
7427 3599.9897205315588 17416.09676567041
7428 3147.270743265597 16630.23664390299
7429 2467.2701170998503 16814.569939020515
7430 980.4790938954263 16143.689528517545
7431 2274.2556219123194 16356.493993410139
7432 2713.1094790493803 14846.56304248933
7433 2409.231349873244 16705.845372906337
7434 2918.779585198806 15085.28898801864
7435 2881.8920012598032 16352.325546063475
7436 2511.8624767682068 15372.52819034851
7437 3438.4746574695387 14585.014004030692
7438 2963.5074605274954 17497.71836864803
7439 2871.9448699682134 15109.99206929129
7440 3813.744319772257 15186.856582447643
7441 4491.792118714891 15647.386745970842
7442 4050.9626788295573 15598.24672749713
7443 3249.200529430175 16827.14654034214
7444 1849.3885061829862 15427.856332649279
7445 1007.220237907081 15691.00963080563
7446 2850.203795392553 15519.772067511425
7447 1893.3394438832293 15402.504970078122
7448 3634.9292705589346 16364.432639469816
7449 3781.598311777867 15828.20845005601
7450 3233.368592557033 16812.0149254667
7451 1744.0468511391975 15965.411653440578
7452 934.6796358962492 15554.993594212443
7453 3714.947954704444 15866.456918203294
7454 1572.744062337044 17001.978855434034
7455 1836.501464467458 16183.830480934334
7456 1844.3776073006402 17028.98133601151
7457 3650.2282269377483 16395.65245038234
7458 4068.9297583597936 15644.707447587542
7459 3430.444683824609 15388.194076881118
7460 3618.1788615423984 15182.108682553242
7461 2340.8381598756137 16591.988867086882
7462 2403.6095249317564 16368.2674331414
7463 3148.4821005826425 16437.145762892593
7464 1690.4820881383387 17146.039585881426
7465 3428.1498958978914 17090.712438433824
7466 3106.8397135207947 16590.70017662127
7467 1836.11 16102.016491232143
7468 1851.5516513328298 16284.781680856024
7469 2738.2727775759054 17226.27145679493
7470 4062.349636027714 15609.310208771523
7471 4110.162323988123 15638.926802467087
7472 2508.5270641487764 15379.950279370967
7473 3169.249362085627 15404.460968958934
7474 1486.081199827006 15975.9187713902
7475 3118.3552555051033 15403.108962322447
7476 4468.104579603284 15940.769243780624
7477 907.0552953909183 16171.904162145225
7478 2193.4805357955984 15445.136834707824
7479 3629.896310264962 16381.07500845159
7480 3455.621872156359 16063.412176978964
7481 2490.6888000683794 15583.82471584255
7482 3120.7098666628813 15588.282489512749
7483 1074.2562539385692 16346.02340626834
7484 3041.1883965882394 16095.429174919238
7485 2965.2603857142326 15917.391723428686
7486 3393.7511045504225 15328.974523627172
7487 3126.3922228694046 15829.937178630316
7488 4340.881696593363 17343.830788400177
7489 4253.277340883252 15977.769388764938
7490 3711.0987962247127 17504.691141741743
7491 3418.7846693101296 15999.365031022871
7492 3399.4155842650102 15409.725923209842
7493 3747.6947800837133 15462.728492738484
7495 2825.870183044858 15565.998427330476
7496 977.769462345181 16056.388587979913
7497 4343.631040786553 16976.336448592072
7498 4256.436227928889 15534.514386005572
7499 1190.9753317977295 15317.752266046975
7500 3613.037894287326 15554.481076463182
7502 1452.5824744242163 15903.505567636146
7503 1415.8280924779272 16298.994394912479
7504 2692.5776917052835 15095.360087681087
7505 1061.1549360878569 15781.621109366668
7506 2641.3774257458135 16305.217811249975
7507 3352.1555827305942 17135.737686212597
7508 917.000391179973 17079.60176510834
7509 1905.5983501911803 17328.52776038891
7510 2489.7944670333936 15195.729810794162
7511 2370.1903719797388 14811.554997335865
7512 3840.9463841042125 16348.542185806533
7513 3109.3677713427264 14336.802616637066
7514 2308.133127407146 17563.686525581394
7515 2938.7558292313674 15406.548035661008
7516 1153.6008900871411 15650.482725747539
7517 973.4195630506081 17031.110941604187
7518 1423.776055403101 16634.308061677482
7519 3646.461824417525 15618.705995270288
7520 3046.401612435145 17451.683078208684
7521 3086.3326315789473 17113.506315789473
