5597 2819.3644534360897 15400.547532779627
5625 2841.3183636028048 15400.89978325648
5630 2796.332714078447 15399.993789932629
5709 2772.403287978018 15399.41206835423
5773 2806.7266946549857 15400.246466397222
5780 2779.9009553180244 15399.594335779326
5787 2764.905572121448 15399.229799749703
5809 2742.412470899918 15398.682995062838
5819 2719.9194130607566 15398.136191430594
5828 2749.9101635428206 15398.865263103044
5831 2757.407904043626 15399.047532306671
5836 2787.3986271753975 15399.776603314238
5861 2712.421698709794 15397.953922862669
5889 2734.9147641316526 15398.500726679247
5897 2683.090987256038 15397.204512836523
5947 2727.4170795771533 15398.318458835669
5968 2690.5892776636697 15397.403449852607
6087 2668.0943577205353 15396.806637511758
6131 2600.609543984789 15395.016199059019
6161 2675.592689846298 15397.005575634665
6175 2608.107827124792 15395.215135882287
6204 2615.606143743854 15395.414073593785
6205 2660.5960059218264 15396.607698866907
6216 2630.602806524148 15395.811949800567
6265 2578.1146535643707 15394.419387501435
6269 2585.612959648249 15394.618324933426
6281 2623.104531478914 15395.613013192062
6290 2645.599370554947 15396.20982338743
6295 2555.6197207258065 15393.822574818456
6327 2548.121431340619 15393.623637829498
6383 2653.0976512605553 15396.408760146109
6408 2563.1179993249357 15394.02151152125
6414 2452.126053796253 15388.69408318734
6431 2429.6238354210154 15388.435763882137
6433 2444.625312871094 15388.607976735433
6472 2459.6267753136112 15388.780189416448
6475 1592.1536656201367 16542.854657450258
6486 2638.101081441919 15396.010886405691
6500 2437.1245798117147 15388.521870373825
6507 2467.1274841387344 15388.866295499854
6518 2474.6281897297167 15388.952401546132
6565 2570.616362141667 15394.220450458419
6576 1560.82108515904 16472.309540064634
6585 1471.9623140317294 16524.52252827203
6596 2414.62237403435 15388.263551213242
6601 1489.0835517535363 16514.453619177042
6619 2422.1231137829463 15388.34965765164
6629 2407.1216621716585 15388.177445094967
6630 2593.1112527987957 15394.817262022283
6635 2332.1174563887516 15387.090437396562
6645 1617.3959877146008 16440.26648240347
6646 2339.617767159124 15387.206771571573
6670 1456.942652016622 16533.35551184044
6680 2392.120224251251 15388.00523269546
6684 2324.617097423144 15386.974102474014
6690 2399.6209420024493 15388.091338881333
6691 1756.4597070780758 15961.659553894731
6692 2309.616463822458 15386.741433936933
6693 1841.2371630327468 15832.41201043911
6704 2846.5642298760636 17393.33965773328
6712 2540.623131935235 15393.424700574695
6716 2302.1161341354505 15386.625099468514
6721 1490.647277207769 16285.172844999555
6733 2533.124780912608 15393.225761950434
6738 1912.3723322937742 16730.381966596786
6739 2242.1134870171527 15385.69442357191
6745 1418.0618936868511 16410.615022558028
6747 2257.1141458014513 15385.927092499602
6751 2021.1141874628224 15384.74270925704
6753 1751.3092412104088 16384.273161967405
6755 2249.613814042204 15385.810757999041
6756 2369.619069421869 15387.672109189556
6761 2264.614490114635 15386.043427194882
6763 2482.128976732399 15389.038508526995
6770 1425.586302547729 16457.306038306568
6771 1783.5443757225755 16370.976818216672
6773 3195.8596638789572 16194.029076081333
6780 2227.1127128795874 15385.46175285502
6797 1681.4090033713917 16413.105602242005
6807 2384.6197003303114 15387.904777684878
6808 1407.5598513927514 16562.32624076339
6814 2307.1359759901206 15457.745518634752
6816 2152.9858220345436 15385.698691380758
6827 3088.4774321060263 15406.867477944286
6841 1443.684552138962 16284.040820019603
6852 3253.4935396878163 16163.351418007767
6867 1840.7572140114855 15865.908496642034
6873 2354.618438443005 15387.439440693142
6874 3535.2494823909296 15358.335706197202
6879 2362.118744710643 15387.555774798313
6880 1935.460343259286 16356.985709101175
6886 2490.325215839451 15587.019018678824
6899 2647.0054986370874 14742.033912401788
6900 1862.4910709893475 16355.25240083498
6903 3614.7747630595536 15967.961879916187
6908 2377.119402168777 15387.788443705436
6909 1869.0880218331854 15410.545194406734
6910 2167.998279571137 15386.009275950795
6913 2234.6131039434267 15385.57808827543
6920 2045.4394897931995 16361.100056861855
6934 2572.3077286146963 16949.781700601307
6935 1890.4058928502363 16355.915488049306
6936 1648.312830580657 16426.86222867774
6939 3332.559588447816 15238.663022352997
6942 4049.6600449483967 16916.33494885364
6952 2145.47959565818 15385.543399145223
6953 798.3440554965933 16504.099736500797
6955 1878.6952343990095 16355.63731368269
6961 1848.437340254447 16867.182420950023
6964 1870.0498672704052 16355.431952085373
6966 1451.3111747598136 15610.767405007708
6968 2996.326562745118 16302.452535527334
6986 3290.4937495595045 16143.656754562639
6990 3993.052157219188 16878.51493350416
6994 2122.960876320904 15385.077521606778
6999 1857.2414862002945 16007.013470169639
7000 2570.2427667782244 16963.802890919927
7002 3295.1156120387705 15310.704648009378
7004 3320.721732352225 16127.566847240698
7009 2462.1167579764715 16361.075463403435
7011 2160.492047741523 15385.853983602441
7013 1921.3214674590376 16356.649854987012
7016 2863.819835756153 15419.651347985755
7019 4110.8199599475965 16916.474109263145
7037 2347.1180703190207 15387.323105628542
7041 3255.901631512202 15399.024829233253
7043 2434.543985104343 16357.67161719763
7048 4142.448195970261 17163.11049509536
7049 1951.226714553706 16357.36022265794
7050 2130.467109966146 15385.232813992694
7051 2582.865150866089 16960.895199234586
7052 2137.9733464146407 15385.388106436603
7060 3253.2494740898674 15336.683084297929
7062 2096.198011876401 15384.690694137946
7065 2167.160143478778 16684.542611163044
7069 1966.51936024839 16357.72348336166
7071 2317.1167862390807 15386.857768292586
7085 1905.4123220128336 16356.271949980532
7088 3251.315353919359 15406.995995068086
7094 2357.011379031516 16367.685008693947
7096 2272.114863396204 15386.15976233948
7102 2893.7864234260824 15420.609562330843
7105 2886.295366892185 15420.356026354706
7114 1436.8667258374376 15614.466440259173
7115 2088.6896484314043 15384.695895636694
7116 2030.871578284151 16360.792093232794
7118 2294.6158241898593 15386.508765306295
7119 2051.147730457805 15384.721903200238
7120 2394.4130626643855 16357.129192814984
7121 1422.0083404634686 16140.67808181537
7122 4029.469555772076 17201.996555563277
7133 2319.8987133759833 16357.328148924771
7140 3190.5447919223434 15406.534024480474
7142 2595.274245853072 16968.612185605063
7143 1883.29693765973 15387.063404406652
7145 2066.1644989880074 15384.711500173891
7146 1901.8860159283445 15396.2295405027
7148 3165.9272975911103 15407.377980299128
7150 1368.0451019781503 15675.611956159602
7151 1997.752013286073 16358.465382163735
7152 3070.2358752001983 15400.486078957603
7158 2058.656111648888 15384.716701689194
7167 2863.9211268706126 15416.461017114647
7168 2908.7512519649495 15421.497951715874
7170 2916.401047598034 15418.747709997366
7171 1982.63987856845 16358.106409308299
7172 2865.000917717906 15399.285862341752
7177 2279.6151714306475 15386.276096472055
7180 2387.012806950023 16368.059992821334
7181 3143.4226279894124 15405.358457174281
7184 2880.000669455227 15399.373715388301
7188 2821.1326959953612 16791.482207193556
7189 1235.8836941497984 17559.700083729425
7190 3306.8129993789603 17355.75809058365
7191 3483.6905748020213 16106.15692032591
7194 2243.0830873951163 16641.400544599972
7195 2073.6728640732877 15384.706298674006
7196 2871.311689034533 15419.88624107534
7197 2043.639365461822 15384.727104700061
7198 2081.1812569542517 15384.701097154864
7200 2287.11549426662 15386.39243083421
7201 2878.80353397976 15420.121133903656
7203 3240.273707791732 15359.015393137575
7206 1837.317143294025 16867.30603606075
7209 2394.513205897501 16368.15373937773
7214 2240.847947854373 15668.872713067472
7215 2871.422512271193 15416.693426550262
7222 2809.255989691504 15397.106048360558
7223 2427.9523719618223 15407.733342186406
7224 2878.9239139047027 15416.925836488808
7225 1062.8129132762556 15011.486218227428
7227 2325.9704978502036 16597.094404833944
7230 2402.013621727454 16368.247486145141
7232 1540.7931385052905 16874.90479420566
7236 2886.425291241305 15417.158245674584
7237 2036.1309250827414 15384.732306252108
7239 2312.3048673382355 16357.189366726929
7240 2893.925869617139 15417.409642770044
7241 4445.678969154047 15388.835872246655
7242 2829.360670716275 15492.560726800628
7243 2468.8152013726954 15401.781882406904
7244 3601.541372521592 15979.08910846786
7246 2014.7216779741486 16359.469747487581
7248 998.8540858169737 16137.497895145798
7249 3642.1816518166384 15231.619902422197
7250 2349.511011702032 16367.591262532738
7252 1850.3735596649833 15406.868694524537
7256 2013.6057903094909 15384.747910779142
7257 2344.3032040699472 16330.260961008524
7258 2901.2688427059757 15421.053757320806
7260 1786.395826554625 16908.403856567737
7261 2825.5828010831533 15397.458585366869
7262 2783.961607494055 17586.69170971498
7263 1976.0951903072607 15384.173429275013
7264 2494.6345448835673 15396.104212481034
7265 2872.500792966893 15399.329788861398
7266 1488.0583308266819 15568.854283656972
7269 1983.5721092005801 15384.768716931625
7270 3804.359558448155 15803.419613719727
7271 2193.909663352821 15422.717277890502
7272 2843.94535998246 16368.02089804995
7273 2006.097405043375 15384.753112293009
7274 1991.080572262873 15384.763515363864
7275 2916.233670842936 15421.942146681977
7276 2593.72412292994 16965.812279931975
7277 3145.344714236568 17544.50302549849
7278 2901.417588014059 15417.855664726878
7279 3150.586706262882 16629.50417704242
7280 2028.6225632156743 15384.737507749764
7283 2379.5124518839784 16367.966246813405
7284 2267.7466474345288 17360.780641820398
7286 1974.498737701492 16348.812745887564
7287 4108.973868421315 15686.605921942553
7288 2832.8637026476763 16364.43645354706
7289 3111.1549687269803 15402.46282328058
7290 2215.459952767141 15403.962011977397
7291 2573.721733764428 15088.597239250681
7292 3425.3567172460585 16489.00007483171
7293 2806.218201976999 15882.983704980024
7294 2843.3960095245493 16371.239282202565
7296 2800.822691215803 16329.937832791718
7298 3580.4735443526115 15357.73071917688
7300 2601.8249513489045 16964.957002767616
7301 3836.1138453441704 15789.7796034622
7302 2582.1696304173274 16965.88116981452
7303 2849.2366143213794 15387.759377196679
7304 3306.6868474877297 16771.82163909276
7307 4372.167718149657 15749.574712495702
7308 3420.3149482448334 16007.842365225331
7309 2292.387014781507 16356.825355744828
7310 2304.2821716479925 16357.042747038437
7311 2908.90936114462 15418.301689942298
7313 2815.916241940475 16361.327166128685
7314 2997.2733143140968 16375.2955790334
7315 1860.995586588171 15398.879105913305
7316 3380.857076821858 15409.584349645434
7317 4286.266045807762 16018.711958222088
7318 2849.635485838548 15372.762942382937
7319 2636.0700257278295 16645.880950574396
7320 4262.447651413011 15550.686224760082
7321 2623.758207597417 16949.05465315508
7322 2839.813182122169 16831.008056647745
7323 2855.378787066656 15269.94113453927
7326 1435.5061515999912 15649.455871963019
7327 1244.2763650531654 16251.815079579488
7328 2852.436614508006 15387.839370180027
7329 3374.671053523052 15562.334195363443
7330 1867.547790528853 16847.451444624938
7331 3566.5725145648476 15343.290145503808
7332 3745.5591284307156 16329.9639788132
7333 3402.9003376356104 16505.19704961318
7334 1631.5302851021017 16422.388148775215
7335 2193.757273262369 15430.19025347999
7336 1880.3610607112066 16836.238842236206
7337 2580.060538132339 16973.503228794034
7338 3767.5112626240625 15108.113238220889
7339 2849.4360488706006 15380.261205258417
7340 1998.5890209994047 15384.758313806027
7341 2364.511710627755 16367.77875440853
7342 2803.0106825123994 15883.090544563263
7343 3539.595151754811 16442.293841295676
7344 2945.340057953139 16552.57658365436
7345 2852.8354844258342 15372.842995496943
7347 2372.0121136306316 16367.872501015616
7348 2811.9092297180814 16370.864659144903
7349 2584.194401831289 16981.931468962277
7350 3370.97547245613 16523.009877400844
7351 3175.098712017839 16644.591436868286
7352 4412.454027355046 17051.433772311782
7353 2849.8356749104146 15365.236402538776
7354 2902.500276600196 15399.505494838288
7355 2856.776763100634 16370.857631842835
7356 2947.28446030824 15423.786647711737
7357 3813.7511781872226 16651.414376893368
7358 4126.91773085203 15719.167182176465
7359 1869.0551286795303 15454.696029900326
7360 1404.1348214762709 16286.215534424133
7361 2895.000376566427 15399.461568173478
7363 3634.687864962578 16370.190868278536
7364 2860.5808633324527 14544.174442896414
7365 1768.3933642430686 16302.584072187594
7366 4258.627466845277 16049.626826656127
7367 2332.9057975947276 15939.947292473555
7368 2829.1276901106794 16008.021389549791
7370 3901.990985459876 15350.079423365301
7371 3452.085444164918 16068.218758013118
7372 3105.3080037138784 16588.167466695337
7373 2853.0349750574733 15365.342715019251
7374 1809.0377896753312 16351.028151304205
7375 1564.127298332446 16946.211065570045
7376 2887.5005319265906 15399.41764183311
7377 2923.8927354053785 15419.19373013304
7378 3014.4356889930127 16407.16783790526
7379 3468.823528457603 16087.325179294221
7380 2160.6075818722215 15382.656516148842
7381 3159.791818139743 16675.01875722339
7382 2511.721375526723 15379.983080228552
7383 2745.7457961942364 16371.228735945555
7384 1571.7078004471878 16287.12678904902
7385 4301.239805106488 16013.405247083121
7386 3337.30687495476 15859.388771109763
7387 2830.672818893862 16231.647294196162
7388 2362.8872393677816 16655.470064191915
7389 2852.6360491916053 15380.341193189544
7390 3034.896476873836 15392.668080973355
7391 1816.10480193304 16348.513869303955
7393 3608.743488332485 15936.480773891135
7394 2876.1349999639356 14530.204865984133
7395 3147.8465372692212 16631.16390352898
7396 4296.079400067837 16451.900542699696
7400 2910.0001288884255 15399.549421223453
7401 2553.905950720028 16967.68657538034
7402 1064.9681915442625 15900.381396665189
7403 4008.8116403490194 15698.25565645824
7404 3196.2090066519145 16740.273507681715
7405 3706.0243180807984 15322.916015710432
7406 3312.8946425206077 15427.84050561627
7407 2081.1643532279254 16736.8793143256
7408 3204.1994904340686 15425.569019403763
7410 3212.493035725187 16610.396648169033
7411 2321.462154566544 16604.224053530503
7412 4222.546003128139 15886.849745035568
7413 3688.2878246361556 15299.171621383171
7414 3829.2023125159567 15551.610566229941
7415 2828.758154648857 16371.236691344062
7416 3700.883198428907 16115.739404883894
7417 2917.6426559817933 15399.594183250201
7418 3663.669210925394 17555.570457567726
7419 2855.636614823329 15387.929358324795
7420 1440.1685470968193 16595.69972139844
7421 3368.4230323088454 16102.418454004086
7422 2348.572625320616 16142.201697490706
7423 2097.6208973668286 16353.265885391373
7424 2662.7351111437392 14729.411736917622
7426 1783.980270527147 16360.77514063382
7427 4116.435039310618 17112.45887867611
7428 3214.4597934068247 16194.204173106527
7429 2552.354757650052 16964.887308448306
7430 642.5555395741715 16130.98313743278
7431 1831.4064879041694 16452.024680171187
7432 2800.392228002813 14598.597668871367
7433 1908.5781758912829 16827.12583339568
7434 3223.6737760895753 15070.822333264054
7435 2517.72016071591 16358.285692976642
7436 2511.8624767682068 15372.52819034851
7437 3264.9105826846517 14319.536935393933
7438 2689.094795958798 17354.684438711593
7439 3203.631912571629 15039.930627990188
7440 3610.3547874377987 14854.500894196346
7441 4447.622047605474 15924.838773950667
7442 4464.4908288196275 15437.432687956156
7443 3437.021981368494 17216.180753865854
7444 1839.4005004085145 15897.727819793048
7445 964.3392306713564 16024.393956548975
7446 2700.938042016354 15370.1162659524
7447 2039.166433652829 15572.309868274606
7448 3634.929209268911 16364.43253392304
7449 4241.655333300155 15565.054505140448
7450 2952.523142210822 16969.42315273073
7451 1656.2561387736039 15988.602094966973
7452 1234.2225622214564 15402.61037152287
7453 3641.6400886522033 15603.970316602676
7454 1299.2433352920916 17163.12391168159
7455 1817.6348502359028 16784.55428444216
7456 1846.6004074687537 16356.8116931776
7457 4008.1346491387135 16893.715768824997
7458 4044.4938229448812 15948.498138337714
7459 3288.6512294134977 15135.850387511837
7460 3589.1665888021525 15129.960383058882
7461 2175.6070417167316 16670.315327977136
7462 2427.627722330337 16368.567633612438
7463 3511.9278652828502 16234.71406169392
7464 1952.0958673381688 17594.82744441246
7465 3157.390065776525 17242.789482475295
7466 2947.509788805627 16663.09100980394
7467 1808.8462793523306 16626.30520022319
7468 1867.9999999637823 15502.120001706144
7469 2945.992558389948 17200.240372614015
7470 3997.9137539780995 15322.95995473643
7471 4359.573539691103 15369.412136236535
7472 2651.072533064266 15268.543685259518
7473 3133.9344360992195 15401.291879567973
7474 1802.6125932531963 15873.288403479035
7475 3442.032424326385 15403.719843594492
7476 4410.417478797157 16178.735502698568
7477 821.724498274079 16208.121448631053
7478 2215.740368370034 15632.613032256655
7479 3397.033975643314 16315.673176867918
7480 3093.4686693133385 16179.33073185818
7481 2396.058543352601 15428.868820809248
