5597 2809.891763346478 15400.323408850722
5625 2817.389432975275 15400.505676331457
5630 2794.896300507238 15399.958870884993
5709 2772.403287978018 15399.41206835423
5773 2802.3940408711305 15400.141140085292
5780 2779.9009553180244 15399.594335779326
5787 2764.905572121448 15399.229799749703
5809 2742.412470899918 15398.682995062838
5819 2719.9194130607566 15398.136191430594
5828 2749.9101635428206 15398.865263103044
5831 2757.407904043626 15399.047532306671
5836 2787.3986271753975 15399.776603314238
5861 2712.421698709794 15397.953922862669
5889 2734.9147641316526 15398.500726679247
5897 2683.090987256038 15397.204512836523
5947 2727.4170795771533 15398.318458835669
5968 2690.5892776636697 15397.403449852607
6087 2668.0943577205353 15396.806637511758
6131 2600.609543984789 15395.016199059019
6161 2675.592689846298 15397.005575634665
6175 2608.107827124792 15395.215135882287
6204 2615.606143743854 15395.414073593785
6205 2660.5960059218264 15396.607698866907
6216 2630.602806524148 15395.811949800567
6265 2578.1146535643707 15394.419387501435
6269 2585.612959648249 15394.618324933426
6281 2623.104431343346 15395.613010535368
6290 2645.599370554947 15396.20982338743
6295 2555.6197207258065 15393.822574818456
6327 2548.121431340619 15393.623637829498
6383 2653.0976512605553 15396.408760146109
6408 2563.1179993249357 15394.02151152125
6414 2452.126053796253 15388.69408318734
6431 2429.6238354210154 15388.435763882137
6433 2444.625312871094 15388.607976735433
6472 2459.6267753136112 15388.780189416448
6475 1485.2125715950046 16516.73012207701
6486 2638.101081441919 15396.010886405691
6500 2437.1245798117147 15388.521870373825
6507 2467.1274841387344 15388.866295499854
6518 2474.6281897297167 15388.952401546132
6565 2570.616362141667 15394.220450458419
6576 1915.5245611911048 16356.512155579578
6585 1884.5376450363583 16355.77609399853
6596 2414.62237403435 15388.263551213242
6601 1900.423350177387 16356.15344220523
6619 2422.1231137829463 15388.34965765164
6629 2407.1216621716585 15388.177445094967
6630 2593.1112527987957 15394.817262022283
6635 2332.1174563887516 15387.090437396562
6645 1931.378987006339 16356.888760778813
6646 2339.617767159124 15387.206771571573
6670 1871.6636915648123 16355.470286783016
6680 2392.120224251251 15388.00523269546
6684 2324.617097423144 15386.974102474014
6686 3001.048167339863 17483.325295237137
6690 2399.6209420024493 15388.091338881333
6691 1834.0837807407906 16237.566686287839
6692 2309.616463822458 15386.741433936933
6693 1830.3834604108956 16265.949328613744
6704 2782.743902262627 17289.310200668097
6712 2540.623131935235 15393.424700574695
6716 2302.1161341354505 15386.625099468514
6721 1454.5031486395317 16287.50352801764
6733 2533.124780912608 15393.225761950434
6738 1849.458996216051 16406.178591692522
6739 2242.1134870171527 15385.69442357191
6745 1511.850892254512 16501.064266983947
6747 2257.1141458014513 15385.927092499602
6751 2021.1140084401436 15384.74270938106
6753 1973.04250031047 16357.87843368855
6755 2249.613814042204 15385.810757999041
6756 2369.619069421869 15387.672109189556
6761 2264.614490114635 15386.043427194882
6763 2482.128976732399 15389.038508526995
6770 1546.8751091842842 16480.472675346417
6771 1986.3022339785039 16358.193404706615
6773 2791.9295021417292 16357.672792203603
6780 2227.1127128795874 15385.46175285502
6797 1958.5247670695226 16357.533580214613
6807 2384.6197003303114 15387.904777684878
6808 1632.6315634103864 16433.66097215882
6814 2526.9012038032065 15415.80517239695
6816 2152.9858220345436 15385.698691380758
6827 2302.422139955163 15393.987572487047
6841 1824.6209512822627 16339.751751952936
6844 1082.8779057383142 15384.182745375612
6852 2811.270964449673 16356.156156181009
6867 1858.0755197750375 16353.88162047303
6873 2354.618438443005 15387.439440693142
6874 3141.9687329847957 15405.227987603525
6879 2362.118744710643 15387.555774798313
6880 2070.1463616732317 16361.622356707112
6886 2534.4035843114116 15415.918864629002
6895 4278.476445825068 17378.501130220888
6899 2815.7631895835316 15019.684225720845
6900 2004.9300815506565 16358.635889620797
6903 3106.871785690394 16241.705226473574
6908 2377.119402168777 15387.788443705436
6909 1849.58824139191 15408.867869491805
6910 2167.998279571137 15386.009275950795
6913 2234.6131039434267 15385.57808827543
6920 2122.6411498083144 16362.732089248442
6929 2934.8474520093223 17499.599777245014
6934 2334.97133205736 16525.35734125728
6935 2046.8317957039858 16361.129490015728
6936 1945.6883404145008 16357.228664409131
6939 3238.398770021107 15403.697569370412
6942 3652.848514237321 16393.793369618204
6947 2863.3162643643527 15204.794559292308
6949 3188.86568613254 15406.521260814907
6952 2145.47959565818 15385.543399145223
6953 1033.9414867557769 16335.563648270156
6955 2036.1228539808749 16360.90310447279
6961 2271.245684395402 16625.39757406561
6964 2022.3174873433634 16360.496124891428
6966 1867.9116901722527 15398.548305096603
6968 2578.9284816677437 16358.737583762604
6986 2835.2350695579107 16353.824994471224
6990 3634.186655959382 16363.153792240731
6994 2122.960876320904 15385.077521606778
6999 1883.4483059222991 15403.024520368237
7000 2447.867140220727 16766.975929700253
7002 3118.0055705984314 15403.077582312522
7004 2860.28758395949 16352.980008630262
7009 2319.8989609937266 16357.328153450137
7011 2160.492047741523 15385.853983602441
7013 2062.647037786209 16361.463822040127
7016 2863.819835756153 15419.651347985755
7019 3859.8960405502457 16722.793431327056
7028 2830.850895460746 16528.589548751435
7037 2347.1180703190207 15387.323105628542
7038 2853.312596791634 15354.9049272605
7041 2873.574870998904 15399.337068767543
7043 2312.3991697612014 16357.191090161596
7048 4098.079473096158 17178.381743160833
7049 2077.6456312007845 16361.780890224944
7050 2130.467109966146 15385.232813992694
7051 2572.527036086129 16944.05855859966
7052 2137.9733464146407 15385.388106436603
7056 3167.2344398138594 15407.495280574718
7060 3073.062872933645 15400.559577656084
7062 2096.198011876401 15384.690694137946
7065 2339.49950894598 16254.336786530097
7069 2085.1448653398093 16361.939422994668
7071 2317.1167862390807 15386.857768292586
7078 2920.3958196760655 16256.150405172311
7085 2055.1477628046014 16361.305288406997
7088 2844.230411136233 15400.79928582676
7094 2357.011379031516 16367.685008693947
7096 2272.114863396204 15386.15976233948
7101 928.9288516356785 15941.441874205777
7102 2893.7864234260824 15420.609562330843
7105 2886.295366892185 15420.356026354706
7111 4442.7340030334735 15438.112254621286
7114 1860.6681127841446 15395.125911741718
7115 2088.6896484314043 15384.695895636694
7116 2115.141861020706 16362.573555323454
7118 2294.6158241898593 15386.508765306295
7119 2051.147730457805 15384.721903200238
7120 2304.8993365685947 16357.054026106209
7121 1494.9743146867334 15822.727509935965
7122 3977.4672564737602 17219.895200399482
7123 2832.8730728543474 15418.14799554515
7125 2763.016584434171 17314.733458292714
7133 2297.397120331817 16356.916918499226
7137 2187.4400512804286 17221.95614903008
7140 2833.6761817909437 15405.098263201557
7142 2952.1768042716917 16765.754169347598
7143 1849.4814319946136 15419.02204469388
7145 2066.1644989880074 15384.711500173891
7146 2533.5162192020503 15405.69427506615
7148 2832.2512114518236 15431.745538526267
7150 1862.4121229175205 15401.586384821781
7151 2100.143336301119 16362.25648859084
7152 2830.0307446577863 15478.462785744272
7158 2058.656111648888 15384.716701689194
7162 2007.0367841291556 15186.928887512595
7167 2863.9211268706126 15416.461017114647
7168 2908.7512519649495 15421.497951715874
7170 2916.5516408155136 15418.756675614864
7171 2092.644111576336 16362.097956020132
7172 2865.000917717906 15399.285862341752
7177 2279.6151714306475 15386.276096472055
7178 2526.9809493097073 15412.605172504564
7180 2387.012806950023 16368.059992821334
7181 2831.641977018799 15444.563453974382
7184 2880.000669455227 15399.373715388301
7188 2593.724195223144 16965.812239595718
7189 1144.25502695777 17513.31338374833
7190 2921.767190910578 17481.72806620858
7191 3278.4217998816125 15753.689160808171
7194 2341.7553018215476 16169.818796925088
7195 2073.6728640732877 15384.706298674006
7196 2871.311689034533 15419.88624107534
7197 2043.639365461822 15384.727104700061
7198 2081.1812569542517 15384.701097154864
7200 2287.11549426662 15386.39243083421
7201 2878.80353397976 15420.121133903656
7203 2965.25726246571 15399.027661756763
7205 2237.7275009273217 15675.828290907963
7206 1858.3040635601724 16861.472430344184
7209 2394.513205897501 16368.15373937773
7214 2327.0041010579635 16300.695502754179
7215 2871.422512271193 15416.693426550262
7216 1490.6973182838265 15552.434324337726
7222 2809.18989196068 15397.104441818488
7223 3166.79149970555 15424.125622085998
7224 2878.9239139047027 15416.925836488808
7225 1330.789960722492 15308.333085775788
7227 2344.288613337427 16032.285467987404
7230 2417.8998827468736 16368.446046551731
7232 1423.723871365953 16251.878081041106
7235 3438.926188847874 16037.58913411284
7236 2886.425291241305 15417.158245674584
7237 2036.1309250827414 15384.732306252108
7239 2289.8187936033 16356.778419926286
7240 2893.925869617139 15417.409642770044
7241 4106.3178806568085 15629.13876811804
7242 2806.738760375509 16084.801033516449
7243 3205.8096295633572 15422.404879470316
7244 3073.3723166659074 16260.11400564782
7246 2107.6425943570584 16362.415021866165
7248 932.0581017517077 15735.716310263617
7249 3660.8218232001736 15264.973676542795
7250 2349.511011702032 16367.591262532738
7252 1848.2536957629063 15708.724794147523
7255 3495.2169784644525 16874.891534411658
7256 2013.6056148107975 15384.74791090072
7257 2367.610587712711 15829.890576136615
7258 2901.2688427059757 15421.053757320806
7260 2197.4777662921324 16674.672392483288
7261 2817.4692401459697 15397.30567597577
7262 2794.4092634066674 17307.13493514683
7263 1609.9593385078997 15424.908448687107
7264 1854.6608839788053 15385.774877191303
7265 2872.500792966893 15399.329788861398
7266 1999.8819336456506 15406.334439214676
7269 1814.4616882180812 15382.656678374588
7270 3525.14741953726 16019.924762825294
7271 2193.909663352821 15422.717277890502
7272 2859.6979602433425 16367.57190566614
7273 2006.0972336607786 15384.753112411736
7274 1865.1198750069007 15380.195332577541
7275 3019.4961761521827 15425.022710656436
7276 2834.515430454479 16830.293304195868
7277 2907.8132324007192 17460.69586439394
7278 2901.417588014059 15417.855664726878
7279 2936.1478662112354 16356.927578214827
7280 2028.6223903450605 15384.737507869522
7282 3099.347946484254 15594.906477343597
7283 2379.5124518839784 16367.966246813405
7284 2370.3551466909908 17098.78396081249
7286 1533.1865392698185 16286.19824348766
7287 3836.1010443671867 15203.227033793024
7288 2852.152511260147 16367.786971691417
7289 2830.9807164456734 15458.475967214024
7290 2215.459952767141 15403.962011977397
7291 2827.3903906543956 15249.377095970425
7292 3057.8730893861457 16479.986981428505
7293 2837.061603787601 16368.217104012921
7294 3046.0515008968227 16466.448871978628
7296 2374.3836596556825 16359.995224086942
7298 3838.8803528185244 15568.671293390838
7300 3068.856238320419 16704.263357256765
7301 3550.9127146689702 16006.156138520533
7302 2569.880625462418 16945.856732143166
7303 2849.2366143213794 15387.759377196679
7304 3273.322730078482 16593.273520641404
7306 4458.273835230823 16355.386434704324
7307 4334.16181194033 15987.059384576502
7308 3459.2217068605323 16071.107334867807
7309 2192.804804477734 16355.00542972272
7310 2281.9349566010196 16356.634337965555
7311 2908.90936114462 15418.301689942298
7312 1702.3696781035094 16930.83914558053
7313 2844.607047466715 16368.002038138826
7314 3539.942170929508 16020.741094924928
7315 1848.0043551224926 15580.564486272355
7316 3682.2169308836615 15281.040444891738
7317 4023.572561555317 15533.435071026832
7318 2849.638174054347 15372.661873113111
7319 3046.841682281533 16493.57644940435
7320 3996.7688063191476 15478.403764707913
7321 3172.7769831671885 16645.89109603206
7322 3246.4327704610296 16604.660002704913
7323 2678.325420849198 14795.498680235554
7324 4195.519451077732 15448.398637223167
7325 3273.894262722014 15829.613776963484
7326 1413.6414193519402 16191.28902648473
7327 1042.1018380455941 16395.23865691688
7328 2852.436614508006 15387.839370180027
7329 3679.4016343465773 15303.999018800874
7330 1663.8331692445604 16951.088302263306
7331 3824.166243891269 15215.91656807717
7332 4367.572500314692 15987.03583875842
7333 2777.3199595686924 16845.543574553976
7334 1323.826162654435 16598.301100759978
7335 2193.757273262369 15430.19025347999
7336 1805.4149982385472 16877.774226374542
7337 2584.953409949843 16983.435766942726
7338 3573.903469214185 14795.769571097835
7339 2849.4360488706006 15380.261205258417
7340 1998.5888668880216 15384.758313912791
7341 2364.511710627755 16367.77875440853
7342 2818.59608922746 16649.59749633192
7343 3802.99951852905 16640.17789514686
7344 3203.663283330275 16628.60153914396
7345 2852.8354844258342 15372.842995496943
7347 2372.0121136306316 16367.872501015616
7348 2939.6785343986453 16372.52792660062
7349 2588.920059682174 16989.80550556661
7350 2762.9617398663145 16849.800547867933
7351 3832.8460702744705 16279.326275913045
7352 4362.125482028705 17076.20205686299
7353 2827.9875211339736 15048.449724169941
7354 2948.228023572787 15398.985656590467
7355 3137.452402999858 16635.138213013262
7356 3510.2325071511523 15395.989158964107
7357 3527.3963944393545 16436.507121307543
7358 3850.820256774579 15208.684467254156
7359 1869.333519671305 15367.797057810167
7360 1199.021927720663 16440.6318910572
7361 2895.000376566427 15399.461568173478
7363 3943.5468086061583 16835.443325195632
7364 3097.480743460796 14342.836597246062
7365 1430.645415389903 16194.197634963404
7366 4041.6605127828375 15565.799190919242
7367 2323.0867394523784 16542.382515995276
7368 2847.1237777786123 15472.07321944916
7370 4210.330148232806 15582.652880880833
7371 3774.8030045206056 15832.026786140283
7372 3386.456515364359 17021.886714576638
7373 2904.043377641668 15093.061635533251
7374 1522.6848985444149 16482.63761611217
7375 1819.9454967192619 17345.876137812367
7376 2887.5005319265906 15399.41764183311
7377 3314.540797594836 15427.848858704721
7378 3491.3409056194955 16047.03758697403
7379 3535.7005075142165 16424.7400029047
7380 2160.6075818722215 15382.656516148842
7381 3497.681757006443 17167.693427423088
7382 2512.1170858025207 15211.320749473702
7383 2829.420529996665 15996.07671760035
7384 1407.0916427758798 16161.59895883305
7385 4460.892651509178 16369.833453593323
7386 3207.8624089116365 16187.640192757264
7387 2843.1959844823705 15636.647530840804
7388 2780.5140408616016 16861.111799308608
7389 2852.6360491916053 15380.341193189544
7390 3035.105515350156 15390.399076213342
7391 1596.0739002474966 16440.09350480063
7392 2413.9082708774044 16748.709974034933
7393 4070.4813079019027 15661.653957390223
7394 3133.4194088128434 14326.458812300905
7395 3007.9236435107787 16304.070146451939
7396 4220.367843822401 16616.42891538349
7399 3587.019746438246 15910.004451966855
7400 3092.3752104080113 15401.061676279007
7401 2190.454488099184 17184.235164008183
7402 1195.2727262058668 15831.081493221041
7403 4243.414299524719 15564.066324273583
7404 3594.4529568396765 17319.18039280385
7405 3933.3929288611653 15735.750466356445
7406 3410.7548041577406 15433.504355233254
7407 2258.178743058573 16921.854104012767
7408 3439.854503234563 15431.440718131995
7409 3194.4121660952487 15255.772147355041
7410 3454.6191744445696 17092.154918836928
7411 2566.0470821426957 16658.85399704918
7412 3922.158547892426 15333.635949858373
7413 3983.7157962430438 15495.983866762388
7414 3714.658208427914 15715.184007286834
7415 3025.53584146416 16457.691972409484
7416 3952.7557796447422 16156.57934587899
7417 3188.5399162858125 15408.118860501156
7418 3594.467017327561 17418.942405154216
7419 2855.6366983632433 15387.926217461569
7420 1587.9185188975007 16972.285943867075
7421 3092.074333928533 16177.090108817514
7422 2481.512870897595 15632.846597991538
7423 1629.5246582101759 16288.520450237847
7424 2954.2300705779467 14459.388882824973
7426 1444.1340438900795 16626.519130740016
7427 4567.8732836553145 16841.90344738908
7428 3638.3597124905987 16003.451992530781
7429 2334.798470600663 17044.79773823719
7430 731.7034279114794 15827.331032055581
7431 1747.7998688343966 16719.65462107285
7432 3032.754330174987 14390.60191753964
7433 1776.6103201844126 16804.88229979681
7434 3387.7420402269336 15209.71922934673
7435 2348.989348456013 16110.761890314714
7436 2390.3087738734507 15178.960992102573
7437 3027.0771415222684 14391.070777106988
7438 2394.0744755284336 17518.358965549345
7439 3291.849888093788 15129.932609135496
7440 3419.163880808742 14555.957487269237
7441 4365.877834980617 16185.56681909386
7442 4376.415704160741 15428.434834961334
7443 3155.4799345335514 17255.86101472995
7444 1826.1199471906855 16326.20308365972
