1113 4271.474742656726 16698.74056835156
1138 2802.394087597819 15400.141141221213
1209 2675.5927951180875 15397.005578427628
1224 3183.92 15263.46989470108
1226 2695.035271521389 14820.029396663771
1233 2817.3894430472155 15400.505676576304
1269 2421.933114072315 15641.934696061742
1282 2809.891776900584 15400.323409180219
1286 2787.398737795262 15399.776606003394
1292 2779.9010245716263 15399.594337462871
1309 1448.3713701572387 15636.639288389413
1315 1015.0223288488263 16254.172267921222
1324 1222.5800809276209 15409.455912637928
1332 3161.4977876035487 15406.980485112132
1339 3509.5400607389142 16149.812450717292
1352 2817.549177369522 15394.105676615496
1357 2638.1013203128746 15396.010892743172
1358 1065.6991835074869 15394.152451306192
1359 3682.194456813896 15498.97520363981
1364 2749.9101217358225 15398.865262086721
1367 2810.049450029243 15393.923407803612
1368 1003.5449116521856 17362.477212256206
1369 2028.106972324807 16360.733649846203
1370 2683.091075028332 15397.204515165207
1371 3168.9693431636174 15407.650967260914
1372 1432.7934485809983 15929.572185285386
1378 2690.5893544760343 15397.403451890515
1380 3154.0257760378113 15406.309962042333
1392 4455.995006985095 15430.291662547254
1393 1157.4740591721672 16136.939882077453
1398 2142.1756317101745 15408.670925318753
1400 2798.283042215945 16360.62470319138
1402 2794.896400404661 15399.958873313488
1403 2734.914671940004 15398.500724438078
1409 3134.7325884880856 16603.973085570124
1410 2926.120338689806 15399.64408499821
1413 3015.0918834690383 15399.399784076082
1417 2349.6316969609493 15884.84795885983
1420 1242.6340783817143 16655.575377086774
1422 2871.4224882594326 15416.693425806325
1426 2615.60632242697 15395.414078334425
1427 2742.4123598311166 15398.682992362768
1428 2978.2188846818267 15399.124448063634
1429 3067.0539899950218 15400.403353591917
1431 2336.6170445431007 16410.27788524221
1434 2356.513255492901 15871.51385044454
1439 3040.1469356192906 15399.70955758021
1441 2863.921095029604 15416.461016128142
1443 2395.695353341792 17521.109683940645
1444 1169.0520609036955 17963.841389960184
1446 2302.288185063285 16357.006305709587
1450 1095.3294329649054 16991.432585670627
1452 4115.077711847633 15691.059255911236
1454 3236.3430451719887 15352.528602871627
1460 2772.4032700345765 15399.412067918027
1461 2388.8566681545726 17553.758221379074
1464 1411.1360345175726 16232.491304522102
1465 1026.4918184825397 16777.7823474748
1466 3613.219925992283 15320.01224053061
1467 2764.905536123796 15399.229798874603
1472 2241.3965434697734 16365.242561801746
1474 2668.094461251366 15396.806640258532
1479 4170.500414169823 15309.84636857179
1480 2630.6030368535157 15395.811955911433
1481 1846.540452895462 17251.32981329467
1484 2299.3591817646816 16616.783035685286
1489 4151.680139886179 15764.101501512267
1490 2727.4169237154924 15398.31845504669
1491 2719.919249736655 15398.136187460204
1492 2757.4078329441236 15399.04753057825
1493 1850.795665576538 16008.92942751644
1494 3109.5732515622017 15590.658994604328
1495 2833.3271264352807 15407.914762964863
1498 2215.6913405866117 15385.284600739076
1500 3147.846067317703 16631.16314671827
1504 4116.065520583102 16952.01644422559
1510 1827.4042383878405 16652.871742698007
1511 2357.013684989332 16367.685037515828
1513 4064.9768909479335 15652.747600544764
1516 2878.923838007017 15416.925834137332
1519 2335.5889430210023 16358.517377176617
1523 2187.518749310257 15422.594291855994
1524 3454.7493691701147 15398.930903403818
1525 2898.031912927305 15420.861596478602
1526 2712.4215208184733 15397.95391853815
1528 2222.402116071588 16355.546338760487
1529 2392.0021527849003 15464.74059570962
1533 2841.832496340762 15400.896878551746
1534 2220.7065951833197 16654.115648449384
1535 3096.6632892876746 15596.048870536531
1537 2886.425215629944 15417.158243331976
1538 2825.4074745370476 17336.48920799228
1539 2653.0978939350694 15396.408766584504
1540 2363.8826988765363 16356.61878072019
1542 2886.295339879702 15420.35602550778
1544 2863.8197932921057 15419.651346654373
1546 2339.8126196420385 15403.563079122188
1547 2623.1046325820353 15395.613015874427
1550 1413.839262579374 16187.216883669798
1551 2288.9013079761908 16356.76165231325
1552 3681.592236211603 14975.347740243142
1553 2300.406407701785 15393.965375275031
1554 2604.6369387552068 16959.723434651372
1555 2145.640703330282 15411.895839150944
1557 4062.0097726233566 15517.184040965018
1558 2259.9562076902125 16356.232662837496
1559 2364.5391893976084 16367.779097862267
1560 2871.311658407242 15419.886240115078
1561 1153.865685337667 15667.408528006501
1563 1850.0395495572393 17176.211355419797
1564 2987.5676929060014 16307.265749150703
1565 3317.529826661048 15825.868350272964
1566 2813.802332489546 16355.909911715744
1567 2878.8034981736773 15420.121132781023
1568 2493.4517517127915 16361.306793606702
1569 2576.0530664629605 16973.082548487273
1570 2636.9097263175713 15786.425311106983
1571 1490.7058644769545 16513.499545668972
1572 3263.941771189952 17293.931387009958
1573 2229.901871859652 16355.683401401258
1574 3070.293651664743 16261.805807512395
1575 2866.0338357452797 15599.490435105614
1576 3737.245378669172 16528.46321016457
1577 1457.00875004883 15613.86833385062
1578 2645.599595268358 15396.209829349296
1579 3594.856618024624 16301.804212350657
1580 2349.5110886925477 16367.591263495033
1581 2267.9385934353527 16356.378545836997
1582 2252.401097201755 16356.094588555594
1583 3743.2792199017326 15793.015603337144
1584 4377.932962568828 16160.17039621926
1587 2880.0006273850304 15399.373715141897
1588 2660.596177668279 15396.60770342351
1589 2593.8797017317343 16965.72547417366
1590 2168.3677120569496 17202.45116905586
1591 2454.3622831216853 15395.660734964975
1592 2316.533694134301 16357.266651132502
1594 2276.702822623541 16356.538717505357
1595 2196.308599143087 15360.377785170507
1596 4571.711824120601 15365.034639175674
1597 2832.4130442472842 15428.340676659465
1599 2887.5004827198986 15399.417641544907
1601 3173.5258705610545 15586.646465662738
1603 3026.618622382331 15358.33426174296
1605 2124.6630624081768 16695.78020792461
1606 4358.240454983769 15723.522041032766
1607 3163.623057079295 15575.035498104813
1608 4030.467325733958 16955.17567151069
1610 2872.5007130214 15399.32978839316
1612 3342.596942204261 16549.336426076614
1613 2323.268590532585 16582.82195192852
1616 3605.4970399942626 15950.03620073361
1617 4280.385460642037 16713.63041796589
1618 2457.8404139536797 16770.691049569414
1619 3728.8721355863468 15257.745817105651
1620 3847.91664009821 16705.18455574257
1622 2809.220446739876 15397.105184469372
1623 2613.6107645983443 16954.716455883576
1624 2865.0008677627816 15399.285862049166
1625 3234.911247846416 16611.109529505826
1626 3000.556788874079 16412.003556865515
1629 1857.1061900718084 16151.805231084441
1632 2370.4977710561857 15397.93778607727
1635 3305.666321918624 17277.316205464773
1636 1764.1524733162719 15381.739873557897
1637 3985.09078554709 15701.541126109616
1638 4023.8781432194796 17207.299018062873
1639 3422.76610318884 15649.342742416127
1642 2116.3334262723656 16704.163669818525
1643 2237.401598026618 16355.820463500686
1644 2817.4692487374073 15397.30567618459
1645 2194.176665695936 15385.61176467915
1646 2600.137723189616 17013.870372765672
1647 2551.1957528736275 16950.71072026143
1648 2851.4856678388537 15408.603814327158
1649 3462.9557069332564 16071.139138671913
1650 4316.225676804116 15797.45145433809
1651 2852.4366158531157 15387.839319607732
1652 1851.898100947573 15615.317225425837
1653 3820.599220249822 16668.494595024742
1654 2849.2366150487364 15387.759349850123
1655 1622.449982184803 17043.549701300548
1656 1892.529771507212 15384.757379680317
1657 4137.991720212574 15769.43643584632
1658 2193.254352400259 15457.870959865422
1659 2474.6281634542124 15388.952401244498
1660 1420.1077906398705 15586.917420963799
1661 1872.556420130264 15391.708774071227
1662 2895.0003292351603 15399.46156789626
1664 2244.9013631135185 16355.9575263114
1665 3332.4251462629663 16929.405556193167
1666 2312.1871898071945 15797.948727587047
1667 2816.221712161954 16802.7340497265
1668 2874.261498282811 16352.556696873738
1669 3349.70050433798 16975.762054920193
1670 1856.2375162775759 15400.752012096165
1671 2572.5269841204176 16957.9597689693
1672 2130.874116675132 16353.873608386808
1673 2022.2871921462024 16242.32248888452
1674 4115.277781191154 16963.383919146374
1675 3653.512177873835 16400.891979638152
1676 2817.5716730286463 16360.444622069292
1677 3638.7789627863244 16395.309513253345
1678 2908.007764975949 14501.579192313826
1679 3104.081627362081 15595.101518005402
1680 3790.2444368009246 16304.861980046482
1681 1606.6369312424008 16445.491700258754
1682 1052.0103920624404 15678.025060549608
1683 2523.356462682139 16982.766504823376
1684 3627.1941077665597 15332.353056962189
1685 1387.203805505584 16562.201468943524
1686 1648.677365011004 15392.48840533433
1687 2242.6600628194437 15385.702901279965
1688 2798.6023893311462 16357.388520047736
1689 1503.472553609627 15561.29043619308
1690 877.0129012674302 16183.448581812378
1691 3840.0273181723765 16699.20937163027
1692 4078.1663692570805 16934.89869595347
1693 1899.2700232183936 16345.628338693317
1694 2152.0018880944226 16683.97812896754
1695 2837.232379739759 16832.43742834271
1696 2456.5838248074133 16934.45504066507
1698 2496.4821441609647 16842.983125105635
1700 2478.0086738762393 16357.992509717884
1701 2369.742162628317 17074.470428673172
1702 2434.9124189520976 17034.083262868706
1703 3827.9190896179193 15790.59818114275
1704 1425.7773764434191 16269.745555674415
1705 4335.9521501367735 17088.97102721108
1706 2467.124296120917 15388.866258902282
1708 2366.9876349643723 15148.99160416324
1709 3209.2389130393217 15549.64329795486
1711 1168.651700664022 15334.4037513114
1712 1476.459543967077 16509.887219488366
1713 3778.1201180684634 16600.148664699576
1714 3160.0856602470585 16641.25204537585
1715 3390.143286034905 14510.233203305179
1716 2549.2416204464016 16966.806745141675
1717 3617.5148282764326 15922.678708406911
1718 2132.5352755857666 15392.113168009584
1719 1993.244142558942 16782.901918537747
1720 2408.0918002087683 17066.27985326963
1721 2214.76056640502 16355.406684749543
1722 3137.467512117853 16225.110353208138
1723 3737.6608262163513 16546.077486286533
1724 3190.443159035141 16636.00191050154
1725 1558.0291784180333 15485.121428212215
1726 3377.97804690366 16107.513740909717
1727 2855.636614923341 15387.929354564629
1728 3913.4499565657984 16238.468695069449
1729 3062.8376745016035 17557.387683291407
1730 2804.6474350273143 15928.280074981569
1731 3493.4874979506785 15404.987608253257
1732 2482.128977664347 15389.038508537695
1733 3019.139964212354 16421.310732733207
1734 2656.297191234621 14763.160374843625
1735 2643.2520690203573 15417.56340924402
1736 3128.2401899282077 15589.65729435998
1737 3260.621487552509 15855.132576418515
1738 3948.3107019472322 15724.005983301016
1739 3678.9629699259917 17547.93827846493
1740 2855.6548440554493 15257.158565900292
1741 3033.5061188849886 16809.300691982808
1742 3259.0681679526683 15398.415801783143
1743 1449.9101590819064 15591.355115628548
1744 3711.524279519376 17504.09997043118
1745 3814.6430332710975 15209.802818640846
1746 2663.987185935925 17110.3500471189
1747 1157.6521737617788 14967.164165785665
1748 1299.9556240006398 17596.317916858716
1749 2341.982743109825 16156.44677379147
1750 3247.6503112056557 15408.568186158209
1751 3263.214513250634 15734.434135062964
1752 3251.1579990899513 15403.730938361487
1753 4291.159984565957 16731.63416778349
1754 3087.2621068198823 17113.001690508965
1755 2440.7791549949984 15176.837394602308
1756 1929.1423168251222 17319.44638276748
1757 3143.2314206383967 17242.2780113073
1758 3091.742966934196 15534.0221562399
1760 1983.580077443206 17293.644899036444
1761 2039.1607919941293 15572.776800311036
1762 3607.324002767337 18120.733753420638
1763 2928.8345057467295 15173.00095519029
1764 3304.83895055712 15798.125483579968
1765 3356.9114264829045 15465.54585625032
1766 2406.5559167097053 15647.784098045697
1767 4398.513769762644 15463.51252549574
1768 3572.4052683111036 15994.665816240338
1769 4117.449004474485 16912.645301155222
1770 1925.2495505786624 15378.851637857606
1771 2841.357269926246 16641.000206586425
1772 3048.8378829024314 14374.236719485338
1773 2963.4641254990966 15821.529965290883
1774 4607.000862704201 15837.263789287104
1776 2488.507153652393 15174.041600895605
1777 4191.726805859412 17065.03861124322
