5597 3660.735664013665 16406.378685552583
5630 3629.900401103747 16355.772486852205
5773 4538.469866420495 15731.812936256636
5787 3617.73812298633 16334.827981210683
5809 3587.695541497527 16283.092030807027
5819 3545.0357445040668 16209.758822771093
5831 3604.392411599154 16311.845500071844
5861 2705.387952696752 15412.289877600022
5897 2817.3894448841934 15400.505676620962
5947 3686.8169337853265 15682.591333915603
6087 2802.394051620192 15400.141140346599
6131 2734.914836936569 15398.500728449126
6161 2809.8917238010913 15400.323407889377
6175 2742.412537847308 15398.682996690322
6204 2749.9102917982527 15398.865266220919
6205 2794.896376527843 15399.958872733047
6216 2764.905647205988 15399.229801574998
6265 2719.9195121799794 15398.136193840171
6281 2757.407973009767 15399.04753398323
6290 2779.9010137868486 15399.594337200695
6295 2683.0910554690386 15397.20451464628
6327 2675.592743400271 15397.005577055505
6383 2787.398713301235 15399.776605407947
6408 2690.589340921091 15397.403451530889
6431 2623.1046645732745 15395.613016723188
6486 2772.4033118390694 15399.412068934289
6500 2630.60296153627 15395.811953913191
6507 2638.1012415319674 15396.010890653039
6518 2645.599572559813 15396.209828746816
6565 2712.4218469967723 15397.953926467508
6596 2608.1080511335354 15395.215141825458
6619 2615.6063470412673 15395.414078987465
6629 2600.6097556800646 15395.016204675501
6630 2727.4171745040053 15398.31846114333
6646 2795.0500439696266 15393.558871361498
6680 2585.6130957944324 15394.618328545517
6684 2787.5502874507406 15393.376601840475
6690 2593.1113896596007 15394.817265653335
6692 2780.0505932782025 15393.19433383468
6712 2668.094462697141 15396.806640296889
6716 2563.1182485913737 15394.021518134534
6733 2660.59618626526 15396.607703651594
6739 2463.417892939445 15388.823710408677
6747 2502.447961640921 15387.985160589384
6751 2051.147621813513 15384.721903275502
6755 2478.549381050173 15388.997415748758
6761 2527.244310921691 15393.069747300484
6763 2653.0978719291024 15396.408766000663
6780 2433.685104316315 15388.482386136964
6807 2817.5490992563814 15394.105674717082
6816 2384.619647450174 15387.904776864676
6873 2802.5497576785883 15393.741139842094
6879 2810.049430907254 15393.923407338883
6880 1576.5268024476834 16463.11635809181
6908 2578.1148202569902 15394.419391923953
6910 2407.1216957597658 15388.177445480549
6913 2446.5916707715164 15388.630549985686
6920 1907.4933871096232 16356.321383491688
6935 1463.5328324708498 16529.47986166892
6952 2377.1192471900813 15387.788441301627
6955 1456.9572779985251 16533.34691037806
6964 1543.2747318253503 16383.009276661645
6994 2152.98580892295 15385.6986911095
7009 4114.671690836403 15909.459672563478
7011 2399.620947598557 15388.091338945575
7013 1546.4756363553477 16480.706502706358
7037 2342.881012242516 16088.66956063891
7049 1862.491075142042 16355.252400933623
7050 2160.492036310948 15385.853983365962
7052 2167.9982770627876 15386.009275898901
7062 2145.4795470031677 15385.543398138627
7069 1869.9900238726652 16355.430530568443
7071 2570.6165394676523 15394.220455163051
7085 1517.110453854562 16497.971146703105
7096 2568.5576858842724 15387.7613214863
7102 1759.506533406087 15392.049708253726
7115 2137.973325121865 15385.38810599609
7116 1899.9889749775696 16356.143124079517
7118 2555.619929437252 15393.822580355776
7119 2081.1811739918303 15384.701097212337
7143 1998.5681803738946 15384.758328243593
7145 2096.1979401485546 15384.690694187635
7151 1884.987995104152 16355.786791590419
7158 2088.689535731761 15384.695895714769
7167 2276.910383435958 16625.8607558278
7168 1772.7387557113918 15392.453171362777
7171 1877.4890429920154 16355.608661875274
7172 2869.2857193841764 16355.910293601439
7177 2540.6112657655626 15393.424385753548
7180 1915.0660483839347 16356.501264090404
7184 2415.2566966018117 15418.21084469642
7191 3986.812796597191 16873.585146050053
7195 2122.960837218082 15385.077520797802
7196 2334.5851720913074 16360.755271431206
7197 2073.6727811957967 15384.70629873142
7198 2130.4670894402716 15385.232813568045
7200 2548.1216336610055 15393.623643197257
7209 1922.8525825714153 16356.686225015083
7224 2353.855232937839 15101.59191891245
7230 2330.3050355395962 16177.326906415596
7236 2029.7478305351176 16139.13735610325
7237 2066.1644028440855 15384.711500240497
7240 2337.747008860386 16344.394893798773
7242 2832.4824752169498 15426.87989202483
7243 1038.5375501911499 15046.474051340643
7246 1892.4870175433493 16355.964922976109
7256 2043.6392567418789 15384.727104775378
7258 2337.9409200551486 16326.66997421824
7261 3745.338415530978 16541.39311888209
7263 2006.0909867211635 15384.75311673937
7265 2833.509994643772 16353.191964315483
7269 2013.6033182915567 15384.747912491659
7271 2256.516873492208 15385.917828459287
7272 2822.5363570007535 15433.91239891101
7273 2036.1307196846628 15384.7323063944
7274 2021.1137979815737 15384.742709526858
7275 1802.3488700991263 15393.35601205987
7276 1483.838796289943 16959.827526434787
7278 2337.13584744264 16353.86265142378
7280 2058.655998069123 15384.716701767878
7283 2189.6196679347368 15547.910290817488
7290 2423.279936363882 15388.3629376581
7293 2822.8924744474953 15426.419908213671
7294 2364.51194896 16367.778757387416
7296 2831.7702376603843 15441.864929449104
7298 3229.137449860269 15403.627179314899
7303 2849.2366143213794 15387.759377196679
7313 2831.4141186109528 15449.357453866047
7318 2849.635485838548 15372.762942382937
7323 2855.8360500212166 15380.431161998536
7328 2852.436614508006 15387.839370180027
7330 2829.6335238333686 15486.820066071221
7334 2332.3409471629857 16020.114588134027
7335 2230.4195604496886 15385.513043980913
7336 3533.1852904195375 17459.33716105
7338 851.9418785559111 15768.843134412638
7339 2849.4360488706006 15380.261205258417
7340 2028.6223492195898 15384.737507898013
7341 2830.701881816647 15464.342475252855
7343 2395.1918470103565 16368.16222162885
7345 2852.8354844258342 15372.842995496943
7347 4110.343362051666 16954.3508317728
7348 2357.011444633954 16367.685009513903
7349 4422.2332036039825 15450.202469669446
7351 2387.0925048360405 16368.060988955329
7352 3654.1073650391445 16401.841598139166
7353 2849.8349211838204 15365.264740515426
7354 2832.8827381906763 15946.378539051824
7356 2348.8531851052203 16121.0347768663
7358 3640.6766776646928 17390.655880549053
7359 1243.1870484852334 17572.53461135963
7360 1975.087465703989 15384.066549392848
7361 2508.0361382566994 15475.372066421533
7363 2878.9244169292397 15416.925852073617
7364 2853.6332246383135 15342.850231963304
7371 2413.4713766964637 16368.390695203741
7372 2372.019623588052 16367.872594881643
7373 2853.0349200353785 15365.344783693565
7374 3302.107679194547 15799.796987044821
7376 3156.7150353011625 15573.74079414461
7379 3598.316392110462 14835.104314867718
7380 2392.120200195204 15388.005232419302
7381 2829.98964278885 15479.327543630943
7382 2817.469252457677 15397.305676275013
7383 2349.5110918639157 16367.591263534672
7389 2852.6360491916053 15380.341193189544
7390 2852.2082470914147 15491.072510153857
7391 3615.824001974645 15916.627333883516
7394 2850.2337902977974 15350.268396054844
7400 2504.4152876613493 15417.181276503645
7401 2831.058000343745 15456.849961825492
7402 1826.8117051257504 16287.004168208618
7403 2068.4255896083437 16740.391208632973
7404 2379.534569430465 16367.966523257875
7405 3168.533639551682 15407.611868107917
7406 2336.7482694434234 15181.15838340059
7407 1271.849538231579 15808.904859298194
7408 2340.703493964122 16210.27734662063
7410 4410.469593228775 15338.220299752255
7412 2556.3433961080673 16993.649910441305
7417 2841.936891170379 15670.52253251683
7419 2855.636614823329 15387.929358324795
7421 3394.638176972304 14523.589918840502
7424 2856.0354850084545 15372.932973592091
7426 2955.711592841092 16183.814232807406
7429 1863.2235516579915 15389.528211240588
7430 1956.9255617282345 15382.140286849964
7431 4089.9977971790845 15641.92669958677
7432 2853.4337888152613 15350.34845179398
7434 2853.2343544374103 15357.846617289206
7435 3780.4101742209054 15126.878285274754
7436 2809.970184338803 15397.123407258236
7438 3565.092727538108 17144.921862759424
7439 2850.0343558491195 15357.766564212958
7443 2424.2104011463457 16368.524920938706
7445 1983.128937376 15384.769023943627
7448 3016.5112429260776 16443.356881175005
7449 2471.0406801910403 16369.18482015527
7451 1823.9021911056846 17394.752492790914
7452 1966.8789233729242 15383.19594641834
7453 2454.379406060613 16368.901999590182
7454 2818.8717241942636 15730.554487952782
7455 3241.992462335617 15361.843894709795
7457 3026.869612355683 16078.836414187257
7460 3201.0468129630563 15425.495823785179
7462 2453.969567422398 16357.815033019613
7463 2404.617950650017 16368.280037329409
7464 1255.4361660279706 15571.319066324842
7467 1991.0139170123648 15384.76356154
7471 3375.27794190399 16943.197558003678
7472 2812.1251540346375 17051.146977354063
7473 2865.958680115328 15399.291471924227
7474 2779.924915149434 16357.795379721396
7475 2845.446760034274 15416.076516255684
7476 2600.274386746727 16962.157536411498
7477 1852.4678927944121 16342.99225998086
7478 2205.295454772206 15388.103152503743
7480 3948.837876845012 16836.79616511819
7484 3973.968676137789 15708.334384174643
7485 3639.31911114182 16367.417494515053
7487 3623.176365357683 16344.19310976038
7488 3150.6065520627103 16645.377573107075
7491 2449.407870095047 16728.90445332475
7492 2858.5371332702484 15403.779268245793
7493 2863.819776802471 15419.651346137372
7494 2735.3052921132694 15415.49696040377
7495 2832.126357046319 15434.372397952347
7497 3166.1232076560327 16648.071277682713
7498 1835.0666902086382 15394.353609675612
7499 1862.6883831110117 15380.496939237797
7500 4003.4020436896876 16237.552693406993
7503 2754.851977101702 17228.39982367869
7504 2793.9320986286953 15396.733592675004
7505 3183.085187931859 15406.47732055439
7506 2436.1828643815206 16368.6745632721
7507 3461.318279792627 16054.036993773134
7508 1848.6897234654862 15494.763708438444
7509 2829.2771559215985 15494.317826397768
7510 855.3309664246855 15783.960556642503
7511 2801.431851138 15396.91587832627
7513 2856.2349194391477 15365.434806110155
7514 1614.2110551501123 17031.1378162204
7515 2875.0866789312067 15399.3449343094
7516 1054.592895450442 16499.300069804747
7517 2307.0320982238395 16593.548003104468
7518 1816.1048267412414 16348.513860477762
7519 3147.846720913688 16631.164199270337
7521 2817.2096299812442 15766.099315122756
7522 2886.4371121581667 15417.158611912613
7523 2075.9264305144493 15397.273519353224
7524 1535.3235995764144 16886.304363423158
7527 3992.759133560133 16198.354741503492
7528 2769.4462359813415 16370.89647171552
7529 3716.7465937210336 17496.91350465767
7530 2285.803636561017 16356.705040466624
7531 2808.594605640664 15814.878773981192
7533 1625.843724155097 15412.605029190694
7534 2162.764392669765 17199.849235221427
7536 3915.9510720042317 15374.764056631808
7537 2362.697325512118 15400.614364124374
7539 3649.5291091676445 16388.357338883317
7540 3240.1784938681094 15426.404342850788
7541 4100.220593962456 16121.89126240692
7542 2927.3899113546404 17490.457918102264
7543 2886.304472442318 15399.41063655253
7544 2850.8320958863233 15327.773807269183
7545 2788.5189154022833 16357.707620170851
7546 1944.658433440103 15380.839227789102
7547 2850.632659940407 15335.27203171921
7549 3485.8535117160886 16471.676685777376
7550 2600.2074653646864 16939.46097471973
7551 2299.157965996148 16366.463630263745
7552 4211.763443002393 15873.032338798712
7553 2871.4224944136104 15416.693425996995
7554 3477.8999593674484 16045.17495786605
7555 2796.018935561566 16357.631032042056
7556 2863.921146631703 15416.46101772689
7557 2782.9378139729333 16360.96510502376
7558 1482.0053772688213 15775.041578712286
7559 846.261679001091 15770.983206677505
7560 3122.6566164188885 16226.234215415361
7561 2826.1391213733045 16670.532264275513
7562 2830.345762028193 15471.83501521838
7563 1926.0458820529393 15378.902684746983
7565 3111.708869474703 16592.57174983489
7566 2478.550663462915 16369.371092405427
7567 3272.0333704826194 16163.681108108689
7568 3990.952835099461 15502.464415858316
7569 3842.381273237906 15211.58774461226
7570 992.8387253589603 15614.894896650887
7571 4072.7522896579753 15726.587689782358
7572 1832.2234548769611 16338.0758101147
7573 3658.1068789865785 16408.222805028203
7574 2685.494592232373 16358.759676027308
7575 3680.448268027046 15886.364255857088
7576 3008.293533117591 15418.094055740754
7577 2369.617479836519 15387.672084534164
7578 2966.9067438820634 16301.82264904647
7579 2554.182797010316 16927.257986390287
7580 3532.7135551514825 15383.738573102812
7581 3650.123677529502 16395.485642261923
7582 4064.7256147415005 15656.652729500662
7583 1475.386108789317 15573.49598225806
7584 2853.832660839815 15335.351997904012
7585 3729.770660424506 15046.852462694287
7586 2593.7241405111645 16965.812270122467
7587 2850.433225305855 15342.770206865644
7588 3955.0608634678165 15730.157397429855
7589 3089.710276344325 15419.1764135963
7591 2612.8165248402715 16647.287086857155
7592 2445.763086518909 16368.794305280651
7593 3566.564361261121 17246.503489905466
7594 2195.099212809901 15409.910215266033
7595 4023.886322969859 15689.308648654756
7596 2311.457061370109 16594.66664748901
7597 4070.983639168608 15661.355817663092
7598 2414.803070732706 15388.26562556186
7599 1727.8373964244465 17425.86005013983
7600 2796.068923219427 16360.831032027574
7601 1447.506532781552 15660.083060934434
7602 1641.0232514393465 16288.79762101
7603 2153.2746389272834 15382.504571135703
7604 2464.8314893822785 17028.24870497706
7605 1465.2903459608874 15682.752584781449
7606 2522.353986952399 15085.842040883128
7607 3118.6929174931906 16219.864761383025
7608 2331.4003773974855 16395.89086263305
7609 2851.0315316541773 15320.27558951381
7610 3179.7210186228963 16642.00395851768
7611 2854.032095641381 15327.853816478308
7612 4311.437297052591 17293.451304107304
7613 3823.0865838817144 15222.000242155047
7614 3832.140462245885 15202.997322771613
7615 2989.6421092435467 15047.778675727872
7616 3939.473934023035 15746.181875860257
7617 1892.7646072692696 15396.091432456933
7618 2076.9176615082024 15411.403746787715
7619 859.6499125878479 15186.269913761364
7620 1428.7974964651573 16531.493291442028
7621 3585.0810490645354 16197.599392096765
7622 2193.7359418027745 15431.23631544087
7623 3701.3316211822903 17498.627996149844
7624 2512.467005458366 15343.08408708664
7625 3143.3762321434187 14322.393220621938
7626 3913.348227431564 17231.503046542683
7627 2513.194524558837 15306.44643452864
7628 3340.7218296526908 15858.885812970662
7629 3701.6855584201885 15288.227343102326
7630 2324.7489521413722 16168.299446437102
7631 1420.8251705585392 16440.09771612738
7632 3234.2693534120835 16795.997767294466
7633 1128.805663179575 17262.37910481729
7635 1373.8528414080938 16569.806120467816
7636 3916.6151867988638 15323.745008828317
7638 3766.0737187632653 15434.106087080181
7639 2246.3642067796777 17330.298621060567
7640 3628.7407057387263 14884.12476956816
7642 2840.2249090249493 15716.582183134804
7643 3602.4099267232355 15927.14189741253
7644 2413.6633411935723 16718.810771889704
7645 1826.05415021137 16963.376000899272
7646 4600.235593010227 17194.81791817072
7647 3691.709797308795 16929.567662019745
7648 997.6275219890605 15354.183474953765
7649 3143.801218594405 16655.200213615364
7650 983.1601993924542 16142.659257531073
7651 3567.7155056740417 14791.870751267015
7652 3838.343372501692 15970.322838745537
7653 820.5820667410428 16205.136283902753
7654 1847.799924039439 17397.56226843613
7655 3278.390736951746 15143.08160445421
7656 4480.351396033274 16984.492414404038
7657 2361.888652494861 15387.552205934446
7658 4389.000309302748 15282.477877812482
7659 4052.1433293678 15525.858985959425
7660 1921.7096677349523 15399.724369344034
7661 3819.176814070279 16286.875135125443
7662 4051.896718379354 15664.488307167278
7663 4449.7415163183405 15315.884094821093
7664 3189.324054247992 16332.924565145928
7665 4364.623625607684 15247.267220307389
7666 2022.8791660166667 16285.290703590636
7667 4208.376621244451 15449.575279305545
7668 2875.5041705317935 16902.602392540204
7670 3115.873042381052 17436.855540237982
7671 3241.705083891267 15355.218287663582
7672 1062.8238499093763 17027.643774507516
7673 3776.379945659911 15123.218077592006
7674 1935.966586192448 16721.514045157426
7675 933.1351195602489 15558.807432206748
7676 3527.2651424828136 17279.307229183112
7677 2682.7710511900887 17340.20214605108
7678 4286.950297917692 16724.600290420414
7679 2963.3548176365703 15828.980413357109
