5597 3745.2942010993256 16541.322319467326
5630 3688.346450596971 16450.436486177816
5787 3634.8113650548853 16364.229595889421
5809 3625.6021622899975 16348.370544040663
5819 3627.382667438532 16169.755712030445
5831 3630.409923199763 16356.649928422894
5861 2488.230286259921 15408.39655736121
5897 2817.3894448841934 15400.505676620962
6087 2802.394051620192 15400.141140346599
6131 2734.914836936569 15398.500728449126
6161 2809.8917238010913 15400.323407889377
6175 2742.412537847308 15398.682996690322
6204 2749.9102917982527 15398.865266220919
6205 2794.896376527843 15399.958872733047
6216 2764.905647205988 15399.229801574998
6265 2719.9195121799794 15398.136193840171
6281 2757.407973009767 15399.04753398323
6290 2779.9010137868486 15399.594337200695
6295 2683.0910554690386 15397.20451464628
6327 2675.592743400271 15397.005577055505
6383 2787.398713301235 15399.776605407947
6408 2690.589340921091 15397.403451530889
6431 2623.1046645732745 15395.613016723188
6486 2772.4033118390694 15399.412068934289
6500 2630.60296153627 15395.811953913191
6507 2638.1012415319674 15396.010890653039
6518 2645.599572559813 15396.209828746816
6565 2712.4218469967723 15397.953926467508
6596 2608.1080511335354 15395.215141825458
6619 2615.6063470412673 15395.414078987465
6629 2600.6097556800646 15395.016204675501
6630 2727.4171745040053 15398.31846114333
6646 2795.0500439696266 15393.558871361498
6680 2585.6130957944324 15394.618328545517
6684 2787.5502874507406 15393.376601840475
6690 2593.1113896596007 15394.817265653335
6692 2780.0505932782025 15393.19433383468
6712 2668.094462697141 15396.806640296889
6716 2563.1182485913737 15394.021518134534
6733 2660.59618626526 15396.607703651594
6739 2474.625869404118 15388.95237490943
6747 2655.6785751088332 15390.072724325984
6751 2051.147621813513 15384.721903275502
6755 2482.129021363009 15389.038509039343
6761 2533.124884357267 15393.225764694922
6763 2653.0978719291024 15396.408766000663
6780 2459.528702985422 15388.779063572976
6807 2817.5490992563814 15394.105674717082
6816 2389.585683824716 15387.97613686539
6873 2802.5497576785883 15393.741139842094
6879 2810.049430907254 15393.923407338883
6880 1475.5671564824236 16522.402539546474
6908 2578.1148202569902 15394.419391923953
6910 2432.799228220872 15388.472216521966
6913 2467.1104633770724 15388.866100106172
6920 1907.4850569905648 16356.321185618477
6935 1423.5057235002757 16553.310434593117
6952 2379.2964264186207 15387.822210615614
6955 1400.3737288010768 16566.38927901965
6964 1452.9241358274498 16424.412226254306
6994 2152.98580892295 15385.6986911095
7011 2418.7909766970747 15388.31140563033
7013 1460.8644017209276 16531.049151639876
7037 2341.6307261606034 16293.51041508278
7049 1862.491075142042 16355.252400933623
7050 2160.492036310948 15385.853983365962
7052 2167.9982770627876 15386.009275898901
7062 2145.4795470031677 15385.543398138627
7069 1869.9900238726652 16355.430530568443
7071 2570.6165394676523 15394.220455163051
7085 1442.8122750143007 16541.80221267721
7096 2696.391304353061 15386.788819856707
7102 1577.9136223870653 15468.992505960216
7115 2137.973325121865 15385.38810599609
7116 1899.9859657427573 16356.14305259831
7118 2555.619929437252 15393.822580355776
7119 2081.1811739918303 15384.701097212337
7143 1998.588699854071 15384.758314028504
7145 2096.1979401485546 15384.690694187635
7151 1884.987995104152 16355.786791590419
7158 2088.689535731761 15384.695895714769
7167 2108.108395895145 16725.344137323642
7168 1600.9107046052231 15443.434417257109
7171 1877.4890429920154 16355.608661875274
7172 3006.104379264196 16393.193912036764
7177 2540.6232918051683 15393.4247048162
7180 1914.984053079679 16356.499316378247
7184 2237.0886344481664 15416.80582980463
7191 4101.3841673277875 16946.883298571884
7195 2122.960837218082 15385.077520797802
7196 2316.0745486390247 16366.821244474864
7197 2073.6727811957967 15384.70629873142
7198 2130.4670894402716 15385.232813568045
7200 2548.1216336610055 15393.623643197257
7209 1922.4830063847041 16356.677446121728
7224 2357.5186548822376 14870.80776055857
7230 2255.216949878764 16171.118644054255
7236 2021.0630342095787 16315.205863469186
7237 2066.1644028440855 15384.711500240497
7240 2337.6886441303127 16349.729862458797
7242 2832.4824752169498 15426.87989202483
7246 1892.4870175433493 16355.964922976109
7256 2043.6392567418789 15384.727104775378
7258 2337.7995421314336 16339.592963689704
7261 3834.2409701516417 16684.37715818544
7263 2006.0971041256241 15384.753112501472
7265 2946.201241126938 16358.056509171285
7269 2013.605521859785 15384.747910965114
7271 2354.5273333837113 15387.438027600772
7272 2822.5363570007535 15433.91239891101
7273 2036.1308272812935 15384.732306319862
7274 2021.11390939591 15384.742709449674
7275 1631.03987251124 15417.769908579514
7278 2332.6486593329555 16363.246402553168
7280 2058.655998069123 15384.716701767878
7283 2173.520489294294 15412.34310873368
7290 2451.875024261405 15388.691201437017
7293 2822.8924744474953 15426.419908213671
7294 2364.5116859125046 16367.778754099616
7296 2831.7702376603843 15441.864929449104
7298 3243.6397510484044 15364.554787158397
7303 2849.2366143213794 15387.759377196679
7313 2831.4141186109528 15449.357453866047
7318 2849.635485838548 15372.762942382937
7323 2855.8360500212166 15380.431161998536
7328 2852.436614508006 15387.839370180027
7330 2829.6335238333686 15486.820066071221
7334 2324.6486361936068 15827.643764795777
7335 2346.3928075850954 15387.311856382425
7336 3565.1938893781908 17548.14698430107
7338 883.8079991763343 15845.889259078349
7339 2849.4360488706006 15380.261205258417
7340 2028.622460339457 15384.737507821033
7341 2830.701881816647 15464.342475252855
7343 2394.5136280108068 16368.153744653673
7345 2852.8354844258342 15372.842995496943
7347 4179.606008571086 17065.508383797573
7348 2357.011322947764 16367.685007992963
7349 4582.915025230846 15358.749024577117
7351 2387.0129588144464 16368.059994719468
7352 3654.1073650391445 16401.841598139166
7353 2849.8349211838204 15365.264740515426
7354 2830.679032155545 16175.115932772447
7356 2344.6950815660734 16298.53374733323
7359 1093.8748555502139 17478.073569930693
7360 1976.0925286675597 15384.173146979892
7361 2467.83334952924 15660.386228927127
7363 2878.92391527016 15416.925836531113
7364 2853.6332246383135 15342.850231963304
7371 2409.5234871530897 16368.341351021876
7372 2372.0120429957083 16367.872500132758
7373 2853.0349200353785 15365.344783693565
7374 3192.8795403185973 15618.524373541946
7376 3208.403972548527 15637.923918199673
7379 3646.7904551907 14913.207000844623
7380 2402.657781394653 15388.126200965982
7381 2829.98964278885 15479.327543630943
7382 2817.469252457677 15397.305676275013
7383 2349.5109912842 16367.591262277538
7389 2852.6360491916053 15380.341193189544
7390 2851.046735058877 15599.537828358596
7391 3733.144627630096 15843.985146120776
7394 2850.2337902977974 15350.268396054844
7400 2314.244334673457 15417.041699320745
7401 2831.058000343745 15456.849961825492
7402 1828.350475707902 16130.219010232795
7403 1890.8182308501118 16842.536367361587
7404 2379.5124095041647 16367.966246283704
7405 3242.521837931121 15403.72890647722
7406 2457.2909861613894 15176.81365933949
7408 2337.892907905344 16331.058640355952
7410 4362.322592948901 15396.477046019436
7412 2419.0364230407304 17071.098871864735
7417 2834.6665367683418 15880.10023353863
7419 2855.636614823329 15387.929358324795
7421 3353.730852409117 14460.097484448523
7424 2856.0354850084545 15372.932973592091
7426 2920.7381264633495 16160.910935719361
7429 1852.421292281419 15328.548818947891
7430 1961.117768968607 15382.584914890609
7431 4221.057477199595 15569.104645802434
7432 2853.4337888152613 15350.34845179398
7434 2853.2343544374103 15357.846617289206
7435 3683.968268487136 14972.128885547356
7436 2809.970184338803 15397.123407258236
7439 2850.0343558491195 15357.766564212958
7443 2417.0660013523925 16368.435623971583
7445 1983.5719297895641 15384.768717055913
7448 2858.5784801480345 16370.806242662444
7449 2450.236097298804 16368.850212887737
7452 1968.6145393227991 15383.380026897872
7453 2441.4571336665795 16368.740485709886
7454 2827.156043387949 15538.944721462265
7455 3204.962103021531 15300.410854212872
7457 2974.5213731359454 15996.318424058738
7460 2994.7329500875717 15421.41371137917
7462 2636.7715792926815 16359.147255430342
7463 2402.0148191484445 16368.247501111558
7464 1354.9313959321362 15521.97203190581
7467 1991.0802984200307 15384.763515553572
7471 3466.9014661834594 16888.16661334935
7472 2898.646555934869 16999.393012309305
7473 2848.27085898229 15408.806133571601
7474 2781.018855818111 16357.784208702245
7475 2731.626651416288 15418.652605859781
7476 2600.274386746727 16962.157536411498
7477 2005.9880568458452 16350.145678599685
7478 2332.6386909701955 15387.098522047569
7480 4010.4202902351362 16895.403767239524
7484 4070.0816360945396 15649.754530286378
7485 3728.1550776053186 16319.089381787475
7487 3670.39710278882 16421.79518743399
7488 3071.297456722028 16531.930410848472
7492 2852.6851988758103 15484.243557826978
7493 2863.819776802471 15419.651346137372
7494 2520.3386488623055 15412.954804749077
7495 2832.126357046319 15434.372397952347
7497 3091.737042230708 16565.727635927324
7498 1665.3385018422646 15398.58055279617
7499 1938.1975147126407 15380.153978833157
7500 4063.637323001218 16349.430151512732
7503 2892.7242427568112 17437.95287894322
7504 2793.9320986286953 15396.733592675004
7505 3422.077258120891 15405.789135255587
7506 2424.8616181007374 16368.533060418667
7507 3570.6519424752555 15995.603177116647
7508 1849.587302426524 15408.957135223853
7509 2829.2774062495923 15494.312559651691
7510 912.2829050937158 15906.43938008274
7511 2801.431851138 15396.91587832627
7513 2856.2349194391477 15365.434806110155
7514 1567.9109766204524 16953.87291139755
7515 2865.0009510740883 15399.285862537117
7516 1043.007082505927 16400.008533802258
7517 2371.339950959213 16633.22224200927
7518 1816.1048267412414 16348.513860477762
7519 3153.0795732204124 16640.80698628086
7521 2825.689257703264 15569.804984552566
7522 2886.4253699741503 15417.1582481139
7523 1900.5673386146493 15396.209574294235
7524 1457.8420290163792 16692.743805877766
7527 4016.7751232585656 16262.391063317655
7528 2588.5165618035594 16372.087136712056
7530 2319.8977888672835 16357.328132028806
7531 2820.540013593415 15615.64425806573
7533 1797.38342444269 15385.545871383887
7534 2210.863566787139 17262.485224823293
7536 3831.427653300524 15231.868787431093
7537 2127.627046358523 15398.002261559779
7539 3727.7344429186364 16513.286861972087
7540 3034.525452406083 15422.069615800727
7541 4277.057473052786 16028.43629560001
7542 3055.3933933367825 17462.20901330234
7543 2872.5585669673633 15399.330127241794
7544 2850.8320958863233 15327.773807269183
7545 2788.5189154022833 16357.707620170851
7546 1953.543801391107 15381.781615299056
7547 2850.632659940407 15335.27203171921
7549 3308.9959890580167 16569.63831602429
7550 2743.9883972613893 16860.251377574765
7551 2150.5355762908493 16363.321773555954
7552 4320.499295178572 16068.226569690538
7553 2871.4224944136104 15416.693425996995
7554 3594.4614042493185 15982.874192294405
7555 2796.018935561566 16357.631032042056
7556 2863.921146631703 15416.46101772689
7557 2796.0689767965173 16360.831031480533
7558 1434.263802177657 15646.432906736189
7559 922.9695526529232 15723.385355541242
7560 3124.594608934981 16231.776592149186
7561 2811.536538274042 16413.18122385425
7562 2830.345762028193 15471.83501521838
7563 1945.955102386496 15380.976753283416
7565 3006.8451508402886 16421.991708778234
7566 2459.4640384530762 16368.965551779964
7567 3050.424403835376 16281.407757558194
7568 3870.8382897639394 15295.016449337305
7569 3747.8203175623303 15263.045469126575
7570 1022.3442468519461 15680.73257171703
7572 1968.4565869460082 16348.556983596973
7573 3658.0910596984236 16408.19756542362
7574 2773.490055412456 16357.861090726947
7575 3609.4329380758063 15920.281670168242
7576 2825.7838013601813 15414.76229234936
7577 2370.372691450012 15387.683798304794
7578 2958.6266598571024 16269.522747696046
7579 2572.570654903879 16944.126754924313
7580 3337.732023605109 15479.979295270035
7581 3650.123677529502 16395.485642261923
7582 4117.62947809871 15702.312549224
7583 1615.7887521346793 15423.357004245167
7584 2853.832660839815 15335.351997904012
7585 3789.0366313069503 15144.774111167415
7586 2593.7241405111645 16965.812270122467
7587 2850.433225305855 15342.770206865644
7588 3740.678341429034 15851.609725494594
7589 2922.9596928458323 15416.75786869237
7591 2458.7153662495443 16723.407586836933
7592 2433.0129630424667 16368.63494306833
7593 3668.6479172306986 17414.421219206917
7594 2304.8381395939564 15386.667319353674
7595 3846.4689615602833 15791.757126591627
7596 2373.278607442729 16642.3646074058
7597 3907.8994004913266 15757.238884404365
7598 2442.9065883281937 15388.588246248317
7599 1889.1790244282142 17337.39303003729
7600 2866.944266038954 16359.184113443946
7601 1465.793928213651 15583.753348282487
7602 1794.4329677390785 16312.05134121201
7603 2153.2746389272834 15382.504571135703
7604 2556.9314739234455 16973.338736407368
7605 1500.0897448482367 15849.70667684869
7606 2393.48931807963 15080.004406048853
7607 3119.3579329753106 16220.93340600603
7608 2386.340413373101 16360.19506308868
7609 2851.0315316541773 15320.27558951381
7610 3118.026290267332 16609.197384013467
7611 2854.032095641381 15327.853816478308
7612 4220.892675688918 17138.73345339036
7613 3689.2433175753854 15298.651592163957
7614 3797.0492866338113 15236.174673263204
7615 2866.7624313735423 15112.725558780108
7616 3939.4365021247736 15746.109684387562
7617 1912.117299619024 15378.531371085273
7618 1957.688762988587 15405.476514089203
7619 935.9441506584241 15263.256978116591
7620 1412.7888752319295 16343.869385167085
7621 3567.929274543479 16249.052791962618
7622 2271.248724042817 15386.146328015195
7623 3625.491584689414 17370.635745193224
7624 2511.721382363479 15379.982499104302
7625 3059.114258409374 14370.448848726146
7626 3779.3945671420374 17311.97105726988
7627 2511.862879219677 15372.508588594565
7628 3431.571182794061 16019.802006160433
7629 3498.348282508474 15402.465223353005
7630 2344.6328329707376 16183.675939301358
7631 1409.1466447734913 16295.468516983226
7632 3165.0979509610597 16689.733930430495
7633 1340.7071988829582 17128.06512601455
7635 1450.3751846349778 16525.277044287883
7636 4016.5164854677305 15520.710956401108
7638 3710.1668583337537 15330.58652267875
7639 2186.687281776401 17227.049584811317
7640 3684.900998039627 14974.610569184157
7642 2833.5470489401687 15919.738028233493
7643 3592.1486753676154 15992.49393057414
7644 2334.483535305895 16592.27144195282
7645 1825.1995883656296 16792.886153948002
7646 4480.487749152595 17262.533934971074
7647 3779.872179593731 16876.88108517908
7648 991.1706503480224 15409.083751298325
7649 3079.1232891400327 16695.085407729086
7650 982.3281548550465 16067.436266976836
7652 3770.7465710790675 15844.54738074329
7653 922.5341337952603 16165.956094033034
7654 1839.9370951650792 17369.733020385054
7655 3317.452135442822 15209.528261844005
7656 4435.953864318523 16922.784637902358
7657 2362.2693639262466 15387.558110989803
7658 4433.974291904502 15362.286735920978
7659 4052.15054996335 15591.08771040749
7660 1900.4120118733508 15378.302691622692
7661 3656.681054219235 16379.891290285717
7662 4051.689958846442 15672.806852006044
7663 4422.5281831303755 15331.1704654573
7664 3220.3555838038296 16396.489297522137
7665 4422.463975743345 15342.455043721846
7666 1988.6062245697933 16358.248133578274
7667 4249.181467134722 15515.863679899237
7668 2926.282468577758 16981.90441328208
7670 3275.8546833784217 17368.73523743847
7671 3266.7517853120057 15403.913592348328
7672 1004.8260353154625 17026.14960313818
7673 3820.8114781410786 15197.897089440079
7674 1852.360641534826 16761.30439117067
7675 959.8910521054205 15590.006057038501
7676 3429.9943982093323 17315.73423282502
7677 2638.1170736672757 17259.57156325369
7678 4244.364764360621 16654.912709253676
7679 2964.485938290173 15751.88297963611
7681 3281.6875908261277 15140.410907348873
7682 4312.324135979318 14954.645124012444
7683 1357.9764454125975 15403.211727304615
7684 1756.7909898108298 16815.896166540242
7685 3565.0511142701694 15874.382354035146
7686 2399.401652945939 15182.32635922428
7687 3606.409541369201 17374.659649561592
7688 2816.301287658578 15565.094399318325
7689 2189.391662299744 15373.07677646358
7691 1841.469950525665 15597.670525664811
