5597 3721.0615201611886 16502.63905592179
5630 3666.880519346444 16416.183868404063
5787 3634.3335675789936 16363.40678688664
5809 3618.6444123689116 16336.388690717824
5819 3596.2172600055223 16187.55549276539
5831 3627.8044914377033 16352.16314726954
5861 2542.7650373842685 15408.99658267597
5897 2817.3894448841934 15400.505676620962
6087 2802.394051620192 15400.141140346599
6131 2734.914836936569 15398.500728449126
6161 2809.8917238010913 15400.323407889377
6175 2742.412537847308 15398.682996690322
6204 2749.9102917982527 15398.865266220919
6205 2794.896376527843 15399.958872733047
6216 2764.905647205988 15399.229801574998
6265 2719.9195121799794 15398.136193840171
6281 2757.407973009767 15399.04753398323
6290 2779.9010137868486 15399.594337200695
6295 2683.0910554690386 15397.20451464628
6327 2675.592743400271 15397.005577055505
6383 2787.398713301235 15399.776605407947
6408 2690.589340921091 15397.403451530889
6431 2623.1046645732745 15395.613016723188
6486 2772.4033118390694 15399.412068934289
6500 2630.60296153627 15395.811953913191
6507 2638.1012415319674 15396.010890653039
6518 2645.599572559813 15396.209828746816
6565 2712.4218469967723 15397.953926467508
6596 2608.1080511335354 15395.215141825458
6619 2615.6063470412673 15395.414078987465
6629 2600.6097556800646 15395.016204675501
6630 2727.4171745040053 15398.31846114333
6646 2795.0500439696266 15393.558871361498
6680 2585.6130957944324 15394.618328545517
6684 2787.5502874507406 15393.376601840475
6690 2593.1113896596007 15394.817265653335
6692 2780.0505932782025 15393.19433383468
6712 2668.094462697141 15396.806640296889
6716 2563.1182485913737 15394.021518134534
6733 2660.59618626526 15396.607703651594
6739 2474.6157458247917 15388.952258693513
6747 2615.297801546738 15389.001382705039
6751 2051.147621813513 15384.721903275502
6755 2482.128700124601 15389.038505351615
6761 2533.124009927406 15393.225741495438
6763 2653.0978719291024 15396.408766000663
6780 2459.2227548961505 15388.775551372688
6807 2817.5490992563814 15394.105674717082
6816 2386.1240303614595 15387.928110717132
6873 2802.5497576785883 15393.741139842094
6879 2810.049430907254 15393.923407338883
6880 1486.7630183705917 16515.81831255169
6908 2578.1148202569902 15394.419391923953
6910 2420.824017383816 15388.334744380709
6913 2467.0276093944503 15388.865148965138
6920 1907.4850569905648 16356.321185618477
6935 1441.770358323558 16542.425104667866
6952 2377.3155498111437 15387.79148606926
6955 1424.5411781023797 16552.72498790649
6964 1475.2488503235497 16414.1819779782
6994 2152.98580892295 15385.6986911095
7011 2407.113270749489 15388.177348763737
7013 1472.1865068127877 16524.390681686586
7037 2342.7742931412945 16251.672103593937
7049 1862.491075142042 16355.252400933623
7050 2160.492036310948 15385.853983365962
7052 2167.9982770627876 15386.009275898901
7062 2145.4795470031677 15385.543398138627
7069 1869.9900238726652 16355.430530568443
7071 2570.6165394676523 15394.220455163051
7085 1458.9340779059826 16532.184364837216
7096 2683.646539503883 15390.814741916694
7102 1614.4853996780132 15431.394506073564
7115 2137.973325121865 15385.38810599609
7116 1899.9859657427573 16356.14305259831
7118 2555.619929437252 15393.822580355776
7119 2081.1811739918303 15384.701097212337
7143 1998.588699854071 15384.758314028504
7145 2096.1979401485546 15384.690694187635
7151 1884.987995104152 16355.786791590419
7158 2088.689535731761 15384.695895714769
7167 2153.6965226724674 16695.87127850374
7168 1640.9690653199875 15409.698685713558
7171 1877.4890429920154 16355.608661875274
7172 2979.40992789357 16369.977693825153
7177 2540.6232918051683 15393.4247048162
7180 1914.984053079679 16356.499316378247
7184 2272.9115106668537 15416.877746301529
7191 4091.1556009515334 16939.484837873162
7195 2122.960837218082 15385.077520797802
7196 2329.9540892437863 16364.71220998049
7197 2073.6727811957967 15384.70629873142
7198 2130.4670894402716 15385.232813568045
7200 2548.1216336610055 15393.623643197257
7209 1922.483644703794 16356.677461284327
7224 2357.1440373847017 14928.956108889277
7230 2279.170968509442 16171.249869555988
7236 2023.735260347613 16271.189194723589
7237 2066.1644028440855 15384.711500240497
7240 2337.7248997883926 16346.415826749873
7242 2832.4824752169498 15426.87989202483
7246 1892.4870175433493 16355.964922976109
7256 2043.6392567418789 15384.727104775378
7258 2337.8070181144312 16338.909603466062
7261 3821.1013012031026 16663.23882576347
7263 2006.0971041256241 15384.753112501472
7265 2905.7097792821296 16355.36138095957
7269 2013.605521859785 15384.747910965114
7271 2350.8148776252656 15387.380445256367
7272 2822.5363570007535 15433.91239891101
7273 2036.1308272812935 15384.732306319862
7274 2021.11390939591 15384.742709449674
7275 1678.4840223618671 15394.693535670649
7278 2336.886261926822 16355.395819592377
7280 2058.655998069123 15384.716701767878
7283 2187.5127337725094 15422.878581714
7290 2449.219290136121 15388.660714336474
7293 2822.8924744474953 15426.419908213671
7294 2364.5116859125046 16367.778754099616
7296 2831.7702376603843 15441.864929449104
7298 3254.23810518707 15382.260346801404
7303 2849.2366143213794 15387.759377196679
7313 2831.4141186109528 15449.357453866047
7318 2849.635485838548 15372.762942382937
7323 2855.8360500212166 15380.431161998536
7328 2852.436614508006 15387.839370180027
7330 2829.6335238333686 15486.820066071221
7334 2332.87 15862.732952143415
7335 2334.326940102374 15387.124707771869
7336 3557.0294838609025 17525.494339870205
7338 870.5008289819815 15816.950296567182
7339 2849.4360488706006 15380.261205258417
7340 2028.6223492195898 15384.737507898013
7341 2830.701881816647 15464.342475252855
7343 2394.5153711885614 16368.153766441435
7345 2852.8354844258342 15372.842995496943
7347 4166.52204693825 17042.891582628243
7348 2357.011322947764 16367.685007992963
7349 4559.748189314485 15371.746899077923
7351 2387.013139128471 16368.05999697319
7352 3654.1073650391445 16401.841598139166
7353 2849.8349211838204 15365.264740515426
7354 2831.1273805684104 16118.184463235473
7356 2345.9101074778473 16254.09183802182
7359 1129.8006237832305 17503.915175409253
7360 1976.0720410229198 15384.170974047885
7361 2491.3644099677385 15610.764663641008
7363 2878.92391527016 15416.925836531113
7364 2853.6332246383135 15342.850231963304
7371 2409.596492907365 16368.342263511746
7372 2372.0120429957083 16367.872500132758
7373 2853.0349200353785 15365.344783693565
7374 3218.903466286153 15661.389025313003
7376 3191.16534699328 15609.531834332967
7379 3634.4055921749587 14893.252183659517
7380 2395.3770871947313 15388.042620590228
7381 2829.98964278885 15479.327543630943
7382 2817.469252457677 15397.305676275013
7383 2349.5109912842 16367.591262277538
7389 2852.6360491916053 15380.341193189544
7390 2845.0934643754363 15592.94132283705
7391 3696.5942406823956 15869.863561865457
7394 2850.2337902977974 15350.268396054844
7400 2341.8030840332017 15417.402211618506
7401 2831.058000343745 15456.849961825492
7402 1828.8077743930858 16173.89559875289
7403 1932.9497685345875 16817.999203483683
7404 2379.5127209543493 16367.966250176481
7405 3217.3347913094353 15403.537473983894
7406 2417.7087315028966 15182.864538897686
7408 2337.958602703269 16325.053649197442
7410 4356.310914691857 15375.977509373519
7412 2461.4687258616636 17046.96758020722
7417 2836.182366688303 15826.429122832747
7419 2855.636614823329 15387.929358324795
7421 3364.295053330987 14476.087556966437
7424 2856.0354850084545 15372.932973592091
7426 2940.4691020317955 16160.990837240244
7429 1851.8423065679988 15356.367299677142
7430 1961.0036724109013 15382.57281374055
7431 4179.804654498488 15592.001739892998
7432 2853.4337888152613 15350.34845179398
7434 2853.2343544374103 15357.846617289206
7435 3707.727593698501 15010.252782896881
7436 2809.970184338803 15397.123407258236
7439 2850.0343558491195 15357.766564212958
7443 2417.376392503856 16368.439503512098
7445 1983.5708059524432 15384.768717834464
7448 2894.7988528986066 16369.944153660035
7449 2452.625206852521 16368.880074071802
7451 1721.967766962338 17448.14443724167
7452 1968.5699125659573 15383.375293756995
7453 2443.342750647129 16368.764053802712
7454 2825.113613284616 15582.429355392296
7455 3217.5818423387545 15321.38982944208
7457 2987.5223192682706 16016.81972283728
7460 3046.00424969352 15422.258822145046
7462 2590.8291239502832 16358.825444212145
7463 2402.027858288186 16368.247664086148
7464 1330.1162150768648 15535.056101820359
7467 1991.0802984200307 15384.763515553572
7471 3443.5285805841054 16902.207827933344
7472 2876.9428921869344 17012.008630530083
7473 2848.27085898229 15408.806133571601
7474 2781.018855818111 16357.784208702245
7475 2773.0556946293887 15415.957132767138
7476 2600.274386746727 16962.157536411498
7477 1955.1714481888662 16347.994627962884
7478 2311.3746229989956 15386.768704006616
7480 4014.7560047362554 16894.9707478394
7484 4061.6016628439397 15654.809151523537
7485 3695.0415685168655 16337.568013976088
7487 3651.9034191807173 16392.247421206812
7488 3096.1922862897663 16573.094462724337
7492 2854.967378150401 15451.567522266449
7493 2863.819776802471 15419.651346137372
7494 2578.131240598322 15413.38051449291
7495 2832.126357046319 15434.372397952347
7497 3112.5621562554675 16600.1623393947
7498 1715.6964115009785 15390.998959697448
7499 1936.8799777754753 15380.014240067096
7500 4053.6553530263345 16330.8902287226
7503 2859.2964136657993 17387.568549136686
7504 2793.9320986286953 15396.733592675004
7505 3361.8353452812125 15407.839166091242
7506 2425.4311906803337 16368.540179435713
7507 3535.799156319221 16014.236130276315
7508 1849.5781584107726 15409.826440175859
7509 2829.2774062495923 15494.312559651691
7510 893.4588472406513 15866.759530071362
7511 2801.431851138 15396.91587832627
7513 2856.2349194391477 15365.434806110155
7514 1581.6821488069834 16981.759161264956
7515 2865.0066704929736 15399.285896035564
7516 1047.8090250556268 16425.31073202208
7517 2355.5896614873523 16608.049086089333
7518 1816.1048267412414 16348.513860477762
7519 3148.6607132813583 16632.653614947456
7521 2823.6582244251467 15617.799092609885
7522 2886.4253699741503 15417.1582481139
7523 1923.893068648019 15396.562751211464
7524 1474.4120550711868 16741.85679288211
7527 4004.031646967152 16238.7220814318
7528 2638.5812189209414 16372.623965116569
7530 2319.7676843556897 16357.325754288993
7531 2818.532602835334 15665.341237914437
7533 1754.459938667265 15384.762371822488
7534 2197.1312868541445 17238.726518603024
7536 3843.7973933503504 15247.221157673046
7537 2185.421012518788 15398.66395440499
7539 3703.5316075959895 16474.66703888254
7540 3086.051914268759 15422.906520614646
7541 4251.964668653101 16039.629368972457
7542 3010.839365441307 17479.33321540858
7543 2873.249919147932 15399.3341764685
7544 2850.8320958863233 15327.773807269183
7545 2788.5189154022833 16357.707620170851
7546 1953.361642869784 15381.762295455886
7547 2850.632659940407 15335.27203171921
7549 3352.408461551999 16544.018176862723
7550 2699.459183525414 16884.77951874998
7551 2200.888224033066 16364.386221546445
7552 4293.102271520655 16019.0913534577
7553 2871.4224944136104 15416.693425996995
7554 3564.581020329443 15998.848805958844
7555 2796.018935561566 16357.631032042056
7556 2863.921146631703 15416.46101772689
7557 2796.068566108218 16360.831035673798
7558 1439.2151175736178 15658.321344042257
7559 891.5289511274392 15736.404626507077
7560 3122.6566164188885 16226.234215415361
7561 2815.5925820843954 16477.06854327322
7562 2830.345762028193 15471.83501521838
7563 1945.5560665085127 15380.934431296357
7565 3034.825512951905 16466.434460141056
7566 2463.2792593131003 16369.030813872225
7567 3105.9849667912213 16251.78157969116
7568 3899.1969765806784 15345.140960259223
7569 3781.0859231262507 15244.888003852793
7570 1019.7510199148649 15672.143550276478
7572 1921.6518345705476 16346.575753541221
7573 3658.0910596984236 16408.19756542362
7574 2770.002920087307 16357.896700387153
7575 3606.613022162505 15926.567514827027
7576 2871.0128613833613 15415.691103403407
7577 2369.63573779758 15387.672367725741
7578 2958.28749409907 16262.162522897275
7579 2569.879849242106 16945.855518586362
7580 3386.6619892978233 15452.510438008108
7581 3650.123677529502 16395.485642261923
7582 4104.011936830199 15677.601910324373
7583 1580.8755990087068 15460.690310665232
7584 2853.832660839815 15335.351997904012
7585 3774.6159472445197 15120.218230767156
7586 2593.7241405111645 16965.812270122467
7587 2850.433225305855 15342.770206865644
7588 3796.1775599153284 15820.016256953142
7589 2964.2385376713137 15417.508386644846
7591 2485.093815236941 16707.31813305593
7592 2434.259645928972 16368.65052520314
7593 3642.2266467361665 17373.183084938944
7594 2268.463755969126 15386.103131543314
7595 3899.860873931426 15761.755795099645
7596 2356.275500390896 16615.191134575547
7597 3960.3726314251567 15727.00479842927
7598 2436.669233915563 15388.516643127625
7599 1848.2434646554586 17359.515465318418
7600 2837.222723182551 16360.084468077735
7601 1445.6121503537465 15607.423210239764
7602 1757.2249168842852 16298.52353817267
7603 2153.2746389272834 15382.504571135703
7604 2554.6435704652213 16974.749558185154
7605 1496.8112116335137 15805.431159700871
7606 2421.2686885069465 15081.109000304423
7607 3118.6929174931906 16219.864761383025
7608 2359.569310014535 16359.747624703894
7609 2851.0315316541773 15320.27558951381
7610 3135.894478918918 16632.56221395854
7611 2854.032095641381 15327.853816478308
7612 4250.472553515465 17189.14779052998
7613 3732.713869607317 15271.291066929574
7614 3819.633795165671 15223.847303223158
7615 2876.4385689505307 15107.62185713929
7616 3939.4365021247736 15746.109684387562
7617 1902.8140455030557 15378.349618769762
7618 1986.1238939561501 15408.562575474582
7619 920.1974754210005 15240.554289521939
7620 1416.52115980244 16393.391181738407
7621 3557.0195693377723 16230.265326323179
7622 2235.082157653455 15385.585363570823
7623 3649.9447668170415 17411.173848536902
7624 2511.7215751559884 15379.966111740998
7625 3077.9324115291824 14356.159170254236
7626 3813.1277040372293 17291.467888112074
7627 2511.8780179869127 15371.771241578595
7628 3408.267400741921 15981.234296163337
7629 3550.395759699894 15374.103018522166
7630 2335.2386571147877 16169.884530703715
7631 1412.7497093838251 16343.348918087078
7632 3187.7586642380006 16720.44723902539
7633 1284.2439144165673 17160.43573182792
7635 1431.4468995437473 16536.63637327287
7636 3992.9544473966416 15470.577673963198
7638 3728.325794776107 15364.210395957698
7639 2200.4397412248345 17250.843068831477
7640 3670.8457148940142 14951.965468266488
7642 2835.019020250673 15867.619822805817
7643 3614.1560036615383 15980.586513559138
7644 2358.267671473372 16629.88996490734
7645 1824.8460028245818 16815.351862640266
7646 4514.1400979643795 17243.503922036398
7647 3757.514585215592 16890.2421705269
7648 1009.3676860398681 15405.29788775502
7649 3107.060920519076 16680.01581543248
7650 988.4530506717197 16098.992205468441
7652 3779.7906575234083 15861.37381732148
7653 896.7301529855396 16175.871814542063
7654 1838.2541145536225 17376.04057276811
7655 3304.0928210408524 15188.971974890777
7656 4443.460684980022 16928.80982059705
7657 2362.1185899129177 15387.55577239731
7658 4422.137105480006 15341.891862801285
7659 4037.9986459287584 15565.802793063833
7660 1895.0544601832291 15384.604415894415
7661 3684.270191656045 16364.39307579034
7662 4067.3723216903145 15663.499178586293
7663 4422.542973343932 15331.162157445759
7664 3221.717643213497 16384.76015470896
7665 4410.136023858903 15320.670986919034
7666 2011.4427281408277 16358.14824109215
7667 4233.640573255569 15489.417117404662
7668 2916.6039139773993 16969.21643664978
7670 3226.7951319248627 17389.424702110937
7671 3259.0919078459337 15398.85894645743
7672 1005.0892957931457 17029.348462369948
7673 3814.0365759068955 15187.354357073937
7674 1872.589149463511 16755.060908910116
7675 944.5845219526434 15572.899320267788
7676 3465.3282471365346 17303.130153752438
7677 2652.9307886119204 17286.32032194536
7678 4257.620972513376 16676.17165292682
7679 2964.0689658397855 15780.30391400313
7681 3294.5132734327663 15132.01130716612
7682 4329.902414243452 14944.87458802823
7683 1362.9446912434519 15421.283010657115
7684 1771.4412754846492 16807.754807012792
7685 3572.336589586086 15886.21062609952
7686 2393.39750244858 15182.149853085211
7687 3612.036376074546 17383.74615544826
7688 2816.072127403846 15569.91578926282
