5597 4433.6221241809235 16715.329019292127
5630 4291.783238821868 16901.02779449275
5787 4209.328986933194 16945.325045805374
5809 3977.347320282326 16617.10219711436
5831 4032.9338244198675 16587.48386500819
5897 2817.3894448841934 15400.505676620962
6087 2802.394051620192 15400.141140346599
6131 2734.914836936569 15398.500728449126
6161 2809.8917238010913 15400.323407889377
6175 2742.412537847308 15398.682996690322
6204 2749.9102917982527 15398.865266220919
6205 2794.896376527843 15399.958872733047
6216 2764.905647205988 15399.229801574998
6265 2719.9195121799794 15398.136193840171
6281 2757.407973009767 15399.04753398323
6290 2779.9010137868486 15399.594337200695
6295 2683.0910554690386 15397.20451464628
6327 2675.592743400271 15397.005577055505
6383 2787.398713301235 15399.776605407947
6408 2690.589340921091 15397.403451530889
6431 2623.1046645732745 15395.613016723188
6486 2772.4033118390694 15399.412068934289
6500 2630.60296153627 15395.811953913191
6507 2638.1012415319674 15396.010890653039
6518 2645.599572559813 15396.209828746816
6565 2712.4218469967723 15397.953926467508
6596 2608.1080511335354 15395.215141825458
6619 2615.6063470412673 15395.414078987465
6629 2600.6097556800646 15395.016204675501
6630 2727.4171745040053 15398.31846114333
6646 2795.0500439696266 15393.558871361498
6680 2585.6130957944324 15394.618328545517
6684 2787.5502874507406 15393.376601840475
6690 2593.1113896596007 15394.817265653335
6692 2780.0505932782025 15393.19433383468
6712 2668.094462697141 15396.806640296889
6716 2563.1182485913737 15394.021518134534
6733 2660.59618626526 15396.607703651594
6739 2474.628311488753 15388.952402943893
6747 2772.5508968533513 15393.012065774145
6751 2242.031235789441 15385.69314780761
6755 2482.129021363009 15389.038509039343
6761 2533.1250168395254 15393.225768209806
6763 2653.0978719291024 15396.408766000663
6780 2459.626820433819 15388.780189934416
6807 2817.5490992563814 15394.105674717082
6816 2414.6223292208356 15388.263550698795
6873 2802.5497576785883 15393.741139842094
6879 2810.049430907254 15393.923407338883
6880 1020.1133289419178 16782.2781824998
6908 2578.1148202569902 15394.419391923953
6910 2437.1245685712456 15388.521870244787
6913 2467.1275298748506 15388.866296024893
6920 1466.2179418896603 16527.900763061247
6935 899.6084124085783 16842.916886864256
6952 2407.121565086599 15388.177443980456
6994 2324.6167921266187 15386.974097738686
7011 2429.6238314334773 15388.43576383636
7013 1019.8606334331076 16803.43716095439
7037 2769.5766174344417 17251.212646729415
7049 1776.182013012252 15735.021681213626
7050 2339.6174897480287 15387.206767268766
7052 2347.11784377033 15387.32310211464
7062 2317.1164667735866 15386.85776333749
7069 1840.4252303553028 15661.930148200592
7071 2570.6165394676523 15394.220455163051
7115 2309.61607918752 15386.741427971023
7116 1452.4918408529536 16537.170463312388
7118 2555.619929437252 15393.822580355776
7119 2272.114076008493 15386.159750126639
7143 2137.1756405245815 15385.371603133246
7145 2287.1149583562733 15386.39242252193
7151 1430.1821990425915 16473.025167717562
7158 2279.6145560374807 15386.27608692695
7171 1416.3652981884848 16391.39575069097
7172 3536.7402425709547 17199.406784384133
7177 2540.6232918051683 15393.4247048162
7184 1525.3393246506405 15532.207004915937
7195 2294.6153599625004 15386.50875810586
7196 1751.5952098493917 16384.15520566341
7197 2264.6118339884956 15386.043385996823
7198 2302.1157119096133 15386.625092919547
7200 2548.1216336610055 15393.623643197257
7209 1519.2320558641172 16496.723443814037
7237 2257.1052537598457 15385.926954578874
7240 1839.1744439976246 16355.996763313495
7242 2832.4824752169498 15426.87989202483
7246 1852.8019793153637 16123.283575360734
7256 2234.3995931381814 15385.574776598869
7258 1966.4077215863992 16719.322805230244
7263 2145.3212439554254 15385.540123092958
7269 2152.9788133934508 15385.698546382793
7271 2384.6195142583483 15387.904774798793
7272 2822.5363570007535 15433.91239891101
7273 2226.5218191969816 15385.452587750908
7274 2160.491684153903 15385.853976080376
7275 1278.4586404466002 15564.687374400026
7278 1803.7189695797192 16363.466966309099
7280 2249.5880881408366 15385.810358975372
7283 1474.3453453236211 15593.662006784563
7290 2452.126090600901 15388.694083609846
7293 2822.8924744474953 15426.419908213671
7294 2273.7536128598185 16365.926585761454
7296 2831.7702376603843 15441.864929449104
7298 3093.633269174987 15110.461068268338
7303 2526.980912871498 15412.60517195223
7313 2831.4141186109528 15449.357453866047
7318 2526.9028080872126 15415.805196708516
7323 3262.4508225790128 15407.080998645642
7328 2831.601044766813 16074.727875092065
7330 2829.6335238333686 15486.820066071221
7335 2377.119176225221 15387.78844020092
7338 847.6980207910975 16476.43503711932
7339 2829.084114102604 16012.019294906087
7340 2167.9982865644174 15386.009276095474
7341 2830.701881816647 15464.342475252855
7343 2373.164153274489 16367.886900216272
7345 3006.5984532148655 15599.248983793615
7348 2336.0888329846875 15906.46254517577
7351 2364.8455130747857 16367.782926563923
7352 3164.814249203843 16648.283873619243
7353 2527.0817074220276 15409.405340923
7354 3143.890190698783 16624.792596398132
7356 2729.340590853399 17206.581119415718
7360 2094.9542589872217 15384.691555761006
7361 2197.579814944676 16667.25709214188
7363 2878.92391527016 15416.925836531113
7364 2850.179564660267 15599.51453533512
7371 2392.857710076032 16368.13304754074
7372 2349.5527305300534 16367.591783971196
7373 2831.2070499026836 15889.210359346536
7376 3616.306868292302 16332.363235566478
7380 2422.123106236899 15388.349657565015
7381 2829.98964278885 15479.327543630943
7382 2817.469252457677 15397.305676275013
7383 1875.0791705609283 16355.551417891946
7389 3114.740444433048 15589.556338181732
7391 4177.283892366997 15378.056367227848
7394 2658.2057070960022 15417.757614357262
7401 2831.058000343745 15456.849961825492
7403 1350.759307876498 16868.90502840905
7404 2357.170878896637 16367.687002262983
7408 1858.3845718923224 16355.313968753562
7412 2364.6799192684757 17479.209131169293
7417 3133.7532998401743 16608.468130413617
7419 3254.3163252879685 15382.395033484017
7421 3036.602880180765 14387.543440559839
7424 3216.2541245704124 15406.729453098404
7430 2060.548703591289 15384.715390575968
7432 2868.406501314984 15599.482932097397
7434 2545.408452055783 15412.884498707004
7435 3312.2710557764417 14397.315529856662
7436 2809.970184338803 15397.123407258236
7439 2649.4520660534636 15425.306711648469
7443 2401.564717847756 16368.241875351212
7445 2114.512930219152 15384.902746643964
7448 2454.6108076823693 16368.90489185036
7449 2432.018553304275 16368.622514064318
7452 2080.5097271891045 15384.701562364262
7453 2424.5156950806117 16368.528736769733
7454 2828.921288830089 15501.805049775952
7460 2871.3116696275083 15419.886240466869
7462 2803.11518442869 16280.568077340891
7463 2382.87536211137 16368.008279411337
7467 2128.387245523213 15385.189784808286
7473 2353.791463764119 15858.474418627526
7474 3092.4771901604336 16249.615409474383
7475 2232.4103583066703 15661.713702986443
7476 2111.0641202603274 16723.67590927458
7477 2898.419859286441 16355.081633179665
7478 2369.6188550518286 15387.672105864553
7484 4033.552806350241 15306.78469367587
7485 4851.580406932728 15711.310445957759
7487 3481.1168873236957 16832.349012800667
7488 2471.040732350735 16369.184821449
7492 2842.59569293991 16703.394288464882
7493 2863.819776802471 15419.651346137372
7494 1865.858047210713 15698.193715145928
7495 2832.126357046319 15434.372397952347
7497 2478.539269199908 16369.370809790282
7498 1052.5619859737922 15688.740134378213
7499 1992.397440148257 15384.76260308961
7500 4462.647341659941 16363.92402319555
7504 2793.9320986286953 15396.733592675004
7506 2409.5139755932228 16368.341232138067
7507 3864.7392846992275 15628.636294302692
7508 1936.8213614728572 15380.008023186514
7509 2829.2774062495923 15494.312559651691
7511 2801.431851138 15396.91587832627
7513 3185.7284850332167 15403.297252329243
7514 1488.229864563546 15894.467254508432
7515 2865.000846750086 15399.285861926095
7518 2623.47610788272 16362.266696806162
7519 3291.453035062315 16992.91377853796
7521 2828.565171596364 15509.29753599155
7522 2886.4252623079287 15417.158244778164
7523 1454.8481978632972 15606.329662072585
7524 1437.2914554346346 15645.37980949023
7527 4337.993188368045 16803.66388925906
7528 2447.059995321426 16368.810515182959
7530 2796.007414431679 16357.631149692643
7531 2826.0924088426327 15426.569949036815
7533 2315.0560989034993 15394.126697445203
7536 2654.4502740169473 15411.243835984276
7537 1487.9715453896597 15568.950733714266
7542 3798.851742065302 17296.405932836245
7543 2872.5006957300325 15399.329788291885
7544 2770.953756052896 15412.731022822045
7545 3132.97456297141 16227.501883462213
7546 2037.2625743029555 15384.731522290058
7547 2847.9988275226037 15551.342597193503
7549 2649.695022393752 16372.575303211303
7550 3698.053300983319 16465.92545016406
7551 1834.1735906252784 16232.469907098564
7552 4598.233093251965 16163.627290100249
7553 2871.4224944136104 15416.693425996995
7554 4124.30000310483 15619.156703787523
7555 3199.726595879416 16191.970765477736
7556 2863.921146631703 15416.46101772689
7557 3146.6285515540458 16623.130059518615
7558 1034.0650200676523 15026.995825519001
7559 1837.239002191703 15383.07175841913
7560 3147.846702646976 16631.164169853593
7561 2828.2090495806856 15516.790122816494
7562 2830.345762028193 15471.83501521838
7563 2015.3618585501097 15384.746694244164
7565 2837.061601142115 16368.217104088326
7566 2439.531938540282 16368.716422934727
7567 2840.150940254473 16606.14606746294
7568 2878.872523463433 15420.123296940274
7569 2901.41752301261 15417.855660856996
7570 1829.615015093399 15382.932823472365
7572 2796.0689362552307 16360.831031894473
7573 3175.7973161204814 16644.200371725776
7574 2913.0445510577806 16344.770592070232
7576 1893.3338182932368 15402.504886650482
7577 2399.6207751005063 15388.091336965344
7579 2824.3072380359567 17334.83086881072
7581 4378.6140315125685 15962.796213522877
7582 4598.106502076069 15707.372700154036
7583 2297.024653055181 15397.12866191404
7584 2845.506520128453 15587.027228083705
7585 3097.969077689449 15422.830005921736
7586 2184.3921022042164 16364.037495818624
7587 2836.8993595943757 15633.629889503987
7588 3063.433946752389 16495.22572664838
7589 1931.2676832826292 15396.674410896227
7592 2417.0143720503174 16368.43497866334
7594 2362.118532514853 15387.555771507034
7595 3012.692898509579 16404.24469306819
7596 2733.364010068214 17099.786385921074
7598 2444.625362622905 15388.60797730657
7599 2577.100114140417 16951.989044527087
7601 2259.7571839932343 15396.718253174886
7602 2669.930907819337 16358.918608062297
7603 2332.11709248555 15387.09043175221
7604 3191.6870274998305 17404.23054245594
7605 1737.1680655680623 16291.9482616953
7606 2545.28501775068 15390.3459972
7608 2641.320687067282 15651.021349915598
7609 2839.2063945668783 15416.963502462258
7611 2846.6747468494264 15570.30066400423
7612 3617.434063989829 16340.68454708928
7613 3461.8176574760455 15708.476669069913
7614 2908.9092060644466 15418.301680709548
7615 2809.0091229543773 15413.194912660529
7616 4069.1138125217867 15648.802195714432
7617 1971.1393675846325 15383.647811713521
7618 1470.0486665665917 15588.86954438901
7619 1023.0291745053263 15681.446853412697
7620 1042.4786632023736 16369.028873131516
7621 3167.5091908226163 16652.76761939825
7622 2354.6182346158575 15387.439437531664
7623 3416.7648548862767 16497.46119053416
7624 2598.5530212635877 15391.75924970098
7625 2651.9530627234167 14740.84081182975
7627 2570.949633118682 15391.026904676599
7629 2893.9258255755876 15417.409640148015
7630 2867.183990976492 16352.771095787337
7631 1473.0605029891963 15575.982860995611
7632 2983.388468895412 16723.220147179152
7633 2331.1230102308236 16417.136975868685
7635 1848.55128070156 15706.029361337794
7636 3918.4890182303952 16235.68586866687
7638 3456.858425233597 15421.434866191978
7639 1828.768415702468 16945.076947589943
7642 3139.892170223229 16618.354177540823
7643 3496.683711402885 16482.031744218515
7646 4120.048589410366 16969.144569360407
7647 3568.2548777365446 17007.07544412225
7648 1318.175769675528 15675.467718236898
7650 1439.1509916180053 15608.83619326711
7652 3910.1915239988602 15364.574029064755
7653 1150.552816268435 15675.873102493872
7654 2579.619253232407 16954.28719775969
7656 4115.264450339822 16963.367822424803
7657 2392.1200409582652 15388.005230591305
7658 3947.9031563729463 15431.233253812494
7659 3622.193548144434 15961.573338957258
7660 1953.9387669555074 15381.82350558619
7661 3292.095417561664 15782.955349009764
7662 3188.1344413339734 16208.160756546753
7663 4074.58327690214 15641.116033075918
7664 3150.586676307074 16629.504128802306
7665 3842.823333358014 15793.805633478449
7666 1552.9817682446762 16476.898204537065
7667 4284.981438557754 16022.357975858142
7668 3168.3153905162035 16634.60988477833
7670 3997.707790031859 16886.015294035504
7671 3988.9716420385785 15460.812539082994
7672 1152.8482545937356 16695.68937921387
7673 2883.4095951920726 15409.543454646935
7674 1586.4951133018333 16977.05193953086
7675 1701.404669084326 15380.596395384586
7676 4095.721811032115 16946.624185310407
7677 2230.8306028110533 17297.0309044407
7678 4394.518747119968 16402.26554393695
7679 3405.9329856993318 15976.931728527286
7681 2859.091470833816 15210.438891804897
7682 3293.2603029267557 15504.166950473815
7683 933.9306045792963 15553.248425813128
7684 2325.8937860677916 16572.53394511231
7686 2501.5811383015566 15477.611221271029
7687 3686.0732900116172 17471.575983799525
7688 2822.180239466271 15441.40489145437
7689 2102.815848235103 15346.609294054455
7690 3600.9754161727515 15979.391679346732
7691 1142.3470865844927 15692.085758728312
7692 3763.511839331744 15107.617896191037
7693 2958.2839787712637 15398.975591239332
7694 3588.87659724823 15353.168590900545
7695 2334.5812077747682 16364.853490281539
7696 2083.310861170172 16353.004360695624
7697 2802.760585137403 17291.8780631687
7698 3371.50266481568 16314.60074882147
7699 3666.761490316633 15310.86391261346
7700 3077.7390530834764 15090.829360534546
7701 2821.060612791242 16343.024101434414
7702 4090.647467670712 16931.81948036245
7703 2859.662879094667 15125.296047200074
7704 2514.54049751689 15384.487046847391
7705 1105.9015069781085 16722.14807554269
7706 4192.0855556492215 15021.477344901963
7707 2177.72802956551 17633.553580046006
7708 2329.8170855181634 16517.169811969365
7709 917.3440762815326 15236.440415886847
7710 2042.403414714233 17051.55849628476
7711 3244.186267630147 14290.119536196982
7712 2947.6888591571205 15423.810691482839
7713 3704.9283589314514 16563.507982748753
7714 3667.6804109523205 17432.44013974832
7715 2909.2609592905906 15212.85732382347
7716 4123.085622927217 17466.946368309746
7717 1318.5185177970045 16690.16948616092
7718 3726.4590631491783 15474.424798456637
7719 3827.436130164518 16697.15082655363
7720 2382.301670448749 15753.102725666851
7721 2888.627400340731 15399.426785829844
7722 1429.2914747055545 16215.209669705333
7723 3261.9184992373885 14314.990689426088
7724 3394.7989928897437 16724.82281890941
7725 1415.695663333766 15625.989951027284
7726 3797.640530852399 15665.266578335326
7727 4110.95290384725 16071.820131697405
7728 3857.4211514030458 15601.355545171824
7729 1837.0490178901973 17382.223135042575
7730 931.0694391944221 15586.287966862339
7732 3736.303362985656 15854.134217207078
7733 2231.461349432242 15403.994207946544
7734 2842.9230895048872 15643.989574303021
7735 2853.13855146511 15477.75249663194
7736 1898.124610924564 16114.12810084945
7737 3697.6125671647114 15701.429367919134
7738 4477.63168233412 15947.56304985984
7739 1553.2617389906218 15871.879939922803
7740 797.9996748258524 16100.370906370103
7741 3312.476216849014 17270.22752135317
7742 3132.2187312251976 17088.526485906088
7743 4153.431702138929 16951.443234645954
7744 2338.412608130808 16294.111568136186
7745 3531.602393852302 15813.967400385794
7746 4250.568640045001 17124.707227760588
7747 3431.9760480822533 15772.346798700037
7748 1919.407086825456 15378.673787457848
7749 3426.8728851142573 17495.057957812704
7751 3984.884101566508 16921.525107292335
7752 1030.0237662178035 16763.147950210943
7753 4577.678360689625 15880.095474410262
7754 1079.7727546113792 17017.5187314121
7755 3328.4769394296222 17355.109158758947
7757 2313.118658980002 16366.758757377389
