1113 4182.812506943679 16556.19780279124
1138 2835.4273023379155 15400.83654237161
1209 2675.5927951180875 15397.005578427628
1226 2723.5807837514394 14667.432380854752
1233 2934.6160947216417 15388.393803637844
1269 2418.9777118115567 15633.26598037939
1282 2854.006423651736 15419.053428132114
1286 2808.797239634497 15400.296801105986
1292 2796.445427639957 15399.996529986262
1309 1436.771093570794 15983.159647755456
1332 3161.4977876035487 15406.980485112132
1339 3704.389541769249 16332.351479570798
1352 2838.05238421568 15187.929591615188
1357 2638.1013203128746 15396.010892743172
1358 906.5158298506972 15226.442501705153
1364 2755.460628266564 15399.00019425795
1367 2854.3815866784503 15314.71394729788
1368 774.26378065228 17220.006168625423
1369 2029.2034615758184 16044.859882340777
1370 2683.091075028332 15397.204515165207
1371 3168.9693431636174 15407.650967260914
1378 2690.5893544760343 15397.403451890515
1380 3154.0262610940763 15406.310005570293
1392 4435.06961915865 15364.173929344463
1398 1935.1569991900267 15399.92434109983
1400 3059.8628667067223 16483.255542405866
1402 2822.865345182205 15400.61052230915
1403 2737.621711324723 15398.56653225215
1409 3178.325422205393 16672.245967300583
1410 3014.2146894327975 15331.913315660691
1417 2338.0379387277667 16317.801748884138
1420 813.8626506091023 16909.239900321245
1422 2871.4224882594326 15416.693425806325
1426 2615.606459264334 15395.414081964855
1427 2746.430920149889 15398.780683098925
1428 3131.6117167339025 15404.2985701007
1429 3146.554724438789 15405.63952511799
1431 2459.258904585045 16772.908743344906
1434 2344.3412624670727 16326.779322456672
1439 3139.0832469898014 15404.969049978736
1441 2863.921095029604 15416.461016128142
1446 2450.7081136556417 16360.991239227997
1452 4263.670893653858 15824.234207772231
1460 2786.0009312530856 15399.742625488165
1464 1407.703389712979 16006.758296067017
1465 1088.3487346812474 16968.907493085764
1466 3887.296373379264 15271.431863480224
1467 2775.1603433139476 15399.479092050286
1472 1862.496899915193 16355.25253929498
1474 2668.094461251366 15396.806640258532
1479 4279.3476318567145 15166.487785452859
1480 2630.6030368535157 15395.811955911433
1484 1918.1482465902925 16826.61952425881
1490 2727.9116320024273 15398.330481347877
1491 2720.003581544433 15398.13823755669
1492 2765.6387510780805 15399.247623245265
1493 1842.8108675417823 15722.491848646661
1494 3261.9295155307027 15726.090919508177
1495 3031.37434965102 15399.562530999738
1498 2523.8534506199007 15392.805909672114
1500 3165.4640396004547 16663.444874103734
1504 4366.223223539598 16946.08360697009
1510 1693.16585389673 16607.499554248727
1511 2357.011427979296 16367.685009305738
1513 4242.396434447743 15553.60013902288
1516 2878.923838007017 15416.925834137332
1519 2771.5416779287984 16361.081463366052
1523 2187.518749310257 15422.594291855994
1524 3813.6283396073322 15192.979913017403
1525 2893.786334164703 15420.609557031827
1526 2712.431630208389 15397.95416429625
1528 2253.338686222802 16356.111723570495
1533 2846.2579099234795 15576.268897248145
1534 1858.7307006490353 16861.223959371102
1535 3085.0145547091515 15426.102657673713
1537 2886.425215629944 15417.158243331976
1538 3127.560272901943 17431.64980189142
1539 2653.0978939350694 15396.408766584504
1540 2783.446819664596 16357.75941500785
1542 2886.295339879702 15420.35602550778
1544 2863.8197932921057 15419.651346654373
1546 1780.6034318256695 15392.6929728567
1547 2623.1047479664207 15395.613018935688
1550 1279.3135159019566 16236.05981322682
1551 2336.3054060128425 16432.069779540994
1552 3554.268261259087 14770.204692682131
1553 2708.8028110096125 15400.483608951878
1554 2600.2744244958 16962.157515349267
1555 1937.1654715468658 15403.249123707516
1558 2312.235242173472 16357.188094284304
1559 2364.5117713606005 16367.778755167623
1560 2871.311658407242 15419.886240115078
1563 1849.1502410393744 17380.215916204554
1564 3435.235780537653 16067.70567691652
1565 3145.549347461541 15875.751354830854
1566 3148.9513567842887 16218.997672859947
1567 2878.8034981736773 15420.121132781023
1568 2801.1520768057235 16339.769992650854
1569 2211.3901764937877 17178.149602530924
1570 2644.716563501592 15645.104163310736
1571 1412.2390957630143 16293.723719470776
1573 2263.267748327552 16356.293183275442
1574 3447.4927252917064 16051.281224027549
1575 3162.83835762231 15571.670642894023
1576 4013.73742625651 16391.866374655252
1577 1096.5980680228606 15704.789293418295
1578 2645.599595268358 15396.209829349296
1580 2349.5110886925477 16367.591263495033
1581 2319.849435770182 16357.327248346275
1582 2303.2240004678047 16357.023408310557
1583 3663.923515852493 15642.643053873107
1584 4556.89554795181 16316.374193238913
1587 2880.0006273850304 15399.373715141897
1588 2660.596177668279 15396.60770342351
1589 2591.5464014666054 16966.682482476823
1591 2999.8752195547972 15406.431043703082
1592 2734.0845279641585 16358.263489060206
1594 2373.909759432712 16356.786414916056
1595 2311.2602765854103 15180.762689038274
1596 4504.062104106122 15195.902502158693
1597 2832.4824745642036 15426.879905758198
1599 2887.5004827198986 15399.417641544907
1601 3091.3940690791933 15574.602586064888
1603 3032.840081960949 15223.13715494576
1605 2330.4203299083692 16470.96175217152
1607 3091.6689423834096 15542.631977267578
1608 4246.506451286728 17176.030219851687
1610 2872.5007130214 15399.32978839316
1612 3052.3077308670327 16713.189642275578
1613 2332.3420024508346 16020.027744979345
1616 3418.922324135301 15643.416916375256
1617 4192.004736091063 16570.94102544373
1618 2572.5706670130535 16944.126773856537
1619 3955.2028242903093 15392.595161581245
1622 2850.148120836274 15400.344511954825
1623 2606.8246963990237 16958.50276731693
1624 2865.0008677627816 15399.285862049166
1625 2917.0076028267194 16785.036224244697
1626 2837.0616263067914 16368.217103371062
1629 1877.9692983580478 16517.83777371922
1632 2935.172719247027 15409.019603673463
1636 1884.0850971570353 15378.510332986203
1637 3991.684838426204 15503.787828970966
1638 3989.7343022082473 17219.05096926215
1639 3367.938341384946 15459.35749707754
1642 2365.9493761127424 16618.57423444283
1643 2276.4544832061447 16356.53417895006
1644 2817.1448174968036 15413.294085690104
1645 2481.949198672687 15389.036444724099
1646 2577.3589061336093 16989.399379228584
1647 2347.4022171349825 16624.549916771073
1648 2845.075081671924 15593.204524716213
1649 3643.7737621099695 16378.927747241378
1650 4564.859401801966 15725.335402333783
1651 2852.4366158531157 15387.839319607732
1652 1857.5174274896385 15180.686067792129
1653 3638.4972593709845 16376.433923952336
1654 2849.2366150487364 15387.759349850123
1655 1473.039393196276 16737.799893145395
1656 2160.251053341993 15385.848997800365
1657 3866.4732667809003 15287.301189332436
1658 2193.9096637596563 15422.717257939927
1659 2599.5821321681738 15394.988940813475
1661 2152.18409492864 15385.68210488465
1662 2895.0003292351603 15399.46156789626
1664 2289.9722776273848 16356.781224941044
1665 3546.112346780622 17214.38051007045
1666 2187.356065197478 15430.282622519193
1667 2806.733193799202 16387.878044626766
1668 3254.0196239406214 16163.071391155521
1669 3155.219998075783 16667.592433788566
1670 2135.970764380568 15385.346676105926
1671 2979.7107936132716 16737.840012268454
1672 2236.6466452145823 16355.806666274617
1673 1995.0087898181598 15982.662343524627
1674 3991.031382307266 16881.00042810796
1675 3333.150987195545 16554.45652430188
1676 3096.223191825807 16548.0295817283
1677 3260.3625202660487 16596.86239663299
1678 2717.837677373015 14677.274495949754
1680 3299.645100779672 16574.872763465035
1681 1263.331148466316 16643.873240576642
1682 1495.3486400788129 15552.149116590213
1683 2823.4581483832735 16751.605585060748
1684 3264.0060090320535 15426.957545557952
1685 1408.8256861611303 16288.763792427597
1686 1856.5459663263753 15381.377770725683
1687 2468.615462376428 15412.09367533097
1688 3068.3095951727323 16262.896095176477
1689 1101.099730535804 15691.166209223347
1690 1017.5532678944066 16250.399026800678
1691 3651.00910999018 16396.89834585344
1692 3790.240755727352 16619.6499303665
1693 2226.9875554831456 16355.630140480516
1694 2387.46196082422 16652.955544133696
1695 2469.302899863269 17042.51227787479
1698 2564.5005903208107 16949.326659188177
1700 2795.4450870693227 16357.636892023935
1701 2734.587507519652 16865.42954253122
1702 2854.6938030408014 16802.858270608656
1703 4088.481056060694 15639.11590055291
1704 1760.4317626237298 16299.68945728276
1705 4377.415982202827 17068.742405025885
1706 2619.1606467619326 15389.103867786162
1708 2512.165002284472 15357.793418144538
1709 3316.5951332224818 15817.990930542037
1711 956.3572989993899 15429.196698587863
1712 1813.4191284192048 16349.469370770224
1713 3619.0611811157796 16343.48658495545
1714 3516.537953897541 16435.10192737848
1715 3521.009512370468 14710.650879603965
1716 2830.8386283775408 16702.961327662462
1717 3441.345359168798 16073.91908361648
1718 2537.349461567944 15396.57458847486
1719 1846.476645300947 16867.35282634709
1720 2208.4996661218042 17170.237528655587
1721 2244.4338435732375 16355.948982104814
1722 3456.3036292148863 16063.909675373025
1723 3690.260756017431 16459.524174223374
1724 2834.0404547214534 16830.559515891295
1725 1975.8054474299793 15389.73898651629
1726 3000.1724472634533 16378.786640216518
1727 2855.636614923341 15387.929354564629
1728 3411.0821091267685 16515.85853645101
1729 3011.047488676911 17558.76274910717
1730 2830.4542229341073 15469.553064878608
1731 3044.2705041476033 15422.230244616538
1732 2608.060496978703 15395.213880166979
1733 2862.1693222504746 16598.953494105932
1734 2807.728744353317 14587.335151563635
1735 2158.161212231765 15411.985492441177
1736 2878.121907644608 15602.652240985944
1737 3232.544198029627 15683.856876040156
1738 4030.7702737242353 15574.735377952775
1739 3569.785428711391 17278.28695000862
1740 2855.636614928921 15387.929354354843
1741 2769.753181793765 16867.2787316195
1742 3585.8559314658146 15334.732279374186
1743 1739.3856955376905 15384.487215630788
1744 3544.747333740349 17236.779187290154
1745 3599.663092170948 15325.486099929962
1746 2580.0490715093515 16987.659655448642
1747 973.4584508124274 15061.335021187086
1748 1546.4497723713505 17557.676829664917
1749 2339.271528118471 15872.305894614772
1750 3015.796642150639 15399.40504661104
1751 3098.0934019942306 15595.964463244523
1752 3350.947186422603 15270.187387950717
1753 4200.8548329706355 16585.134161075166
1754 3294.345490223697 16991.183320099874
1755 2511.7213760249965 15379.983037875305
1757 3024.0289078831784 17149.146011211695
1758 2936.5173680071985 15423.146483914468
1760 2483.6451696216527 17017.649653281154
1761 1986.536049925087 15405.379934509623
1762 3662.032897695922 17888.626854678463
1763 2854.7154540370125 15300.656169210131
1764 3171.4548633450704 15583.235258482116
1765 3223.433447161256 15426.01557360204
1766 2489.551535313747 15615.044384032535
1767 4098.262293150632 15645.612196776812
1768 3549.7139971091688 16015.453892054806
1769 4094.8279989542284 16929.404886221644
1770 2167.9982491073765 15386.009275320546
1771 3087.358328156327 16672.96793140452
1772 3245.5645490885104 14290.927494293264
1773 2966.4830100141994 15615.293071931956
1774 4861.139370272969 15714.00165981689
1776 2703.0196778229615 15214.49983904541
1777 4361.792916236567 16946.627147729643
1778 3864.682450451565 16261.744605908525
1779 2831.497606751762 15119.58442173827
1780 3484.3804193410424 17136.425052237053
1781 3223.878220392285 15071.136404580346
1782 1872.2609121193254 15446.975023746056
1783 3153.019056328662 15578.850197224921
1784 3408.7643490523583 15621.651117367128
1785 3464.283652071739 17691.76086453903
1786 3148.547985982476 16999.878097085835
1787 1312.512118141734 16057.702126607583
1788 1027.5448091040446 16302.31775784339
1789 1252.3328207373345 15808.169541885509
1790 1084.6575150525034 17286.90758869381
1791 1839.089233523673 17378.67747874666
1792 3900.923061483436 15165.148212256607
1793 3016.479232503685 16056.481589951482
1794 1828.653197899679 16361.441695977755
1795 4566.312552300082 17214.001004234284
1796 2809.8212396202753 14997.508210871236
1797 3349.87727933515 16531.11964994929
1798 4323.89174461142 15141.212212905952
1799 4004.6398162270925 15292.959440670444
1800 1873.3772349788783 14987.803270570615
1801 1415.6887582771917 15593.970901275876
1802 1064.5985516313356 17168.19487316807
1803 2869.1099969435427 15396.110387270766
1804 1843.615723830735 16683.257995545657
