5597 5007.689417198004 16043.453884132032
5897 2817.3894448841934 15400.505676620962
6087 2802.394051620192 15400.141140346599
6131 2734.914836936569 15398.500728449126
6161 2809.8917238010913 15400.323407889377
6175 2742.412537847308 15398.682996690322
6204 2749.9102917982527 15398.865266220919
6205 2794.896376527843 15399.958872733047
6216 2764.905647205988 15399.229801574998
6265 2719.9195121799794 15398.136193840171
6281 2757.407973009767 15399.04753398323
6290 2779.9010137868486 15399.594337200695
6295 2683.0910554690386 15397.20451464628
6327 2675.592743400271 15397.005577055505
6383 2787.398713301235 15399.776605407947
6408 2690.589340921091 15397.403451530889
6431 2623.1046645732745 15395.613016723188
6486 2772.4033118390694 15399.412068934289
6500 2630.60296153627 15395.811953913191
6507 2638.1012415319674 15396.010890653039
6518 2645.599572559813 15396.209828746816
6565 2712.4218469967723 15397.953926467508
6596 2608.1080511335354 15395.215141825458
6619 2615.6063470412673 15395.414078987465
6629 2600.6097556800646 15395.016204675501
6630 2727.4171745040053 15398.31846114333
6646 2795.0500439696266 15393.558871361498
6680 2585.6130957944324 15394.618328545517
6684 2787.5502874507406 15393.376601840475
6690 2593.1113896596007 15394.817265653335
6692 2780.0505932782025 15393.19433383468
6712 2668.094462697141 15396.806640296889
6716 2563.1182485913737 15394.021518134534
6733 2660.59618626526 15396.607703651594
6739 2474.628311488753 15388.952402943893
6747 2772.5508968533513 15393.012065774145
6751 2242.11310533409 15385.694417651783
6755 2482.129021363009 15389.038509039343
6761 2533.1250168395254 15393.225768209806
6763 2653.0978719291024 15396.408766000663
6780 2459.626820433819 15388.780189934416
6807 2817.5490992563814 15394.105674717082
6816 2414.6223292208356 15388.263550698795
6873 2802.5497576785883 15393.741139842094
6879 2810.049430907254 15393.923407338883
6908 2578.1148202569902 15394.419391923953
6910 2437.1245685712456 15388.521870244787
6913 2467.1275298748506 15388.866296024893
6952 2407.121565086599 15388.177443980456
6994 2324.6167921266187 15386.974097738686
7011 2429.6238314334773 15388.43576383636
7037 3174.5669083152993 17299.795477196392
7050 2339.6174897480287 15387.206767268766
7052 2347.11784377033 15387.32310211464
7062 2317.1164667735866 15386.85776333749
7071 2570.6165394676523 15394.220455163051
7115 2309.61607918752 15386.741427971023
7118 2555.619929437252 15393.822580355776
7119 2272.114358407118 15386.159754506805
7143 2137.9732013277453 15385.38810343498
7145 2287.115060139299 15386.392424100644
7151 1434.12774240775 15646.101837275532
7158 2279.61469000308 15386.276089004834
7171 1087.2344898826386 16342.491008422941
7177 2540.6232918051683 15393.4247048162
7184 901.8548896799841 15884.511726565775
7195 2294.6153599625004 15386.50875810586
7196 1157.8863297130324 16703.49180775996
7197 2264.6140390350324 15386.043420198375
7198 2302.1157119096133 15386.625092919547
7200 2548.1216336610055 15393.623643197257
7209 1237.1519862903926 16259.421562194686
7237 2257.1137334847267 15385.92708610433
7240 1230.8759241298208 16662.223444934076
7242 3168.969378751408 15407.650970454488
7256 2234.6127907443183 15385.57808341753
7263 2145.479474815307 15385.543396645171
7269 2152.9857120085394 15385.698689104489
7271 2384.6195142583483 15387.904774798793
7272 2395.2101626282943 15464.484337818001
7273 2227.1124331360006 15385.461748516034
7274 2160.4919824575204 15385.853982251816
7278 1191.8696800334137 16684.27760000519
7280 2249.6134349049034 15385.810752118401
7290 2452.126090600901 15388.694083609846
7293 2383.761814344585 15518.86728629961
7294 1552.9836094735554 16476.897126792453
7296 3161.427243679422 15406.97415464434
7303 2215.2622906688694 15416.762012156516
7313 3153.0692763136767 15406.224127709016
7318 2343.6135452441313 16050.913355024164
7323 4025.912901353006 15531.051637345705
7330 2852.911638390829 15369.979822964697
7335 2377.119176225221 15387.78844020092
7339 3128.852608276546 16600.576048527077
7340 2167.9982865644174 15386.009276095474
7341 2845.20695756018 15596.178388949738
7343 2357.0113325363295 16367.685008112809
7348 2012.710317000084 15410.024572282693
7351 2349.511004857081 16367.591262447184
7353 2215.3116562388846 15413.562012070903
7354 2996.535943583583 16948.150556947752
7360 2096.197965670389 15384.690694169954
7361 1766.5261548498306 16911.652756007017
7363 2878.92391527016 15416.925836531113
7364 3308.0102177558656 15806.774600738954
7371 2372.0121523443536 16367.872501499493
7372 1938.782858632451 16357.064631957079
7373 3048.331581736952 16470.272065008015
7376 4162.016655156988 16886.903886748954
7380 2422.123106236899 15388.349657565015
7381 2926.938487659935 15399.648803273702
7382 2817.469252457677 15397.305676275013
7383 1341.4700303172076 16599.69346738023
7389 3443.8977942753636 16039.503909473666
7394 2347.761622844019 15936.450944908998
7404 1982.7923507709045 16358.110031124997
7408 1265.6568806706643 16642.55827011802
7417 3489.0021076728294 17128.57672648158
7424 4249.104325538222 14967.708830437641
7430 2081.181141982029 15384.701097234512
7432 3360.6893855900216 15893.543108244561
7434 2222.7722611766276 15416.777088856874
7436 2809.970184338803 15397.123407258236
7443 2379.512533045712 16367.966247827835
7445 2122.960742380455 15385.077518835757
7448 2434.153138442983 16368.64919397928
7449 2409.532771175135 16368.341467061717
7452 2088.6895059375265 15384.695895735409
7453 2402.021588059084 16368.247585715333
7454 2839.2841886445553 15400.943003198103
7460 2871.3116696275083 15419.886240466869
7462 2831.9279012594347 15438.547784894681
7463 2364.511758294809 16367.778755004314
7467 2130.4669790400344 15385.232811284035
7473 2146.9738151736083 16696.013187440556
7474 3703.884002982352 15865.448693747157
7476 1842.2351571289084 16954.970111273116
7477 3448.746011116417 17064.295644298916
7478 2369.6188550518286 15387.672105864553
7485 4704.557962815361 16534.848192947804
7488 2443.03048240677 16368.760150800696
7493 2863.819776802471 15419.651346137372
7495 2979.020539417268 15598.822021018423
7497 2453.0157020226216 16368.88495482251
7498 938.1180609019544 15561.209465436348
7499 2058.656011414052 15384.716701758633
7504 2793.9320986286953 15396.733592675004
7506 2387.0129099979854 16368.059994109317
7508 2036.1307770603044 15384.732306354652
7509 2871.309860987317 15399.323568707872
7511 2801.431851138 15396.91587832627
7513 3259.902026606326 15126.178717966011
7514 1452.9677385748205 15984.159280000715
7515 2865.000846750086 15399.285861926095
7518 3213.1735754161396 16377.115297848275
7521 2833.1826927781062 15411.169936513428
7522 2886.4252623079287 15417.158244778164
7523 1176.0455673151253 14996.855629014703
7524 1326.4312117386007 15293.89420621416
7528 2425.425959950019 16368.540114057463
7530 2890.601407605047 16352.061712035802
7531 2860.2192422629905 15194.521819172056
7533 3270.49538681423 15407.142379265433
7536 1481.5041581648163 15585.705802641534
7543 2872.5006957300325 15399.329788291885
7544 2222.8171159672706 15413.577088617682
7545 3765.270931172441 15824.80424205493
7546 2073.672767608722 15384.706298740834
7547 3126.088191405479 15829.324586114064
7550 4225.679524062096 17044.376259463155
7551 1677.106052526191 15551.187169628534
7553 2871.4224944136104 15416.693425996995
7554 4055.3310252703595 15113.684221867745
7555 3885.3712407620333 15762.971884250886
7556 2863.921146631703 15416.46101772689
7557 3713.704562456224 16490.899753428697
7559 2021.1139009786616 15384.742709455506
7560 3574.436736317485 17265.928284033547
7561 2832.5590103750737 15425.22617867178
7562 2849.993014969673 15522.790002460784
7563 2066.1643823877926 15384.711500254667
7565 2819.117235126513 16364.304383455667
7566 2417.144790085879 16368.436608742193
7567 2248.522935163691 16645.668358922172
7568 2878.803557868367 15420.121134652638
7569 2901.41752301261 15417.855660856996
7570 2013.6054943971187 15384.747910984139
7572 2977.015459228962 16712.539610081116
7573 2507.5345048093113 16370.089986862358
7574 3414.7121393400507 15997.21458023013
7576 1451.4133879638796 15623.913162598994
7577 2399.6207751005063 15388.091336965344
7579 3641.6380965082117 17205.224566560923
7583 3238.4880845971743 15408.498539804186
7584 3296.223514643076 15783.63344786428
7585 2893.7864707124363 15420.609565138006
7586 1490.8300870311268 16407.04191264858
7587 3005.121557333453 16397.79796164481
7588 3471.88125020323 17102.089929449416
7589 1454.628120576093 15606.614994834485
7592 2394.5133206614732 16368.153740812151
7594 2362.118532514853 15387.555771507034
7595 2438.315929990128 16734.995919258112
7598 2444.625362622905 15388.60797730657
7599 3405.3509565739914 16496.498861833457
7601 3329.028191255554 15407.588896733767
7602 2909.139097398484 16346.699211161242
7603 2332.11709248555 15387.09043175221
7606 2771.2191407865566 15396.18154161634
7609 2350.260787485055 15867.488780822332
7611 3269.634901254402 15738.908707444449
7612 3459.221505895635 16071.106995430398
7614 2908.9092060644466 15418.301680709548
7615 2230.3225886442974 15413.59216519047
7616 3674.2356566607386 15285.33883793432
7617 2051.1475812304516 15384.721903303616
7619 1836.0827322253328 15383.050687252016
7622 2354.6182346158575 15387.439437531664
7623 4402.255333439134 15940.681009237844
7624 2786.396161293945 15396.55042753145
7625 2849.635489204111 15372.762815847345
7627 2778.8971270922157 15396.368159339047
7629 2893.9258255755876 15417.409640148015
7630 3538.9346327645967 16012.559845761258
7631 2653.1129867739082 15399.171179763222
7633 2511.057658777629 16173.337022540049
7635 1857.4721031293177 15400.01664075106
7636 4053.7683307078173 16918.4810682802
7638 2405.956503455936 15407.491329934555
7639 1835.8379325443364 16253.43770651331
7642 3504.4794711525738 17152.520958586127
7646 3660.0006461281114 16411.244302162257
7647 3367.9885959710605 17123.18266214068
7648 1991.0803256958407 15384.763515534676
7650 1998.5887319724939 15384.758314006254
7652 3449.682567786748 15402.15301457167
7653 2223.101278250473 15393.114092399725
7654 3592.767630750747 16393.881630229436
7656 3650.392711219682 16395.914884329766
7657 2392.1200409582652 15388.005230591305
7658 3373.306768267382 15428.147055003894
7659 3031.3361582114067 16503.21588311469
7660 2043.6391421588908 15384.727104854757
7661 3062.336878206207 15425.728858907054
7662 2685.9680841036156 16372.066779275532
7663 3569.6691341624196 15359.956628724993
7664 3562.5685027822915 16638.959129922645
7665 3447.043122719381 16070.898371407338
7666 1260.4107599014505 16246.533850685924
7667 3363.6146758562513 16545.227171432824
7668 3476.956422535158 16101.061948880371
7670 3612.5852657322357 16332.334492808302
7671 3627.4735376567346 15975.720000009977
7672 1705.0218611638265 16392.120917511147
7673 1922.693618537929 15378.737994534351
7675 2006.0971023874092 15384.753112502676
7676 3959.108539630962 16567.818241600053
7678 4102.961691112143 15692.851504168657
7679 3965.4837100659697 15717.267269513819
7681 2849.2366151722395 15387.759345206758
7682 3447.8774336218585 16045.86465749798
7683 1489.3893735906747 15553.833045251027
7684 2846.9919925685385 16353.382771951658
7686 2240.376754649622 16365.221003607508
7687 3121.5441682296055 16608.834236951887
7688 2241.9665713783297 15413.615554970274
7690 4177.669947221535 15804.634440544998
7691 674.2589372278278 16169.496744513503
7693 2880.0006203944727 15399.373715100954
7695 2872.228752771505 16352.618274829138
7696 2750.0147159473718 16358.100814392259
7698 2794.5672295564773 16613.767335263
7699 2901.268816560513 15421.053755768677
7700 2852.8374467991566 15372.76921584023
7701 2464.1849765444676 16369.048120570913
7702 3673.500823920519 16432.783776374472
7703 2852.4366155818598 15387.839329806195
7704 2763.7200393897842 15395.999271790724
7705 1674.0750589793677 16404.40651905964
7706 2943.4597631328043 15420.356874512945
7707 2224.7893457507917 17292.971186182334
7708 2186.902471642966 15455.219485206937
7709 981.0862550570848 15606.918460613197
7711 3535.0131766103086 14733.108686335307
7712 2886.29548363503 15420.35603001496
7713 3463.0431455920075 16077.561891246052
7714 3210.9914611813024 16611.219643137316
7715 2849.4360513472034 15380.26111214519
7716 4059.739975153236 16925.207352447018
7717 1802.5808090201372 16353.390894495873
7718 3247.73820038271 15426.579856330916
7719 3191.3963003338004 16635.468360331448
7720 2381.039597325838 16642.691353598406
7722 1918.5370936680686 16346.443907564506
7723 3575.781471565691 14798.795457904162
7724 3886.4188747098183 16759.506708763147
7725 1042.9838495021977 15587.229930554986
7726 3544.4564969881408 15377.339497880337
7727 4068.720585096852 15644.155586212972
7728 3308.3736435192686 15427.817564700714
7729 2543.201579313418 16970.530794491806
7730 1461.0879562153796 15584.098686119623
7732 3436.417012979786 16033.578661289554
7733 2215.459966507334 15403.962012005044
7734 2987.5639714355048 16378.848669312569
7735 3223.651969511519 15663.037428971464
7736 1487.5483876920064 16515.35644101928
7737 3464.8093722414524 16061.39289752152
7738 3674.823035838597 16373.375746069225
7739 1849.480864277077 15419.07601656788
7740 855.5117373463517 15792.02202353038
7741 3309.3328219674127 16770.411502245715
7742 3401.2680336382764 17439.030437666555
7743 3083.469976139926 17457.182372959604
7744 2023.2304167591722 16226.488062439232
7745 3611.562062697879 15941.739134199282
7746 4337.291130959108 17088.31778953818
7747 3590.597888916404 15909.704714588328
7748 2028.6223237644626 15384.737507915646
7749 4033.5065714873026 17156.624611917596
7751 3564.715622878643 17145.126546581665
7752 1637.3529297801736 16419.876269079003
7753 3713.6220558381624 16351.579240728764
7754 1032.3163423729977 16761.90917670387
7755 3308.942414901249 17354.90591069518
7756 3522.6285920896125 14713.247412825014
7757 2361.6494259071683 16356.581444462341
7758 2542.040204881285 16975.002557929092
7759 2281.8315537780527 16604.56596849033
7761 1842.1465306629527 17342.72684426992
7762 2959.7030561722045 17498.846281203954
7763 2908.7512315641407 15421.497950504778
7764 2887.500470967412 15399.417641476073
7765 2014.7192064674396 16350.511637078742
7766 3264.3118387100335 17380.691981051914
7767 4260.649961191834 17206.560139342826
7768 2852.636050010496 15380.341162401579
7769 1888.5759090662282 16345.175660294168
7770 2335.8450308125475 16464.2623575714
7771 3480.145148031055 15388.865591638913
7772 3451.8564081276218 16052.22434289224
7773 2341.4455179699135 16300.28640468654
7774 4090.64940851772 16931.818359366694
7775 4055.5823726224066 15670.496657005335
7776 1040.648466041445 16873.47163047393
7777 3551.988380224057 16217.74108320118
7778 3049.7734076846623 16914.28344441697
7779 1839.4350147819719 16852.45964582807
7780 4149.055961192095 16140.829078834195
7781 2682.085464264703 17358.638017206264
7782 4031.4992851877655 16170.0524894767
7783 4511.852441751175 17244.797565091474
7785 3572.3888285147696 15880.191896424662
7786 2411.968165070473 17047.008579086585
7787 2857.046458003968 15177.256957636628
7788 3339.0835172227685 15239.297670781494
7789 1049.0968923755122 16614.936557421537
7790 1177.5291476646066 15843.60750308039
7791 1418.8824656149397 16138.967235840291
7792 2819.797463015014 15029.177414420585
7793 4114.956716990766 17109.620620749578
7794 2612.92723744349 15268.366138233714
7795 975.7195385376903 16573.23369401676
7796 2928.2681651038174 15174.738964337197
7797 3220.7646432665742 17035.204260925053
7798 3762.363648413758 16574.797597424345
7799 1491.685484336427 15859.793401783772
7800 3615.2243060175488 17382.819005683286
7801 3588.6922296082334 17593.093580699508
7802 2701.6718637067015 15303.98936006481
7803 3612.967934472261 15554.36002777567
7804 1284.440710704991 15562.05578822934
7805 2807.200257036356 16809.496848332594
7806 2352.3022493666244 15404.74235017377
7807 3055.5488291880456 16711.441389904852
7808 3012.5520707665596 15335.329075174554
7809 1096.570616747654 14993.17563510997
7810 3737.188100596189 15253.269471012827
7811 986.4049046539726 15053.958964987482
7812 981.0340801046218 15254.944896600166
7813 2967.948359283585 15734.046306731543
7814 3126.959612730015 16617.78857566751
7815 1841.148803890769 15842.376587639139
7816 3428.862056551501 16707.03075567802
7817 1051.6360747856127 16574.206602497427
7818 3613.4160670062056 15173.59041963533
7820 1002.6531283321187 15406.859759464583
