5597 4137.6381020576755 16949.56330440494
5630 4058.5860149972996 16920.99776902844
5787 3933.0982475137707 16817.862550079528
5809 3826.562495466401 16672.02447631606
5831 3844.9710190785763 16687.92767181525
5897 2817.3894448841934 15400.505676620962
6087 2802.394051620192 15400.141140346599
6131 2734.914836936569 15398.500728449126
6161 2809.8917238010913 15400.323407889377
6175 2742.412537847308 15398.682996690322
6204 2749.9102917982527 15398.865266220919
6205 2794.896376527843 15399.958872733047
6216 2764.905647205988 15399.229801574998
6265 2719.9195121799794 15398.136193840171
6281 2757.407973009767 15399.04753398323
6290 2779.9010137868486 15399.594337200695
6295 2683.0910554690386 15397.20451464628
6327 2675.592743400271 15397.005577055505
6383 2787.398713301235 15399.776605407947
6408 2690.589340921091 15397.403451530889
6431 2623.1046645732745 15395.613016723188
6486 2772.4033118390694 15399.412068934289
6500 2630.60296153627 15395.811953913191
6507 2638.1012415319674 15396.010890653039
6518 2645.599572559813 15396.209828746816
6565 2712.4218469967723 15397.953926467508
6596 2608.1080511335354 15395.215141825458
6619 2615.6063470412673 15395.414078987465
6629 2600.6097556800646 15395.016204675501
6630 2727.4171745040053 15398.31846114333
6646 2795.0500439696266 15393.558871361498
6680 2585.6130957944324 15394.618328545517
6684 2787.5502874507406 15393.376601840475
6690 2593.1113896596007 15394.817265653335
6692 2780.0505932782025 15393.19433383468
6712 2668.094462697141 15396.806640296889
6716 2563.1182485913737 15394.021518134534
6733 2660.59618626526 15396.607703651594
6739 2474.628311488753 15388.952402943893
6747 2772.5508968533513 15393.012065774145
6751 2104.408234802174 15384.765716752125
6755 2482.129021363009 15389.038509039343
6761 2533.1250168395254 15393.225768209806
6763 2653.0978719291024 15396.408766000663
6780 2459.626820433819 15388.780189934416
6807 2817.5490992563814 15394.105674717082
6816 2414.6223292208356 15388.263550698795
6873 2802.5497576785883 15393.741139842094
6879 2810.049430907254 15393.923407338883
6880 1377.0130788662707 16579.597405260953
6908 2578.1148202569902 15394.419391923953
6910 2437.1245685712456 15388.521870244787
6913 2467.1275298748506 15388.866296024893
6920 1786.575823162725 16369.726407202836
6935 922.8487720262978 16839.348460031415
6952 2407.121565086599 15388.177443980456
6955 1032.8835711647748 16678.40533400008
6994 2324.48669791173 15386.972079901876
7011 2429.6238314334773 15388.43576383636
7013 1348.3103253687927 16595.82596023376
7037 2502.976200156699 16841.25714983189
7049 1837.6629641527254 15953.687134168098
7050 2339.6096732201586 15387.206646029881
7052 2347.11784377033 15387.32310211464
7062 2316.7952023741072 15386.852780340116
7069 1837.4978517689842 16000.173149873935
7071 2570.6165394676523 15394.220455163051
7085 1023.6634908042282 16816.795985885037
7102 1665.8379186632694 15361.411446009657
7115 2308.8328290345644 15386.729279306366
7116 1755.210165944406 16382.664109081668
7118 2555.619929437252 15393.822580355776
7119 2199.557150325347 15385.52238395088
7143 1999.3198034217517 15384.757807548722
7145 2258.0450981575336 15385.94153211119
7151 1663.9916706559309 16420.289901191285
7158 2229.4996413444883 15385.498775501452
7167 1849.8522522287446 17255.79805912757
7171 1578.19186038838 16462.141733350843
7172 3233.866650220193 16769.409495932578
7177 2540.6232918051683 15393.4247048162
7180 1845.6013132865312 16347.268917629177
7184 1872.9296181794175 15398.699668555686
7191 4434.007981908051 16920.056041169613
7195 2280.554197611581 15386.290661313355
7196 1903.2717992602877 16356.22110411534
7197 2172.7194242128653 15385.968212843678
7198 2298.3686553511975 15386.566973896643
7200 2548.1216336610055 15393.623643197257
7209 1862.858515558933 16355.261129094013
7237 2148.775895598916 15385.611594502134
7240 1934.1121175967394 16356.953683419502
7242 2832.4824752169498 15426.87989202483
7246 1834.7703385343018 16198.60400980563
7256 2085.8326461987253 15384.697874855423
7258 2208.2350675928524 16661.20240570216
7263 2008.8177410166413 15384.751227751289
7265 3356.605070474012 16319.048709663033
7269 2020.7959827368359 15384.742929696753
7271 2384.6195142583483 15387.904774798793
7272 2822.5363570007535 15433.91239891101
7273 2068.207854946243 15384.710084617287
7274 2035.187236121384 15384.732960002688
7275 1425.009309483087 15601.56500998142
7278 1919.2074514575204 16356.599638761794
7280 2125.444706598673 15385.12890822066
7283 1845.5308902092024 15401.076517826197
7290 2452.126090600901 15388.694083609846
7293 2822.8924744474953 15426.419908213671
7294 2349.511379630012 16367.591267131425
7296 2831.7702376603843 15441.864929449104
7298 3080.9752236480554 15096.0644592129
7303 2704.1681892418906 15411.916915684904
7313 2831.4141186109528 15449.357453866047
7318 2797.177006404134 15416.25116833516
7323 2995.585404247261 15399.254126375801
7328 2841.5000097987763 15599.887541171891
7330 2829.6335238333686 15486.820066071221
7335 2377.119176225221 15387.78844020092
7338 1037.0700874798292 16351.824138875429
7339 2843.1966693944455 15528.301200589725
7340 2051.9447073264005 15384.721351086024
7341 2830.701881816647 15464.342475252855
7343 2381.7087797248337 16367.993698442744
7345 2851.774769944482 15497.278996570392
7348 2333.145525845565 16311.408445606443
7349 4428.526412593027 15061.72983622812
7351 2372.6771301226513 16367.880812974287
7352 3414.1061201843017 16510.575494553203
7353 2827.6017953149444 15414.813694976207
7354 3056.5079971781333 16483.898389799713
7356 2513.8125579553607 16870.078384613294
7360 1976.0952372714914 15384.173434256067
7361 2337.1157226800024 16375.406904303245
7363 2878.92391527016 15416.925836531113
7364 2852.648672433845 15379.866595176802
7371 2401.7060508659774 16368.243641855082
7372 2357.023795057447 16367.685163880315
7373 2847.4181926174724 15467.857814528412
7376 3452.530822202513 16053.369305016875
7380 2422.123106236899 15388.349657565015
7381 2829.98964278885 15479.327543630943
7382 2817.469252457677 15397.305676275013
7383 2043.2086045851704 16361.05289625793
7389 2847.90214340567 15552.726911597829
7391 4203.249230872962 15575.33116135202
7394 2849.328363260779 15384.309877972702
7401 2831.058000343745 15456.849961825492
7403 1510.2451165063044 16833.27183064955
7404 2364.540617541583 16367.779115712461
7408 1997.577663527773 16358.461240668721
7412 2262.9897104576808 17352.621574064495
7417 2927.36263632419 16359.676842348208
7419 3033.256810113723 15399.59408061643
7421 3186.58754368259 14308.798756636625
7424 2937.6400703191894 15399.615423326739
7429 2095.884250819013 15178.576223611391
7430 1961.1621676954774 15382.58962384649
7431 4507.020935521109 15670.053860057298
7432 2852.2025900974736 15393.426063400306
7434 2846.7810916612816 15414.569598345179
7435 3420.186224691635 14563.283278929348
7436 2809.970184338803 15397.123407258236
7439 2848.6893182037816 15400.345169965856
7443 2409.8498972382877 16368.345430781055
7445 1983.6203310383362 15384.768683525434
7448 2473.6613963697505 16369.24982252371
7449 2443.673012188591 16368.768181700765
7452 1968.6287403842166 15383.381533071053
7453 2434.7961841567035 16368.657231327918
7454 2828.921288830089 15501.805049775952
7460 2871.3116696275083 15419.886240466869
7462 2786.9246428713886 16357.723900440416
7463 2392.314687239762 16368.126260365643
7467 1991.2413594356524 15384.763403976838
7473 2507.7198775082293 15487.721257997413
7474 2824.882461535377 16354.832067479356
7475 2405.609151106406 15744.502632802114
7476 2351.5948811561902 16637.344167632098
7477 2551.728163377239 16361.737018494236
7478 2369.6188550518286 15387.672105864553
7484 4178.892605925564 15334.37352372437
7485 4434.675426317219 15939.30842066412
7487 3473.1651335234696 16688.063717679215
7488 2536.2687856419625 16370.80269139892
7492 2824.273120574759 16228.9715639453
7493 2863.819776802471 15419.651346137372
7494 1923.2016678315576 15402.947827608727
7495 2832.126357046319 15434.372397952347
7497 2653.093372061265 16372.527660633958
7498 1440.4410781650824 15623.45973300335
7499 1938.7625872971605 15380.21391077394
7500 4278.2781523986405 16460.88802488021
7503 3373.4751829743773 17369.890546502444
7504 2793.9320986286953 15396.733592675004
7505 3935.2041520312823 15350.364879704894
7506 2417.783617148119 16368.44459336243
7507 3853.6084887269044 15776.617644083439
7508 1916.4833203087453 15378.616667515966
7509 2829.2774062495923 15494.312559651691
7511 2801.431851138 15396.91587832627
7513 2883.306044938654 15399.395069142018
7514 1412.50805140286 16262.661350626677
7515 2865.0009510740883 15399.285862537117
7518 2298.4002096383742 16356.935250572053
7519 3246.51654662384 17023.526492740326
7521 2828.565171596364 15509.29753599155
7522 2886.4252623079287 15417.158244778164
7523 1817.7424061921852 15393.825375692682
7524 1425.2636661000442 15936.882555876677
7527 4215.134945527563 16601.98508162324
7528 2461.240139416242 16368.991849797761
7530 2597.4003611139806 16358.873958555956
7531 2829.292408842633 15426.7298821953
7533 1909.2083008548086 15384.87893154189
7534 2385.6938866230025 17515.915296202973
7536 3182.7561624744053 15425.07117029964
7537 1846.821381107231 15394.70876536109
7539 4029.1391269889064 16793.362856387488
7541 4572.058890119937 16113.302412185089
7542 3449.4603332711536 17484.87637174871
7543 2872.5008015422595 15399.329788911622
7544 2850.348983681528 15345.937452390708
7545 2847.2978262390156 16353.373507332935
7546 1953.6956692281506 15381.797722493895
7547 2850.0331978728923 15357.81010082629
7549 2888.4687450728084 16370.086906478571
7550 3431.5576489851833 16489.207389232233
7551 1889.7804849119298 16355.900632141942
7552 4572.0296527680675 16307.736476009835
7553 2871.4224944136104 15416.693425996995
7554 3883.0119077349323 15760.615884471692
7555 2856.18381022122 16353.104324239284
7556 2863.921146631703 15416.46101772689
7557 3041.9445096879417 16453.307788721286
7558 1202.5738734073357 15038.285351747694
7559 1605.1057139817162 15430.098575084685
7560 3069.7591174353806 16505.41179209004
7561 2827.534663722675 15530.97878392758
7562 2830.345762028193 15471.83501521838
7563 1946.229171141072 15381.005821181629
7565 2837.0617024368235 16368.217101201148
7566 2453.1761041218274 16368.886959668458
7567 3002.53618756384 16519.668052233326
7568 3300.994800311489 15427.780122219776
7569 2932.493325374569 15419.70576912927
7570 1527.4288765636197 15513.153459471554
7572 2499.2191184481444 16361.349371120214
7573 3455.490498912874 16488.143449949293
7574 2795.8110263195535 16357.633155153657
7576 2159.0490341641125 15404.774700099008
7577 2399.6207751005063 15388.091336965344
7579 2595.9923886323913 16982.106327680853
7581 3916.0058592658315 16223.680272474514
7582 4455.965527371924 15732.584758018364
7583 1873.9602228659185 15387.25432186757
7584 2853.011076643517 15366.241227426446
7585 3601.709947791004 15342.552621110533
7586 2323.20544111945 16533.289605849775
7587 2849.692061266915 15370.635867154333
7588 3281.4560750886058 16158.68559037726
7589 2308.8932078172493 15403.222892748676
7591 2452.1769694813656 16920.099060726243
7592 2425.732963558133 16368.543951257492
7593 4034.747423900867 18027.338518819466
7594 2362.118532514853 15387.555771507034
7595 3403.4064950693273 16094.03265782306
7596 2582.9044044252923 16960.95928032975
7597 3754.5827638046903 15807.540825254977
7598 2444.625362622905 15388.60797730657
7599 2475.5272659599664 17011.2034715525
7600 3021.512650249299 16508.827625442787
7601 1853.8037670736173 15385.801618368101
7602 2319.21144800356 16357.31558872821
7603 2332.069865635043 15387.089699236338
7604 2869.2248669221317 17402.533279929517
7605 1442.482534214757 16284.011845672087
7606 2512.021448856213 15364.78531453268
7608 2634.4945208703216 16060.096012822545
7609 2850.6836563442657 15333.354711947593
7610 2847.8880911210053 16642.07137330107
7611 2853.440657206198 15350.090219825737
7612 3796.536634847623 16629.779563376458
7613 3397.2586182977757 15597.694245631219
7614 3022.3830343598725 15421.86947091863
7615 2853.866294802664 15334.087456542493
7616 3939.4365021247736 15746.109684387562
7617 1931.2960772544823 15379.422008193656
7618 1820.8457658562675 15397.12294230617
7619 916.2311018590598 15524.833576364876
7620 1224.7019639540292 16266.320132980567
7621 3356.775405496524 16541.65111266227
7622 2354.6182346158575 15387.439437531664
7623 3173.91447908467 16691.855849511776
7624 2511.7213758287253 15379.983054558359
7625 2797.804776770424 14601.08066836467
7626 3390.63736097538 17427.488773543886
7627 2511.86247710389 15372.528173998777
7629 2893.9258255755876 15417.409640148015
7630 2658.5732187710905 16359.034589637438
7631 1440.2887653843052 15644.252939305063
7632 2905.863590076875 16575.393502291823
7633 2166.562789827399 16671.89922132882
7635 1831.410893070373 16207.68546500319
7636 4281.014690674172 16029.191102021236
7638 3694.798013063209 15302.128903067545
7639 1835.861184565089 17341.54518091619
7640 3839.3317019255005 15213.416132520226
7642 2960.096121679581 16362.013663536016
7643 3628.7670854813737 16353.8208183229
7644 2336.073172923889 15875.552717171702
7645 1617.407806687883 16732.6126810548
7646 4160.4006513965105 17038.70353635734
7647 3770.773408587752 16886.048822624078
7648 1021.1464137928153 15677.85594396434
7649 2911.2918188101626 16960.606647095912
7650 997.7881331686534 15693.614551992876
7652 4057.0019042650315 15657.618631804067
7653 849.7049278301901 15779.394016189723
7654 2456.7874050736373 17025.434740275003
7655 3564.4020453916446 15342.639561681946
7656 4128.885623010996 16982.915000205594
7657 2392.1200409582652 15388.005230591305
7658 4111.831962582984 15637.9888055397
7659 3900.3201414021946 15761.497729130062
7660 1923.9493734054959 15378.768293167019
7661 3457.928453123029 16068.901774084527
7662 3619.044466368382 15977.287622476577
7663 4231.4041488056755 15570.813583534717
7664 3150.3969364165664 16629.198576227933
7665 4134.347318470034 15625.339759988112
7666 1876.4943080173123 16355.58503299286
7667 4157.430452443634 15774.536123619551
7668 3231.497935406224 16813.0520262376
7670 3962.6195808678403 16990.692777583117
7671 3827.518999358775 15204.68105869879
7672 1031.5324014976077 16853.33646523268
7673 3451.9229697552178 15416.487513608177
7674 1826.4216273422082 16875.706474962048
7675 1335.4826196914214 15671.00906126113
7676 3758.058011644046 17134.36849964154
7677 2366.1310141479107 17101.186229075593
7678 4194.884662027886 16502.251859401298
7679 3178.0606455271823 15587.948339646506
7681 3045.2925309912994 15018.034180664634
7682 3707.1565772294757 15288.886204983542
7683 1111.0321737279903 15483.267681743411
7684 2040.4389925911994 16743.445099196953
7685 3332.3616527535582 15508.025977151294
7686 2505.3227527273866 15379.911815449463
7687 3577.8762035911673 17583.334843823566
7688 2822.180239466271 15441.40489145437
7689 2106.3618292563256 15252.021826946824
7690 3180.070789812071 16202.433259787404
7691 1605.583866019552 15447.805356352625
7692 3865.1815477845794 15285.018051775414
7693 3177.301572934294 15408.033432616307
7694 3841.4077091685253 15242.997346054199
7695 2284.613777233979 16602.940756689746
7696 1730.746180386311 16381.908594629123
7697 2946.9470615901164 17199.412126450905
7698 3620.579503141783 16177.326208906261
7699 4023.232334065397 15115.330321636262
7700 3177.3928912554015 15254.597652991293
7701 2825.5596395302296 15862.375018893104
7702 4099.112766333718 16926.93008732467
7703 3128.5024929405076 14971.566804320837
7705 1144.7167709548007 16710.937884607414
7706 4402.220644934596 15013.735117956983
7707 2077.3344363908345 17457.190985195346
7708 2472.9431847978826 16714.799759699148
7709 870.770380430695 15119.81966166248
7710 2270.1518766164036 16940.25120068926
7711 3048.477999919182 14374.509998806927
7712 3430.801142437716 15427.930231879025
7713 3655.35738805638 16593.52931390339
7714 3626.7904754062974 17353.582924976774
7715 2944.262224364957 15158.200172581503
7716 4230.322807002356 17407.06385104557
7717 1127.4100235436665 16796.03540924154
7718 3517.7514379816516 15590.634232103706
7719 3589.1615799269157 16821.02499258113
7720 2309.074807157356 15646.569627628329
7721 2856.800628336174 15155.385455402034
7722 1499.2483179613866 15796.012379291642
7723 3071.5911810454454 14356.958864821856
7724 3273.9188838859072 16792.92823472469
7725 1063.3626060173328 15676.38224647674
7726 3747.322142616511 15800.660357848814
7727 3976.318127763772 16183.340022354028
7728 3727.419302370232 15707.507661511036
7729 1958.9819738440606 17619.913923427906
7730 851.1401729372113 15730.517758986467
7732 3774.4344736842104 15844.652105263158
