5597 4997.4386461157155 16307.585610927033
5809 4272.489440467039 16463.810625941675
5831 4187.460970260474 16509.466971122572
5897 2817.3894448841934 15400.505676620962
6087 2802.394051620192 15400.141140346599
6131 2734.914836936569 15398.500728449126
6161 2809.8917238010913 15400.323407889377
6175 2742.412537847308 15398.682996690322
6204 2749.9102917982527 15398.865266220919
6205 2794.896376527843 15399.958872733047
6216 2764.905647205988 15399.229801574998
6265 2719.9195121799794 15398.136193840171
6281 2757.407973009767 15399.04753398323
6290 2779.9010137868486 15399.594337200695
6295 2683.0910554690386 15397.20451464628
6327 2675.592743400271 15397.005577055505
6383 2787.398713301235 15399.776605407947
6408 2690.589340921091 15397.403451530889
6431 2623.1046645732745 15395.613016723188
6486 2772.4033118390694 15399.412068934289
6500 2630.60296153627 15395.811953913191
6507 2638.1012415319674 15396.010890653039
6518 2645.599572559813 15396.209828746816
6565 2712.4218469967723 15397.953926467508
6596 2608.1080511335354 15395.215141825458
6619 2615.6063470412673 15395.414078987465
6629 2600.6097556800646 15395.016204675501
6630 2727.4171745040053 15398.31846114333
6646 2795.0500439696266 15393.558871361498
6680 2585.6130957944324 15394.618328545517
6684 2787.5502874507406 15393.376601840475
6690 2593.1113896596007 15394.817265653335
6692 2780.0505932782025 15393.19433383468
6712 2668.094462697141 15396.806640296889
6716 2563.1182485913737 15394.021518134534
6733 2660.59618626526 15396.607703651594
6739 2474.628311488753 15388.952402943893
6747 2772.5508968533513 15393.012065774145
6751 2242.1129755405314 15385.694415638609
6755 2482.129021363009 15389.038509039343
6761 2533.1250168395254 15393.225768209806
6763 2653.0978719291024 15396.408766000663
6780 2459.626820433819 15388.780189934416
6807 2817.5490992563814 15394.105674717082
6816 2414.6223292208356 15388.263550698795
6873 2802.5497576785883 15393.741139842094
6879 2810.049430907254 15393.923407338883
6880 1118.1475117053726 16875.140703131266
6908 2578.1148202569902 15394.419391923953
6910 2437.1245685712456 15388.521870244787
6913 2467.1275298748506 15388.866296024893
6952 2407.121565086599 15388.177443980456
6994 2324.6167921266187 15386.974097738686
7011 2429.6238314334773 15388.43576383636
7013 1007.8517416943132 17048.706336056955
7037 3044.745288499035 17400.2749321126
7050 2339.6174897480287 15387.206767268766
7052 2347.11784377033 15387.32310211464
7062 2317.1164667735866 15386.85776333749
7069 1576.4521615545973 15587.625065428834
7071 2570.6165394676523 15394.220455163051
7115 2309.61607918752 15386.741427971023
7116 1613.740180610811 16887.09421188795
7118 2555.619929437252 15393.822580355776
7119 2272.114358407118 15386.159754506805
7143 2137.9732013277453 15385.38810343498
7145 2287.115060139299 15386.392424100644
7151 1456.4702327344223 15689.524778854631
7158 2279.61469000308 15386.276089004834
7171 1228.827895518857 16264.03394985666
7172 3995.301522541065 17968.621199533427
7177 2540.6232918051683 15393.4247048162
7184 891.027509120728 15752.724110166564
7195 2294.6153599625004 15386.50875810586
7196 1409.0133605028507 16561.504425793657
7197 2264.6140390350324 15386.043420198375
7198 2302.1157119096133 15386.625092919547
7200 2548.1216336610055 15393.623643197257
7209 1393.7842751689159 16172.631442226206
7237 2257.1137334847267 15385.92708610433
7240 1452.936979635658 16535.749331988714
7242 3064.498696168058 15400.33691888336
7256 2234.6126436699406 15385.578081136322
7263 2145.479474815307 15385.543396645171
7269 2152.9857120085394 15385.698689104489
7271 2384.6195142583483 15387.904774798793
7272 2542.971424485246 15416.048703001257
7273 2227.1123229734635 15385.46174680735
7274 2160.4919824575204 15385.853982251816
7278 1430.5931539717687 16549.107204235454
7280 2249.6133343672086 15385.810750559003
7283 1256.5908505827936 15807.62709583384
7290 2452.126090600901 15388.694083609846
7293 2437.3906393125167 15418.328244417224
7294 1823.5185640737488 16357.305203332915
7296 2954.6853987457775 15398.948720122056
7303 2220.556929643685 15416.77264145063
7313 2914.4236074349433 15399.576629800662
7318 2398.765943102651 15762.123425207938
7323 3870.316203459694 15241.13438573701
7330 2832.0551401712573 15435.870756931314
7335 2377.119176225221 15387.78844020092
7339 2976.3615014516377 16368.42925598211
7340 2167.9982865644174 15386.009276095474
7341 2847.7647856423173 15403.239136028023
7343 2357.1279008116253 16367.686465085228
7345 3345.27147549411 15522.288086986826
7348 2187.210945965994 15420.3072986267
7351 2349.511516310527 16367.591268839777
7352 2838.386329107106 16371.38216999454
7353 2215.6529199136407 15413.562697582243
7354 3154.381487006319 16859.468260991067
7356 2592.5344446382346 17411.956461154863
7360 2096.197965670389 15384.690694169954
7361 1851.395077991838 16865.49618358077
7363 2878.92391527016 15416.925836531113
7364 3189.6234893032124 15606.992388673183
7371 2376.251982319396 16367.925494608615
7372 2254.8024313783153 16365.525960413037
7373 2898.5856987393895 16358.283125660353
7376 3993.9433285971854 16879.219057811904
7380 2422.123106236899 15388.349657565015
7381 2832.7309817784335 15421.350373168554
7382 2817.469252457677 15397.305676275013
7383 1478.5143831056648 16520.66929120112
7389 3370.4385542220375 15911.511831316184
7391 4195.954624821957 15163.2319414829
7394 2455.3829244284702 15678.56244652125
7401 2870.907327428701 15396.121096290539
7404 2292.4909378978814 16366.322690214312
7408 1466.351948389955 16527.82195454918
7417 3292.4463107759198 16873.62198602412
7424 3904.8333323098745 15159.406731419815
7430 2081.181141982029 15384.701097234512
7432 3204.803776211607 15631.99438071962
7434 2257.321589869021 15416.846448633418
7436 2809.970184338803 15397.123407258236
7443 2390.5693690496396 16368.104445850004
7445 2122.960742380455 15385.077518835757
7448 2447.016031585092 16368.809965685668
7449 2424.5148683949456 16368.52872643709
7452 2088.6895059375265 15384.695895735409
7453 2417.014456189455 16368.434979714984
7454 2830.7097954319756 15464.175977683657
7460 2871.3116696275083 15419.886240466869
7462 2824.011573093373 15609.051325580282
7463 2366.2560024397476 16367.800556095595
7467 2130.4669790400344 15385.232811284035
7473 2334.1626285272223 16574.633977251466
7474 3612.123743726149 15962.399044980486
7476 1854.6249999035551 16871.016254663482
7477 3238.5032707027267 16777.008728970253
7478 2369.6188550518286 15387.672105864553
7485 4996.099799110743 16312.647803136248
7488 2454.516379865264 16368.903711608782
7493 2863.819776802471 15419.651346137372
7495 2848.2681312027003 15547.486731563054
7497 2471.040745989536 16369.184821787287
7498 1002.9190453855662 15638.142352824105
7499 2058.656011414052 15384.716701758633
7504 2793.9320986286953 15396.733592675004
7506 2401.3697654253756 16368.23943866506
7508 2036.1307770603044 15384.732306354652
7509 2831.4419359431936 15448.772194410365
7511 2801.431851138 15396.91587832627
7513 3344.092745176447 15256.867991164465
7514 1504.2739124916077 15863.833112485312
7515 2865.000846750086 15399.285861926095
7518 3082.313812433375 16470.653523678666
7521 2829.94148050643 15480.34084824799
7522 2886.4252623079287 15417.158244778164
7523 1336.6283540188197 15316.6080431386
7524 1415.1123142358965 15592.213832304815
7528 2439.5156349402605 16368.716219158052
7530 2796.0689890071735 16360.83103135586
7531 2833.5573255708505 15116.473212717949
7533 3007.055730563748 15406.466413258575
7536 1773.4708608001795 15398.880984691486
7543 2872.5006957300325 15399.329788291885
7544 2234.1743101930847 15413.599902312806
7545 3600.165174795177 15940.089020103751
7546 2073.672767608722 15384.706298740834
7547 3051.1878174367034 15677.453545418733
7550 4125.8023749829545 16971.07230186621
7551 1833.663178655053 15500.565244564972
7553 2871.4224944136104 15416.693425996995
7554 4161.23764728406 15294.728368382908
7555 3618.3635648335585 15915.175241266454
7556 2863.921146631703 15416.46101772689
7557 3601.7395684416924 16396.302217935925
7559 2021.1071047634116 15384.742714163656
7560 3416.5487289845814 17035.061604455488
7561 2829.257806044296 15494.724935841601
7562 2833.529380822589 15405.88224284107
7563 2066.1643823877926 15384.711500254667
7565 2837.061601142115 16368.217104088326
7566 2432.0152965537645 16368.622473358599
7567 2378.923640989326 16681.210848493767
7568 2878.803557868367 15420.121134652638
7569 2901.41752301261 15417.855660856996
7570 2013.3405008482478 15384.748094561242
7572 2900.670597758856 16584.648777535625
7573 2806.9505832924315 16370.755169896054
7574 3433.073178222303 16068.829338325731
7576 1632.6306370413022 15424.748346088747
7577 2399.6207751005063 15388.091336965344
7579 3342.603081213842 17341.236374846983
7583 3074.2887814858263 15409.997626334769
7584 3173.3204104398874 15580.141153875515
7585 2893.7864707124363 15420.609565138006
7586 1656.661795239813 16331.049919679452
7587 2833.972088334573 16353.432320564332
7588 3273.3644611370255 16843.92675007515
7589 1627.3282461725844 15420.824636774241
7592 2409.440039844424 16368.340308024312
7594 2362.118532514853 15387.555771507034
7595 2682.4616226038647 16638.296098206367
7598 2444.625362622905 15388.60797730657
7599 3142.3912819948923 16641.52038752416
7601 3035.4016031599763 15409.80614248581
7602 2790.4934752212953 16357.687456512818
7603 2332.11709248555 15387.09043175221
7604 4040.260603791355 16953.194186576675
7605 1915.9846096321453 16596.958045795833
7606 2771.2191407865566 15396.18154161634
7609 2496.0362928777454 15599.73557648776
7611 3160.2231527014974 15572.37100095422
7612 3459.221505895635 16071.106995430398
7614 2908.9092060644466 15418.301680709548
7615 2285.430496430658 15413.702862866516
7616 3822.523380216172 15211.753235023654
7617 2051.1475812304516 15384.721903303616
7618 1412.4215172226875 15562.482961132835
7619 1575.3940259968315 15461.87017490561
7622 2354.6182346158575 15387.439437531664
7623 4164.912462777619 16079.278791222843
7624 2786.396161293945 15396.55042753145
7625 2860.0580579329176 15201.822126121602
7627 2778.8971270922157 15396.368159339047
7629 2893.9258255755876 15417.409640148015
7630 3410.001027058368 16080.817342641838
7631 2257.6757837679747 15393.49482631322
7633 2635.2138968838626 16235.47018792891
7635 1849.5894706538645 15408.75100579283
7636 3818.041212100752 16658.31593303766
7638 2725.587384883851 15412.70468736815
7639 1830.5718055692569 16654.984415679064
7642 3310.3630372697494 16901.073209579445
7646 3804.8286239291983 16643.120798923454
7647 3265.3403194079397 17184.392332262152
7648 1965.0302841957828 15382.999878626826
7650 1988.0774969861775 15384.765595776249
7652 3612.259241320054 15318.710195755046
7653 1865.6734987779973 15385.43129479597
7654 3264.464749450579 16574.61511296529
7656 3786.9470906574456 16614.350651619476
7657 2392.1200409582652 15388.005230591305
7658 3648.8187344002863 15320.608668193701
7659 2987.3397975031776 16326.340765476994
7660 2043.6391421588908 15384.727104854757
7661 3091.850023252917 15511.121648465509
7662 2888.6122236120027 16370.083670836077
7663 3802.3788881579144 15236.910725365411
7664 3372.184578393623 16736.884374973168
7665 3464.6675958788483 16061.469607890442
7666 1412.9762150692925 16163.54708330584
7667 3663.0356747643764 16379.99764730815
7668 3613.1671345403397 16333.336521738764
7670 3650.1236810798964 16395.48564792656
7671 3726.437164452265 15859.827305013938
7672 1462.0387385787249 16518.388208410808
7673 1944.437976588075 15396.659325497176
7674 1414.852201473976 16279.296909165923
7675 2003.5983143913847 15384.754843564675
7676 3894.548325846752 16661.402257112484
7678 4262.029414952793 15982.327839713145
7679 3659.730167348091 15891.522297259404
7681 2849.2366151722395 15387.759345206758
7682 3398.4090785607755 15963.06439184533
7683 1210.5205478251771 15679.314305485881
7684 2688.3152479954765 16358.730872271813
7686 2339.419708832768 16257.25704570264
7687 3238.5450739229364 16802.951245186505
7688 2579.236562420172 15413.397269087996
7690 4062.6889333010963 15657.896684955438
7691 581.8555219242695 15998.01497792955
7693 2880.0006203944727 15399.373715100954
7694 3232.4225034200927 15677.485782691994
7695 2781.01880813001 16357.784209189222
7696 2409.6850427069267 16357.38451251505
7698 2959.884616768969 16544.170005432654
7699 2918.803801888473 15422.094722913176
7700 2857.021327198729 15175.021066143636
7701 2478.539218433736 16369.370808531114
7702 3831.4440048475644 16685.94310157143
7703 2852.4366155818598 15387.839329806195
7704 2763.7200393897842 15395.999271790724
7705 1442.7463997428858 16529.855265554485
7706 3334.8254222749947 15427.951789022056
7707 2310.6443135979075 17440.44889058618
7708 2303.412091646838 15772.130926844955
7709 898.3681405550989 15481.014503670229
7710 1861.327251702244 17365.772201599542
7711 3444.786356012133 14594.511083185902
7712 2886.29548363503 15420.35603001496
7713 3496.4130715018177 16133.924974173078
7714 3222.4712576692336 16770.733625755922
7715 2849.4360513472034 15380.26111214519
7716 4177.964074548898 17068.998562883724
7717 1529.4828421412199 16478.6302641193
7718 3578.2207459373208 15358.953793157129
7719 3513.9923637503757 16456.303958274115
7720 2344.2896824581962 16331.497938083525
7721 3240.353102067761 15359.146049859544
7722 1820.26557674789 16333.661165307114
7723 3482.379315471598 14651.082107237527
7724 3752.688441954926 16553.180211167528
7725 1187.8868235162015 15519.749637302206
7726 3696.8950091856027 15306.011791920075
7727 3942.0411107022674 15731.585438656071
7728 3618.7362251616523 15336.946554142638
7729 2283.386566189359 17120.04345887944
7730 1151.2530844071514 15672.701208528377
7732 3454.9440460531528 16059.457357308338
7733 2215.459966507334 15403.962012005044
7734 2830.660913139139 16339.971803540848
7735 3126.4836602185405 15586.935804056011
7736 1754.1083951128717 16383.11856735933
7737 3619.043420282587 15955.696429155729
7738 3958.99327230893 16213.317357390566
7739 1847.3071890138829 15710.369988541197
7740 974.625587874227 16048.771896204182
7741 3314.5339398940378 16918.692523068996
7742 3327.5873346103945 17312.790371287625
7743 3427.4537504099776 17316.64051749909
7744 2066.881429758111 16361.553336499199
7745 3594.676878923311 15916.304056144218
7746 4311.395270777463 17100.951392021925
7747 3580.4849943615723 15893.337553981853
7748 2028.6223237644626 15384.737507915646
7749 3852.1838891016573 17263.992961653348
7751 3690.4419550033936 17073.98202581986
7752 1424.383789827062 16540.875118967066
7753 3996.477430090043 16192.696940434573
7754 1053.705261312674 16902.09933570833
7755 3001.519667534536 17483.133054573962
7756 3432.945839880009 14576.694909269096
7757 2136.9170573738284 16353.984046837553
7758 2256.576048501826 17139.057005046834
7759 2025.9081616702263 16751.668526032656
7761 1672.5733692353786 17095.300173506927
7762 2778.391110239864 17583.109197482667
7763 3038.076976557043 15425.328980140172
7764 2887.500470967412 15399.417641476073
7765 1857.6513826986343 16301.817715756486
7766 3349.0177125179844 17356.9757729636
7767 4334.471350461606 17326.52782753583
7768 2852.6360635656256 15380.340652767258
7769 1800.3136221200452 16315.207434378432
7770 2345.542485594497 16129.346536046423
7771 3269.0230308833643 15403.930918543992
7772 3451.5143660324834 16051.677649236997
7773 2339.2885101403563 16174.994255070178
7774 4175.060121738406 16883.064361431698
7775 4030.392873477357 15545.668777046194
7776 1112.934869746447 17030.18653796869
7777 3703.1946425904057 16130.1512790606
7778 2923.5624765717384 16980.07780309848
7779 1840.7933178031271 16798.140399892007
7780 4223.053163436955 16275.341421344978
7781 2574.516288042208 17421.517772003222
7782 4148.29320011114 16139.479443234015
7783 4576.550882217565 17136.29608735875
7785 3482.9123811523236 15734.371871554365
7786 2316.5650820118512 17013.439249886782
7787 2928.864537529162 15079.969656069658
7788 3414.8358500259255 15250.181429395483
7789 1054.6008639297656 16443.939858579713
7790 1302.3741991599638 15775.644107030499
7791 1425.2312620281587 16418.543857325647
7792 2671.8514395090424 14785.99462160975
7793 3915.948032310146 17226.24821743532
7794 2702.722732900049 15231.205111994412
7795 840.0871905928934 16639.986137360924
7796 2952.3526090102514 15087.150616833236
7797 3133.905592629625 16975.707551472668
7799 1414.856292715904 15999.296104509203
7800 3523.8527511549682 17436.796148130827
7801 3707.2867300164776 17537.37727012482
