5597 4485.14615189638 16667.639416686296
5630 4293.712513140342 16903.831272257914
5787 4268.940911086163 16924.579133706655
5809 4008.0467333678357 16600.808627826576
5831 4065.6454445289046 16569.969781966232
5897 2817.3894448841934 15400.505676620962
6087 2802.394051620192 15400.141140346599
6131 2734.914836936569 15398.500728449126
6161 2809.8917238010913 15400.323407889377
6175 2742.412537847308 15398.682996690322
6204 2749.9102917982527 15398.865266220919
6205 2794.896376527843 15399.958872733047
6216 2764.905647205988 15399.229801574998
6265 2719.9195121799794 15398.136193840171
6281 2757.407973009767 15399.04753398323
6290 2779.9010137868486 15399.594337200695
6295 2683.0910554690386 15397.20451464628
6327 2675.592743400271 15397.005577055505
6383 2787.398713301235 15399.776605407947
6408 2690.589340921091 15397.403451530889
6431 2623.1046645732745 15395.613016723188
6486 2772.4033118390694 15399.412068934289
6500 2630.60296153627 15395.811953913191
6507 2638.1012415319674 15396.010890653039
6518 2645.599572559813 15396.209828746816
6565 2712.4218469967723 15397.953926467508
6596 2608.1080511335354 15395.215141825458
6619 2615.6063470412673 15395.414078987465
6629 2600.6097556800646 15395.016204675501
6630 2727.4171745040053 15398.31846114333
6646 2795.0500439696266 15393.558871361498
6680 2585.6130957944324 15394.618328545517
6684 2787.5502874507406 15393.376601840475
6690 2593.1113896596007 15394.817265653335
6692 2780.0505932782025 15393.19433383468
6712 2668.094462697141 15396.806640296889
6716 2563.1182485913737 15394.021518134534
6733 2660.59618626526 15396.607703651594
6739 2474.628311488753 15388.952402943893
6747 2772.5508968533513 15393.012065774145
6751 2242.109468622733 15385.69436124428
6755 2482.129021363009 15389.038509039343
6761 2533.1250168395254 15393.225768209806
6763 2653.0978719291024 15396.408766000663
6780 2459.626820433819 15388.780189934416
6807 2817.5490992563814 15394.105674717082
6816 2414.6223292208356 15388.263550698795
6873 2802.5497576785883 15393.741139842094
6879 2810.049430907254 15393.923407338883
6880 1022.0692774986356 16811.195771526945
6908 2578.1148202569902 15394.419391923953
6910 2437.1245685712456 15388.521870244787
6913 2467.1275298748506 15388.866296024893
6920 1448.7155418101804 16546.097953250894
6935 962.1300180832422 16803.416251574403
6952 2407.121565086599 15388.177443980456
6994 2324.6167921266187 15386.974097738686
7011 2429.6238314334773 15388.43576383636
7013 1031.0645535616702 16842.654784680664
7037 2813.933626981991 17319.195170805782
7049 1737.102349659833 15747.61729756093
7050 2339.6174897480287 15387.206767268766
7052 2347.11784377033 15387.32310211464
7062 2317.1164667735866 15386.85776333749
7069 1841.4205153381474 15603.430313125167
7071 2570.6165394676523 15394.220455163051
7115 2309.61607918752 15386.741427971023
7116 1449.1156384470235 16567.210130744235
7118 2555.619929437252 15393.822580355776
7119 2272.114208332408 15386.159752179059
7143 2137.9539683028434 15385.387705533387
7145 2287.1149583562733 15386.39242252193
7151 1424.4436099691052 16410.14002905412
7158 2279.6145560374807 15386.27608692695
7171 1410.6506467762517 16315.454897173753
7172 3584.259361548543 17276.129815048225
7177 2540.6232918051683 15393.4247048162
7184 1486.112869292118 15580.583745761649
7195 2294.6153599625004 15386.50875810586
7196 1686.6777639667707 16410.932344612505
7197 2264.613894535806 15386.04341795711
7198 2302.1157119096133 15386.625092919547
7200 2548.1216336610055 15393.623643197257
7209 1474.6340484283478 16522.95129544397
7237 2257.1130654812655 15385.927075743208
7240 1797.2976879707323 16365.740043766507
7242 2832.4824752169498 15426.87989202483
7246 1853.2583942922395 16188.41223200058
7256 2234.571450606106 15385.577442207983
7258 1954.742966780608 16711.57535539858
7263 2145.4749258398556 15385.543302533892
7269 2152.985485955448 15385.6986844278
7271 2384.6195142583483 15387.904774798793
7272 2822.5363570007535 15433.91239891101
7273 2227.0352395738414 15385.460551199065
7274 2160.4919824575204 15385.853982251816
7278 1753.3514001458673 16383.430812536873
7280 2249.6114899351846 15385.810721950791
7283 1414.9240914896961 15651.645076888793
7290 2452.126090600901 15388.694083609846
7293 2822.8924744474953 15426.419908213671
7294 2214.6913009204995 16364.67801667767
7296 2831.7702376603843 15441.864929449104
7298 3114.005895036128 15143.417522383454
7303 2526.980912871498 15412.60517195223
7313 2831.4141186109528 15449.357453866047
7318 2526.901262026683 15415.805173279277
7323 3328.571921982845 15407.585416083857
7328 2830.9533143645676 16134.15426495493
7330 2829.6335238333686 15486.820066071221
7335 2377.119176225221 15387.78844020092
7338 810.6051213810795 16497.226961440745
7339 2831.428114042677 16090.593501587553
7340 2167.9982865644174 15386.009276095474
7341 2830.701881816647 15464.342475252855
7343 2372.142230910741 16367.874127335364
7345 3082.2484654945456 15595.300409040054
7348 2335.472988072682 15845.167990304226
7351 2364.5586173641855 16367.779340690013
7352 3144.5854423681512 16642.482808830842
7353 2527.0705948123646 15409.40517241807
7354 3143.890190698783 16624.792596398132
7356 2764.114027233505 17260.44995952695
7360 2096.187369996827 15384.69070151022
7361 2121.9577022652275 16710.17549645271
7363 2878.92391527016 15416.925836531113
7364 2870.8989930486487 15599.475050166544
7371 2387.941525760848 16368.071600762589
7372 2349.5118493239183 16367.59127300207
7373 2829.5784883036267 15958.749026629432
7376 3633.6099087251714 16362.160583108032
7380 2422.123106236899 15388.349657565015
7381 2829.98964278885 15479.327543630943
7382 2817.469252457677 15397.305676275013
7383 1856.6193141430583 16355.342160830638
7389 3154.9298415441763 15574.51997303584
7391 4178.080487981109 15326.660339129961
7394 2624.5478512723053 15417.284924762358
7401 2831.058000343745 15456.849961825492
7403 1315.9764450801363 16886.035471756582
7404 2357.021631008483 16367.685136832135
7408 1823.3957615513034 16357.322592662535
7412 2382.221233152502 17509.849435851975
7417 3135.8842486954904 16611.89981401252
7419 3239.970301190782 15358.516086211603
7421 3014.492559368823 14405.36544770967
7424 3267.2606263051066 15407.117702896565
7430 2078.9230474022247 15384.702661553583
7432 2903.5708357327394 15599.371732991449
7434 2534.4925016197894 15412.719033476944
7435 3294.016785417632 14369.583371819157
7436 2809.970184338803 15397.123407258236
7439 2649.1983170880394 15454.265812327481
7443 2397.140954032159 16368.186583275827
7445 2121.611972698892 15385.049614873291
7448 2454.5276532240073 16368.903852513095
7449 2432.015190320263 16368.622472030798
7452 2088.1768252730144 15384.6962509004
7453 2424.2172315512134 16368.525006311089
7454 2828.921288830089 15501.805049775952
7460 2871.3116696275083 15419.886240466869
7462 2806.4390880659307 16223.269888670604
7463 2379.936526576424 16367.971547270401
7467 2130.0322624005103 15385.223817667882
7473 2352.0490760739654 15906.556356351372
7474 3155.743977205613 16215.382061662809
7475 2197.295921319351 15591.982383071952
7476 2045.3537044499594 16760.76325072681
7477 2969.6289648019397 16365.009486889225
7478 2369.6188550518286 15387.672105864553
7484 4002.819032062694 15323.862722886597
7485 4868.30179055341 15719.61982086797
7487 3497.8295313816825 16861.986622239947
7488 2471.040732350735 16369.184821449
7492 2854.1817923407175 16782.9573243982
7493 2863.819776802471 15419.651346137372
7494 1861.3175173829588 15780.60309007392
7495 2832.126357046319 15434.372397952347
7497 2478.539269199908 16369.370809790282
7498 964.238868743713 15715.342047230712
7499 2030.9021017144094 15384.73592857519
7500 4453.446664907214 16346.278061310359
7504 2793.9320986286953 15396.733592675004
7506 2407.5026782604396 16368.316093182106
7507 3841.83063166058 15642.415923871598
7508 1963.7144782159835 15382.86032344715
7509 2829.2774062495923 15494.312559651691
7511 2801.431851138 15396.91587832627
7513 3230.674781901466 15403.638863706092
7514 1492.7380724238203 15831.206578978194
7515 2865.000846750086 15399.285861926095
7518 2711.41488453839 16361.695377940185
7519 3328.548968512634 16970.720531805928
7521 2828.565171596364 15509.29753599155
7522 2886.4252623079287 15417.158244778164
7523 1442.4050662831735 15614.324261860424
7524 1437.2021002439064 15645.162422981444
7527 4352.550107238494 16800.502892335076
7528 2447.0201771732723 16368.810017500862
7530 2796.018886424109 16357.631032543833
7531 2826.0924088426327 15426.569949036815
7533 2383.965912259335 15394.885531231093
7536 2566.0963966420722 15409.42942600247
7537 1461.8834117065883 15597.94410028335
7542 3842.377814058727 17269.9505687938
7543 2872.5006957300325 15399.329788291885
7544 2708.287974079602 15411.967135311688
7545 3197.192138919802 16193.319819361723
7546 2067.495502887824 15384.710578106764
7547 2846.292380086516 15575.775356584754
7549 2640.126363194816 16351.077331623108
7550 3737.1195489775723 16528.26242705944
7551 1835.5420684202893 16154.807752354951
7552 4577.350828678799 16128.47128876321
7553 2871.4224944136104 15416.693425996995
7554 4177.721838777352 15589.501683815388
7555 3275.212661579664 16151.790651258954
7556 2863.921146631703 15416.46101772689
7557 3146.6292427440935 16623.13117259451
7558 1001.9827236084043 15045.08372629421
7559 1837.2391718906606 15383.071761511621
7560 3148.2020243157704 16631.807274145856
7561 2828.2090495806856 15516.790122816494
7562 2830.345762028193 15471.83501521838
7563 2050.7010961339793 15384.722212610923
7565 2837.061601142115 16368.217104088326
7566 2439.515711090716 16368.716220109847
7567 2813.5010304744546 16612.300742510466
7568 2878.8100074314125 15420.121336866661
7569 2901.41752301261 15417.855660856996
7570 1829.7342416235394 15382.934996184807
7572 2796.0689362552307 16360.831031894473
7573 3162.757184286125 16648.61797409581
7574 2950.128392154832 16326.45758412107
7576 1893.3338182932368 15402.504886650482
7577 2399.6207751005063 15388.091336965344
7579 2866.2717596132406 17398.08218822984
7581 4456.066440749439 15920.16828990355
7582 4625.803113875514 15692.408809016466
7583 2374.4698422852 15397.981528590135
7584 2851.4344141667516 15599.536602412738
7585 3010.28434094921 15424.870870910549
7586 2105.643974824649 16362.372771326412
7587 2833.8688349799263 15715.175429035105
7588 3104.5882448803277 16561.500677151136
7589 1897.422694594955 15396.161960964273
7592 2415.988020212606 16368.422150418986
7594 2362.118532514853 15387.555771507034
7595 3042.863869726527 16461.10232706316
7596 2765.005031738356 17080.246286539736
7598 2444.625362622905 15388.60797730657
7599 2612.7425563852757 16932.554927747227
7601 2336.5998292755285 15397.564484323855
7602 2741.3174662966353 16358.18962829706
7603 2332.11709248555 15387.09043175221
7604 3280.339684266949 17366.843816406483
7605 1788.5224204047045 16309.902432081937
7606 2593.9302473263624 15391.636602963774
7608 2643.075764543955 15597.106601465524
7609 2810.1972448207 15416.409883302007
7611 2845.327530588867 15589.589984053668
7612 3588.128568204906 16290.217922673255
7613 3440.5809716487092 15676.336050923952
7614 2908.9092060644466 15418.301680709548
7615 2757.053855834991 15412.561584895358
7616 4057.888043447387 15624.218179350182
7617 2009.2552515916284 15384.750924661177
7618 1451.0931254835584 15609.683359535231
7619 1048.5754734352913 15678.522138272265
7620 1045.5626663023606 16396.32521968227
7621 3149.160142801589 16664.19996307232
7622 2354.6182346158575 15387.439437531664
7623 3491.886127204618 16455.71112869668
7624 2649.5899123663085 15393.113308596307
7625 2655.7249999527176 14762.320375590823
7627 2620.2157877608142 15392.333984192817
7629 2893.9258255755876 15417.409640148015
7630 2905.7800635571266 16348.357993305122
7631 1515.6334869599498 15530.45758382892
7632 2996.2699689018405 16725.17548560757
7633 2331.685618991106 16374.041574303408
7635 1847.628400847548 15616.922340712
7636 3844.3239141034346 16276.643615099023
7638 3383.0577188191337 15428.196534274544
7639 1827.6287682093396 16902.710895300206
7642 3139.933371647374 16618.42052838314
7643 3511.3318269170263 16508.439384296995
7646 4120.048589410366 16969.144569360407
7647 3536.2400314688034 17026.986366153284
7648 1401.8087942573245 15640.389473182413
7650 1484.4754106963624 15559.08805542344
7652 3868.027632467815 15290.048559842005
7653 1233.5359549550642 15680.866015620291
7654 2616.548513178816 16934.114439044708
7656 4113.783025227065 16961.873025227065
7657 2392.1200409582652 15388.005230591305
7658 3912.2441813034848 15368.204676535206
7659 3608.201784532866 15983.808139065737
7660 1984.3003181894335 15384.768212457091
7661 3248.7178307553177 15710.490521545902
7662 3099.489248813658 16255.245246830931
7663 4057.151780431895 15616.207334416586
7664 3151.825036915304 16631.36478515679
7665 3766.354048533507 15836.831272853744
7666 1499.180978246961 16508.515376211923
7667 4260.52037391454 16044.932365317145
7668 3205.7496027223424 16614.092642785414
7670 3945.426710741352 16837.7049220175
7671 4019.5999938011255 15532.87950886958
7672 1211.235802371162 16662.432084013082
7673 2787.8226784284934 15407.580557717785
7674 1568.1806806784984 16939.96571060304
7675 1776.429283534172 15381.963598749462
7676 4078.818297202222 16935.261103103097
7677 2253.623916508431 17336.46642764332
7678 4428.911033179687 16385.55278747393
7679 3438.7240819293697 16031.23464743309
7681 2855.2662914886887 15275.150140307378
7682 3224.635187578265 15541.227708002667
7683 945.668867828982 15574.780254332602
7684 2329.5382895755106 16538.525368355266
7686 2499.825734620296 15545.988791099693
7687 3657.904915611534 17421.635318360037
7688 2822.180239466271 15441.40489145437
7689 2102.8456961417573 15310.560484792824
7690 3612.2154432062416 15962.57012044059
7691 1049.5296386948542 15695.637855240617
7693 2932.4746997298507 15399.690899997677
7694 3517.8519335316996 15391.837108886755
7695 2357.8271073516075 16359.718506429052
7696 2168.4252959667583 16354.559879239256
7697 2802.7577178851034 17291.87970710283
7698 3324.762746175153 16339.97827678649
7699 3595.425328248761 15349.607964803066
7700 3059.1604159669514 15060.746787079266
7701 2809.4390097447176 16367.780718401367
7702 4090.647467670712 16931.81948036245
7703 2856.8162025830566 15156.771098471665
7704 2533.2095559205222 15390.025623326259
7705 1168.634949066578 16686.697346180914
7706 4110.849727626674 15066.630662478075
7707 2211.9583971488123 17614.24831081921
7708 2330.856005828077 16437.58930929893
7709 938.6534386933046 15267.163080302715
7710 1994.301692567481 17079.081420027287
7711 3260.481953929053 14312.807966774546
7712 2901.934546688538 15421.093276941772
7713 3735.30536305778 16547.33180335023
7714 3633.160768369507 17377.157268898427
7715 2875.364643219183 15211.877696249065
7716 4171.602673910788 17438.16884964679
7717 1350.5330596974381 16672.060692717674
7718 3758.816735204225 15456.602691209198
7719 3827.441265995988 16679.502972269926
7720 2394.5440083147823 15766.277438761184
7721 2934.138043210259 15399.705198079171
7722 1425.8472749058196 16268.660789600577
7723 3284.1499410755646 14348.769694790606
7724 3428.963943326666 16706.97888384518
7725 1416.3885324279943 15596.103894869431
7726 3828.964519378426 15646.42385465585
7727 4092.445007721984 16037.505478747742
7728 3836.7896958196375 15564.985823240899
7729 1838.2370934281182 17375.95546714059
7730 939.4442024750655 15582.167137482227
7732 3695.5871140330764 15877.628694808405
7733 2215.592564588515 15403.962278801988
7734 2841.0392937411875 15694.671746978278
7735 2849.1102760724666 15535.428977810763
7736 1878.9715289902447 16116.124157505708
7737 3708.3360898313763 15720.384994847798
7738 4466.325790176071 15941.647159862669
7739 1591.8605947051124 15860.755665649976
7740 817.596616727255 16139.144122833663
7741 3345.424200926068 17256.078244742606
7742 3166.0563937662782 17068.042765941893
7743 4090.362852875614 16956.805646910867
7744 2337.7274678726853 16346.181084822678
7745 3564.638939856909 15867.608485421188
7746 4257.587379636832 17122.00417797947
7747 3455.955413505815 15800.37489453901
7748 1943.532852241245 15380.71984796498
7749 3469.9792186450672 17476.147129135265
7751 3955.4563566377155 16936.584736550933
7752 1047.075805790405 16753.934029523407
7753 4551.427605660617 15894.643861700435
7754 1050.652245315171 17032.460027042085
7755 3309.5003696577696 17362.675175281307
7756 3250.4137975084423 14297.510159631935
7757 2298.495136696175 16366.449618144261
7759 1843.4618581806042 16689.569796139735
7761 1486.3104486474372 16727.473307607997
7762 2342.1250134726415 17878.19200778826
