5597 4942.164913465208 16349.984821254111
5809 4240.818302497712 16479.697542487283
5831 4220.111900220906 16493.43031585369
5897 2817.3894448841934 15400.505676620962
6087 2802.394051620192 15400.141140346599
6131 2734.914836936569 15398.500728449126
6161 2809.8917238010913 15400.323407889377
6175 2742.412537847308 15398.682996690322
6204 2749.9102917982527 15398.865266220919
6205 2794.896376527843 15399.958872733047
6216 2764.905647205988 15399.229801574998
6265 2719.9195121799794 15398.136193840171
6281 2757.407973009767 15399.04753398323
6290 2779.9010137868486 15399.594337200695
6295 2683.0910554690386 15397.20451464628
6327 2675.592743400271 15397.005577055505
6383 2787.398713301235 15399.776605407947
6408 2690.589340921091 15397.403451530889
6431 2623.1046645732745 15395.613016723188
6486 2772.4033118390694 15399.412068934289
6500 2630.60296153627 15395.811953913191
6507 2638.1012415319674 15396.010890653039
6518 2645.599572559813 15396.209828746816
6565 2712.4218469967723 15397.953926467508
6596 2608.1080511335354 15395.215141825458
6619 2615.6063470412673 15395.414078987465
6629 2600.6097556800646 15395.016204675501
6630 2727.4171745040053 15398.31846114333
6646 2795.0500439696266 15393.558871361498
6680 2585.6130957944324 15394.618328545517
6684 2787.5502874507406 15393.376601840475
6690 2593.1113896596007 15394.817265653335
6692 2780.0505932782025 15393.19433383468
6712 2668.094462697141 15396.806640296889
6716 2563.1182485913737 15394.021518134534
6733 2660.59618626526 15396.607703651594
6739 2474.628311488753 15388.952402943893
6747 2772.5508968533513 15393.012065774145
6751 2242.1129755405314 15385.694415638609
6755 2482.129021363009 15389.038509039343
6761 2533.1250168395254 15393.225768209806
6763 2653.0978719291024 15396.408766000663
6780 2459.626820433819 15388.780189934416
6807 2817.5490992563814 15394.105674717082
6816 2414.6223292208356 15388.263550698795
6873 2802.5497576785883 15393.741139842094
6879 2810.049430907254 15393.923407338883
6880 1151.3618514482978 16857.760236577844
6908 2578.1148202569902 15394.419391923953
6910 2437.1245685712456 15388.521870244787
6913 2467.1275298748506 15388.866296024893
6952 2407.121565086599 15388.177443980456
6994 2324.6167921266187 15386.974097738686
7011 2429.6238314334773 15388.43576383636
7013 1000.1843598339341 17030.54047593412
7037 3034.0037353692337 17432.471240220988
7049 1504.0764307958282 15860.96624249601
7050 2339.6174897480287 15387.206767268766
7052 2347.11784377033 15387.32310211464
7062 2317.1164667735866 15386.85776333749
7069 1616.7935783691375 15571.75568222205
7071 2570.6165394676523 15394.220455163051
7115 2309.61607918752 15386.741427971023
7116 1587.1038746761642 16902.534922999715
7118 2555.619929437252 15393.822580355776
7119 2272.114358407118 15386.159754506805
7143 2137.9732013277453 15385.38810343498
7145 2287.115060139299 15386.392424100644
7151 1481.0439488742732 15763.26243083034
7158 2279.61469000308 15386.276089004834
7171 1262.0803767580223 16245.608714187436
7172 3946.150621943965 17893.911716537248
7177 2540.6232918051683 15393.4247048162
7184 956.1813563874493 15725.488875229743
7195 2294.6153599625004 15386.50875810586
7196 1440.354929298424 16543.271294589704
7197 2264.6140390350324 15386.043420198375
7198 2302.1157119096133 15386.625092919547
7200 2548.1216336610055 15393.623643197257
7209 1412.7013950443072 16163.510843302545
7237 2257.1137334847267 15385.92708610433
7240 1467.1630485356995 16527.344950855455
7242 2996.9161319887653 15399.264063112221
7256 2234.6126436699406 15385.578081136322
7263 2145.479474815307 15385.543396645171
7269 2152.9857120085394 15385.698689104489
7271 2384.6195142583483 15387.904774798793
7272 2619.62765652812 15417.210363371878
7273 2227.1123229734635 15385.46174680735
7274 2160.4919824575204 15385.853982251816
7278 1455.0430468369984 16534.490255900233
7280 2249.6133343672086 15385.810750559003
7283 1244.1748457381777 15810.925971692503
7290 2452.126090600901 15388.694083609846
7293 2515.254956644833 15416.47933660674
7294 1851.8771532392802 16355.4703098394
7296 2897.6481086093436 15399.479885286097
7303 2254.579829909602 15416.840944391646
7313 2868.5644386292806 15399.307205263354
7318 2450.230372119474 15686.084592245223
7323 3852.2837615222047 15209.960219747974
7330 2831.2681191892734 15452.429191346919
7335 2377.119176225221 15387.78844020092
7339 2914.258221299152 16355.801242586056
7340 2167.9982865644174 15386.009276095474
7341 2833.4337838858696 15406.392771162697
7343 2363.516170477882 16367.766311275644
7345 3327.638633856194 15494.698970650983
7348 2187.5182941374183 15422.615802987193
7351 2350.8989128185785 16367.608609736695
7352 2844.7044542118047 16367.99926177899
7353 2242.0034482109095 15413.615629046388
7354 3191.196497558105 16839.05639460911
7356 2620.0384423435094 17396.70297274757
7360 2096.197965670389 15384.690694169954
7361 1851.395077991838 16865.49618358077
7363 2878.92391527016 15416.925836531113
7364 3172.612134523097 15578.974620664045
7371 2386.7995451900624 16368.05732728904
7372 2304.148532253943 16366.569130142354
7373 2858.5800582970523 16356.234653862854
7376 3935.940063957951 16821.281045994034
7380 2422.123106236899 15388.349657565015
7381 2831.944506348565 15438.198424095379
7382 2817.469252457677 15397.305676275013
7383 1482.8023528193353 16518.14755895544
7389 3331.1400719240264 15842.645545633944
7391 4222.408395004546 15167.141436133099
7394 2492.700234277817 15607.611133678662
7401 2843.4303408068145 15400.843124923964
7404 2330.0318622361797 16367.138432453325
7408 1475.8600798078758 16522.230272892408
7417 3263.8556368377635 16826.806433318154
7424 3852.5377629159207 15187.574171841055
7430 2081.181141982029 15384.701097234512
7432 3183.07455666982 15596.206270953486
7434 2317.3938923132378 15413.88250101866
7435 3095.7620963992354 14343.9243319819
7436 2809.970184338803 15397.123407258236
7439 2639.4700741023203 15908.430805886077
7443 2394.513244791728 16368.153739863865
7445 2122.960742380455 15385.077518835757
7448 2447.016031585092 16368.809965685668
7449 2424.5148683949456 16368.52872643709
7452 2088.6895059375265 15384.695895735409
7453 2417.014456189455 16368.434979714984
7454 2829.7641405570857 15484.071971035944
7460 2871.3116696275083 15419.886240466869
7462 2821.2599672210376 15677.17216285215
7463 2376.877006659821 16367.933306710342
7467 2130.4669790400344 15385.232811284035
7473 2334.8759769840394 16532.02521918925
7474 3609.849183574547 15974.647596861987
7476 1854.6249999035551 16871.016254663482
7477 3200.529241787911 16714.770834756087
7478 2369.6188550518286 15387.672105864553
7485 5053.323788071421 16252.310622739526
7488 2454.51652429729 16368.90371341402
7493 2863.819776802471 15419.651346137372
7495 2852.733484638447 15483.552206663404
7497 2471.040745989536 16369.184821787287
7498 1015.6484192735114 15668.843928791763
7499 2058.656011414052 15384.716701758633
7504 2793.9320986286953 15396.733592675004
7506 2402.0136742814034 16368.247486802007
7508 2036.1307770603044 15384.732306354652
7509 2830.597442051987 15466.539823269097
7511 2801.431851138 15396.91587832627
7513 3349.625305188335 15272.739380012727
7514 1499.9119225883617 15804.084978759558
7515 2865.000846750086 15399.285861926095
7518 3060.3790943292515 16481.22700605784
7521 2829.0219451870507 15499.687302316326
7522 2886.4252623079287 15417.158244778164
7523 1360.4030456354924 15399.952803846043
7524 1427.0782398667802 15626.483752502874
7528 2439.5156349402605 16368.716219158052
7530 2796.0190027585845 16357.631031355859
7531 2837.719316928627 15155.039392472358
7533 2937.4958473795714 15405.873164769186
7536 1860.6617275211977 15401.533517305692
7537 1545.7011716529842 15498.304806369124
7543 2872.5006957300325 15399.329788291885
7544 2280.4606046926783 15413.692879626584
7545 3612.5186621640287 15963.135808737441
7546 2073.672767608722 15384.706298740834
7547 3040.0026920536816 15640.659064159705
7549 2641.675483434799 16312.211522023676
7550 4101.644075473735 16947.081541427728
7551 1842.1168526099189 15515.096879357594
7553 2871.4224944136104 15416.693425996995
7554 4178.999507652005 15337.928369915913
7555 3598.494268676815 15935.652795055148
7556 2863.921146631703 15416.46101772689
7557 3536.0898762643405 16431.80567290388
7559 2016.6440718535223 15384.745805977242
7560 3371.443333639911 16987.881753023208
7561 2828.493980280701 15510.79535721659
7562 2832.6831791434347 15422.427725054842
7563 2066.1643823877926 15384.711500254667
7565 2837.061601142115 16368.217104088326
7566 2432.0152965537645 16368.622473358599
7567 2409.1086733180437 16723.605210963186
7568 2878.803557868367 15420.121134652638
7569 2901.41752301261 15417.855660856996
7570 1998.2640160894819 15384.758538956641
7572 2883.748441351733 16584.298142403437
7573 2839.9106152079603 16371.338693793037
7574 3384.7905953638774 16093.916371068666
7576 1693.6871587653181 15398.265390706587
7577 2399.6207751005063 15388.091336965344
7579 3272.0274829090226 17370.349249930638
7581 4607.401090898557 15702.351031210725
7583 2996.5758934147193 15409.614961313491
7584 3157.744613358321 15573.29141687905
7585 2893.7864707124363 15420.609565138006
7586 1695.4592729125209 16313.271066151547
7587 2830.661643491347 16333.326693974768
7588 3245.493399129262 16794.61943351532
7589 1685.1268443274912 15393.128598196858
7592 2409.514099691398 16368.341233689156
7594 2362.118532514853 15387.555771507034
7595 2751.272967327911 16617.427671229027
7596 2970.6103236529702 17059.212026645226
7598 2444.625362622905 15388.60797730657
7599 3082.715322802071 16675.639795835374
7601 2958.4712270640507 15409.427330621571
7602 2788.5189695700456 16357.707619617706
7603 2332.11709248555 15387.09043175221
7604 3957.95498607471 16994.530168306017
7605 1894.831953435513 16548.622834132715
7606 2771.2191407865566 15396.18154161634
7609 2506.6476050487554 15529.590816858721
7611 3146.087407286274 15578.379407393524
7612 3459.221505895635 16071.106995430398
7614 2908.9092060644466 15418.301680709548
7615 2353.79243406619 15414.358587662407
7616 3833.8431676047508 15229.626876938932
7617 2051.1475812304516 15384.721903303616
7618 1424.0488912244446 15598.922492555803
7619 1519.0459263035445 15522.118217618692
7621 3080.1729649721815 16878.338701448913
7622 2354.6182346158575 15387.439437531664
7623 4090.249551386014 16120.099492648222
7624 2786.396161293945 15396.55042753145
7625 2856.7507165080765 15150.944792606655
7627 2778.8971270922157 15396.368159339047
7629 2893.9258255755876 15417.409640148015
7630 3355.7203613949405 16108.988418302974
7631 2166.979367970602 15392.49607880231
7633 2637.5578793879 16290.567564906167
7635 1849.5894706538645 15408.75100579283
7636 3773.4398510795386 16586.56386687593
7638 2799.48428765206 15414.222213049998
7639 1829.273511028482 16737.553775594457
7642 3276.9759471174607 16850.18204108706
7646 3837.1959538227834 16694.8642766442
7647 3284.412202990398 17173.753340356077
7648 1907.2913795559473 15378.437089865498
7650 1943.0640613105425 15380.670127714753
7652 3649.5644564167633 15298.628338672148
7653 1783.32580380947 15385.289272009408
7654 3188.6030937597257 16616.19678940935
7656 3821.188417933071 16669.442573247896
7657 2392.1200409582652 15388.005230591305
7658 3693.895014890967 15296.119895252628
7659 3057.802376979585 16277.473651547745
7660 2043.6391421588908 15384.727104854757
7661 3091.58982044934 15551.834676702636
7662 2956.838649470401 16378.053791703742
7663 3822.151111731939 15222.785672610145
7664 3340.9159779169045 16753.56237219726
7665 3487.8331084591564 16048.935536740324
7666 1413.8009704965737 16188.375492689383
7667 3733.9521271076924 16340.158217543045
7668 3627.978577040841 16358.84311992834
7670 3650.124362967344 16395.48673587498
7671 3793.4851063828287 15821.529167567653
7672 1434.0581411414091 16535.069303027252
7673 2027.0990465087432 15396.585276573525
7674 1420.2052574101388 16357.161659537971
7675 1973.8503109938022 15383.935336014494
7676 3860.0777012935255 16679.84512282952
7678 4295.530771082585 16050.022311269337
7679 3618.1412095713354 15915.302381428985
7681 2849.2366151722395 15387.759345206758
7682 3360.38366779404 15892.979638822562
7683 1137.7396683220709 15672.189576645058
7684 2605.315436484155 16358.932394232255
7686 2341.934114419983 16160.115960404732
7687 3282.3085178070996 16874.723051849658
7688 2662.007927159561 15417.803962911876
7690 4027.052893006584 15679.662311052643
7691 564.2200019588927 15959.382985345896
7693 2880.0006203944727 15399.373715100954
7694 3201.888497692246 15627.192905570037
7695 2781.012329646183 16357.784275345704
7696 2360.881164012751 16356.568600522269
7697 3035.1820791627147 17469.948105171832
7698 3006.395982022874 16517.46311973599
7699 2967.1670368833297 15424.160163396955
7700 2859.909658942905 15147.25577041194
7701 2478.539218433736 16369.370808531114
7702 3872.4089554943657 16746.852394158184
7703 2852.4366155818598 15387.839329806195
7704 2763.7001520539225 15395.998788417977
7705 1420.7895565162864 16543.03210669359
7706 3432.1576962526897 15427.762328361652
7707 2326.4708256203126 17467.500677130207
7708 2331.860324211938 15836.56052826076
7709 923.2739069078016 15454.742364016885
7710 1855.7989784357935 17343.83568255554
7711 3424.254561040135 14563.617326025022
7712 2886.29548363503 15420.35603001496
7713 3538.896476560295 16205.681072427691
7714 3265.4991234269805 16842.286757958595
7715 2849.4360513472034 15380.26111214519
7716 4221.886712898237 17140.38242890878
7717 1478.9372480003835 16508.42662599355
7718 3629.2957414089497 15331.211654478659
7719 3572.9041419323944 16427.716965919844
7720 2342.8192826022982 16250.026128224803
7721 3255.1167867485833 15384.39568788348
7722 1818.976428030909 16332.468820797818
7723 3459.97822425952 14617.369965670114
7724 3739.753988281849 16545.29591873098
7725 1222.1970569012499 15503.845164326369
7726 3715.313796519539 15340.116816365433
7727 3940.064799507257 15747.321423985026
7728 3660.9005985531257 15314.046977577611
7729 2217.624910170491 17157.64521061342
7730 1091.544470916949 15672.940497709442
7732 3467.954688642916 16059.691073768261
7733 2215.459966507334 15403.962012005044
7734 2830.6644403057385 16307.879878238868
7735 3073.224092044202 15596.18829094404
7736 1799.9677077992367 16364.794880129
7737 3606.90686902529 15932.148274367753
7738 4024.6879600051 16177.388782159102
7739 1842.169036583996 15758.440012378816
7740 988.1940815694027 16097.6178288366
7741 3370.89928286249 16994.770965027885
7742 3309.5449437804537 17280.572266185412
7743 3507.6717746199674 17287.035471727624
7744 2142.8533020567284 16363.159371344003
7745 3594.676878923311 15916.304056144218
7746 4305.990289954618 17103.363298883145
7747 3580.4849943615723 15893.337553981853
7748 2028.6223237644626 15384.737507915646
7749 3810.436919778875 17289.36440393478
7751 3719.30319095679 17056.324318030624
7752 1409.1276752966135 16549.713727338698
7753 4062.065764561288 16157.10609516745
7754 1071.318078849193 16939.974416228382
7755 2962.593631925543 17497.98929640908
7756 3411.2862132514033 14544.104127694856
7757 2080.7726059247148 16352.957972522898
7758 2185.7222992876077 17179.575283910606
7759 1966.4223037281786 16785.833375014645
7761 1636.876400679536 17041.242730097925
7762 2732.4403045171844 17650.106987555377
7763 3074.4983452843694 15425.92931777655
7764 2887.513818286171 15399.417719650875
7765 1858.9723072870079 16227.162701951514
7766 3363.738528440897 17375.90688596088
7767 4311.173516942065 17286.66797159552
7768 2852.6374297541565 15380.289287963398
7769 1748.4112624850625 16295.319140790105
7770 2346.8377780524934 16050.364366672393
7771 3259.023108606983 15397.574693997014
7772 3443.201416076224 16038.390872369373
7773 2339.0924086220116 16175.019679838091
7774 4202.887995410542 16866.495692063247
7775 4044.2204004428872 15529.9393205386
7776 1129.3944850910277 17066.833899453322
7777 3723.9364177288685 16118.67833092411
7778 2907.4434920126587 16954.36931835501
7779 1842.5957952841086 16725.096999904577
7780 4201.6541615495025 16288.27645038067
7781 2593.2997025580707 17411.53205547632
7782 4172.547290982303 16182.394826972204
7783 4547.177403327927 17087.24121321477
7785 3492.7969196228755 15724.521339110153
7786 2296.613476899302 16979.125706167444
7787 2944.65906187345 15079.84277147326
7788 3415.0273363885985 15244.532982313829
7789 1047.5484777571867 16406.786785056018
7790 1300.999346805863 15736.615428343488
7791 1427.3861808407053 16443.790156357645
7792 2659.1740727381525 14761.694845474438
7793 3895.4162664621554 17238.408079032684
7794 2703.0888108082127 15210.610614817977
7795 824.7435677438377 16651.500028993833
7797 3127.0430753300543 16964.381998446803
