5897 3091.7381077168975 15534.587333479514
6087 2988.998701139601 15598.97650346592
6131 2769.394765748033 15399.338931527089
6161 2829.519241238853 15965.811625262613
6175 2777.548838290888 15399.53715608668
6204 2785.4553429412654 15399.729362299462
6205 3162.074460594443 15407.03223456952
6216 2827.7370260893567 15400.698175658805
6265 2750.858230373911 15398.88831049796
6281 2796.923425254532 15400.008150052938
6290 2984.9197013842154 15399.174484030647
6295 2713.6149101322453 15397.98292969422
6327 2702.2770957289276 15397.702705201358
6383 3140.4543837085503 15405.092092989802
6408 2725.656812826836 15398.27566695474
6431 2630.60249666971 15395.811941579825
6486 2844.3920950882984 15400.786860472928
6500 2638.1011534254803 15396.010888315486
6507 2645.802123088136 15396.21520261146
6518 2654.997550723139 15396.459166346644
6565 2738.2543014060616 15398.581910443798
6596 2615.6015009417583 15395.413950415681
6619 2623.102811327307 15395.612967554749
6629 2608.0866408772085 15395.214573790308
6630 2759.9210615397424 15399.108626874475
6646 2817.9446655094816 15024.817532364706
6680 2592.8784974108394 15394.811086793019
6684 2929.014546615279 15168.19514060964
6690 2600.473960419081 15395.012601893728
6712 2691.2737299235987 15397.421609043948
6716 2568.312731721354 15394.15933287867
6733 2679.532116287435 15397.110092490999
6739 2474.628311488753 15388.952402943893
6751 2242.11310533409 15385.694417651783
6755 2483.9322385913156 15389.123990185963
6761 2533.662422948328 15393.240026122197
6763 2666.9277440426554 15396.775686103985
6780 2459.626820433819 15388.780189934416
6816 2414.6223292208356 15388.263550698795
6879 2986.7009372858424 15147.697255594241
6908 2585.0995666151994 15394.604704111542
6910 2437.1245685712456 15388.521870244787
6913 2467.1275298748506 15388.866296024893
6952 2407.121565086599 15388.177443980456
6994 2324.6168926568766 15386.97409929797
7011 2429.6238314334773 15388.43576383636
7050 2339.6174897480287 15387.206767268766
7052 2347.11784377033 15387.32310211464
7062 2317.116595520368 15386.857765334427
7071 2576.9513654633406 15394.388524324486
7115 2309.6162160730787 15386.741430094196
7118 2558.978180066668 15393.911678046472
7119 2272.114478648013 15386.159756371811
7143 2137.9732013277453 15385.38810343498
7145 2287.115217358533 15386.392426539205
7158 2279.6148088160526 15386.276090847692
7177 2541.8442420971264 15393.457097827762
7195 2294.615533937971 15386.50876080432
7197 2264.614173622045 15386.043422285898
7198 2302.1158412526524 15386.625094925732
7200 2550.5640569629422 15393.688443088604
7237 2257.1137334847267 15385.92708610433
7242 3553.951848570379 15348.266092684227
7256 2234.6127907443183 15385.57808341753
7263 2145.479474815307 15385.543396645171
7269 2152.9857120085394 15385.698689104489
7271 2384.6195142583483 15387.904774798793
7273 2227.1124331360006 15385.461748516034
7274 2160.4919824575204 15385.853982251816
7280 2249.6134349049034 15385.810752118401
7290 2452.126090600901 15388.694083609846
7294 1005.0817781540227 17029.34773269705
7296 3242.145792263212 15355.943547897727
7303 1403.5855851797287 15658.004816004961
7313 3240.6667529908664 15359.662215551898
7335 2377.119176225221 15387.78844020092
7340 2167.9982865644174 15386.009276095474
7343 1864.538091545546 16355.301025653904
7348 1133.1950568846128 15691.505121330027
7351 1825.3539765700828 16357.045301563385
7353 1371.900034479377 15673.753470511274
7360 2096.197965670389 15384.690694169954
7363 2878.92391527016 15416.925836531113
7371 1904.5467536635365 16356.251389315363
7372 1419.6630185620613 16001.766618240317
7380 2422.123106236899 15388.349657565015
7381 3421.3171702186282 15405.88621813407
7382 3139.4880242226363 15581.259823011267
7389 3587.7286633163008 15986.473641872968
7394 1778.3339012738247 16373.126033984607
7408 839.0271557043081 17141.955581847564
7430 2081.181141982029 15384.701097234512
7432 3503.692148684558 16031.390388768617
7434 1859.7198433453261 15873.677812624379
7436 2828.960519321524 16023.35856757262
7443 2334.9596374735816 16237.400095720623
7445 2122.960742380455 15385.077518835757
7448 2390.123639227967 16368.098874728234
7449 2350.406668121484 16367.602457231264
7452 2088.6895059375265 15384.695895735409
7453 2324.7558857339086 16367.015486698967
7454 3397.972961751358 15408.11484187975
7460 2871.3116696275083 15419.886240466869
7463 1880.570203849085 16355.681851608662
7467 2130.4669790400344 15385.232811284035
7473 1521.6411230732638 16842.394371645107
7478 2369.6188550518286 15387.672105864553
7488 2404.269946635473 16368.275687670382
7493 2863.819776802471 15419.651346137372
7497 2415.121534366972 16368.411320319847
7499 2058.656011414052 15384.716701758633
7504 3152.400520945426 15406.164114966996
7506 2245.6414340750393 16365.33229820047
7508 2036.1307770603044 15384.732306354652
7511 3173.729315854836 15406.920094849704
7515 2865.000846750086 15399.285861926095
7521 3254.025573143814 15381.894389259467
7522 2886.4252623079287 15417.158244778164
7528 2377.6311650588555 16367.942732842655
7543 2872.5006957300325 15399.329788291885
7544 1156.0623585689862 15689.751430737966
7545 4691.687493909439 15219.550850120937
7546 2073.672767608722 15384.706298740834
7553 2871.4224944136104 15416.693425996995
7556 2863.9210462652777 15416.461014617316
7559 2021.1139009786616 15384.742709455506
7560 3382.0939047397424 17534.882584239367
7562 3431.6931268414673 16019.996912103179
7563 2066.1643823877926 15384.711500254667
7565 2822.892474684338 15426.41990323064
7566 2362.290332148642 16367.750989674369
7568 2878.803557868367 15420.121134652638
7569 2901.41752301261 15417.855660856996
7570 2013.6054943971187 15384.747910984139
7573 2432.3014673449256 16368.626050171832
7576 1340.5257334268986 16042.70680715861
7577 2399.6207751005063 15388.091336965344
7584 3469.1366881895738 16081.577799453891
7585 2893.7864707124363 15420.609565138006
7587 3330.415181633905 17266.005517117665
7592 2332.9781944365222 16318.234884110045
7594 2362.118532514853 15387.555771507034
7595 1450.462032914582 17078.134647354025
7598 2444.625362622905 15388.60797730657
7601 3616.54858006539 15185.754623089633
7602 3870.944617879914 15770.82339268146
7603 2332.1171929669763 15387.090433310737
7606 2809.686131684639 15400.318409968826
7609 2298.135904746668 16610.11761235116
7611 3451.8518882181634 16052.217118618215
7612 3614.3021748852 15966.666432332371
7614 2908.9092060644466 15418.301680709548
7615 1452.0076509984217 15648.782356799366
7616 3178.861556213676 14995.119484895256
7617 2051.1475812304516 15384.721903303616
7619 1983.5719245805712 15384.768717059522
7622 2354.6182346158575 15387.439437531664
7624 3097.6597006685465 15401.348341836048
7625 2849.6354857385463 15372.76294614272
7627 2848.6861406096377 15541.501710842813
7629 2893.9258255755876 15417.409640148015
7630 3864.485460200012 15263.896147430036
7635 2167.979855444533 15382.809276127095
7639 1848.6368165129525 15203.177274275577
7642 3194.4270284526087 17615.817986630125
7646 3470.686390627693 16090.471624846967
7648 1991.0803256958407 15384.763515534676
7650 1998.5887319724939 15384.758314006254
7654 4425.910351955016 15843.523046422484
7656 3168.7621470898175 16647.642671412257
7657 2392.1200409582652 15388.005230591305
7660 2043.6391421588908 15384.727104854757
7661 2916.233578560992 15421.942141203644
7662 2440.0984122473974 16368.72350321935
7663 2167.593080081756 15404.868707016347
7665 2646.44027694876 16645.61827107702
7666 716.8804032804917 16202.30596048334
7668 3463.0430964416378 16077.561808229195
7670 3466.864743015774 16084.016715661654
7672 1894.6532348571616 15381.393421595703
7675 2006.0971023874092 15384.753112502676
7678 3421.3019420185424 14564.962075167314
7681 2849.2366151722395 15387.759345206758
7682 3215.5744622113943 16193.613223054419
7683 1976.0950433614864 15384.173413689856
7684 3211.618384371628 15649.389586804798
7686 1018.0452917092653 16778.784016989895
7687 2830.1443334013993 15476.072948872668
7688 1435.0858163371327 15628.6603332129
7693 2880.0006203944727 15399.373715100954
7695 3813.1158345131958 15802.295982201786
7696 3634.9812647849208 15905.673432981923
7698 2490.470960587099 16994.659146296475
7699 2901.268816560513 15421.053755768677
7700 2852.83548667976 15372.842910755757
7701 2424.3658252700175 16368.526863565554
7702 3176.643032141716 16643.726956160197
7703 2852.4366155818598 15387.839329806195
7704 2846.3759908775846 15436.885834127195
7705 2534.3445056411265 16358.408427731942
7706 2916.400980547685 15418.7477060055
7707 2553.9069044348407 16967.685987354856
7708 1537.1577785552092 15599.80893556628
7709 1433.6612879465843 16046.584282528858
7711 3834.5505719803023 15215.909443838353
7712 2886.29548363503 15420.35603001496
7713 3459.2214607492983 16071.106919176507
7715 2849.4360513472034 15380.26111214519
7716 3641.082087413723 16008.341170269116
7717 2334.839010000497 16583.523218335904
7718 1893.3343392248446 15402.50489437591
7719 2448.2703197087467 16368.825642877395
7720 2656.061501581537 17075.28318044118
7722 2815.853035169416 16358.917655668336
7723 3668.3928316792967 15306.336980218653
7724 3794.8215915280407 17120.22400197877
7726 2075.642189220759 15403.67028117071
7728 2923.8926876775095 15419.193727291546
7729 3505.0417531855273 16448.596545838827
7730 1968.6285079773802 15383.381508421844
7733 2215.459966507334 15403.962012005044
7734 3355.6816774574377 17255.15591929265
7735 3446.384237598902 16043.478048354289
7737 4101.1104276416045 16946.675402730038
7738 3225.266002093934 17036.239385251247
7739 3247.8049278679587 15406.96928545685
7740 1837.0330255602998 15386.269611418604
7743 2452.2332152390145 17044.853978718544
7746 4458.038512297308 17027.51277116589
7747 3743.2981529233944 15067.328829311968
7748 2028.6223237644626 15384.737507915646
7749 3703.5956668112594 16480.7999656672
7751 2757.465290188222 16874.320789813668
7752 1872.2474831662093 15391.845655606741
7753 2963.934230109356 16541.82937814071
7754 2208.5372656757054 16355.292950108525
7756 3827.863238189894 15200.86375656117
7757 3295.644731013542 16015.103283294562
7758 2811.660493061847 15910.745478291972
7759 2861.9515086214446 16352.929603364058
7761 2552.3547652288107 16964.887303775544
7762 4187.38217149561 17078.47176563322
7763 2908.7512315641407 15421.497950504778
7764 2887.500470967412 15399.417641476073
7765 2880.2355565259613 16355.578535290686
7766 2500.6756880457115 16860.49764049824
7768 2852.636050010496 15380.341162401579
7769 2793.1816763810375 16360.860511778834
7771 4235.062404154833 15908.34949373471
7772 3619.819202518997 16338.411782007835
7773 2656.4286588906034 17081.759947368413
7774 3482.911917308101 16111.12100764682
7776 1406.4583489395889 16551.234164110272
7777 3183.1879704190123 16640.063225571655
7778 3700.2864114971003 16334.641186618108
7779 2159.9230546941053 17201.394312419354
7780 3478.3342206102366 16103.389102598729
7781 2491.234835489573 16851.758645730435
7782 3474.508080959011 16096.926606186982
7783 3757.0608583805924 16566.265775904474
7785 3090.145291228006 16538.241720445192
7786 2810.130206348461 15996.343588718428
7787 2849.8349218256926 15365.264716382855
7788 4059.5149460223856 15597.697365935015
7789 1795.7040327980415 16356.120912676726
7790 1224.3787158712096 16262.840388421984
7791 1437.198420304743 15645.153470293628
7792 2853.234356900284 15357.846524692148
7793 3650.961293754508 16396.82205526001
7794 2351.9918349112236 15996.278318914754
7795 1502.5974862720404 16494.479039986174
7796 2850.034357276808 15357.766510535934
7797 2837.062056204614 16368.217091117795
7798 4314.849030359373 16442.424144139615
7799 1861.9359004238354 15744.500208588675
7800 3399.9280989124068 17031.655876112047
7802 2854.213753833777 15415.930855303464
7803 3961.2281344271955 15438.803479985016
7804 1820.3806889276616 15382.764542676807
7805 2703.8866937066905 17167.149528571037
7806 2222.9530630739814 15403.977088658095
7807 2817.4226903949407 16555.500110642777
7808 2895.000353030222 15399.461568035627
7809 953.3198843860706 15431.542068048959
7810 2689.8212057030732 15408.769104147272
7811 922.9826092509501 15454.967292357413
7812 901.3644433820891 15218.119364710392
7813 2988.5605982892025 16320.871506476913
7814 3147.8467159745974 16631.164191316417
7815 1958.296222625511 15382.285659975432
7816 3189.7329428447624 16636.399475867463
7817 1424.3544840669942 16012.459232673416
7818 3784.4246987785627 15227.868752632614
7819 3671.933079039622 15277.82721241989
7820 1418.9621916246317 15631.776565815268
7821 2856.6976367773887 15146.222281045002
7822 1755.2463299816602 16372.182256055823
7823 3439.185131268018 16031.971553070658
7824 2902.500203663903 15399.505494411102
7825 2609.730387115015 16941.518609304614
7826 3159.791458942894 16641.56534291071
7827 4200.8006432152315 15883.74212243401
7828 2865.4817482365615 15602.692212577856
7829 2832.4824759341313 15426.879876935765
7830 4060.0252636366095 15938.748880734285
7832 933.0114960401156 15259.028838299691
7833 1348.2096354368903 16584.412379907415
7834 2572.6801844593906 16371.705813675439
7835 1087.4780895575323 15381.513019461894
7836 3354.7847708250642 15273.796811054835
7837 2346.0665327298025 15983.225407334889
7838 2853.03492145587 15365.344730287121
7839 2424.1263013772464 17040.15946744426
7840 1475.8505386835632 16510.246224899605
7841 960.7637076084311 15707.457766023195
7842 2248.6984359190415 15393.395967899247
7843 3668.4881620048745 15893.26559009774
7844 3637.2214007776947 16368.967304258005
7845 3950.736492157127 15767.90293986641
7846 2405.1739135980124 16717.288873812227
7847 3065.7631956585055 16522.77940987883
7848 3280.386322532405 16785.84784654153
7850 4101.099200380502 15678.937336705363
7851 2854.1893739610086 15321.940598897245
7852 3233.3695053849324 15848.484025469732
7853 3478.7850319690306 16053.831143263416
7854 2923.715971160286 15422.38633460971
7855 2557.021039371877 16973.28350641734
7856 2195.957163984696 15543.15533738845
7857 1640.614126738607 14991.514384899921
7858 3389.1141349912195 16101.609860036191
7859 3403.191563897173 15971.87900546496
7860 4558.071045204406 16095.259213821811
7861 998.7827334998618 16157.572652386276
7862 4220.549662607899 15869.8810884048
7863 4223.374574998186 15198.838147731289
7864 3196.1068583104197 17049.95618261831
7865 1528.1898367895526 15712.37662626807
7866 3159.8765403643188 15575.859362419253
7867 3324.8928276127276 17314.520791497962
7868 4070.488648424239 15633.875647538685
7869 3236.116246412205 15089.936698303189
7870 1813.3936408938907 16327.30525394032
7871 2944.091213419399 16161.005505152008
7872 2215.2655350381924 15416.762018669775
7873 4354.090490172524 15715.75901763597
7875 2971.008704991019 15424.223486057033
7876 2794.2426206387267 15396.741140084969
7877 1987.0128407673567 16755.88707418215
7878 3806.993665739572 15230.746702985158
7879 3081.89135714336 15400.789108119192
7880 1624.5361743967926 15854.673992735023
7881 2750.049243345198 17318.70300017122
7882 4263.706910804796 15179.354968546188
7883 3460.667171418138 16895.653087764233
7885 3459.2707273762317 16419.615654886908
7886 1945.05366963056 17248.27913820624
7887 2849.934328557098 15602.451952765023
7888 1484.6414724033255 17445.870323935185
7889 2373.4910783906125 14870.527142567635
7890 3455.263412240396 17336.253526604294
7891 3066.214889122953 16272.987905403199
7892 4186.837990648729 15402.737060003228
7893 3598.0339527320925 15545.898902307323
7894 1492.0880202562491 16043.33860551604
7895 3504.505902203103 15769.976972967252
7896 2918.6097153881037 15399.59984728495
7898 3424.9867856618157 15379.200483311051
7899 3072.857202761725 15933.677369506226
7900 2017.0927588835825 15582.247469357644
7901 2598.087296233078 16650.787134636354
7902 364.9584424342736 17992.587055428867
7903 3486.3951310147686 15740.58192472606
7904 2176.3971118262266 17181.218463395013
