5897 3091.2830351969624 15459.336765166365
6087 3116.765834464745 15589.124128782445
6131 2779.5797023250375 15399.586526156254
6161 2831.4403518507615 16089.470737005593
6175 2791.2084386364004 15399.869219389826
6204 2804.012011732189 15400.180472769625
6205 3200.9953225583417 15406.613463833753
6216 2854.133585548453 15417.138259391995
6265 2755.865587114364 15399.01003876066
6281 2817.7270171131527 15400.513882962769
6290 3102.8597084830985 15401.718423554405
6295 2728.960156350453 15398.3559708534
6327 2719.0935798156693 15398.116115520006
6383 3157.073508605771 15406.583459343483
6408 2738.58538962289 15398.589959160021
6431 2638.0375920885012 15396.009201970728
6486 2907.79091694753 15399.53837899047
6500 2650.4626065614048 15396.33884981973
6507 2661.4045124094864 15396.629149338867
6518 2673.080208031898 15396.938917022107
6565 2747.2332078790314 15398.800186620745
6596 2616.2987895741676 15395.432450168604
6619 2626.4352380209007 15395.701380111039
6629 2608.1389542741945 15395.21596171616
6630 2767.1464714529525 15399.284275753042
6646 2795.22282578095 14971.450453905623
6680 2593.1037654852084 15394.817063376493
6684 2971.417094317407 15141.60402083243
6690 2600.6081450005413 15395.01616194259
6712 2707.8523321105736 15397.842842089598
6716 2570.3723424521436 15394.21397637616
6733 2696.5596189752105 15397.556810966953
6739 2482.0869876381116 15389.038026503691
6751 2242.11310533409 15385.694417651783
6755 2520.5011430763375 15392.496727514534
6761 2537.7009024547892 15393.347170953733
6763 2684.0553000202203 15397.230097002172
6780 2465.601623420679 15388.848779036634
6816 2414.6223292208356 15388.263550698795
6879 3017.7466272620077 15198.270515181292
6908 2585.5813262734905 15394.617485668894
6910 2437.1245685712456 15388.521870244787
6913 2474.3777287184134 15388.949526322307
6952 2407.121565086599 15388.177443980456
6994 2324.6168926568766 15386.97409929797
7011 2429.6238314334773 15388.43576383636
7050 2339.6174897480287 15387.206767268766
7052 2347.11784377033 15387.32310211464
7062 2317.116595520368 15386.857765334427
7071 2578.056183302471 15394.417836227905
7115 2309.6162160730787 15386.741430094196
7118 2562.7276159291073 15394.011154265972
7119 2272.114478648013 15386.159756371811
7143 2137.9732013277453 15385.38810343498
7145 2287.115217358533 15386.392426539205
7158 2279.6148088160526 15386.276090847692
7177 2546.2289094000644 15393.573427361876
7195 2294.615533937971 15386.50876080432
7197 2264.614173622045 15386.043422285898
7198 2302.1158412526524 15386.625094925732
7200 2554.5235749482667 15393.793492993356
7237 2257.113871777615 15385.927088249333
7242 3644.3120890214655 15296.00225324067
7256 2234.6127907443183 15385.57808341753
7263 2145.479474815307 15385.543396645171
7269 2152.9857120085394 15385.698689104489
7271 2384.6195142583483 15387.904774798793
7273 2227.1124331360006 15385.461748516034
7274 2160.4919824575204 15385.853982251816
7280 2249.6135425114685 15385.81075378744
7290 2455.08957570004 15388.728103607298
7294 1024.5028932106923 17028.015784909767
7303 1313.3761839555484 15693.758263907812
7313 3261.555594564643 15331.56057307024
7335 2377.119176225221 15387.78844020092
7340 2167.9982865644174 15386.009276095474
7343 1809.3407893119927 16361.476891355034
7348 1019.3550856158287 15702.628862544241
7351 1743.7712521469 16387.382430636346
7353 1243.6144847082862 15698.16299814191
7360 2096.197965670389 15384.690694169954
7363 2878.92391527016 15416.925836531113
7371 1867.05495022975 16355.360810983077
7380 2422.123106236899 15388.349657565015
7381 3425.590173094752 15386.365272091216
7382 3174.6936438522007 15582.402874688813
7389 3611.785070740056 15961.767213296576
7394 1670.5609034202841 16417.5802249844
7430 2081.181141982029 15384.701097234512
7432 3592.0197545797587 15984.179544002058
7434 1858.1254055393736 15965.498156823223
7436 2830.828192282359 16145.633660722067
7443 2337.649468742323 16110.008827715099
7445 2122.960742380455 15385.077518835757
7448 2363.2592016743392 16367.763099454432
7449 2302.810092676389 16366.540835715296
7452 2088.6895059375265 15384.695895735409
7453 2239.917849518717 16365.211302416681
7454 3435.487218351308 15403.414907381824
7460 2871.3116696275083 15419.886240466869
7463 1851.0857172887222 16355.500431655428
7467 2130.4669790400344 15385.232811284035
7473 1473.0704120183152 16717.931249967063
7478 2369.6188550518286 15387.672105864553
7488 2379.5201840721725 16367.966343457067
7493 2863.819776802471 15419.651346137372
7497 2394.0457229132744 16368.14789636588
7499 2058.656011414052 15384.716701758633
7504 3174.0439398374574 15406.817892154711
7506 2127.289142306009 16362.83034716527
7508 2036.1307770603044 15384.732306354652
7511 3223.9614249405486 15403.587839277507
7515 2865.000846750086 15399.285861926095
7521 3236.955527957026 15351.074474205318
7522 2886.4252623079287 15417.158244778164
7528 2350.2564259579854 16367.600579373093
7543 2872.5006957300325 15399.329788291885
7544 997.7490000158621 15709.447016089276
7545 4632.324512961061 15128.265953836166
7546 2073.672767608722 15384.706298740834
7553 2871.4224944136104 15416.693425996995
7556 2863.9210462652777 15416.461014617316
7559 2021.1139009786616 15384.742709455506
7562 3439.7417516940395 16032.861212149495
7563 2066.1643823877926 15384.711500254667
7565 2822.892474684338 15426.41990323064
7566 2340.2290100544724 16381.520021696342
7568 2878.803557868367 15420.121134652638
7569 2901.41752301261 15417.855660856996
7570 2013.6054943971187 15384.747910984139
7573 2419.0359709840463 16368.460246377734
7576 1290.930795959926 16069.254324242665
7577 2399.6207751005063 15388.091336965344
7584 3516.415859211776 16161.424543504354
7585 2893.7864707124363 15420.609565138006
7587 3313.307372957398 17287.30584353132
7592 2335.446480547919 16219.744087961813
7594 2362.118532514853 15387.555771507034
7595 1316.575181940264 17153.307592593188
7598 2444.974332603549 15388.61198338639
7601 3610.1118234374935 15174.234592220666
7603 2332.1171929669763 15387.090433310737
7606 2847.198039209343 15400.57122467174
7609 2204.172412730965 16663.51094798771
7611 3458.5249659720066 16063.597074805382
7612 3602.6414470622194 15924.820622370868
7614 2908.9092060644466 15418.301680709548
7615 1495.332626997526 15748.105477005627
7616 3221.5030835865537 15061.605242852209
7617 2051.1475812304516 15384.721903303616
7619 1983.5719245805712 15384.768717059522
7622 2354.6182346158575 15387.439437531664
7624 3142.726078007387 15405.295950200341
7625 2849.6354857385463 15372.76294614272
7627 2846.168953265719 15598.128038750505
7629 2893.9258255755876 15417.409640148015
7630 3793.815944501191 15148.3890060343
7635 2173.0885632898708 15382.750358522317
7639 1849.7774858759656 15050.601203231756
7642 3106.223495689356 17672.66286876268
7646 3470.686390627693 16090.471624846967
7648 1991.0803256958407 15384.763515534676
7650 1998.5887319724939 15384.758314006254
7656 3138.1288848544596 16636.256763422305
7657 2392.1200409582652 15388.005230591305
7660 2043.6391421588908 15384.727104854757
7661 2916.233578560992 15421.942141203644
7662 2432.1740751446946 16368.624457912518
7663 2047.4459613282409 15403.272675193235
7665 2580.8787561786544 16655.1197812458
7666 653.9397401585171 16156.977591357694
7668 3463.0430964416378 16077.561808229195
7670 3466.864743015774 16084.016715661654
7672 1940.318132482002 15380.378892839
7675 2006.0971023874092 15384.753112502676
7678 3387.730059410206 14512.421705287683
7681 2849.2366151722395 15387.759345206758
7682 3135.8403913559346 16235.884840537203
7683 1976.0950433614864 15384.173413689856
7684 3170.945338383513 15582.396007322508
7686 1016.832569620737 16745.858804849842
7687 2832.1151770068 15434.607619065093
7688 1295.3321085550872 15690.367012036806
7693 2880.0006203944727 15399.373715100954
7695 3940.869324643599 15732.30113706162
7696 3719.823882713642 15855.79509134703
7698 2468.428319998968 16955.498047790225
7699 2901.268816560513 15421.053755768677
7700 2852.83548667976 15372.842910755757
7701 2407.9213733345077 16368.321326399919
7702 3153.4957436499208 16646.68076858848
7703 2852.4366155818598 15387.839329806195
7704 2840.697316350499 15518.192580205236
7705 2658.114634028177 16359.039272577831
7706 2916.400980547685 15418.7477060055
7707 2553.9069044348407 16967.685987354856
7708 1597.3227229515687 15575.88948497859
7709 1428.3986861667468 16174.432114309193
7711 3774.77516806607 15248.33262221804
7712 2886.29548363503 15420.35603001496
7713 3459.2214607492983 16071.106919176507
7715 2849.4360513472034 15380.26111214519
7717 2393.4798461125492 16680.674017235076
7718 1893.3337595852024 15402.50488577984
7719 2444.252013184225 16368.775418562414
7720 2727.93335309115 17186.694913239808
7722 2890.964166950188 16355.253479709952
7723 3549.0331307727715 15374.845555198774
7724 3690.6769701007165 17184.573950747978
7726 1951.5763731053446 15402.972195377013
7728 2923.8926876775095 15419.193727291546
7729 3609.755890735298 16391.966978453147
7730 1968.6285079773802 15383.381508421844
7733 2215.459966507334 15403.962012005044
7734 3311.71732815939 17274.14280379028
7735 3450.5929056526643 16050.204858167228
7737 4143.493338986354 17002.40269399858
7738 3187.373280328248 17059.577599384535
7739 3376.0391747237536 15407.947519996782
7740 1837.1596918944447 15386.271923509885
7743 2335.9789766172516 17107.292445546937
7746 4467.656047992448 17022.465854815393
7747 3672.103599258995 14953.090995046856
7748 2028.6223237644626 15384.737507915646
7749 3656.2912540447965 16405.325983429706
7751 2639.616322524457 16940.20656025414
7752 1948.4716251731454 15387.278503141144
7753 2879.50289458384 16590.35298996446
7754 2308.860230792832 16357.126413879561
7756 3829.389022259085 15203.680488870457
7757 3260.6416431321163 16010.806982102004
7758 2816.884426943008 15773.05396648891
7759 2923.45811379033 16339.628091955392
7761 2552.3547652288107 16964.887303775544
7762 4257.485637162113 17194.814316963875
7763 2908.7512315641407 15421.497950504778
7764 2887.500470967412 15399.417641476073
7765 2986.7208644715147 16374.273563705656
7766 2424.3939223728053 16741.997950022807
7768 2852.636050010496 15380.341162401579
7769 2855.042257389942 16356.341842201597
7771 4281.072148226783 15993.751832714324
7772 3643.7175653955833 16366.20881352385
7773 2741.9074885204723 17208.344982214814
7774 3482.151404137387 16109.836471773893
7776 1441.029830290667 16530.88542106194
7777 3172.4826331378613 16646.05586751813
7778 3782.9250309817944 16288.525607325277
7779 2188.769212835388 17224.257154085826
7780 3478.3296649351573 16103.381407889037
7781 2419.9956822044037 16741.031017717454
7782 3474.508023296492 16096.926508792778
7783 3687.7434424312055 16455.50781148295
7785 3138.0083697896443 16615.320502173432
7786 2813.472748863287 15858.370874687995
7787 2849.8349218256926 15365.264716382855
7788 4120.794995323985 15708.056754550202
7789 1846.156437400028 16345.479163570211
7790 1288.731513072263 16227.182434181665
7791 1437.5896829335677 15615.416760670916
7792 2853.234356900284 15357.846524692148
7793 3621.674450397167 16404.67047651904
7794 2348.829252623739 16122.840370410564
7795 1606.9429095076528 16434.5103785269
7796 2850.034357276808 15357.766510535934
7797 2837.061610323723 16368.217103826624
7798 4372.17378847119 16413.482058078775
7799 1859.2720961945079 15899.462636183305
7800 3304.385279119916 16908.706468625463
7802 2852.701061374778 15484.01644000757
7803 3903.5379350811877 15334.500146844124
7804 1837.2273639957089 15383.07154633166
7805 2769.1692964170225 17268.281267436516
7806 2222.9530630739814 15403.977088658095
7807 2812.9606382553197 16435.661298558713
7808 2895.000353030222 15399.461568035627
7809 902.131377366753 15471.067775404075
7810 2554.286377505825 15409.18689882378
7811 901.1187688651096 15500.84233437995
7812 942.2087782338252 15272.28897292574
7813 3021.0840451888935 16424.57149776689
7814 3147.8467159745974 16631.164191316417
7815 1961.161153470675 15382.589516277192
7816 3183.544718589178 16639.86352480626
7817 1444.8239580552495 15910.588107744556
7818 3839.239118648938 15203.988806903806
7819 3706.504461562064 15269.78596519498
7820 1499.608841789888 15547.593484224488
7821 2856.5478166672033 15222.94009666116
7822 1813.639219209258 16349.391067479997
7823 3444.7109149828134 16040.803538782537
7824 2902.500203663903 15399.505494411102
7825 2696.0699667481463 16893.9574548347
7826 3219.0687582699074 16603.14190710236
7827 4125.484880215363 15903.66405570544
7828 2841.5754684781245 15606.291052108525
7829 2832.4824759341313 15426.879876935765
7830 4032.8464358938104 15926.189723686739
7832 969.8421448318492 15312.13190318535
7833 1415.3691692459165 16546.158599324808
7834 2467.722346157944 16369.115713620853
7835 1032.5461653531895 15405.436626664748
7836 3322.371416522869 15222.934151671954
7837 2342.4685991673473 16119.787415951245
7838 2853.03492145587 15365.344730287121
7839 2522.985462021891 16990.51543438308
7840 1572.5910722399103 16453.21818922707
7841 1079.0627504335612 15677.494692193999
7842 2394.7846570425945 15395.00466707928
7843 3606.942548379914 15931.256290502146
7844 3617.5792022551377 16399.620142252716
7845 3939.466364198494 15746.167276633205
7846 2359.810675464 16644.468796678953
7847 2991.082720374157 16402.965035576384
7848 3348.1341910795477 16749.711114006055
7850 4148.377041926383 15758.107639674421
7851 2853.4366773820293 15350.239849897438
7852 3292.9153681801913 15815.2050324872
7853 3372.94627688394 16110.181371638375
7854 2923.715971160286 15422.38633460971
7855 2557.021039371877 16973.28350641734
7856 2193.5785560602335 15439.61829380886
7857 1576.2708140199027 15038.702009366483
7858 3299.1090064211508 16149.32675603288
7859 3434.110113239663 16023.860036401278
7860 4523.584205898533 16031.937306600043
7861 971.9619250447128 16150.38569472897
7862 4248.023028962586 15932.406738467225
7863 4282.811047077697 15164.45974898431
7864 3247.99155095852 17018.915319686606
7865 1498.4040950616381 15723.097338373113
7866 3107.3703802499826 15594.399495754331
7867 3305.5943342637984 17278.611983251627
7868 4039.989717080194 15591.559123288836
7869 3197.323704389828 15030.006157100324
7870 1826.1854402630486 16322.49187591485
7871 2892.487921428284 16160.81756434042
7872 2207.9666973076705 15416.44574835439
7873 4323.262224025341 15658.090925912698
7875 2931.3372374831238 15422.838772276076
7876 2831.2909554149774 15400.76211946296
7877 1983.6125667155352 16792.200852839887
7878 3726.53186025032 15274.665411641448
7879 3017.1686008186466 15399.41531450614
7880 1550.54385636725 15875.999399580114
7881 2775.3589172806082 17295.515086265546
7882 4220.059711584551 15204.34298427107
7883 3404.9574968462784 16929.11068180892
7885 3484.2691278222637 16452.396680791906
7886 1972.1746864431927 17291.00768865157
7887 2867.5971952193527 15599.485491341466
7888 1438.159198695058 17408.869424380726
7889 2374.0781934113143 14967.807585228536
7890 3512.692165731357 17320.380027920964
7891 2986.386918131458 16330.730389695667
7892 4201.812420014737 15439.719973073192
7893 3626.372026526791 15577.552595523308
7894 1551.154686613326 16022.675204816342
7895 3491.0042182477 15754.159468530454
7896 2910.041405672302 15399.549662980202
7898 3445.26732985398 15398.1567642739
7899 3123.124945356516 15907.825997976259
7900 1963.55108912976 15581.71383145312
7901 2555.7315715865766 16663.823655746866
7902 386.66116077648417 17958.638818118863
7903 3501.721362293316 15765.457469952911
7904 2202.6414107890764 17166.21129707427
7905 4183.629824072743 15458.122879917415
7906 4000.195852667354 16913.689328661094
7908 1093.2461570850983 16986.967966028544
7909 4604.292049119416 15838.739528690045
7910 3048.7505053597256 17136.533878849958
7911 996.4501859737525 15620.873073876397
