5897 3077.219385589415 15595.795205611365
6087 2869.3570401600186 15599.479926237298
6131 2748.8087378082955 15398.83848757094
6161 2834.2090567049036 15792.237899945138
6175 2760.0274746040222 15399.111213763748
6204 2773.4211804279616 15399.436813201855
6205 3095.7268332455656 15401.235087885483
6216 2806.0947288515645 15400.231103381699
6265 2728.7534205359884 15398.350945129681
6281 2786.511257781915 15399.755031467004
6290 2855.224178641411 15399.954418729705
6295 2690.589320354203 15397.403450985228
6327 2683.0910374149353 15397.204514167288
6383 3015.110849307196 15399.399925696738
6408 2712.2564602819302 15397.949905935615
6431 2630.462158461163 15395.808218269185
6486 2813.7235687007937 15400.416559595309
6500 2638.046805364176 15396.00944640799
6507 2645.5883754658767 15396.209531676906
6518 2653.0950799713983 15396.408691927281
6565 2720.525459509791 15398.150924349615
6596 2614.227700673308 15395.377502143976
6619 2622.5137105264466 15395.597338131358
6629 2605.8972807759187 15395.156487914463
6630 2738.5575706920085 15398.589282885032
6646 2846.2855059791414 15091.507346790313
6680 2587.8565695028615 15394.677850108561
6684 2878.577909289136 15208.769275962708
6690 2597.058344475265 15394.921982244847
6692 2856.800359052758 15204.391348589286
6712 2675.592751495242 15397.005577270273
6716 2563.1182485913737 15394.021518134534
6733 2668.094454472018 15396.806640078668
6739 2474.628311488753 15388.952402943893
6751 2242.11310533409 15385.694417651783
6755 2482.129021363009 15389.038509039343
6761 2533.1250168395254 15393.225768209806
6763 2660.595889960863 15396.607695790348
6780 2459.626820433819 15388.780189934416
6816 2414.6223292208356 15388.263550698795
6879 2931.2610558102665 15166.722536850073
6908 2579.267731191175 15394.449979784466
6910 2437.1245685712456 15388.521870244787
6913 2467.1275298748506 15388.866296024893
6952 2407.121565086599 15388.177443980456
6994 2324.6168926568766 15386.97409929797
7011 2429.6238314334773 15388.43576383636
7050 2339.6174897480287 15387.206767268766
7052 2347.11784377033 15387.32310211464
7062 2317.116595520368 15386.857765334427
7071 2570.697943223575 15394.222614884724
7115 2309.6162160730787 15386.741430094196
7118 2555.619929437252 15393.822580355776
7119 2272.114358407118 15386.159754506805
7143 2137.9732013277453 15385.38810343498
7145 2287.115060139299 15386.392424100644
7151 1079.7223433609843 15386.014082335652
7158 2279.61469000308 15386.276089004834
7177 2540.6232918051683 15393.4247048162
7195 2294.6153599625004 15386.50875810586
7196 845.4451401867182 17137.93375779856
7197 2264.6140390350324 15386.043420198375
7198 2302.1158412526524 15386.625094925732
7200 2548.1216336610055 15393.623643197257
7237 2257.1137334847267 15385.92708610433
7242 3408.7171628931765 15407.495564864112
7256 2234.6127907443183 15385.57808341753
7263 2145.479474815307 15385.543396645171
7269 2152.9857120085394 15385.698689104489
7271 2384.6195142583483 15387.904774798793
7273 2227.1124331360006 15385.461748516034
7274 2160.4919824575204 15385.853982251816
7280 2249.6134349049034 15385.810752118401
7290 2452.126090600901 15388.694083609846
7294 1084.567302881984 17014.654534066227
7296 3249.3351022211746 15373.956290668648
7303 1468.38657497475 15600.284500539983
7313 3255.751462799856 15396.225754281038
7323 4454.625169836469 15313.140831538301
7335 2377.119176225221 15387.78844020092
7340 2167.9982865644174 15386.009276095474
7343 1968.719527667975 16357.775746023144
7348 1295.8323956874603 15696.753674166672
7351 1880.0658218444132 16355.66987054498
7353 1457.9379971625433 15612.714830151905
7360 2096.197965670389 15384.690694169954
7363 2878.92391527016 15416.925836531113
7371 2059.1010501605447 16361.388860353469
7372 1416.4622737993568 16121.695648507477
7380 2422.123106236899 15388.349657565015
7381 3278.58986799759 15407.204128010942
7382 3004.585182463106 15599.217814225325
7389 3482.0932657669277 16042.933856069702
7394 1864.398482804489 16355.29770939519
7408 785.2645079443129 17207.078686739696
7417 3382.7410327564635 17519.215114811363
7430 2081.181141982029 15384.701097234512
7432 3450.147405780536 16049.492805595437
7434 1862.6204860549776 15704.532240074212
7436 2832.2898840406847 15850.857587974926
7443 2332.1932449703977 16350.257618452548
7445 2122.960742380455 15385.077518835757
7448 2402.4588702585575 16368.25305125132
7449 2378.894106491615 16367.95851819102
7452 2088.6895059375265 15384.695895735409
7453 2369.9541820185796 16367.84677918358
7454 3247.4238883313487 15406.966388997767
7460 2871.3116696275083 15419.886240466869
7463 2007.895982810164 16358.70634148375
7467 2130.4669790400344 15385.232811284035
7473 1579.97790275018 16963.854765069584
7478 2369.6188550518286 15387.672105864553
7488 2411.2237444689335 16368.362602327235
7493 2863.819776802471 15419.651346137372
7497 2419.7389343779155 16368.469032630026
7499 2058.656011414052 15384.716701758633
7504 3059.7417234017057 15400.213243047721
7506 2341.7160809137754 16367.410709079044
7508 2036.1307770603044 15384.732306354652
7511 3131.736216541031 15404.309742459325
7515 2865.000846750086 15399.285861926095
7521 3218.3686812421156 15403.54533199641
7522 2886.4252623079287 15417.158244778164
7528 2394.648201397371 16368.155426669746
7543 2872.5006957300325 15399.329788291885
7544 1373.8130219867771 15669.279524023015
7545 4719.123007228869 15281.401136948829
7546 2073.672767608722 15384.706298740834
7553 2871.4224944136104 15416.693425996995
7556 2863.9210462652777 15416.461014617316
7559 2021.1139009786616 15384.742709455506
7560 3417.4011804948336 17600.021380756618
7562 3394.029164733617 15954.991759028278
7563 2066.1643823877926 15384.711500254667
7565 2822.892474684338 15426.41990323064
7566 2387.0541005487335 16368.060508944904
7568 2878.803557868367 15420.121134652638
7569 2901.41752301261 15417.855660856996
7570 2013.6054943971187 15384.747910984139
7573 2439.247536163362 16368.712868224684
7576 1407.0376352505707 16007.110492066104
7577 2399.6207751005063 15388.091336965344
7579 4234.916623679514 16639.76075265787
7584 3442.7423640816323 16037.65715913221
7585 2893.7864707124363 15420.609565138006
7587 3455.9973023031494 17208.26592959595
7592 2357.5779977849893 16367.692090791486
7594 2362.118532514853 15387.555771507034
7595 1581.504375873214 17008.98969585319
7598 2444.625362622905 15388.60797730657
7601 3625.414372835726 15201.61786513754
7602 3723.5461517424983 15853.540789191893
7603 2332.1171929669763 15387.090433310737
7606 2797.595425273653 15400.024486295611
7609 2334.6787134199617 16545.81923475536
7611 3436.5226079053673 16027.715981461239
7612 3526.9392404166806 16018.968405416157
7614 2908.9092060644466 15418.301680709548
7615 1506.548433596141 15557.871946335188
7616 3156.439365157628 14966.215826256523
7617 2051.1475812304516 15384.721903303616
7619 1983.5719245805712 15384.768717059522
7622 2354.6182346158575 15387.439437531664
7624 2930.4374342949727 15399.67338768735
7625 2849.6354857385463 15372.76294614272
7627 2853.5706242861297 15425.616945534122
7629 2893.9258255755876 15417.409640148015
7630 3956.747285190157 15430.70201745195
7635 2167.979855444533 15382.809276127095
7638 1253.5607289106797 15695.3752052221
7639 1845.4375679907423 15356.469922034237
7642 3322.470385087183 17551.448211862273
7646 3470.7521733885605 16090.582734449546
7648 1991.0803256958407 15384.763515534676
7650 1998.5887319724939 15384.758314006254
7653 3253.687000807238 15375.030047386263
7654 4387.667715971567 15771.785917517362
7656 3170.098145501357 16647.390657843378
7657 2392.1200409582652 15388.005230591305
7659 2330.003180917794 16502.915046415215
7660 2043.6391421588908 15384.727104854757
7661 2916.233578560992 15421.942141203644
7662 2450.8915966438262 16368.85840589277
7663 2335.2532438975713 15406.713408614729
7665 2786.412321298777 16614.2678434912
7666 774.0160707823977 16226.458210845849
7668 3463.043219700743 16077.562016418544
7670 3466.8817409045446 16084.045425746805
7672 1849.321652130688 15434.212025848448
7675 2006.0971023874092 15384.753112502676
7678 3468.513230048278 14635.999900629344
7681 2849.2366151722395 15387.759345206758
7682 3370.0203022459164 16111.732599104073
7683 1976.0950433614864 15384.173413689856
7684 3310.766426404772 15814.413305048081
7686 1146.1355607171527 16710.135699978848
7687 2821.5901555157348 15668.9977715564
7688 1585.636274061399 15465.196606311678
7693 2880.0006203944727 15399.373715100954
7695 3661.901310374933 15890.280862833477
7696 3608.9831608838736 15956.539942462196
7698 2475.3768893738707 16961.31618916487
7699 2901.268816560513 15421.053755768677
7700 2852.83548667976 15372.842910755757
7701 2429.3323879215336 16368.588940016283
7702 3176.6431398315085 16643.726895877524
7703 2852.4366155818598 15387.839329806195
7704 2827.214230055415 15400.68876929077
7705 2378.4460961709933 16356.862254206848
7706 2916.400980547685 15418.7477060055
7707 2555.4688899171488 16970.48482915684
7708 1458.5117450575035 15623.804817325217
7709 1472.0752877592342 15910.039394318315
7711 3829.389085760685 15203.680457119657
7712 2886.29548363503 15420.35603001496
7713 3459.2214607492983 16071.106919176507
7715 2849.4360513472034 15380.26111214519
7716 3717.9816168730017 16146.259753524273
7717 2336.3082962713543 16431.867672927507
7718 1896.4713831833064 15402.551416816545
7719 2463.212435641324 16369.029536986776
7720 2587.634460015443 16968.68105508217
7722 2763.228189742418 16361.166346847636
7723 3802.0359600191946 15233.452782370437
7724 3936.8791023758045 17022.686208429634
7726 2249.459206907646 15405.769449157902
7728 2923.8926876775095 15419.193727291546
7729 3349.4304172633792 16535.0311766504
7730 1968.6285079773802 15383.381508421844
7733 2215.459966507334 15403.962012005044
7734 3479.4173240898044 17193.855847825416
7735 3430.784187461015 16018.5441336313
7736 1064.6741548661273 16652.26643314574
7737 4006.765595836751 16888.727765323358
7738 3297.560112762951 16992.990269596143
7739 3055.1358423790084 15406.703244896442
7740 1758.3185156459247 15384.832803972062
7743 2552.47842693986 16995.796951688502
7745 3603.9480972372658 16317.460533955922
7746 4443.546252345511 17035.1177571025
7747 3843.4087983030417 15227.965039898569
7748 2028.6223237644626 15384.737507915646
7749 3780.1894074116217 16603.478007788475
7751 2933.6271290668765 16775.924313704792
7752 1848.9904600987484 15465.697850157629
7753 3042.412443793621 16496.888483485196
7754 2008.537832900178 16350.253609796793
7756 3819.6821538250997 15196.673985613796
7757 3351.6502644353523 16089.398441738145
7758 2806.699067532992 16103.141808708184
7759 2791.157557093587 16357.680675092652
7761 2552.3546784894866 16964.887357255564
7762 4116.972835998598 16960.750063024057
7763 2908.7512315641407 15421.497950504778
7764 2887.500470967412 15399.417641476073
7765 2786.039094490619 16360.933439917391
7766 2567.433926635242 16963.471177769505
7768 2852.636050010496 15380.341162401579
7769 2697.985119852873 16361.832500307812
7771 4156.518841396954 15772.881897577769
7772 3536.486265991025 16195.320159659272
7773 2585.259348641976 16970.925108035637
7774 3541.959242125543 16210.854200771058
7776 1266.4451926338427 16630.98505361508
7777 3183.1880836932914 16640.063162162893
7778 3536.2911134952446 16424.420639698124
7779 2029.1470382069522 17272.50835898495
7780 3519.485869783881 16172.895814157719
7781 2561.98416702762 16961.16525068063
7782 3474.9584461263476 16097.687290203561
7783 3854.910363360186 16721.15281472702
7785 3016.1791885785065 16410.0921721039
7786 2809.7054265655293 16192.586108165426
7787 2849.8349218256926 15365.264716382855
7788 3967.3790175613885 15414.32109152414
7789 1642.4786912025106 16417.66502371607
7790 1134.8564900307142 16312.444750180164
7791 1437.198420304743 15645.153470293628
7792 2853.234356900284 15357.846524692148
7793 3723.6137625223128 16512.738749213324
7794 2356.573719715134 15869.84539549502
7795 1417.3020713481942 16545.057626630172
7796 2850.034357276808 15357.766510535934
7797 2872.5363853320623 16367.245072336296
7798 4233.7826078798 16483.152206313174
7799 1867.1123828704096 15543.933963699354
7800 3527.8755478053213 17207.072925492852
7801 3412.0272719033514 16921.135260873547
7802 2816.022768981997 15397.270518690535
7803 4000.8966266020016 15513.835263900697
7804 1670.862433872664 15384.19113906843
7805 2598.888496077493 17004.31565565204
7806 2222.9530630739814 15403.977088658095
7807 2825.3859939411886 16723.76976301388
7808 2895.000353030222 15399.461568035627
7809 1014.4136122704107 15400.09202479028
7810 2878.798834910374 15412.649798499684
7811 988.8467701621531 15409.533853668487
7812 833.7594537616826 15165.95679304712
7813 3102.147109815401 16253.82801384058
7814 3147.8467159745974 16631.164191316417
7815 1881.4742839849355 15387.757512034108
7816 3189.7383287060743 16636.396460965872
7817 1414.2803532104188 16173.870741433328
7818 3690.397499286937 15278.456075947275
7819 3664.1274900757658 15264.326384608945
7820 1264.4762080092291 15682.386470609736
7821 2888.482281336938 15101.26937256794
7822 1579.9173815796237 16448.89936840798
7823 3425.4924936954867 16010.086299206176
7824 2902.500203663903 15399.505494411102
7825 2585.9250597355845 16984.996064822994
7826 3190.2377053157857 16718.37201931901
7827 4268.042759992698 16004.225931512248
7828 2986.881214306034 15602.144494521275
7829 2832.4824759341313 15426.879876935765
7830 4182.071031382248 15871.342517546434
7832 870.4344217983187 15194.503991685013
7833 1191.1528674665808 16673.87123705246
7834 2735.224063193059 16371.376243567594
7835 1170.0224011289556 15333.608262545084
7836 3400.5362289771965 15345.554435427322
7837 2352.6233750771853 15844.744050357436
7838 2853.03492145587 15365.344730287121
7839 2284.0461901532226 17119.666249406164
7840 1401.7187694542647 16553.933808128066
7841 852.6658431892391 15751.691872704445
7842 2049.211248910275 15391.11889946819
7843 3843.565133371593 15793.38881027209
7844 3615.637043495989 16331.209738738846
7845 4013.7326838021863 15889.345652331835
7846 2395.0449574844406 16762.55215146747
7847 3136.541177325264 16639.951080238978
7848 3258.0002036910055 16829.49526143499
7850 4050.978346355198 15665.04922644817
7851 2857.0320365536204 15175.973879046725
7852 3145.3614450800646 15896.391848257272
7853 3594.1508291813643 15991.410633225636
7854 2928.196482170124 15422.652320846059
7855 2557.020570057138 16973.283795817424
7856 2258.448495697421 15695.717964915213
7857 1651.9880016592624 14979.199576862138
7858 3451.204790188139 16068.446818222028
7859 3336.569226774694 15851.847503007957
7860 4628.830903266003 16077.703007348964
7861 1018.2244718166692 16215.634314036113
7862 4303.600523896175 15807.478780974088
7863 4141.182023501646 15244.62544834461
7864 3143.9283049139085 17081.438064001988
7865 1614.3138226777082 15681.389043890558
7866 3206.541576836931 15641.02745161602
7867 3325.0308421883165 17348.446410970613
7868 4064.2480934413256 15612.702143783681
7869 3282.278513593597 15140.023909234396
7870 1684.6085097946373 16289.848232982442
7871 3021.4856033528285 16119.316596324255
7872 2262.9823955948436 15416.857813028473
7873 4372.087345081609 15768.982454774818
7875 3074.1528925887646 15425.923623639783
7876 2676.6017956651963 15393.829960415613
7877 1951.4727527002879 16709.687483654772
7878 3839.025724924856 15203.934007911217
7879 3170.1450147244823 15407.711125378928
7880 1730.075703458038 15824.256329720713
7881 2656.2343069337376 17372.968451130066
7882 4288.922377620229 15160.881199945055
7883 3492.4371774080755 16872.835693555156
7885 3412.671565187796 16341.78973601086
7886 1886.8666132629521 17150.253367238416
7887 2926.626897615753 15602.498855130416
7888 1549.3547951283326 17497.383534519755
7889 2376.101682355909 14772.51915278092
7890 3383.739741300885 17365.37073822276
7891 3117.559793072522 16245.60961447075
7892 4182.249078564043 15337.17765530788
7893 3549.374736675629 15573.008155938636
7894 1446.87399401195 16059.155911606835
