5897 3091.442221592902 15473.87030014279
6087 3095.014285733045 15593.664205902473
6131 2775.769967134343 15399.49391193479
6161 2831.70962052495 16064.766531128102
6175 2787.5929820673837 15399.781328059164
6204 2800.032846473966 15400.083739722832
6205 3188.7547356055125 15406.52041742825
6216 2851.476239889655 15408.756681789166
6265 2754.899633064669 15398.986556529533
6281 2813.391047935726 15400.408476054003
6290 3085.4361813210835 15400.881269481872
6295 2727.7055198255002 15398.325470784715
6327 2717.049630239182 15398.066427342412
6383 3151.550069608518 15406.087797199534
6408 2737.4601196585522 15398.562603977452
6431 2634.141574910978 15395.905836804834
6486 2890.979047064111 15399.440802267269
6500 2646.3589208664525 15396.229975003907
6507 2658.924226680447 15396.563344920107
6518 2669.5264905721842 15396.844633404242
6565 2746.532832831315 15398.783160584411
6596 2615.6431046071543 15395.415054201825
6619 2624.187426134673 15395.641743451873
6629 2608.107521590055 15395.21512777615
6630 2763.7927259677226 15399.20274658853
6646 2799.672396454485 14981.820422461878
6680 2593.0908049672175 15394.816719521208
6684 2967.897962681519 15143.373595557188
6690 2600.6021746896463 15395.016003544373
6712 2704.211808278006 15397.752073728472
6716 2570.236063506015 15394.210360761745
6733 2691.941962973281 15397.438981124145
6739 2481.976302847996 15389.036755872608
6751 2242.11310533409 15385.694417651783
6755 2510.9202499616194 15391.613085078314
6761 2537.0256412509243 15393.329255610146
6763 2680.6505142495494 15397.13976468843
6780 2462.6203300382176 15388.814554604967
6816 2414.6223292208356 15388.263550698795
6879 3010.9728589852734 15187.236083615917
6908 2585.55860992103 15394.61688298173
6910 2437.1245685712456 15388.521870244787
6913 2473.6039150819997 15388.940643153652
6952 2407.121565086599 15388.177443980456
6994 2324.6168926568766 15386.97409929797
7011 2429.6238314334773 15388.43576383636
7050 2339.6174897480287 15387.206767268766
7052 2347.11784377033 15387.32310211464
7062 2317.116595520368 15386.857765334427
7071 2577.9739186902175 15394.415653666867
7115 2309.6162160730787 15386.741430094196
7118 2562.331921036571 15394.000656091466
7119 2272.114478648013 15386.159756371811
7143 2137.9732013277453 15385.38810343498
7145 2287.115217358533 15386.392426539205
7158 2279.6148088160526 15386.276090847692
7177 2545.6098137676577 15393.557002146115
7195 2294.615533937971 15386.50876080432
7197 2264.614173622045 15386.043422285898
7198 2302.1158412526524 15386.625094925732
7200 2553.9838021756755 15393.77917229105
7237 2257.113871777615 15385.927088249333
7242 3631.790943651766 15306.382897501586
7256 2234.6127907443183 15385.57808341753
7263 2145.479474815307 15385.543396645171
7269 2152.9857120085394 15385.698689104489
7271 2384.6195142583483 15387.904774798793
7273 2227.1124331360006 15385.461748516034
7274 2160.4919824575204 15385.853982251816
7280 2249.6134349049034 15385.810752118401
7290 2452.500629932366 15388.698383218813
7294 1016.7595571186515 17027.262238780004
7303 1326.5490741915382 15691.193793679799
7313 3250.451547277803 15338.408608452386
7335 2377.119176225221 15387.78844020092
7340 2167.9982865644174 15386.009276095474
7343 1823.9917752845859 16357.238194727872
7348 1042.1091549811151 15696.919599333694
7351 1763.4492943881464 16379.265634539765
7353 1272.7910441471292 15698.41021199666
7360 2096.197965670389 15384.690694169954
7363 2878.92391527016 15416.925836531113
7371 1872.0314825665341 16355.47902327118
7380 2422.123106236899 15388.349657565015
7381 3429.8051011161556 15393.313754227296
7382 3170.7118689684917 15576.082946548402
7389 3614.562269643193 15967.379397963106
7394 1695.8953258215693 16407.130285994794
7430 2081.181141982029 15384.701097234512
7432 3570.5453135691473 15995.660182929729
7434 1858.3083106171487 15954.965035283873
7436 2831.0912421915314 16121.499998936744
7443 2337.330423377896 16136.262716258932
7445 2122.960742380455 15385.077518835757
7448 2370.8806325776645 16367.858358774238
7449 2316.045139367056 16366.820622766934
7452 2088.6895059375265 15384.695895735409
7453 2260.553090809968 16365.647528555935
7454 3427.46908406378 15404.9476152474
7460 2871.3116696275083 15419.886240466869
7463 1858.001186346359 16355.320091618547
7467 2130.4669790400344 15385.232811284035
7473 1481.614141798156 16743.18222817804
7478 2369.6188550518286 15387.672105864553
7488 2385.128855019766 16368.036445539767
7493 2863.819776802471 15419.651346137372
7497 2399.227431114456 16368.212661894157
7499 2058.656011414052 15384.716701758633
7504 3166.2526460635136 15407.407176407105
7506 2153.281128281815 16363.379814144297
7508 2036.1307770603044 15384.732306354652
7511 3209.3343261364735 15403.476666973893
7515 2865.000846750086 15399.285861926095
7521 3238.964418743063 15356.860736356695
7522 2886.4252623079287 15417.158244778164
7528 2354.6708562520225 16367.65575478995
7543 2872.5006957300325 15399.329788291885
7544 1028.5758704123332 15700.315259356788
7545 4647.617127087929 15146.829688648128
7546 2073.672767608722 15384.706298740834
7553 2871.4224944136104 15416.693425996995
7556 2863.9210462652777 15416.461014617316
7559 2021.1139009786616 15384.742709455506
7562 3439.5788464662546 16032.600837021108
7563 2066.1643823877926 15384.711500254667
7565 2822.892474684338 15426.41990323064
7566 2340.347870452857 16373.20890505945
7568 2878.803557868367 15420.121134652638
7569 2901.41752301261 15417.855660856996
7570 2013.6054943971187 15384.747910984139
7573 2423.752109689433 16368.519192810612
7576 1300.1822250976907 16064.302156024885
7577 2399.6207751005063 15388.091336965344
7584 3504.851008186053 16141.893412144225
7585 2893.7864707124363 15420.609565138006
7587 3310.132754429096 17281.640306328485
7592 2334.803614400604 16243.765200269241
7594 2362.118532514853 15387.555771507034
7595 1344.24126690146 17137.638222593632
7598 2444.625362622905 15388.60797730657
7601 3611.2323889996715 15176.2400975727
7603 2332.1171929669763 15387.090433310737
7606 2838.4930331825403 15400.89170230158
7609 2226.3274389036856 16650.92168887121
7611 3455.269756359969 16058.042731131696
7612 3598.0925682960265 15933.615101038786
7614 2908.9092060644466 15418.301680709548
7615 1491.8965630028085 15721.596081594955
7616 3212.551813386943 15047.859457121058
7617 2051.1475812304516 15384.721903303616
7619 1983.5719245805712 15384.768717059522
7622 2354.6182346158575 15387.439437531664
7624 3138.2909431927947 15404.897950252845
7625 2849.6354857385463 15372.76294614272
7627 2845.108771767467 15592.722152988346
7629 2893.9258255755876 15417.409640148015
7630 3807.9883971885056 15171.129935190982
7635 2169.5520363852647 15382.818911495382
7639 1849.6131343306122 15081.944939294617
7642 3123.2161856493635 17661.254644945137
7646 3470.686390627693 16090.471624846967
7648 1991.0803256958407 15384.763515534676
7650 1998.5887319724939 15384.758314006254
7656 3144.9613160865447 16642.6635173493
7657 2392.1200409582652 15388.005230591305
7660 2043.6391421588908 15384.727104854757
7661 2916.233578560992 15421.942141203644
7662 2436.2002225457977 16368.674780229643
7663 2070.95000920366 15403.604114915091
7665 2593.0380173633844 16652.058406975888
7666 665.0462259962508 16167.164557374444
7668 3463.0430964416378 16077.561808229195
7670 3466.864743015774 16084.016715661654
7672 1927.6965078214284 15379.040235678029
7675 2006.0971023874092 15384.753112502676
7678 3394.089571529083 14522.702999547213
7681 2849.2366151722395 15387.759345206758
7682 3144.1032303641414 16231.504234277803
7683 1976.0950433614864 15384.173413689856
7684 3174.5208715738063 15588.285356427206
7686 1014.5179833683923 16755.58572910896
7687 2832.0839048909384 15435.265565030173
7688 1325.9211520169326 15684.796974285971
7693 2880.0006203944727 15399.373715100954
7695 3914.4971857777555 15747.120454244856
7696 3699.7382704824827 15867.959456305325
7698 2473.9765915499347 16965.355143081422
7699 2901.268816560513 15421.053755768677
7700 2852.83548667976 15372.842910755757
7701 2411.276146549157 16368.363257294337
7702 3161.3583029203864 16648.38892842999
7703 2852.4366155818598 15387.839329806195
7704 2842.1300703778234 15497.678538180764
7705 2632.530842527231 16359.133321018611
7706 2916.400980547685 15418.7477060055
7707 2553.9069044348407 16967.685987354856
7708 1585.1901411175522 15580.71296972692
7709 1428.9823964080467 16148.849266074245
7711 3790.5735583345077 15239.709339466443
7712 2886.29548363503 15420.35603001496
7713 3459.2214607492983 16071.106919176507
7715 2849.4360513472034 15380.26111214519
7717 2380.5315873999843 16659.982327709487
7718 1893.3337595852024 15402.50488577984
7719 2446.76440268527 16368.806820607251
7720 2713.437238744433 17164.23614453363
7722 2872.1309784564596 16355.824087904382
7723 3571.828245375838 15358.78370886167
7724 3711.3916037674094 17171.867244241606
7726 1974.7053623320326 15402.720440227426
7728 2923.8926876775095 15419.193727291546
7729 3592.4448759363904 16401.328802004464
7730 1968.6285079773802 15383.381508421844
7733 2215.459966507334 15403.962012005044
7734 3316.52033763509 17271.97205360461
7735 3448.755311238787 16047.267789247187
7737 4134.675499172177 16986.68978926499
7738 3191.2233634574204 17056.605000125965
7739 3354.7405120914996 15407.785043159933
7740 1837.1596918944447 15386.271923509885
7743 2360.3762025337637 17093.417056547067
7746 4465.23318725583 17023.73727983051
7747 3686.629341346467 14976.39880767798
7748 2028.6223237644626 15384.737507915646
7749 3662.7433941927566 16415.620344620176
7751 2659.6337105200632 16929.03778581694
7752 1929.6231274924526 15385.581835373496
7753 2894.7796738348343 16581.73633485156
7754 2296.651139639927 16356.90328524416
7756 3827.869022259085 15200.860543189398
7757 3270.3506108089364 16005.459763313269
7758 2815.5789153333535 15800.973072499906
7759 2911.9792848913526 16345.296649436368
7761 2552.3547652288107 16964.887303775544
7762 4243.969849091861 17171.690391516124
7763 2908.7512315641407 15421.497950504778
7764 2887.500470967412 15399.417641476073
7765 2971.27424803215 16365.845202910165
7766 2441.199785961713 16768.195276136426
7768 2852.636050010496 15380.341162401579
7769 2838.5545931478364 16356.841385671183
7771 4274.744883910856 15982.007295055575
7772 3637.767441603166 16367.052979453303
7773 2724.898879494566 17181.99361611834
7774 3482.1516135415554 16109.836825465554
7776 1432.3372072027335 16536.10207777027
7777 3176.7092727475365 16643.689875942866
7778 3773.647338165491 16293.702922500588
7779 2183.646300011337 17215.38851937073
7780 3478.3296649351573 16103.381407889037
7781 2433.980785487444 16762.911197625333
7782 3474.508023296492 16096.926508792778
7783 3701.1669021571906 16476.924882358056
7785 3131.7262223808334 16605.203721484435
7786 2812.504216495037 15886.36167975228
7787 2849.8349218256926 15365.264716382855
7788 4108.714869224908 15686.135937274139
7789 1833.3520576086185 16346.427393529884
7790 1276.2578417110674 16234.094108917678
7791 1434.8001630402464 15625.043347709103
7792 2853.234356900284 15357.846524692148
7793 3629.9869702199894 16400.121197887973
7794 2349.1650999335857 16097.502265166888
7795 1584.431223471497 16446.238482355704
7796 2850.034357276808 15357.766510535934
7797 2837.061610323723 16368.217103826624
7798 4361.0431129056615 16419.101706215875
7799 1859.7327991659108 15872.93171396752
7800 3321.419493535492 16935.452048051717
7802 2853.871516322323 15467.257972382438
7803 3916.900774086342 15358.65917594948
7804 1837.2037293327974 15383.071115627805
7805 2759.662308167268 17253.55363383806
7806 2222.9530630739814 15403.977088658095
7807 2814.4919175955083 16459.8332488525
7808 2895.000353030222 15399.461568035627
7809 912.4672155949652 15463.086856622365
7810 2581.558240879233 15409.746946018055
7811 897.7991302345033 15490.10278324002
7812 934.5932086633534 15261.30926439537
7813 3010.260960705096 16406.41817191922
7814 3147.8467159745974 16631.164191316417
7815 1961.1599452377466 15382.589388131277
7816 3187.549485191932 16637.621733473654
7817 1432.8941930637309 15920.966681211576
7818 3834.85130903717 15203.068616638515
7819 3697.0864146788404 15274.855543688622
7820 1483.7989775273684 15564.499709379234
7821 2859.801106535649 15205.091414472647
7822 1807.6265599799094 16351.530234687114
7823 3443.837871328417 16039.408133265517
7824 2902.500203663903 15399.505494411102
7825 2675.398742803147 16905.3444372512
7826 3204.4834770235 16614.7865910703
7827 4144.024771658902 15893.727107074405
7828 2846.142784164337 15603.170193824351
7829 2832.4824759341313 15426.879876935765
7830 4037.3298167421417 15934.831983097412
7832 962.4900461703651 15301.532314590251
7833 1407.9858585556124 16550.364101226045
7834 2480.5225206855603 16369.420000940712
7835 1042.9162645652852 15406.964488455542
7836 3328.6664282459765 15232.597817544274
7837 2342.8361414864903 16092.055199402168
7838 2853.03492145587 15365.344730287121
7839 2506.5155937110803 17000.671426273027
7840 1549.9145065807909 16466.585905403514
7841 1055.3637896372077 15680.777851989393
7842 2365.8163982259557 15394.685669066688
7843 3610.4033373979837 15926.782248577087
7844 3628.4797089624863 16393.655269440125
7845 3939.674173580231 15746.568059548425
7846 2371.2760460420054 16662.873769608475
7847 3006.397604820496 16427.291908938932
7848 3334.2302304897294 16757.13114659183
7850 4137.770633396087 15738.86105719333
7851 2853.4416108716855 15350.054364715252
7852 3283.729840082298 15820.388061832851
7853 3394.0680993119518 16098.983478584165
7854 2923.715971160286 15422.38633460971
7855 2557.021039371877 16973.28350641734
7856 2193.328426430091 15453.700591985888
7857 1591.823041129548 15027.296431669902
7858 3319.9431329978934 16138.281387098483
7859 3431.429126659328 16019.574954611368
7860 4532.165329743371 16047.693262753115
7861 981.1605916817297 16146.85024995088
7862 4240.353794301963 15918.171263104083
7863 4272.3078609347085 15170.609991786521
7864 3238.050362654081 17024.86279759939
7865 1498.5146676237125 15723.057540250387
7866 3121.2257221421964 15591.441913158107
7867 3307.7861494292124 17283.99160482508
7868 4046.9310009642086 15604.224929405174
7869 3205.2350869526736 15042.420597648936
7870 1826.0773376374027 16328.617581841641
7871 2903.483423190344 16160.847009508863
7872 2212.7055265250415 15416.682378459858
7873 4329.440296636262 15669.64777624929
7875 2931.6205594061835 15422.855591726318
7876 2825.4978071417177 15400.657886681527
7877 1992.9123136570843 16786.785009285042
7878 3746.1231458859156 15263.971841433819
7879 3030.5896842513184 15399.549380182982
7880 1565.889655930957 15871.576569916519
7881 2774.199628283661 17303.045441146747
7882 4228.640801139744 15199.563212453173
7883 3416.109401924407 16922.413312788187
7885 3479.145636989253 16451.890696835304
7886 1967.5913162577083 17286.247551189175
7887 2860.4708610016423 15599.508026731564
7888 1447.577330935587 17416.36646222379
7889 2373.961234502448 14948.428393713339
7890 3500.919877322419 17323.827908834657
7891 2997.3975804942534 16310.39226008927
7892 4203.920776987717 15438.676783724028
7893 3619.4260677509924 15565.534279114807
7894 1539.2634636291828 16026.835133257968
7895 3495.8630738869488 15762.051521647361
7896 2910.2212516463237 15399.550716332084
7898 3442.6098020600043 15398.641078938632
7899 3109.586377914932 15914.787615543422
7900 1977.619006373547 15581.854043252892
7901 2567.0506319500137 16658.60133025372
7902 380.4481356309519 17968.753307330375
7903 3496.366652730801 15756.766401843724
7904 2193.4332402413397 17171.47676623827
7905 4189.6769508835405 15455.006783296389
7906 4004.5848272041153 16911.44327380677
7908 1094.7704567456985 16990.234656854806
7909 4602.3087369519835 15839.820020876827
7910 3051.0631652289317 17135.37110816191
