5897 3064.0376490278136 15425.756892909365
6087 3179.7045813920186 15590.65590846029
6131 2808.247355326163 15400.283433482105
6161 2830.669170911215 16264.838464306069
6175 2817.004477817344 15400.496318116131
6204 2841.506258815272 15400.898721701607
6205 3344.435113663704 15407.70642843337
6216 2849.3181534707505 15532.452608103884
6265 2783.22936753162 15399.675249094937
6281 2848.3327063814213 15407.807739842767
6290 3173.586245103052 15406.966570062066
6295 2745.3035252844206 15398.753276260253
6327 2732.2636246025013 15398.436277784192
6383 3251.093375424127 15406.994300575756
6408 2758.1834159251534 15399.066384910737
6431 2660.3099120852007 15396.600108516162
6486 3076.951793107636 15400.660685119985
6500 2672.3094053096197 15396.91846686811
6507 2683.705668039255 15397.220820921993
6518 2692.040457942495 15397.44149444405
6565 2771.634202273907 15399.393371969792
6596 2637.6265514531665 15395.99829665858
6619 2650.4129527803198 15396.337532456102
6629 2626.466778534443 15395.702216911872
6630 2796.7067982674293 15400.002883875959
6646 2750.737521591962 14902.423909192858
6680 2602.9934358460723 15395.079446053702
6690 2614.909722893361 15395.395596863971
6712 2720.03566382297 15398.139017473168
6716 2571.1270232210286 15394.233998798885
6733 2710.3135590861357 15397.902674232459
6739 2482.129036669616 15389.03850921506
6751 2242.11324121447 15385.694419759368
6755 2532.874400936957 15393.21911912353
6761 2540.5528723915045 15393.422836519927
6763 2701.46577337033 15397.682002492898
6780 2467.1266932731746 15388.866286420935
6816 2417.8934684300375 15388.301102481186
6908 2592.3502431376637 15394.797071687824
6910 2444.395842146413 15388.60534247435
6913 2474.6281597933644 15388.952401202472
6952 2408.499701051145 15388.193264603957
6994 2324.6168926568766 15386.97409929797
7011 2436.383864251378 15388.51336716202
7050 2339.6174897480287 15387.206767268766
7052 2347.11784377033 15387.32310211464
7062 2317.116595520368 15386.857765334427
7071 2580.470427872059 15394.48188850978
7115 2309.6162160730787 15386.741430094196
7118 2563.1667011885406 15394.02280362957
7119 2272.1145919064966 15386.159758128515
7143 2137.9732013277453 15385.38810343498
7145 2287.115217358533 15386.392426539205
7158 2279.614918734985 15386.276092552598
7177 2548.073615116704 15393.62236921807
7195 2294.615533937971 15386.50876080432
7197 2264.614288481613 15386.043424067437
7198 2302.1158412526524 15386.625094925732
7200 2555.601580337887 15393.822093536131
7237 2257.1139897841417 15385.927090079682
7242 3666.276433247127 15274.733878188941
7256 2234.6129335040905 15385.578085631818
7263 2145.479474815307 15385.543396645171
7269 2152.9857120085394 15385.698689104489
7271 2384.6195142583483 15387.904774798793
7273 2227.1126167891225 15385.4617513646
7274 2160.4919824575204 15385.853982251816
7280 2249.6135425114685 15385.81075378744
7290 2459.620325009287 15388.780115368721
7303 1301.9108156380723 15763.761629576287
7313 3342.0812559220967 15278.278371987593
7335 2377.119176225221 15387.78844020092
7340 2167.9982865644174 15386.009276095474
7343 1675.4604322416017 16415.559268025143
7348 876.9915127078901 15758.376105150663
7351 1562.3277645841617 16471.42762057791
7353 1040.7672140473912 15697.256308072718
7360 2096.197965670389 15384.690694169954
7363 2878.92391527016 15416.925836531113
7371 1798.4328641527818 16365.338201338978
7380 2427.604995777788 15388.412588155847
7381 3376.8684209226694 15308.447092743292
7382 3229.5275486567834 15672.717026885357
7389 3621.9344405305974 15913.133455918274
7394 1503.1916000815604 16506.156750782902
7430 2081.181141982029 15384.701097234512
7434 1888.9100581949363 15979.003466423686
7436 2830.663968221453 16312.17513710819
7443 2339.300464006002 15929.413762245273
7445 2122.960742380455 15385.077518835757
7448 2297.119951070344 16366.420546910838
7449 2155.137508189894 16363.419057758116
7452 2088.6895059375265 15384.695895735409
7453 2048.828657892999 16361.171703405484
7454 3518.77962387867 15367.203306598165
7460 2871.3116696275083 15419.886240466869
7463 1748.2291409881605 16385.543641273962
7467 2130.4669790400344 15385.232811284035
7478 2369.6188550518286 15387.672105864553
7488 2349.5699363872927 16367.591999025073
7493 2863.819776802471 15419.651346137372
7497 2357.646166493853 16367.692942823725
7499 2058.656011414052 15384.716701758633
7504 3282.0811700640566 15407.230761406947
7506 1944.7266543747392 16357.205820569385
7508 2036.1307770603044 15384.732306354652
7511 3254.0314907151405 15381.904578687016
7515 2865.000846750086 15399.285861926095
7521 3293.700043248464 15311.679272554546
7522 2886.4252623079287 15417.158244778164
7528 2262.5457946070364 16365.689654037862
7543 2872.5006957300325 15399.329788291885
7544 854.17745471266 15767.56283743267
7545 4519.161714404594 15002.08733091383
7546 2073.672767608722 15384.706298740834
7553 2871.4224944136104 15416.693425996995
7556 2863.9210462652777 15416.461014617316
7559 2021.1139009786616 15384.742709455506
7562 3454.575366387774 16054.88971386406
7563 2066.1643823877926 15384.711500254667
7565 2822.892474684338 15426.41990323064
7566 2335.368239078429 16497.602891759645
7568 2878.803557868367 15420.121134652638
7569 2901.41752301261 15417.855660856996
7570 2013.6054943971187 15384.747910984139
7573 2381.9873804431722 16367.997180638577
7576 1301.8344347463128 16059.78946683204
7577 2400.0535702908887 15388.096305335619
7584 3610.489125622133 16322.344574342
7585 2893.7864707124363 15420.609565138006
7587 3348.4714220518676 17349.686767176885
7592 2338.5215239926815 16038.248370113373
7594 2362.118532514853 15387.555771507034
7595 1126.7960740497292 17267.89703814996
7598 2452.068673603356 15388.693424478437
7601 3601.097072435765 15157.840647403975
7603 2332.1171929669763 15387.090433310737
7606 2963.2063510019375 15399.012347304375
7609 2038.2517572713052 16757.422552774296
7611 3510.7444532131135 16151.84647152486
7612 3703.4543406191615 15865.708908359216
7614 2908.9092060644466 15418.301680709548
7615 1488.6835639533522 15905.929784898437
7617 2051.1475812304516 15384.721903303616
7619 1983.5719245805712 15384.768717059522
7622 2354.6182346158575 15387.439437531664
7624 3194.6472659181736 15406.565209297058
7625 2849.6354857385463 15372.76294614272
7627 2928.6124394716117 15599.292544689059
7629 2893.9258255755876 15417.409640148015
7630 3691.7363369184177 14984.593424874281
7635 2198.127625254793 15314.82144976807
7642 2986.8926123776646 17757.205087513565
7646 3470.686390627693 16090.471624846967
7648 1991.0803256958407 15384.763515534676
7650 1998.5887319724939 15384.758314006254
7656 3073.1748019764295 16535.034635251006
7657 2392.1352000772204 15388.00540461384
7660 2043.6391421588908 15384.727104854757
7661 2916.233578560992 15421.942141203644
7662 2397.103705568396 16368.186117711897
7663 1904.5739660187858 15402.671578323345
7665 2474.1765224902824 16714.04034460659
7666 606.0962432709621 16058.81994466525
7668 3463.0430964416378 16077.561808229195
7670 3466.864743015774 16084.016715661654
7672 1953.6950447914728 15381.797656265762
7675 2006.0971023874092 15384.753112502676
7678 3340.930980473714 14440.723479544526
7681 2849.2366151722395 15387.759345206758
7682 3163.9713929931286 16211.002730153064
7683 1976.0950433614864 15384.173413689856
7684 3168.9646729825736 15576.531904815041
7686 1040.662450938837 16642.421924825165
7687 2832.126358019673 15434.372377473577
7688 1074.4638518800766 15685.618759332536
7693 2880.0006203944727 15399.373715100954
7695 4064.100269306628 15657.034675272542
7696 3892.108300618492 15759.305323982939
7698 2430.5096410720457 16888.131476405684
7699 2901.268816560513 15421.053755768677
7700 2852.83548667976 15372.842910755757
7701 2368.3097612054935 16367.826225771743
7702 3088.7327397158992 16560.759967270107
7703 2852.4366155818598 15387.839329806195
7704 2834.9185794583727 15686.928841148447
7705 2791.604763205878 16357.676108347683
7706 2916.400980547685 15418.7477060055
7707 2581.858623687752 16953.12759039961
7708 1682.99262292064 15545.80575669004
7709 1427.3461242382014 16354.576220704577
7711 3627.368377820065 15328.617463636861
7712 2886.29548363503 15420.35603001496
7713 3459.2214607492983 16071.106919176507
7715 2849.4360513472034 15380.26111214519
7717 2487.039836831983 16828.220536602836
7718 1845.5111759004078 15401.075922391281
7719 2410.857215030532 16368.358021121234
7720 2831.2481432134773 17345.292596811898
7722 3015.0577671175583 16408.211236107916
7723 3366.7513811936396 15428.113790988296
7726 1876.124250289122 15406.441961221883
7728 2923.8926876775095 15419.193727291546
7729 3666.402605757341 16415.42127435187
7730 1968.6285079773802 15383.381508421844
7733 2215.459966507334 15403.962012005044
7734 3337.051315040647 17329.68012756433
7735 3489.174747988886 16115.418786879669
7737 4192.704419230169 17064.44367238587
7738 3217.6760180503743 17115.432600617645
7739 3468.9739748638253 15392.384950184744
7740 1895.8578458093373 15384.619997666914
7743 2162.944796825409 17205.396412012546
7746 4482.1306683947405 17014.87012544238
7747 3572.4823913403393 14793.241007041108
7748 2028.6223237644626 15384.737507915646
7749 3650.1237972807144 16395.485833324456
7751 2593.749470406037 16965.798137215497
7752 2129.365109867881 15392.075339832405
7753 2840.5157433576164 16631.81659055486
7754 2406.0062246413218 16357.32300937515
7756 3862.3191486047112 15226.865353528983
7757 3170.768233621228 16057.087554313395
7758 2825.156995676997 15581.443955336776
7759 3044.34820523126 16276.06346615236
7761 2577.4190975641154 16951.823866173065
7762 4334.81211569902 17327.11083682128
7763 2908.7512315641407 15421.497950504778
7764 2887.500470967412 15399.417641476073
7765 3053.931435194458 16473.421775008785
7766 2322.8632757431114 16559.500518457062
7768 2852.636050010496 15380.341162401579
7769 2998.751538735141 16383.057482857388
7771 4273.374441791822 16013.779190135523
7772 3735.7122985596816 16318.532698116062
7773 2860.081646615515 17388.752097006505
7774 3482.1512846373357 16109.83626993373
7776 1547.0020706129587 16468.302771087026
7777 3097.6088644749607 16688.754155788432
7778 3770.5533505681024 16239.82838655848
7779 2230.7826146396974 17296.94787839762
7780 3478.3296649351573 16103.381407889037
7781 2324.6090156301675 16587.1594300648
7782 3474.508023296492 16096.926508792778
7783 3654.1316981264017 16401.88042147272
7785 3148.836762189468 16632.97844808099
7786 2821.8022339007834 15663.747398564388
7787 2849.8349218256926 15365.264716382855
7788 4217.28810988135 15878.641327036607
7789 1989.9641644984931 16349.46739241041
7790 1379.079793177588 16177.120354865641
7791 1524.5430320794203 15516.239592282614
7792 2853.234356900284 15357.846524692148
7793 3522.0784977685666 16459.17738281118
7794 2344.6891860469877 16298.749387281321
7795 1766.3597228128478 16367.77033926513
7796 2850.034357276808 15357.766510535934
7797 2837.061610323723 16368.217103826624
7798 4450.335673958766 16375.149396043405
7799 1852.8198856717263 16059.64152378958
7800 3191.9884244309674 16727.317930961046
7802 2845.173659922342 15595.740262136082
7803 3796.9086317688025 15153.35149090606
7804 1891.0239448599064 15378.262662003244
7805 2760.7295724861124 17316.089796399054
7806 2222.9530630739814 15403.977088658095
7807 2806.35076435279 16264.081411960049
7808 2895.000353030222 15399.461568035627
7809 932.5288637372395 15551.30837237344
7810 2364.5989251779793 15407.0362880867
7811 942.8908300466659 15569.837519948438
7812 996.9149797917377 15352.374806007454
7813 3107.1038852904335 16565.55186867296
7814 3157.713966054111 16649.3580438385
7815 1961.16197689299 15382.589603609862
7816 3120.8850974591987 16676.198927447338
7817 1484.816157082215 15770.123543385256
7818 3886.3269331393676 15269.702104930648
7819 3814.505132750321 15211.690474115088
7820 1611.8628867864177 15427.555007601717
7821 2850.382665182717 15344.671123722776
7822 1914.2073086596963 16346.260629163102
7823 3467.79614591469 16079.313844024951
7824 2902.500203663903 15399.505494411102
7825 2862.6470758307573 16802.11605089877
7826 3361.224636129002 16521.119625071486
7827 4040.4136447722917 15940.776435000129
7828 2838.1902161586586 15685.117634743603
7829 2832.4824759341313 15426.879876935765
7830 3975.7410850231304 15816.112245850865
7832 1010.8603402850514 15387.772766386679
7833 1474.0801999433181 16511.28983027493
7834 2424.431367018014 16368.527682763735
7835 947.3018388299799 15436.188960903442
7836 3285.335696513522 15195.538170145655
7837 2338.108563057877 16311.346161968868
7838 2853.03492145587 15365.344730287121
7839 2618.3663567579897 16936.76138570065
7840 1734.644639623117 16380.360941448322
7841 1250.1595986440675 15681.986789901515
7842 2598.080328137034 15397.874237844018
7843 3606.8477394636734 15984.540766810489
7844 3494.261115706562 16467.09980468272
7845 3971.3197595543807 15709.952312328522
7846 2323.929911426631 16477.79296819664
7847 2848.976615923378 16371.080110267478
7848 3448.833518015055 16696.863034608024
7850 4240.830933260617 15919.056918608352
7851 2853.4337936379006 15350.348270476468
7852 3278.986460696463 15760.904755983327
7853 3221.489269114283 16190.477443679294
7854 2923.715971160286 15422.38633460971
7855 2557.021039371877 16973.28350641734
7856 2193.9095762809375 15422.721547761712
7857 1469.468521497197 15120.77616514969
7858 3134.9125704510475 16236.377592659852
7859 3446.5122967206903 16043.682728159414
7860 4473.847790633549 15941.310848672172
7861 879.0954278687917 16186.078299478753
7862 4288.005021878572 16011.286052791587
7863 4334.037507971132 15206.16888584894
7864 3319.117498057346 16976.363062708686
7865 1497.6791419024032 15776.817192713508
7866 2958.9323319911778 15602.396696637179
7867 3364.436827134968 17247.913408111213
7868 3963.2247648681464 15456.215981620202
7869 3155.149297989495 14964.212260810807
7870 1831.1296273536973 16223.635539398387
7871 2827.6023480926947 16165.76472709446
7872 2124.7291685266446 15411.746101794923
7873 4281.374660797105 15579.735048654551
7875 2931.1983547041114 15422.830527478194
7876 2846.1546174664436 15440.055438520303
7877 1873.0466938505656 16860.28811194526
7878 3580.0465623111395 15357.962533360258
7879 2944.740196216749 15399.193111005694
7880 1512.5118867245417 15886.960635115769
7881 2722.8635263356173 17202.408420847056
7882 4159.966229725319 15237.815788532422
7883 3360.3665164853014 16964.675835369046
7885 3555.0401467358442 16414.2823214822
7886 2043.3827505824231 17253.8433262375
7887 2973.212282986196 15598.86421897986
7888 1370.527131075402 17355.4864410292
7889 2373.0998398663965 15104.203914042799
7890 3545.8088560773535 17279.122885939167
7891 3045.562075683119 16459.375454032797
7892 4177.951814422916 15383.047617403043
7893 3678.755871443197 15668.525038667414
7894 1636.243571413493 15994.650433703398
7895 3426.4244786416575 15654.910935926018
7896 2910.0000601073325 15399.549420820604
7898 3452.050578910444 15399.846271811393
7899 3134.955748947723 15905.334936385221
7900 1874.879056778333 15581.754206399066
7901 2454.300853975823 16726.014731032825
7902 468.65495733465195 17851.422639362856
7903 3486.4882825330437 15746.824407112963
7904 2318.4976114463534 17099.9650208401
7905 4111.453927725134 15495.3138318021
7906 3949.380812416015 16939.693892340627
7907 1873.0065413291147 15978.45982474989
7908 1067.1652803690915 16931.074651274736
7909 4672.706483051285 15808.756264938896
7910 3034.625464269646 17140.05675506086
7911 1018.8274337452235 15668.36261939451
7912 3288.893313348436 16505.069717084552
7913 1879.4647847558147 16844.17648660007
7914 1978.885811370391 16738.479544062615
7915 2637.1576043675245 16205.848764553803
7916 3423.3649811090977 15408.845750691136
7917 4082.825152239876 16382.930020724307
7918 2706.9786890526116 15954.901801444968
7919 1094.6146493087135 16989.90074959351
7920 1446.5228460173348 16699.30645747194
7921 3258.2820759770943 15383.742084905763
