6087 3839.1602802245507 16692.020442749865
6131 2809.8917192280546 15400.323407778207
6175 2817.389429656886 15400.505676250787
6204 3447.799804112203 16045.740580488186
6205 4562.082473494021 15370.437236725915
6265 2794.8963121149327 15399.958871167175
6281 3210.1196351387475 16736.638988169947
6290 4194.561132531559 15580.15401565103
6295 2772.4033054403913 15399.412068778738
6327 2764.9056140387934 15399.229800768708
6408 2779.9009720541862 15399.59433618618
6431 2712.42179360693 15397.953925169606
6486 3521.260267267358 14717.104124452504
6500 2719.919556231562 15398.136194911061
6507 2727.4172284930996 15398.318462455798
6518 2734.9148911568413 15398.500729767215
6565 2787.39863539996 15399.776603514176
6596 2683.090975412608 15397.204512522305
6619 2690.5892782624464 15397.403449868494
6629 2675.592603908623 15397.005573354654
6630 2802.393981084419 15400.141138631883
6680 2660.5960286738923 15396.607699470542
6690 2668.094304128006 15396.806636089894
6712 2757.4079102935557 15399.047532458606
6716 2638.101062279038 15396.010885897282
6733 2749.910223121967 15398.865264551407
6739 2593.1112192958235 15394.817261133416
6751 2333.020140995991 15387.104438558952
6755 2600.609564408552 15395.016199600881
6761 2608.1078835459693 15395.215137379195
6763 2742.412560685669 15398.68299724552
6780 2578.114630252315 15394.419386882942
6816 2817.54915129341 15394.105675981758
6908 2653.097726947992 15396.408762154171
6913 2585.612920406385 15394.6183238923
6952 2548.1213040928023 15393.623634453488
6994 2429.6235803451355 15388.435760953935
7011 2563.1179987108712 15394.021511504958
7050 2444.625108180533 15388.607974385643
7052 2452.125877458971 15388.694081163036
7062 2422.1209580703885 15388.349632904652
7071 2645.599413249734 15396.209824520163
7115 2414.6132521911636 15388.26344649698
7118 2630.602733050342 15395.811947851236
7119 2376.035160947779 15387.771626494548
7143 2242.120232091116 15385.694528191923
7145 2391.8393611944693 15388.002008464475
7158 2384.0229216385874 15387.895521300858
7177 2615.606161478361 15395.4140740643
7195 2399.518733286784 15388.090165553265
7197 2366.3983626796476 15387.62215415792
7198 2407.0975158258543 15388.177167901527
7200 2623.1044377486705 15395.613010705307
7237 2356.9525181458052 15387.475643624586
7242 3594.3554283123076 15145.378670453338
7256 2318.4512726790576 15386.878466952123
7263 2249.6809759123835 15385.811799718644
7269 2257.367334650701 15385.931019605665
7271 2533.124711984059 15393.225760121692
7273 2304.2198597321476 15386.65772947402
7274 2266.7469740508627 15386.076503258933
7280 2346.3127734605155 15387.310615006681
7290 2570.616285111142 15394.220448414724
7335 2482.129000583714 15389.038508800802
7340 2277.5979940109096 15386.244808879026
7343 1048.1500470162734 16364.147740311115
7360 2167.9982852455437 15386.00927606819
7363 2676.0523341106536 14712.407387401863
7380 2555.619680266765 15393.822573745038
7430 2152.985791878467 15385.698690756873
7445 2227.1069574969206 15385.461663585693
7448 1042.8719146223402 16630.698938158628
7452 2160.49202052717 15385.853983039418
7460 2349.9665002457245 15875.609368219451
7463 1060.9603295168251 16357.049548980238
7467 2234.6119327863917 15385.578070110105
7478 2474.628208017278 15388.952401756069
7488 1834.032127083379 16030.076620867
7493 2348.6468256093995 15912.024583654611
7497 1862.4910070561384 16355.252399316314
7499 2130.4668432402955 15385.232808474548
7504 4351.034562089156 15495.205815502253
7508 2088.6896481757835 15384.695895636873
7515 2494.954808365442 15594.075964322414
7522 2230.4460876072244 15403.992165166212
7546 2145.479561875274 15385.543398446307
7559 2073.6705138436405 15384.706300302152
7563 2137.9733260415446 15385.388106015116
7565 2822.892474684338 15426.41990323064
7568 2344.433357866776 15744.21923401088
7569 2215.4106250039094 15407.162012139232
7570 2066.1500736854878 15384.711510167173
7577 2540.622987126509 15393.424696732776
7585 2352.559622497435 15844.86597448302
7594 2467.127494723516 15388.866295621365
7598 1690.0503801488157 15392.356052763535
7603 2437.1243307483483 15388.521867514646
7611 4296.273036380978 16451.80277972565
7617 2122.9599257744408 15385.07750194144
7619 2029.3176364156177 15384.737026230401
7622 2459.6266761211727 15388.780188277746
7625 2849.6354857385463 15372.76294614272
7627 3732.3603993556026 16520.668378097533
7629 2237.9391596800233 15404.00724176998
7648 2041.384200822064 15384.728666989386
7650 2050.498621387223 15384.72235287746
7656 2349.511007840444 16367.591262484473
7657 2396.171198272787 15759.862128463343
7660 2096.198017082815 15384.690694134339
7661 1927.204481887156 15399.806081290933
7662 1877.489043872098 16355.60866189618
7668 4528.536516784096 15389.258371251979
7672 1964.5624633557422 15382.950261265003
7675 2058.5412119335947 15384.716781287196
7681 2849.2366151722395 15387.759345206758
7683 2013.9590845157222 15384.747666030817
7687 2832.126358019673 15434.372377473577
7693 2526.983749574832 15412.605214951305
7700 2852.83548667976 15372.842910755757
7701 1869.990048475901 16355.430531152868
7702 2357.011340209241 16367.685008208711
7703 2852.4366155818598 15387.839329806195
7705 3074.7082528638084 16155.226320111271
7706 2369.69290171762 15754.961098956232
7711 2394.7494464616075 15773.196500621541
7712 2042.8252873265808 15534.372831429542
7713 4038.287121381842 15581.784487215651
7715 2849.4360513472034 15380.26111214519
7718 854.0144786355227 16195.717991240106
7719 1884.9880102370994 16355.786791949886
7722 4123.677985205745 16968.507001003163
7723 2410.5778541581594 15737.476267246502
7728 2245.432210760082 15404.022318331508
7730 1995.2297514173547 15384.760640975812
7733 2215.459966507334 15403.962012005044
7746 3650.1236455282155 16395.48559120401
7748 2081.181112315984 15384.701097255063
7749 3771.4816345883005 15821.312248382214
7751 1842.4321761063366 16868.593044026584
7754 3222.6634550305116 16179.761815230271
7758 2831.770238065865 15441.864920918035
7761 3854.1909104859574 16682.99474062077
7763 2043.5701065345454 15472.727849332106
7764 2915.5428367962995 15599.333874296362
7765 4406.64033482491 16226.668074264866
7768 2852.636050010496 15380.341162401579
7769 3888.2615524849616 16664.76587812045
7774 3091.5383337290623 15557.8231148922
7776 2796.0049738717403 16357.631174614966
7777 2113.416213420436 17232.10149814956
7780 3091.7135271398074 15537.446308876915
7781 1535.5334833355882 16849.30334061801
7782 4097.641926693071 15633.954880945932
7783 4566.230988529217 15724.594363154662
7786 2831.4141189661304 15449.357446393333
7787 2849.8349218256926 15365.264716382855
7788 3447.0094036021896 16701.379927246904
7789 3192.5936405005864 16195.767531929665
7790 2622.845241351735 16359.061813846716
7791 2333.631762596347 15181.1100004543
7792 2853.234356900284 15357.846524692148
7795 2900.818832892661 16350.807983756711
7796 2850.034357276808 15357.766510535934
7797 2809.509598263114 16283.056137552896
7800 2837.0618854461204 16368.217095984879
7804 1951.8277990426632 15381.59961504998
7806 2222.9530630739814 15403.977088658095
7807 2831.0580015388705 15456.849936680786
7808 2867.2215793637206 15599.48667914007
7809 1433.2799675992305 16425.89621741753
7810 1851.55 16589.818148691502
7811 1459.1236184130094 16284.412974928922
7812 1611.0317225831484 15679.169301011008
7813 2811.36690311807 17332.69381506751
7815 1978.292602301821 15384.40648812292
7816 2627.645500558411 17234.057411933478
7819 2863.8197803838975 15419.65134624966
7820 2916.3196291166432 15405.374109738306
7821 2850.233792683276 15350.268306367632
7822 3135.1350440211963 16226.351891413446
7824 2663.1037761283933 15417.817321164404
7827 2832.3563688921863 15411.696092940223
7828 2364.5117398589923 16367.778754773888
7829 2832.4824759341313 15426.879876935765
7830 3148.6600190576187 15405.828449960814
7832 1880.1423584128333 15378.65106268977
7833 2572.5695145835475 16944.124972077836
7834 2199.8650912826165 15608.717920939325
7835 1904.1349106185444 15378.375423750495
7838 2853.03492145587 15365.344730287121
7840 2843.0665448815935 16353.501685529991
7841 1941.2664125972904 15380.479468002743
7843 2388.857602196057 16697.156317977515
7844 2867.6271708114627 17400.125141263037
7845 3328.760717806987 14422.302457070391
7846 917.2545765399316 16842.93594782088
7847 1892.4869918230077 16355.964922365149
7851 2853.4337936379006 15350.348270476468
7855 3384.711989664105 17411.160640636655
7856 2290.6590913067926 15386.44739408185
7857 1921.0930142836812 15378.706724451238
7858 2387.0127832574685 16368.059992525203
7859 4165.04096715179 15596.540968343634
7860 3690.759501791164 15298.976283330643
7865 2362.3602691830965 16356.593328467658
7866 2379.512449509885 16367.966246783732
7867 2852.1899695357233 16367.785904027656
7868 2263.6534663103935 15405.92562324489
7869 2853.6332294988556 15342.850049220757
7870 1932.3623484967072 15379.535097567832
7871 1899.9866279690393 16356.143068328798
7872 1844.3454041446198 16653.118215214574
7875 1977.4359718123378 15404.396272389518
7876 3482.5038935595594 16250.691260279533
7879 2840.474610737825 15417.033569654022
7880 2326.419487842042 16357.123969140204
7881 2972.9198822863696 16315.079679462524
7882 2924.906535306445 15419.254087048737
7885 3091.364931032248 15577.991642352687
7886 2815.806449775407 16480.39672510024
7887 3756.733517533725 16559.687692641495
7888 2329.922739220398 16509.076819029895
7889 2805.273201141406 15397.009244472187
7890 2580.0490528561936 16987.659625492848
7891 3695.762951570129 17473.633393114935
7892 2629.200056137891 15410.72530472426
7893 3579.5865398759056 14804.926284091796
7895 1891.4436487567289 15396.053054965285
7896 2779.4953486485297 15412.835143694661
7898 4170.511330689472 16094.373195641729
7899 2372.012107934573 16367.87250094442
7901 2187.5187491803754 15422.594297994114
7902 1847.378718839048 16855.556368846876
7903 3060.7967965448797 15272.142366161908
7904 2817.575957181734 16507.933574470262
7905 3266.8374239107334 16166.435778271534
7906 3426.921918437492 17060.927200528233
7907 2788.465047196576 16357.70817025805
7908 1830.9996222955103 16231.007893108399
7909 3254.0456507134754 16600.39845873519
7910 3594.500174185863 16301.190384914733
7911 3192.624643657417 15406.549834402716
7912 2844.608282940115 16368.00200292444
7913 1435.1547575343122 16530.763748339683
7914 3028.695495960865 17419.917290206973
7915 3178.4635157156176 16684.752061391348
7916 2858.1216917264924 15406.338684899287
7917 4600.463981899687 17182.383412209918
7918 3162.0520620152083 16212.02436159194
7919 1816.1048086592034 16348.51386691094
7920 1454.5495475565883 16522.803047124922
7921 4235.088393764033 15908.397735111826
7922 2582.749328226176 16985.946114481492
7923 3877.8550358365455 15254.585818038888
7924 2370.4884142941505 15147.110929060118
7925 3096.6798681451714 15419.26906766396
7926 3148.9708280637424 16648.946293981106
7927 2919.7714886052645 15399.606651752003
7928 3622.2034012351187 16377.96458510653
7930 3123.2164844810063 15591.016961966554
7931 3023.6945215878604 15425.091912470196
7932 3364.82909620152 17372.720622218483
7933 2797.7742025402854 15396.826977145076
7934 2822.536354781885 15433.91244559463
7935 1842.1637375770645 15509.112260064436
7936 3027.1715336434454 16285.502468125123
7937 3041.945835656452 15422.191926836726
7938 2938.0042242582385 15399.593763612893
7939 2230.2181372856285 16642.125563390084
7940 2678.030705724783 14795.066026869228
7941 1310.52151405668 15269.925068955785
7942 2529.7947860267086 16899.77485321981
7943 1217.3521983021146 16266.733789374934
7944 2394.5132937101343 16368.15374047529
7945 2638.9730305570138 16323.89385025858
7946 1458.331877440357 15601.891141344795
7947 2854.5812440594664 15306.77443201049
7948 3451.856269459149 16052.224121255269
7949 2820.692196560201 15109.541725717481
7950 3459.934749489846 16072.31169117819
7951 3659.6002070789464 16404.566867004876
7952 2823.365071164677 16548.071498283767
7953 2981.083533922723 15052.317771703474
7954 3444.692591448771 16046.805706459618
7955 1899.4357689291337 15387.892247090344
7956 3088.883557632947 15427.120950880579
7957 2285.0578686188574 16356.69141109969
7958 2230.032083950866 17368.67877081085
7959 4381.489654932664 15767.02313772997
7960 3328.3043290302976 16970.86689136308
7961 3835.429294398872 15203.141882388589
7962 2830.686463223399 15464.666872913038
7963 1146.5785941587087 15685.943796047688
7964 3721.1839954708857 15033.040557959852
7965 2897.974771485993 15096.262536197155
7966 3122.6566157750453 16226.23421438074
7967 3259.1059428829185 14310.71722138577
7968 3615.441839975416 16330.873581219801
7969 3845.5200847927463 16691.2618018093
7970 3255.6292639288586 16831.78437100834
7971 2842.9644890945146 15642.875748064205
7972 3541.795727225682 16019.738198640356
7973 4165.4989076338015 15607.838909798864
7974 4143.668506168774 15749.563444760079
7975 1831.9360894804045 16337.997358268796
7976 2874.307267500218 15108.74601712797
7977 3038.616916224148 15399.683914797051
7978 3643.0385887789503 17725.37773228503
7979 3825.3086734063027 15224.44041550179
7980 1443.4919713696086 16647.36542522536
7982 4125.897621351361 16977.590381248123
7983 1832.6704353393607 17335.865461958398
7984 1076.2512196595142 16738.169349394007
7985 1847.2041441142064 16859.367421478033
7986 2193.9096543922 15422.71771730557
7987 3631.547981231373 15326.347510578622
7988 1860.857244949955 15807.324962935973
7989 851.7868755107673 15133.078745490273
7990 3485.5900404192907 16109.364805356372
7991 2856.7238496676473 15148.554445803677
7992 2412.6401209876967 16723.232895292294
7993 2956.5010014841223 15398.962277490175
7994 1428.1878046007976 15627.249292418637
7995 2473.0642742719706 17474.55390085049
7996 1513.5892215874 15819.662470054156
7997 3098.1903377003327 15595.957864334954
7998 1268.3847477963352 17760.867169492973
7999 3804.516982305805 15661.130097614674
8000 4052.6134733339095 15672.258734905748
8001 3015.9835425589167 15201.516762354338
8003 4158.505878233621 15806.530171077611
8004 1822.8577798853019 16551.20239216298
8005 2509.597236937066 15202.243404075096
8006 1437.4838856885387 16560.581615800773
8007 2389.488819907224 15756.278098599587
8008 4250.547613456834 15518.186894301292
8009 3598.5343897579214 15347.91822143831
8010 2664.024204710936 15575.353648411292
8012 2643.477650278834 15584.760953715115
8013 3391.1619637350022 16312.099145325343
8014 2806.4319457101183 14588.499718899502
8015 3196.2369732932802 16734.219142631406
8016 1200.7043932722693 15312.106545282186
8017 4177.807572135925 17154.31812654093
8018 3859.566441492372 15183.78858067816
8020 947.6693844156046 15709.450509802644
8021 2373.7383791698107 14911.502979367082
8022 3957.520333784518 15209.6357409043
8023 1419.7666129295728 16351.332601238195
8024 3900.5445464486083 15354.034192616402
8025 3067.187207880457 15067.66621176274
8026 4101.980269721162 15916.261977747468
8027 2385.383669666871 17515.373424475663
8028 2306.825267810335 15478.188219410102
8030 3267.31597233397 15403.917896248733
8031 2545.786797155553 16924.592770353636
8032 2731.796440461236 15188.972358130093
8033 3604.7416490967676 15886.710371176396
8034 3334.660250170088 15802.618684629646
8035 3363.1319822795786 16105.156913152723
8036 1754.553448885051 16903.633913740287
8037 3283.9378181783595 15135.11239990817
8038 1826.9381590175456 15940.355659866138
