6087 4094.8200183602476 16942.04140815831
6131 2809.8917192280546 15400.323407778207
6175 2817.389429656886 15400.505676250787
6204 3565.1768095218786 15998.530285882256
6205 4523.923664231984 15231.041551248116
6265 2794.8963121149327 15399.958871167175
6281 3170.193869311217 16685.811926628976
6290 4457.3291528631125 15408.908549152022
6295 2772.4033054403913 15399.412068778738
6327 2764.9056140387934 15399.229800768708
6408 2779.9009720541862 15399.59433618618
6431 2712.42179360693 15397.953925169606
6486 3389.076149349391 14514.597901591087
6500 2719.919556231562 15398.136194911061
6507 2727.4172284930996 15398.318462455798
6518 2734.9148911568413 15398.500729767215
6565 2787.39863539996 15399.776603514176
6596 2683.090975412608 15397.204512522305
6619 2690.5892782624464 15397.403449868494
6629 2675.592603908623 15397.005573354654
6630 2802.393981084419 15400.141138631883
6680 2660.5960286738923 15396.607699470542
6690 2668.094304128006 15396.806636089894
6712 2757.4079102935557 15399.047532458606
6716 2638.101062279038 15396.010885897282
6733 2749.910223121967 15398.865264551407
6739 2593.1112192958235 15394.817261133416
6751 2347.116994473018 15387.323088941546
6755 2600.609564408552 15395.016199600881
6761 2608.1078835459693 15395.215137379195
6763 2742.412560685669 15398.68299724552
6780 2578.114630252315 15394.419386882942
6816 2817.54915129341 15394.105675981758
6908 2653.097726947992 15396.408762154171
6913 2585.612920406385 15394.6183238923
6952 2548.1213040928023 15393.623634453488
6994 2429.623796428183 15388.435763434509
7011 2563.1179987108712 15394.021511504958
7050 2444.6253499870077 15388.607977161515
7052 2452.126077743761 15388.69408346225
7062 2422.12300168116 15388.349656364744
7071 2645.599413249734 15396.209824520163
7115 2414.6222733044015 15388.26355005689
7118 2630.602733050342 15395.811947851236
7119 2377.1191570576207 15387.788439903621
7143 2286.2126772178344 15386.378427617574
7145 2392.119990568696 15388.005230012846
7158 2384.6194716226864 15387.90477413749
7177 2615.606161478361 15395.4140740643
7195 2399.620766803245 15388.091336870095
7197 2369.6187394304666 15387.672104071198
7198 2407.12151348351 15388.177443388067
7200 2623.1044377486705 15395.613010705307
7237 2362.1184392241116 15387.55577006004
7242 3578.5644491173803 15118.153518194438
7256 2339.613514509031 15387.2067056105
7263 2294.051428761497 15386.500011205491
7269 2301.8031826297424 15386.620245408949
7271 2533.124711984059 15393.225760121692
7273 2332.1021262033128 15387.090199616485
7274 2309.4322347816424 15386.73857643754
7280 2354.6179090810674 15387.439432482432
7290 2570.616285111142 15394.220448414724
7335 2482.129000583714 15389.038508800802
7340 2317.0155342434527 15386.856197815343
7343 999.7090832558082 16163.745077307849
7360 2167.9982852455437 15386.00927606819
7363 2824.3154047911084 14572.439791317618
7380 2555.619680266765 15393.822573745038
7430 2152.985791878467 15385.698690756873
7445 2268.520251090388 15386.104007815447
7448 904.9673144750724 16595.3006538799
7452 2160.49202052717 15385.853983039418
7460 2338.5513168991256 16289.035565901513
7463 1003.5079242466954 16189.057396607046
7467 2277.4907384053745 15386.243145282308
7478 2474.628208017278 15388.952401756069
7493 2336.990780640061 16384.143704998653
7497 1832.7651112011035 16312.40218469361
7499 2130.4670884859142 15385.2328135483
7504 4466.450933451011 15591.244006875619
7508 2088.6896481757835 15384.695895636873
7515 2346.4453441318365 15972.772452921226
7522 2232.718455743103 15385.548701181739
7546 2145.479561875274 15385.543398446307
7559 2073.6727946221113 15384.70629872212
7563 2137.9733260415446 15385.388106015116
7565 2822.892474684338 15426.41990323064
7569 2201.660931959868 15201.313481763102
7570 2066.1643360795497 15384.711500286749
7577 2540.622987126509 15393.424696732776
7585 2339.612934411586 16250.186018529846
7594 2467.127494723516 15388.866295621365
7598 1442.368089877834 15614.329399811964
7603 2437.1245492648222 15388.521870023154
7611 4461.041910481952 16369.732740014606
7617 2122.9608193825325 15385.077520428811
7619 2036.1307954843278 15384.732306341888
7622 2459.6267859951827 15388.78018953907
7625 2849.6354857385463 15372.76294614272
7627 3993.8753854443476 16879.16537517954
7629 2214.2937831293816 15385.563620546489
7648 2043.6391615365633 15384.727104841333
7650 2051.147541276678 15384.721903331294
7656 2349.511007840444 16367.591262484473
7657 2346.332435307088 16069.74853312072
7660 2096.198017082815 15384.690694134339
7661 1539.7297240068292 15520.99472575507
7662 1856.9802954303618 16355.336395773225
7668 4545.3460380371225 15267.17706370506
7672 2006.0925411390367 15384.75311566253
7675 2058.6559150368626 15384.716701825399
7681 2849.2366151722395 15387.759345206758
7683 2028.6223193605952 15384.737507918697
7687 2832.126358019673 15434.372377473577
7693 2524.8082783915747 15412.665770785565
7700 2852.83548667976 15372.842910755757
7701 1856.4106842248634 16376.174149511888
7702 2357.011340209241 16367.685008208711
7703 2852.4366155818598 15387.839329806195
7711 2342.3984576591292 16125.079811938504
7712 2035.534741440907 15901.429163405282
7713 3808.695821915755 15172.265059502983
7715 2849.4360513472034 15380.26111214519
7719 1872.155929847051 16355.481979385355
7722 4199.029766993653 17103.30507411181
7723 2343.1705380750077 16066.823931809187
7728 2215.5138534468915 15403.962120429469
7730 2021.1137079008388 15384.742709589262
7733 2260.315999065034 15385.976755102836
7746 3541.251181176284 16209.658258709085
7748 2081.181227907855 15384.701097174986
7749 3909.9565349100885 15694.417698891904
7754 3503.006070332884 16031.757061575205
7758 2831.770238065865 15441.864920918035
7761 4037.1358389100265 16585.23407027229
7763 2037.0512930696311 15810.540498877826
7764 3188.607814368249 15605.319568073746
7765 4581.472330685413 16503.799829083677
7768 2852.636050010496 15380.341162401579
7769 4106.5420373544475 16548.073394062114
7774 3079.334351534253 15426.009030227317
7776 2857.6657324277703 16353.059432373071
7777 1839.4439646074325 17379.26696964653
7780 3056.6559935773125 15425.635220228172
7782 4237.603259416454 15502.476091357485
7783 4574.126623950124 15591.090373682453
7786 2831.4141189661304 15449.357446393333
7787 2849.8349218256926 15365.264716382855
7789 3479.748215863706 16044.187161945772
7790 2801.5517949644927 16357.101610044296
7792 2853.234356900284 15357.846524692148
7795 3227.2896774333703 16177.299345596652
7796 2850.034357276808 15357.766510535934
7797 2815.1067197642647 15812.169958899278
7800 2837.061689768018 16368.217101562243
7804 1998.5716915988862 15384.758325811155
7806 2248.548081532674 15385.794227869013
7807 2831.0580015388705 15456.849936680786
7808 3165.241405093049 15571.954957617078
7809 1540.65607595439 16867.278238669962
7811 1765.293257017296 16301.456960205438
7813 2900.9889657060085 17477.04558887344
7815 2013.6048575098237 15384.74791142535
7819 2863.8197803838975 15419.65134624966
7820 3315.363393747541 15407.48465483306
7821 2850.233792683276 15350.268306367632
7822 3433.2398537838726 16068.742735765905
7824 2524.770167421944 15415.864164987666
7827 2348.5182900081763 15406.859358918044
7828 2364.5117398589923 16367.778754773888
7829 2832.4824759341313 15426.879876935765
7830 3235.648313649033 15351.3794089047
7832 1959.9607646206998 15382.462202308256
7833 2610.938205512038 17005.28969281489
7834 2187.3595054527245 15430.120038604566
7835 1967.931720221052 15383.307606690112
7838 2853.03492145587 15365.344730287121
7840 3150.4491674846145 16218.200410418742
7841 1991.043522043304 15384.763541030798
7843 2185.3124098801854 16674.2278598512
7844 3051.454962025099 17461.87416035182
7845 3208.7404698401897 14301.959078699036
7846 681.9838835161385 17038.764084999213
7847 1885.0240123609244 16355.787647142446
7851 2853.4337936379006 15350.348270476468
7855 3504.1733168678443 17461.415145479856
7856 2324.586914771641 15386.973634323564
7857 1975.8590221731301 15384.148381139576
7858 2387.0127832574685 16368.059992525203
7860 3373.92295653057 15428.150181729405
7865 2757.909027406949 16358.0201998699
7866 2379.512449509885 16367.966246783732
7867 2852.1526761488185 16367.786966991636
7868 1893.7403124978898 15402.510914969738
7869 2853.6332294988556 15342.850049220757
7870 1983.5113603654866 15384.768759016028
7871 1897.8431318011278 16356.092151833254
7872 1839.6171487685065 16872.76249888356
7875 1611.2379276240067 15442.351830825433
7879 2538.390914492689 15412.778126066882
7880 2700.0841483380295 16358.610691520817
7881 3374.9748601114334 16099.016505674059
7882 2863.921097798936 15416.461016213942
7885 3090.9927226352797 15432.831561977317
7886 2806.998512485995 15964.778007653767
7887 4025.2923329278765 16901.91336376759
7888 2457.3743325653245 16361.040452506557
7889 2805.273201141406 15397.009244472187
7890 2540.3459483687634 16927.969796780104
7891 3584.1842270449124 17593.546180106256
7892 2159.99924580389 15404.785154919586
7893 3712.5141731587364 15019.094892152849
7895 1494.7035460940733 15561.469042362269
7896 2524.9865849358357 15409.459930203817
7898 3801.9361576828987 16301.966163065506
7899 2372.012107934573 16367.87250094442
7901 2187.5187491803754 15422.594297994114
7902 2200.041092864697 16652.343159775326
7904 2806.7564260298836 16076.638307570114
7905 3022.2255278275748 16426.486081943003
7906 3217.171465041645 16768.2244850316
7907 2830.038077841731 16354.330543417871
7908 1839.336226121808 15899.135527891269
7909 3170.098216423693 16647.390618142417
7910 3459.221902288185 16071.107664952598
7911 3709.545294022567 15268.149135496034
7912 2844.60721481779 16368.00203336886
7913 1420.9208927526374 16092.49697394719
7914 3155.518308318846 17262.92101051678
7915 3333.830512299997 16937.50372355396
7916 2634.912678335344 15417.44199495126
7918 3448.2709677320936 16061.418988519123
7919 2006.4411822873235 16350.164859253317
7920 1790.1792181918088 16358.314214281103
7921 4145.723162462905 16115.290828379268
7922 2542.2810545139514 16925.06620626349
7923 4099.673216276864 15669.728788828661
7925 2613.6978336698776 15410.406955512863
7926 2847.159263912077 16826.980234775252
7927 2815.3087263766038 15413.271703984643
7928 3493.130637323498 16128.380817128944
7930 3091.2869454467764 15459.693766479846
7931 2871.3116650736765 15419.886240324093
7933 2797.7742025402854 15396.826977145076
7934 2822.536354781885 15433.91244559463
7935 1828.220548378939 15400.550872805188
7936 3402.6186769608876 16084.653120424446
7937 2871.4224621078665 15416.69342499609
7938 2848.274126346198 15408.7533889828
7940 2857.7942531297767 15113.532180041551
7941 1095.6742371572138 15376.756368749782
7942 2329.6364920610813 16531.003132924256
7943 1380.8235167742787 16176.154155742635
7944 2394.5131549316093 16368.153738740715
7945 2636.151455501124 15959.80202224076
7946 1340.0374035853629 15338.96635101852
7947 2850.433229106753 15342.770063962695
7948 3314.6384897642356 16141.093683614265
7949 2683.81106639894 15095.187235296089
7950 3168.280616480599 16218.686411147952
7951 3856.508254910655 16681.75488864249
7952 2909.017587566292 16346.759216016646
7953 2856.253731905575 15229.42760685179
7954 3235.229073993958 15688.278148358731
7955 2232.647152627471 15393.219211418924
7956 2878.805549173576 15420.1211970863
7957 2388.738552411177 16357.034325335337
7958 2192.4824934631006 17237.075951294155
7959 4288.472812589086 15593.013021105267
7960 3228.765454099696 16780.95819649869
7961 3598.565463695571 15347.901345105114
7962 2830.7018835305325 15464.342439193768
7963 849.2905326954153 15760.815171140524
7964 3817.8146269460676 15193.789185025344
7965 2851.290032113911 15310.556707300222
7966 3122.6566157750453 16226.23421438074
7967 3379.5682862461363 14493.389136992904
7968 3537.2713511723505 16443.565449606034
7969 3889.5795204217525 16763.532067270386
7970 3104.136540406406 16586.230430885218
7971 2831.664716102291 16068.88631262709
7972 3543.820618330266 16207.706674510226
7973 4095.469839156648 15647.202947217122
7974 4360.263317017463 16139.541389713939
7975 2226.0717924179485 16355.613404348356
7976 2853.836786585988 15335.196881579881
7977 3196.9437845287875 15406.582666205188
7978 3610.177233999814 17582.265029415157
7979 3426.236744349913 15428.428922960025
7980 1384.2541676950539 16417.315151514424
7982 3902.149743091956 16784.720614401114
7983 2093.2229238042373 17230.381416140888
7984 1415.2068454704106 16546.25105824671
7985 2174.3226498157283 16667.36636614171
7986 2193.9096619402026 15422.717347163125
7987 3175.489255536919 15424.889093408745
7988 1858.865793212238 16233.18258362558
7989 904.0659771188782 15220.182012056503
7990 3650.4407539081158 16389.85098254008
7991 2850.6326637956927 15335.271886771423
7992 2332.7522033897335 16327.454396406596
7993 2859.5124219528584 15401.702367879361
7994 1465.68052375983 15912.95103546646
7995 2664.46435820425 17368.404588202193
7996 1436.4473244283265 16054.831741343703
7997 3091.137333508229 15446.034368458204
7998 1664.217373726538 17459.94507932876
7999 3793.2377100640633 15484.81900949276
8000 3721.5238836521603 15862.662413077098
8001 2925.783363165271 15077.978924749666
8003 3988.667355341677 15710.2115350455
8004 1742.5605293109177 16387.88182942148
8005 2574.399816277436 15391.118441427678
8006 1572.7021409705883 16453.152714794564
8007 2354.634612697274 15833.99535764421
8008 4144.741670353844 15619.500250672021
8009 3114.9449171956535 15420.531361366611
8010 2826.49003560384 15552.957113083201
8012 2639.483787794145 15856.145070189654
8013 3123.7583365161986 16451.037793353884
8014 2995.1088129305226 14417.968193819439
8015 3039.371041979708 16473.65437443628
8016 1253.533667196666 15295.148201624876
8017 4140.662722459747 17167.102993379878
8018 4316.7823790138555 14930.980101552894
8020 1353.4705663191808 15665.532892031919
8021 2376.7979642209643 15173.27183966497
8022 3766.1996148477824 15256.65856664541
8023 1433.7999740507028 15919.505527057518
8024 3726.7849519689544 15278.172390319083
8025 3176.192330375682 15252.602416765832
8026 3812.0587592097545 16070.620967723058
8027 2310.973116549681 17441.010903697712
8028 2302.7861958925314 15415.585420103773
8030 3595.940920641984 15329.307214979197
8031 2441.142903590323 16756.462912604802
8032 2833.670239160907 15116.791043564035
8033 3640.127032217467 15857.731348979501
8034 3349.2633411870124 15879.415030368991
8035 3417.752486425628 16086.427022584341
8036 2002.0251617042254 16765.18462183651
8037 3277.594714639495 15146.203300219293
8038 1632.926014238 15999.000735898644
8039 2904.0095369640453 15421.216459063773
8040 3768.5817339204877 15438.750036581068
8041 2785.5505610101927 17299.469736354782
8042 878.6276066430177 17104.46426692202
8043 4602.0910061488985 15839.938638830883
8044 3461.847533001416 15398.1987955677
8045 4720.428113037912 15284.337458154518
8046 3696.2223676001395 15726.597852719853
8047 1692.7158382666314 15758.567483698238
8048 4499.22286572567 15417.833929240453
8049 877.2792644358615 15116.112630876716
8050 2885.4163939954137 16782.301299168907
8051 4450.680775307554 16939.707776897685
8052 998.0820844774224 15241.941201325382
8053 2838.196734792965 15164.302309448683
8054 2335.704734973567 15518.080969211458
8055 2156.777743302687 16738.39666596216
8056 3049.7563102802264 16486.014616543383
8057 2422.794797194634 15611.689618468341
8059 2326.6333006532604 15649.99665502922
8060 4235.703317711611 15902.797423700587
8061 1053.8945041746358 16654.628000103417
8062 3529.702403364711 14730.651179651511
