6087 4353.636958235441 16940.07282642969
6131 2809.8917192280546 15400.323407778207
6175 2817.389429656886 15400.505676250787
6204 3800.4080271290222 15875.242041414667
6265 2794.8963121149327 15399.958871167175
6295 2772.4033054403913 15399.412068778738
6327 2764.9056140387934 15399.229800768708
6408 2779.9009720541862 15399.59433618618
6431 2712.42179360693 15397.953925169606
6486 3129.8825731261895 14328.036559499988
6500 2719.919556231562 15398.136194911061
6507 2727.4172284930996 15398.318462455798
6518 2734.9148911568413 15398.500729767215
6565 2787.39863539996 15399.776603514176
6596 2683.090975412608 15397.204512522305
6619 2690.5892782624464 15397.403449868494
6629 2675.592603908623 15397.005573354654
6630 2802.393981084419 15400.141138631883
6680 2660.5960286738923 15396.607699470542
6690 2668.094304128006 15396.806636089894
6712 2757.4079102935557 15399.047532458606
6716 2638.101062279038 15396.010885897282
6733 2749.910223121967 15398.865264551407
6739 2593.1112192958235 15394.817261133416
6751 2347.1179148408037 15387.323103216984
6755 2600.609564408552 15395.016199600881
6761 2608.1078835459693 15395.215137379195
6763 2742.412560685669 15398.68299724552
6780 2578.114630252315 15394.419386882942
6816 2817.54915129341 15394.105675981758
6908 2653.097726947992 15396.408762154171
6913 2585.612920406385 15394.6183238923
6952 2548.1213040928023 15393.623634453488
6994 2429.623796428183 15388.435763434509
7011 2563.1179987108712 15394.021511504958
7050 2444.6253499870077 15388.607977161515
7052 2452.126077743761 15388.69408346225
7062 2422.12300168116 15388.349656364744
7071 2645.599413249734 15396.209824520163
7115 2414.6222733044015 15388.26355005689
7118 2630.602733050342 15395.811947851236
7119 2377.1191570576207 15387.788439903621
7143 2287.1153601774463 15386.39242875441
7145 2392.119990568696 15388.005230012846
7158 2384.6194716226864 15387.90477413749
7177 2615.606161478361 15395.4140740643
7195 2399.620766803245 15388.091336870095
7197 2369.618841554147 15387.672105655196
7198 2407.12151348351 15388.177443388067
7200 2623.1044377486705 15395.613010705307
7237 2362.1185434315003 15387.555771676358
7242 3568.0705123974008 15094.02426590128
7256 2339.6175837749797 15387.20676872718
7263 2294.615715262816 15386.508763616774
7269 2302.116031560784 15386.62509787752
7271 2533.124711984059 15393.225760121692
7273 2332.117279081966 15387.09043464643
7274 2309.616362405048 15386.741432363891
7280 2354.6182195332644 15387.439437297724
7290 2570.616285111142 15394.220448414724
7335 2482.129000583714 15389.038508800802
7340 2317.1166754787355 15386.857766574629
7343 907.4056371071431 16171.769535997177
7360 2226.5731380108 15385.453383735508
7363 3098.23270067894 14338.58633622185
7380 2555.619680266765 15393.822573745038
7430 2160.4908665663343 15385.85395916575
7445 2272.114652604866 15386.159759069982
7452 2167.9982182109898 15386.009274681348
7460 1918.0470042343204 16356.57207355932
7463 794.4188823142739 16218.616378212851
7467 2279.614975212014 15386.276093428589
7478 2474.628208017278 15388.952401756069
7493 1918.47913706429 16826.426815560473
7497 1671.0271786092148 15987.48369564317
7499 2135.037954626707 15385.327377712201
7508 2088.6896481757835 15384.695895636873
7515 2333.861664686328 16578.09738515767
7522 2249.613620113924 15385.8107549911
7546 2152.866317379436 15385.696219013935
7559 2073.6727946221113 15384.70629872212
7563 2144.470536824664 15385.522523275755
7565 2822.892474684338 15426.41990323064
7570 2066.1643360795497 15384.711500286749
7577 2540.622987126509 15393.424696732776
7585 1951.956136199205 16357.37754930145
7594 2467.127494723516 15388.866295621365
7598 1313.5759250197157 15268.152051192006
7603 2437.1245492648222 15388.521870023154
7617 2125.1964255113526 15385.123771668264
7619 2036.1307954843278 15384.732306341888
7622 2459.6267859951827 15388.78018953907
7625 2849.416839688611 15380.983415877947
7627 4031.3883165547504 17161.59275824773
7629 2242.1132528315775 15385.694419939555
7648 2043.6391615365633 15384.727104841333
7650 2051.147541276678 15384.721903331294
7656 2349.511007840444 16367.591262484473
7657 2438.9243517380773 16735.11788016384
7660 2098.071996366489 15384.6991596257
7661 850.5650924795485 15771.650852765248
7662 1340.3161493743967 16600.34587239476
7672 2006.0972711356626 15384.753112385773
7675 2058.6559150368626 15384.716701825399
7681 2830.688197571169 15415.674207371965
7683 2028.6224338808702 15384.737507839363
7687 2832.126358019673 15434.372377473577
7693 2153.0236017825073 15408.748615615119
7700 2852.499355053942 15385.480504061974
7702 2357.011340209241 16367.685008208711
7703 2847.2062901189574 15413.634161738293
7711 2301.82221293571 16611.705772019293
7712 2219.744279435542 16167.72420722265
7713 3605.393414968802 14846.507000321202
7715 2848.8251323149216 15397.323305992992
7719 1389.311396596817 16572.643928641337
7723 2321.8585245135946 16596.430612859014
7728 2215.4599391514616 15403.962011950001
7730 2021.114041682484 15384.742709358032
7733 2264.61428189015 15386.043423965199
7746 3466.8647818844665 16084.016781312363
7748 2081.181227907855 15384.701097174986
7749 3853.7903252250567 15404.057253371098
7754 3747.750179854019 15801.46973260897
7758 2831.770238065865 15441.864920918035
7761 4359.946822437957 16419.655200624034
7763 2029.087407438282 16048.975983510969
7768 2851.80331194211 15402.254547057779
7769 4456.750935468234 16372.034269059463
7774 2901.2688880219343 15421.053760010995
7776 3446.9390151665943 16061.624820985604
7780 2893.7865002646226 15420.609566892375
7786 2831.4141189661304 15449.357446393333
7787 2849.736630200848 15368.96020197475
7789 3444.389250112336 15682.099682070924
7792 2853.151866819244 15360.947917170313
7796 2849.974428083594 15360.019677786026
7797 2829.9896476937793 15479.327440434261
7800 2809.4982143736247 16302.18920127551
7804 1998.5889017256761 15384.758313888657
7806 2257.113920029552 15385.927088997749
7807 2831.0580015388705 15456.849936680786
7808 3450.122042325862 16049.452266609323
7809 1855.259147094713 17352.330715041433
7811 2263.9409852448453 16356.305487093374
7815 2013.6056681191144 15384.74791086379
7819 2863.8197803838975 15419.65134624966
7820 3857.4265322870924 15218.135527226226
7821 2850.190671430707 15351.889542844558
7822 3734.139496438389 15843.382349403884
7824 2350.4923854719177 15949.513903059222
7827 1554.2771744304966 15500.04722125444
7828 2364.5117398589923 16367.778754773888
7829 2832.4824759341313 15426.879876935765
7832 1961.1622288412814 15382.589630331651
7833 2991.057009242849 17487.398903011155
7834 1973.9712219701207 15404.021754376245
7835 1968.6287152386315 15383.381530404098
7838 2852.8511565198073 15372.253769328758
7840 3563.665670164289 16206.14697638367
7841 1991.080487995332 15384.76351542224
7843 1827.5408435299482 16644.183884287806
7847 1436.3135594262008 16529.018305469086
7851 2853.3980043627416 15351.69384545199
7856 2324.6169763870107 15386.974100596673
7857 1976.0952211673082 15384.173432548048
7858 2387.0127832574685 16368.059992525203
7860 2886.425267705971 15417.158244945407
7865 3270.6771829772156 16154.20481931226
7866 2379.512449509885 16367.966246783732
7867 2816.8623438225186 16362.499259958262
7868 1677.1574297845464 15401.756835223352
7869 2853.615199786946 15343.527915119232
7870 1983.5720550406968 15384.768716969143
7871 1461.4412709915414 16530.709897881483
7872 1931.2293056782632 17314.688864990967
7879 2118.7290921466 15411.703138158751
7880 3021.652510622259 16288.535306525646
7881 3648.1756476092123 15898.12903776501
7882 2863.921097798936 15416.461016213942
7885 2908.7512512189483 15421.497951671588
7886 2829.2924095812846 15426.729866676356
7887 3716.3369592064437 17168.833679605872
7888 2980.2827472072904 16311.240430333844
7889 2805.273201141406 15397.009244472187
7890 2332.2932681478383 16346.177081070839
7892 1866.6138335515811 15567.419678907952
7895 1301.4163739528808 15367.797118881814
7898 3860.258450758613 16723.32614882784
7899 2372.012107934573 16367.87250094442
7901 1950.523634407202 15401.48721528683
7902 2436.935995236765 16360.889566734297
7904 2829.633525540996 15486.820030143806
7905 2750.825814728117 16617.563279265956
7906 2879.6510497314366 16367.085368161837
7907 3404.7089799610126 16083.567024845
7908 1849.5887549994698 15408.81904175494
7909 2922.3894971571845 16367.505266100346
7910 3459.221464463276 16071.106925449558
7911 4137.506129629725 15731.756183819749
7912 2810.599093759674 16334.933482514294
7913 1393.1537213103504 15663.506942994418
7915 3312.0822674188835 17270.396700124304
7916 2353.8052020245 15858.095305423381
7918 3704.1038093880115 16123.067010779669
7919 2312.3992378927333 16357.191091406741
7920 2213.4159142079393 16355.382110405224
7921 4112.973410343609 16433.844822045037
7922 2333.0057315573595 16317.111481976293
7925 1872.284285170995 15415.585015353858
7926 3019.243164812152 17140.99200881183
7927 2505.2797285914653 15581.97756176917
7928 3463.043126478882 16077.56185896325
7930 2924.573454052628 15422.437239215627
7931 2871.3116650736765 15419.886240324093
7933 2797.7742025402854 15396.826977145076
7934 2822.536354781885 15433.91244559463
7935 1163.7428092824862 15687.034807035861
7936 3191.5755306290966 15616.376506947328
7937 2871.4224621078665 15416.69342499609
7938 2285.54642651511 15413.70309574037
7940 2854.231533263169 15320.355529020286
7942 2295.06019951134 15749.564507013138
7943 1472.5657401285368 16284.736993978993
7944 2394.5131549316093 16368.153738740715
7946 1026.506261670147 15404.302812705899
7947 2850.4170375012113 15343.378822288587
7950 2930.324477000706 15990.206056296167
7951 4211.190308978399 16494.24546746179
7952 3577.3417482614814 15992.026681472827
7953 2854.032098722149 15327.853700650197
7954 2968.644070355586 15686.27321216928
7955 2936.46783000737 15405.848937721888
7956 2878.8035699354773 15420.12113503098
7957 2911.6698369792193 16345.449463220139
7958 2547.1240650418013 16971.86803670134
7959 4699.220423246652 15292.714360589434
7960 3535.466903198166 16424.866321678703
7961 3441.979179215815 15632.856618371701
7962 2830.7018835305325 15464.342439193768
7963 1369.0193500858422 15662.752611538222
7964 3961.8668396113376 15404.48573581736
7965 2850.8321002290904 15327.773643993496
7966 3122.6566157750453 16226.23421438074
7967 3587.4811152766583 14817.646231714618
7968 2991.2863935253426 16747.81672885333
7970 2685.3619720566876 16372.07527655889
7972 3838.2189854711933 16690.574429214645
7973 3609.637583433674 15938.148806585083
7974 4664.710365251567 16686.454499643885
7975 2319.8990164297647 16357.328154463265
7976 2853.8326638515437 15335.351884671576
7977 3842.736946310175 15196.486104533564
7978 3516.587786383413 17195.936417844354
7979 2893.9258076971464 15417.409639083617
7982 3557.96276763463 16238.269778244587
7983 2766.1280499128584 16848.056492126965
7984 1619.573311893778 17020.84321905436
7985 2385.966648027778 16360.18881616788
7986 2234.6128791881724 15385.578084789346
7987 2878.9238780765468 15416.925835378774
7988 2301.67573759401 16356.995112856133
7989 970.9080659125318 15417.961181314731
7990 3864.74174377287 16397.781859486313
7991 2850.6326637956927 15335.271886771423
7992 2204.6286353580476 15618.432982275328
7993 2649.290947619263 15443.69435295159
7994 1682.6672055254976 16289.801438318735
7995 2919.914197328454 17478.935128638
7996 1768.21150542213 16302.517953424205
7997 2916.241236293854 15421.942595806153
7998 2422.62173348621 17044.68148115148
7999 3406.785829164591 15428.316937879052
8000 3291.846465195901 16153.177046897663
8001 2853.550419968584 15108.935275640233
8003 3595.9960290714607 15990.412258308246
8004 1410.8901733929354 16236.534610874454
8005 2790.259979449247 15396.64433977828
8006 2143.346370615677 16354.101546483698
8008 3616.653607261658 15923.175658355935
8009 2230.391599417519 15405.55965545847
8010 2830.3457651553913 15471.834949424052
8012 2741.0652824494427 16361.392637508174
8013 2828.8779951933016 16608.97898913154
8014 3320.4786101634977 14403.965111742922
8015 2838.297336663656 16368.181882231083
8016 929.7807005860715 15259.98328389531
8017 4069.9328796960845 17191.447461836655
8020 1943.8159119299235 15380.749869447112
8021 2511.721375252143 15379.983103567836
8022 2972.970303022549 15421.054995148646
8023 1472.2072757216804 15572.20764453615
8024 3194.031485663284 15614.252375958027
8025 2892.8597355585925 15098.960473989771
8026 3415.417945851912 16290.759677769016
8027 2130.7396315866313 17226.4005267352
8028 2222.9529668568393 15403.9770884645
8030 3996.330085322882 15477.566629238008
8031 2572.570694297505 16944.126816514712
8032 2854.661612838443 15303.149237106474
8033 3594.6768966291397 15916.304084790234
8034 3091.3657578952307 15577.895469634046
8035 3053.7176994692272 16479.307609107796
8036 2331.427797197537 16393.790526880242
8037 3445.527922254965 15401.37287300919
8038 1434.248201985593 16283.813359111458
8039 2886.29546308923 15420.356029370785
8040 3359.000087573624 15428.07445858138
8041 2585.4293640311867 16984.20006510357
8042 1011.425501950442 16773.56848133671
8043 4950.981229846566 15911.872360880128
8044 3095.596302527331 15401.22743960121
8045 4216.897976551024 15578.96309867224
8046 3622.8103426017233 15963.333628290304
8047 1849.5046573665857 15416.81405080846
8048 3956.1306899092424 15729.52244240224
8049 1001.9889570674791 15365.254246926741
8050 2867.6685156763765 16596.89860069472
8051 4126.290985670126 16978.291356464164
8052 1002.9901480943039 15044.509760657302
8053 2723.785295055408 14862.235559271274
8054 2215.4121458027744 15407.16201519738
8055 2184.5275431806645 16792.74556582745
8056 2849.878492342934 16367.851787477863
8057 2387.790516329771 15779.23704613072
8059 2189.1540710700865 15515.788763125267
8060 3967.0456726447132 16205.210449599317
8061 1389.984563179948 16464.907707055238
8062 3656.253394725001 14928.453938029204
8063 1782.6945575498949 16361.285557097855
8064 3796.7826306794154 15435.624755108587
8065 3613.140156541299 15918.161925604849
8067 2682.5122795996895 14706.294499376707
8068 4257.192639873553 15556.325702469869
8069 2853.609562617786 15109.074683313353
8070 2497.642762542289 16826.979910130383
8071 4484.230802920873 14938.988726978343
8072 2535.029108412386 15268.003561908112
8073 1022.6239271808361 15681.02423834573
8074 4514.636215999497 15409.115816845182
8075 3285.369133103099 15508.384592859562
8076 3270.022216240466 15139.262984509605
8077 2836.1657512536267 15126.222037667501
8078 4135.34952831164 16987.890872056152
8079 2193.8753688731385 15424.399026413395
8080 2196.0043227182473 15546.395613970759
8081 867.086790768192 15121.917591241525
8082 2845.004004411988 17030.842449560518
8083 2646.7164288434637 15809.752781845798
8084 2375.879705589694 16670.26386910639
8085 3141.577129771099 15188.834681207609
8086 4039.2021726126422 16587.763639137363
8087 1160.7442814691517 17125.272387446537
8088 2992.994795509551 17096.759959460014
8089 2900.140165890463 15399.491671748434
8090 3116.5945838496646 16216.492850464087
8091 3027.888409467644 14394.535718260848
8092 1171.6575547367454 15673.710050910464
8093 4005.9129018062577 15318.423584975955
8094 3277.4749059482724 15758.362167817673
8095 4039.4328234553714 15680.081611200021
8096 2047.6852604079982 17930.63752444386
8097 3691.907844611967 15546.826596867275
8098 2383.925370931475 15753.820096940888
8100 4143.554478020984 15475.176292466771
8101 1636.6536871497128 15399.374167479968
8102 4334.945856329479 16828.491191418743
8103 1812.1380099860826 16788.256402888026
8104 3300.3666780549306 15796.86844681214
