6131 2899.1699746694712 15599.38564970063
6175 3031.14637717483 15599.032416757747
6265 2845.4574845085276 15587.729315635832
6295 2822.8358355795995 15400.609991359861
6327 2808.661834133511 15400.293509413932
6408 2854.6835170044665 15455.6318203705
6431 2722.2418758989497 15398.19265023334
6500 2730.6332801198096 15398.39664429855
6507 2739.280318933685 15398.606852811121
6518 2749.59607524643 15398.857627652918
6565 2841.1238972394076 15557.978964033198
6596 2703.34300280029 15397.729904209385
6619 2712.766115352546 15397.962295591384
6629 2693.6885739706286 15397.48354981856
6630 3145.800743469817 15405.57186440448
6680 2669.26064506395 15396.837580261556
6690 2682.401253051117 15397.186213509987
6712 2795.265989999285 15399.96785799375
6716 2646.2611368861444 15396.227380698778
6733 2778.712601386836 15399.565447032823
6739 2601.940347983041 15395.051506597405
6751 2347.1179148408037 15387.323103216984
6755 2624.5263373480807 15392.44834731107
6761 2611.493711135711 15395.304966713758
6763 2763.9667889978427 15399.206978040642
6780 2578.114630252315 15394.419386882942
6816 2836.3755864677582 15129.232735364792
6908 2750.3354171554965 15395.67395111142
6913 2593.868196948069 15394.837344494716
6952 2556.9340896735525 15393.857446318796
6994 2429.623796428183 15388.435763434509
7011 2567.9657646196238 15394.150127500357
7050 2444.6253499870077 15388.607977161515
7052 2452.126077743761 15388.69408346225
7062 2422.12300168116 15388.349656364744
7071 2657.1878201886593 15396.517276348817
7115 2414.6222733044015 15388.26355005689
7118 2638.088113500681 15396.010542353462
7119 2377.1191570576207 15387.788439903621
7143 2287.1153601774463 15386.39242875441
7145 2392.119990568696 15388.005230012846
7158 2384.6194716226864 15387.90477413749
7177 2620.376621190254 15395.540639050296
7195 2399.620766803245 15388.091336870095
7197 2369.618841554147 15387.672105655196
7198 2407.12151348351 15388.177443388067
7200 2629.8382744948935 15395.79166601422
7237 2362.1185434315003 15387.555771676358
7256 2339.6175837749797 15387.20676872718
7263 2294.615715262816 15386.508763616774
7269 2302.116031560784 15386.62509787752
7271 2552.4369807378553 15390.535745809146
7273 2332.117279081966 15387.09043464643
7274 2309.616362405048 15386.741432363891
7280 2354.6182195332644 15387.439437297724
7290 2593.669716373409 15391.629690821464
7335 2500.0031332024614 15390.606203200596
7340 2317.1166754787355 15386.857766574629
7360 2227.112530074712 15385.461750019611
7380 2576.0294414542354 15391.161676985703
7430 2160.4919077659915 15385.853980706564
7445 2272.114652604866 15386.159759069982
7452 2167.9982182109898 15386.009274681348
7467 2279.614975212014 15386.276093428589
7478 2483.058131752307 15389.049174972195
7499 2137.973170361683 15385.388102794339
7508 2096.1979854488573 15384.690694156254
7522 2249.613620113924 15385.8107549911
7546 2152.985652567692 15385.69868787475
7559 2081.181168825322 15384.701097215917
7563 2145.479403823958 15385.54339517647
7570 2073.672805427311 15384.706298714633
7577 2544.6375263050672 15393.531206403877
7594 2470.13651820159 15388.900838386937
7603 2437.1245492648222 15388.521870023154
7617 2130.4669493185065 15385.232810669142
7619 2043.6392441782577 15384.727104784082
7622 2460.174190553138 15388.7864735935
7625 1864.5012834973165 15641.879729608736
7629 2242.1132528315775 15385.694419939555
7648 2051.1476909993485 15384.721903227573
7650 2058.6560703294936 15384.716701717818
7660 2122.9607212764367 15385.077518399148
7672 2013.6056693816915 15384.747910862916
7675 2066.16443861901 15384.711500215713
7683 2036.130832362802 15384.73230631634
7693 1238.6934783592087 15295.478232837555
7700 1589.3678125362806 15465.827650658846
7702 1643.4588197717455 15992.469790642821
7703 1490.218188749329 16513.786345177807
7715 3717.968247488409 17514.820382162696
7728 2215.4599391514616 15403.962011950001
7730 2028.6224345465566 15384.737507838901
7733 2264.61428189015 15386.043423965199
7746 3275.219728996543 15754.568731797055
7748 2088.689620634169 15384.695895655952
7758 3642.2697670345174 15231.7775713091
7774 2901.2688880219343 15421.053760010995
7780 2893.7865002646226 15420.609566892375
7804 2006.097283267657 15384.75311237737
7806 2257.113920029552 15385.927088997749
7807 4030.731648196066 15094.223708193093
7811 3128.4879743409365 17431.236584153783
7815 2021.1140442175831 15384.742709356275
7819 2863.8197803838975 15419.65134624966
7821 1847.7367286742483 16355.627893162397
7832 1968.6286523504903 15383.381523734142
7835 1976.0952370214318 15384.173434229546
7838 3309.269305611031 17279.652052951562
7841 1998.588843760928 15384.75831392881
7856 2324.6169763870107 15386.974100596673
7857 1983.5720941748978 15384.768716942033
7860 2886.425267705971 15417.158244945407
7870 1991.0804641570676 15384.763515438755
7882 2863.921097798936 15416.461016213942
7885 2908.7512512189483 15421.497951671588
7886 2835.126862190966 15121.030842246228
7889 3168.273243498052 15407.588500697453
7890 2193.613276693721 15437.663522143512
7899 1595.8304095630795 16991.590969364483
7912 3171.2493507779413 15244.38757974947
7916 2631.219681921689 17390.501950259404
7919 3720.6640778682763 16502.004867784904
7920 2838.2106423492073 16491.474042587924
7922 2187.5187488861256 15422.594311900135
7928 3587.8666811452795 15911.373318794158
7930 2916.233662656204 15421.94214619597
7931 2871.3116650736765 15419.886240324093
7933 2860.9131367866803 15599.506628136292
7934 2153.8792540415907 16363.392458439912
7937 2871.4224621078665 15416.69342499609
7940 3418.6355279970126 17099.003851901227
7942 2355.9483380394054 15017.6600021298
7943 2572.570676107957 16944.126788076064
7944 2192.695188442724 15539.104724281557
7956 2878.8035699354773 15420.12113503098
7957 4498.0289466463655 15185.22864699328
7958 3601.1102202842294 15979.31961054042
7960 3494.010075302972 16036.564947930463
7962 3890.173968602799 15276.56631605944
7963 3924.467093507587 15148.61761505326
7964 3462.763618307081 16890.65241723955
7966 4189.866697254315 16561.464833611648
7967 2938.706893939299 15423.276663464872
7970 2349.5110203791905 16367.591262641194
7972 4060.2607573962505 17194.776504671165
7973 2238.8998640237774 17310.991820435946
7976 2411.067179116817 16708.779080795037
7978 2081.0067075847974 17249.576228608174
7979 2893.9258076971464 15417.409639083617
7982 3614.8545476738404 15969.69522745366
7985 3562.3052536522523 15343.76850345489
7986 2234.6128791881724 15385.578084789346
7987 2878.9238780765468 15416.925835378774
7988 3179.280628106295 17409.46258707029
7989 1446.3523420075298 16609.904316351218
7991 2267.675480687273 16627.426288418275
7992 1176.7202558387264 15609.459961999752
7994 2914.298523968891 17487.834328850084
7995 4359.049904845095 16420.10803578666
7996 3582.106266490108 15989.479480666989
7997 2908.9092399624446 15418.301682727677
7998 3983.2960855281035 16409.410766655765
8001 2853.550419968584 15108.935275640233
8005 2981.722780509814 15399.150612160318
8006 2916.828539600197 16355.933498778031
8008 2392.8327539474117 16703.537021467833
8014 2946.3060683592785 15420.525758035788
8015 3621.862222181542 15311.726286421339
8017 3988.6805676119748 16879.142029783885
8020 1961.1620980551554 15382.589616460395
8021 2847.7121524166982 15400.531715255805
8022 2901.417529743169 15417.855661257701
8024 3234.8807372236947 16771.07154342797
8025 2188.0115625699646 16680.051120706226
8026 2364.5117419045323 16367.778754799454
8027 1434.127757544061 15646.101874106185
8028 2222.9529668568393 15403.9770884645
8033 4154.8708100160175 16522.197753085322
8034 2916.400921714722 15418.747702502862
8035 2357.0113537453735 16367.685008377899
8036 3708.568253336275 15862.611790883288
8037 4160.13608440254 16513.480247868774
8038 2865.186917522141 16356.034479154545
8039 2886.29546308923 15420.356029370785
8041 2832.4824730306923 15426.879938022328
8042 2800.152853273506 16170.75680783414
8044 2880.0006671918645 15399.373715375044
8045 3275.994507600715 17005.891643486804
8047 1953.6955989373614 15381.79771503881
8048 2554.739608567055 16371.26082847113
8049 1436.5068651561362 16540.016420618555
8051 1884.6788350296158 16849.816357484877
8052 1430.13580169596 16052.94060523561
8055 1302.8220919887578 15203.084316981238
8056 3199.2598342141873 15290.933668495027
8057 1578.7127142872741 16961.29279277499
8059 990.5153710248399 16092.663036719205
8061 2402.1260746560283 16360.45889647248
8062 3653.619270640046 16395.02324518946
8069 2853.609562617786 15109.074683313353
8070 4286.610156634575 17244.642948005014
8071 2931.3843912343204 15419.63974836487
8072 873.9839365321967 15743.53986354041
8073 1809.4447071327118 16629.613732552967
8075 3805.2951716942935 16637.810847237488
8076 2849.2366144151524 15387.759373671068
8077 2845.2936637599933 15106.015230645784
8079 2193.9096630659587 15422.717291957795
8080 2193.757272275239 15430.190301887316
8081 2210.986647485815 15392.9806862754
8083 2833.133518932006 15113.45016925987
8084 1696.3957385375222 15391.360411049147
8085 2852.436615378624 15387.839337447269
8087 2586.0196981019444 16358.789937026311
8088 3002.475945209047 16040.388673374027
8089 2865.000907617318 15399.285862282593
8091 2856.6823176202074 15108.234393219478
8094 2923.716024895098 15422.386337799686
8095 1851.682041905849 15363.909946613398
8096 3081.346076823476 16683.802539184
8097 2931.198372221974 15422.830528518145
8098 3784.3975833053873 16287.70386557953
8099 3298.885338697998 16149.445335158904
8101 1946.2290760574365 15381.005811097
8104 3872.081864077552 16472.690126978057
8106 2141.523412432169 15404.581872287763
8109 3471.338566933214 16048.681677139588
8110 2373.629315193304 16356.78172639899
8111 2872.500788112909 15399.329788832967
8112 2854.040317233296 15418.542961321147
8114 2636.274047987694 15893.279705585606
8115 1256.4917729682484 16636.6544784955
8117 2923.8926541197693 15419.193725293675
8118 2492.2179131915314 16369.710085086002
8119 4373.261542954663 15478.723133774802
8120 2546.9738705112863 16358.501668218343
8121 2938.853592512028 15420.083570612147
8122 3477.085954334707 16101.280733050866
8123 2372.012104681246 16367.872500903759
8124 3456.156006254339 16065.877769948476
8125 1907.1504820398677 15378.434337231905
8126 2824.160032063139 16560.531120271993
8127 1931.2960606484469 15379.42200643241
8129 3471.346598593569 16091.586741387242
8130 1443.206581985747 15604.194339528614
8131 1916.483305095098 15378.616667218745
8132 1938.7625524491393 15380.213907077938
8133 2902.500263326462 15399.505494760544
8134 1283.6454624316898 16073.15050976077
8135 4101.187315542875 16951.602370361805
8136 2618.9910263535635 17035.496635003445
8137 3173.312460151643 16624.57796924949
8138 2841.024315291851 15120.363707654917
8139 2895.0003938998966 15399.461568274999
8140 2207.9140842531033 16668.74244214546
8141 2237.9390615444486 15404.007241572523
8142 3209.3565398506817 15425.688750465884
8143 2744.8884706934646 17242.418963029908
8144 3418.7452622403157 16511.704790575615
8145 3464.278648506211 16079.648702987799
8146 3733.615287516231 16336.673438607488
8148 2230.446036865011 15403.992165064114
8149 3188.5322273228776 15403.318561988339
8150 2814.761756941062 15749.864653623312
8151 4185.858419940825 16561.08307847106
8152 4145.2663229178615 16108.239959480758
8153 2852.072844889527 15415.302156636124
8154 3640.615137745352 15222.25457783547
8155 2797.663821105784 16370.550113812444
8156 2847.518462178572 15094.408658775856
8157 1131.8328148333146 15672.152935527527
8158 2838.2772282917754 15108.67715143447
8159 2887.5005214395323 15399.417641771686
8160 3366.924690150264 14474.254808773765
8161 1524.9771321454346 15515.775364059526
8162 3014.3934370654415 16407.096969659702
8163 990.7781273137151 15347.943499193309
8164 1849.2910246103834 15437.12372851742
8165 2021.792713368818 16187.355847563082
8166 2852.636052299321 15380.341076348277
8167 2660.622310445803 16644.919309725246
8168 2815.8871668495703 16595.191020219936
8169 3335.0802077846984 16756.677438574996
8170 3268.564710596078 16792.152373986493
8171 3994.1752728682072 16968.211324552107
8172 2910.000112876145 15399.54942112967
8173 3650.1236455762364 16395.485591280627
8174 3906.3100967092587 16221.635364138734
8175 1030.171670399774 16839.65817169678
8176 2978.601900123137 16533.358578754283
8177 3535.329442187428 16199.656214754801
8178 3634.9248707265447 16364.42506257399
8179 1017.4181309081238 16757.207622788468
8180 1923.949384471599 15378.768293876385
8181 3581.445273736845 17425.652015709227
8182 3861.766791844915 15225.879791151487
8183 2855.636616019296 15387.929313359828
8184 1371.3622139768988 16181.396673812966
8185 3091.7175047772184 15536.98366849803
8186 2568.529353828122 16937.80833791076
8187 1488.077480666257 15811.953738212997
8188 912.3033903284469 15518.598226878094
8189 2839.334338050076 16356.817760949807
8190 2124.129708454033 16353.750350186496
8191 2332.6826599107685 15991.993907076481
8192 3701.905124828288 15002.00466805264
8194 3096.290438743551 17451.71723494909
8195 4081.753788489546 15637.431724492375
8196 2343.0947642832784 16356.588782903069
8197 1835.3999957440622 16875.02858465748
8200 3056.6877698636154 16278.06798585454
8201 3473.495283913601 15392.470837703166
8202 2414.596784725186 15392.022284236278
8203 3932.1902841514807 15167.618653538833
8204 1032.60454233674 16328.615055565951
8205 846.3803321446654 15137.069027496485
8206 3466.7453135845044 16077.539161045233
8207 2849.6354867004416 15372.762909978179
8208 3882.1742645228087 16754.100826774647
8209 1378.168263442578 16567.348074703266
8210 2421.1304610001866 16368.48642514873
8211 3658.109158106675 16382.765264805723
8212 3313.7244240721293 15427.844716178692
8213 2849.436050750557 15380.2611345774
8214 2966.5885146893593 15608.11110875479
8215 2193.347792815444 15452.610264490515
8216 3586.8195752521046 15995.377325438916
8217 2987.2427376868122 15977.711373331065
8218 2917.500035635256 15399.59334792758
8220 1419.4222351555727 16543.849990476574
8221 2915.201889095599 16770.713850584223
8222 1217.2897280934533 15591.60588000892
8223 3167.341861212418 15576.933679847034
8224 1830.7306355591102 16893.566613292744
8225 3093.396753386405 16468.097656753263
8226 3343.772342216751 14439.216942881467
8227 1731.9023739983832 16291.388894849228
8228 1412.8483202574357 16547.59446402812
8229 3620.255284158177 15976.424375271845
8230 4587.908654770981 15338.448164800508
8231 2408.449070889308 17060.012834097135
8232 1182.3971386597884 16286.102425571113
8233 3120.0346489875583 17095.288668164045
8234 1887.4062371273271 17341.980901293304
8235 1869.3342464540892 15367.816640568517
8236 1602.5258880235638 17013.534194910688
8237 2206.52829392054 15586.863094803595
8239 3443.801070579228 15401.725291718525
8240 2193.4805343205135 15445.13691775509
8241 2342.429259076572 15754.214795003296
8242 3628.639036841103 17213.0913109197
8243 2635.3868303398417 16006.450471878701
8244 4280.959761088165 17010.73477906387
8245 4272.2925089833625 15547.740740310846
8246 1646.7973201845612 14983.006178568246
8247 1408.7151303619885 16286.190695360472
8248 3167.5842810276013 14983.524667907617
8249 1251.6022670875768 16832.582528612264
8250 2949.6010422173185 15398.910754496843
8251 4092.0363332023744 16036.747773808464
8252 3693.3380740579437 16359.299187414692
8253 3086.939337425676 15594.6450312437
8254 3015.513130862732 16054.958781425066
8255 1585.489600308444 17518.888879312308
8256 4115.266730465271 16963.370575628152
8257 2699.9158564616564 15267.858408888142
8258 2510.163744189712 16990.900610808163
8259 3649.785213424881 15300.328813849843
8260 1589.644286078971 16975.852404455636
8261 3241.0729287907293 16381.777106324902
8262 4603.498319784296 15098.838236880772
8263 2173.3731459555806 15191.690421772697
8264 2813.4114525246387 15633.560108729753
8265 1474.8832750802105 16606.069768228397
8266 3759.111238769237 15816.10197018592
8267 2963.1374667260197 17185.314453131836
8268 3524.2539118182367 16538.343177664385
8269 1010.9369013798118 15924.053549596934
8270 2026.9726737933725 15381.538722453357
8271 3641.1279829715086 16597.482574941234
8272 3321.680484395781 15221.873480538949
8273 1485.9190320670248 15972.592129638413
8274 1957.674661563029 17316.07726278689
8275 2185.18384378895 15196.462653386647
8276 3785.0355482534255 16311.460583895998
8277 1461.0087496742085 15660.436991013159
8278 2431.4490037372375 16883.273622090863
8279 4263.819404797256 16468.18794783139
8280 1335.1634123722667 15215.506908310725
8281 3826.326246636481 16701.33719686006
