6131 2809.8917192280546 15400.323407778207
6175 2817.389429656886 15400.505676250787
6265 2794.8963121149327 15399.958871167175
6295 2772.4033054403913 15399.412068778738
6327 2764.9056140387934 15399.229800768708
6408 2779.9009720541862 15399.59433618618
6431 2712.4218938758163 15397.953927607132
6500 2719.919556231562 15398.136194911061
6507 2727.4172284930996 15398.318462455798
6518 2734.9148911568413 15398.500729767215
6565 2787.39863539996 15399.776603514176
6596 2683.090975412608 15397.204512522305
6619 2690.5892782624464 15397.403449868494
6629 2675.592603908623 15397.005573354654
6630 2802.393981084419 15400.141138631883
6680 2660.5960286738923 15396.607699470542
6690 2668.094304128006 15396.806636089894
6712 2757.4079102935557 15399.047532458606
6716 2638.101062279038 15396.010885897282
6733 2749.910223121967 15398.865264551407
6739 2593.1112192958235 15394.817261133416
6751 2347.1179148408037 15387.323103216984
6755 2600.609564408552 15395.016199600881
6761 2608.1078835459693 15395.215137379195
6763 2742.412560685669 15398.68299724552
6780 2578.114630252315 15394.419386882942
6816 2817.54915129341 15394.105675981758
6908 2653.097726947992 15396.408762154171
6913 2585.612920406385 15394.6183238923
6952 2548.1214043259506 15393.623637112772
6994 2429.623796428183 15388.435763434509
7011 2563.1179987108712 15394.021511504958
7050 2444.6253499870077 15388.607977161515
7052 2452.126077743761 15388.69408346225
7062 2422.12300168116 15388.349656364744
7071 2645.599413249734 15396.209824520163
7115 2414.6222733044015 15388.26355005689
7118 2630.602733050342 15395.811947851236
7119 2377.1191570576207 15387.788439903621
7143 2287.1153601774463 15386.39242875441
7145 2392.119990568696 15388.005230012846
7158 2384.6194716226864 15387.90477413749
7177 2615.606161478361 15395.4140740643
7195 2399.620766803245 15388.091336870095
7197 2369.618841554147 15387.672105655196
7198 2407.12151348351 15388.177443388067
7200 2623.1044377486705 15395.613010705307
7237 2362.1185434315003 15387.555771676358
7256 2339.6175837749797 15387.20676872718
7263 2294.615715262816 15386.508763616774
7269 2302.116031560784 15386.62509787752
7271 2533.124822596703 15393.225763056354
7273 2332.117279081966 15387.09043464643
7274 2309.616362405048 15386.741432363891
7280 2354.6182195332644 15387.439437297724
7290 2570.616285111142 15394.220448414724
7335 2482.129000583714 15389.038508800802
7340 2317.1166754787355 15386.857766574629
7360 2227.112530074712 15385.461750019611
7380 2555.619680266765 15393.822573745038
7430 2160.4919077659915 15385.853980706564
7445 2272.114652604866 15386.159759069982
7452 2167.9982182109898 15386.009274681348
7467 2279.614975212014 15386.276093428589
7478 2474.628208017278 15388.952401756069
7499 2137.973170361683 15385.388102794339
7508 2096.1979854488573 15384.690694156254
7522 2249.613620113924 15385.8107549911
7546 2152.985652567692 15385.69868787475
7559 2081.181168825322 15384.701097215917
7563 2145.479403823958 15385.54339517647
7570 2073.672805427311 15384.706298714633
7577 2540.6231067925332 15393.424699907633
7594 2467.127494723516 15388.866295621365
7603 2437.1245492648222 15388.521870023154
7617 2130.4669493185065 15385.232810669142
7619 2043.6392441782577 15384.727104784082
7622 2459.6267859951827 15388.78018953907
7625 1900.8555062289524 15402.61643347134
7629 2242.1132528315775 15385.694419939555
7648 2051.1476909993485 15384.721903227573
7650 2058.6560703294936 15384.716701717818
7660 2122.9607212764367 15385.077518399148
7672 2013.6056693816915 15384.747910862916
7675 2066.16443861901 15384.711500215713
7681 1850.9935596700336 16000.476522665704
7683 2036.130832362802 15384.73230631634
7693 1112.9912157262152 15366.706425475813
7700 1893.3338443043333 15402.504887036226
7702 1637.8277553623316 15997.519060711482
7703 1955.4278530572715 16357.460016281602
7715 3326.1248394845434 16925.541566533462
7728 2215.4599391514616 15403.962011950001
7730 2028.6224345465566 15384.737507838901
7733 2264.61428189015 15386.043423965199
7746 3463.043107646864 16077.56182715525
7748 2088.689620634169 15384.695895655952
7758 3596.644527680085 15325.294079917241
7774 2901.2688880219343 15421.053760010995
7780 2893.7865002646226 15420.609566892375
7786 3225.850476243055 15335.133422930188
7797 3173.408873315704 15407.024187649038
7804 2006.097283267657 15384.75311237737
7806 2257.113920029552 15385.927088997749
7807 3367.9868219232435 15407.886092627617
7811 2705.2289546259294 17157.426690265525
7815 2021.1140442175831 15384.742709356275
7819 2863.8197803838975 15419.65134624966
7821 2340.1340978684475 16231.114211435413
7824 2518.7808592007227 17003.535892245003
7828 1342.2183540642384 16599.270364660584
7829 2825.202730395195 16436.785894468918
7832 1968.6286523504903 15383.381523734142
7835 1976.0952370214318 15384.173434229546
7838 3301.4327933368977 16887.237868692268
7841 1998.588843760928 15384.75831392881
7847 1032.7105114052574 15402.20807891003
7856 2324.6169763870107 15386.974100596673
7857 1983.5720941748978 15384.768716942033
7858 1898.4208415420576 16146.268086443086
7860 2886.425267705971 15417.158244945407
7866 1588.7355280890606 16290.73916663172
7869 3106.416359357833 16583.820680880395
7870 1991.0804641570676 15384.763515438755
7880 4317.182187923566 15800.557999351946
7882 2863.921097798936 15416.461016213942
7885 2908.7512512189483 15421.497951671588
7886 2835.126862190966 15121.030842246228
7889 2805.273201141406 15397.009244472187
7890 2193.4805347642136 15445.136892774786
7899 1857.8770959995275 16861.72109378212
7907 4453.9222178609825 15396.656002763099
7908 3439.8101922656806 15402.536408296886
7912 3115.6314937550583 15402.86453750137
7916 2593.5554064008306 16996.04351494122
7919 3177.6164718296523 16622.21883248433
7920 2796.068941371615 16360.831031842234
7922 2193.6132774608463 15437.663478954362
7928 3459.2214676665308 16071.106930859978
7930 2916.233662656204 15421.94214619597
7931 2871.3116650736765 15419.886240324093
7933 2797.7742025402854 15396.826977145076
7934 2352.2180653123164 15845.540628746772
7937 2871.4224621078665 15416.69342499609
7938 1159.3581614263528 15613.607395680712
7940 3148.6418489185207 16632.618807744395
7942 2190.770162179404 15420.612931583117
7943 2527.9526955617785 16880.305852141682
7944 2333.1933902565415 16309.455773003538
7947 2346.250649073259 16241.635874281952
7952 3604.5022318149204 14845.071102573156
7956 2878.8035699354773 15420.12113503098
7957 4299.3347198415595 15521.257117339508
7958 2994.5844496790564 16303.409869349738
7960 3474.5080242629356 16096.926510425139
7962 3316.9716140609426 15407.496923140889
7963 3278.0239841900266 15407.19981116661
7964 3170.0804845336097 16658.73221115776
7965 2275.604163240334 15547.67627136555
7966 3836.5014537220864 16492.14021961003
7967 2938.773887654004 15423.280646615533
7968 2401.023065175721 17271.827509979954
7970 2349.5110203791905 16367.591262641194
7972 4120.086031767183 17174.185274040163
7973 2684.8897737783464 16914.9460734634
7976 2342.6623463312326 16105.168586976204
7978 2595.274225157954 16968.612197152586
7979 2893.9258076971464 15417.409639083617
7982 3466.86473549965 16084.016702966634
7983 4146.502358412763 16490.468980016627
7985 3004.043221106179 15399.317282116981
7986 2234.6128791881724 15385.578084789346
7987 2878.9238780765468 15416.925835378774
7988 2712.1801163829673 17162.288490170795
7989 1437.5274515507979 15965.804015283242
7991 2343.281308751736 16061.890270253778
7992 1440.1917189375397 15614.631367446618
7994 2581.468675201844 16976.989669868886
7995 4241.767627551302 16650.74768826845
7996 2945.790169987619 16328.599916055497
7997 2908.9092399624446 15418.301682727677
7998 3643.819300367548 16384.01137033079
8001 2853.550419968584 15108.935275640233
8005 2790.259979449247 15396.64433977828
8006 2788.567880123631 16360.907620174356
8008 2852.376991530809 16602.612611783352
8009 1457.5157311892458 16635.094764219288
8010 3020.5143559368 15599.464430563412
8013 1814.5865605470779 16784.824918439732
8014 3459.1146354773955 15420.559183977539
8015 3082.142522457362 15400.795638129268
8017 3999.509436499952 17176.759288068384
8020 1961.1620980551554 15382.589616460395
8021 2782.751968957485 15396.461853412162
8022 2901.417529743169 15417.855661257701
8024 3162.9207521777616 16221.527983528971
8025 2341.4034859860253 16184.66136638713
8026 2364.971687143006 16367.784503597957
8027 1418.8506907698068 16066.02114271075
8028 2222.9529668568393 15403.9770884645
8031 3142.0508548193015 16995.331409296687
8032 3515.4908659953335 16025.084594714775
8033 3863.020845374747 16678.27044839935
8034 2916.400921714722 15418.747702502862
8035 2357.140007220477 16367.68661640173
8036 3382.0003240162278 16095.366161542084
8037 3990.9849568964637 16214.48992814082
8038 2603.058590590219 16362.11596473756
8039 2886.29546308923 15420.356029370785
8040 1363.985614559075 15677.569058937801
8041 2832.4388467913027 15427.797807101131
8042 2482.7771490419545 16358.027714571685
8044 2880.0006671918645 15399.373715375044
8045 3121.216085209455 16588.27817901388
8047 1953.6955989373614 15381.79771503881
8048 2902.703458835426 16369.765893698604
8049 1443.1357920271369 15922.780565589086
8051 2426.7364666852927 16757.56399782765
8052 1413.220510175813 15636.289106895556
8055 1480.1836522874135 15895.06795384488
8056 3051.4482624279017 15399.99762257507
8057 1851.3950914623692 16865.49617573561
8059 1171.9521698919148 15693.964010778549
8061 2274.603472407959 16356.500350591476
8062 4238.987921371549 16056.759869471234
8065 4434.846839115909 14888.235536657045
8069 2853.609562617786 15109.074683313353
8070 3815.0960099443732 17100.416283959
8071 2931.3843912343204 15419.63974836487
8072 1491.753818581243 15564.747258124935
8073 1546.5966621692623 16766.98252160875
8075 3557.660296316265 16231.368714165996
8076 2849.2366144151524 15387.759373671068
8077 2845.2936637599933 15106.015230645784
8079 2193.9096630659587 15422.717291957795
8080 2193.757272275239 15430.190301887316
8081 1474.4362508965219 15574.511709599798
8083 2833.133518932006 15113.45016925987
8084 2187.4042648752643 15421.060884374872
8085 2852.436615378624 15387.839337447269
8086 3032.042063044473 17144.934632988407
8087 2300.2856470353827 16593.786169309584
8088 2896.1131894061014 16351.894743641564
8089 2865.000907617318 15399.285862282593
8091 2856.6823176202074 15108.234393219478
8093 3333.2278811437704 16561.69807072627
8094 2923.716024895098 15422.386337799686
8095 2626.235552760984 15407.463359730316
8096 2552.3547036337213 16964.887341752627
8097 2931.198372221974 15422.830528518145
8098 3153.8507441142538 16632.297507997595
8099 3470.6863697056133 16090.471589508772
8101 1946.2290760574365 15381.005811097
8102 3450.937603350699 16405.698386765805
8104 3577.9914249487297 16266.380694177486
8105 3263.367215192083 15835.553772540135
8106 3121.0883054262495 15420.957251327574
8108 3532.015310820964 15820.747353692934
8109 3478.3296645548508 16103.381407246685
8110 2189.6143473597926 16354.947122160418
8111 2872.500788112909 15399.329788832967
8112 2775.2529567045544 15396.279585753236
8113 4047.4742876175155 16915.193135322585
8114 2547.445841709319 16358.50515270268
8115 1199.9111532199754 16679.730945981843
8116 3661.099744228985 16381.085213959419
8117 2923.8926541197693 15419.193725293675
8118 2837.1603747274485 16371.41713707822
8119 3805.7032148558737 15806.330207412193
8120 2278.214937564759 16606.678583613135
8121 3090.7197847532902 15429.982117318641
8122 3678.4519461810683 16440.683270136145
8123 2601.478411301805 16372.311765389193
8124 3482.1512891781667 16109.836277603368
8125 1304.7524714833082 15678.289214383753
8126 2545.945919823911 16968.8387431846
8127 1931.2960606484469 15379.42200643241
8129 3654.230261083926 16402.03767823737
8130 970.5928136520321 15599.731790292322
8131 1741.140119171919 15381.320510282916
8132 1938.7625524491393 15380.213907077938
8133 2902.500263326462 15399.505494760544
8134 1428.3300650519507 16090.921992885033
8135 3475.527683229384 17288.28759201898
8136 2334.8953612641108 17101.645630241102
8137 2553.9068555214917 16967.686017513028
8138 2841.024315291851 15120.363707654917
8139 2895.0003938998966 15399.461568274999
8140 2449.287376040129 16728.975615291565
8141 2237.9390615444486 15404.007241572523
8142 3821.3440369938144 15226.55892128542
8143 3220.8394449922057 17398.615294988107
8144 4088.6635462850527 16139.026038901315
8145 3485.9729287444234 16116.29117319925
8146 4450.975385237051 15949.82933107385
8148 2230.446036865011 15403.992165064114
8149 2287.3782120650217 15393.821908988635
8150 2722.156067032802 16358.385299199746
8151 4341.343723517988 16930.193691428896
8152 4068.8486535338493 15614.372677425006
8153 3636.438264350424 15327.332532418735
8154 3603.952127888091 15156.3887026717
8155 2986.0573217788597 16337.074542845034
8156 2847.518462178572 15094.408658775856
8157 1005.5641619138008 15514.527558102725
8158 2838.2772282917754 15108.67715143447
8159 2887.5005214395323 15399.417641771686
8160 3112.8957031214163 14331.846536791136
8161 994.900007889208 15618.243900945965
8162 3604.099823164759 15986.027570881228
8163 981.326318269731 15610.322120025789
8164 1836.467596341405 16187.383386541376
8165 1830.188960585613 16506.802729442028
8166 2853.9836090393233 15329.676774839085
8167 2821.463393919797 16123.944954281327
8168 2539.5372138514167 16972.790096625176
8169 2925.771792307175 16768.917073383687
8170 3029.9454206441533 16925.525669993793
8171 3338.9542117666565 17333.0761047812
8172 2954.8354837378165 15398.949840828389
8173 3869.4266246193115 16742.498348689656
8174 3469.6435138690144 16082.433744670983
8175 1052.3076681134949 16431.858944307405
8176 3344.9990765111706 16124.997790155547
8177 4047.6880837594495 16164.907998003428
8178 3356.762729934914 15886.445101780442
8179 906.4131428901959 16590.214982613885
8180 1907.9594192206782 15378.45014097153
8181 4123.599809394527 17108.330462075104
8182 3211.6712465586256 15406.69461650703
8183 2855.636616019296 15387.929313359828
8184 1031.9896454651946 16325.419209983578
8185 2964.4117935025856 15756.936704743677
8186 2366.9741514275793 16626.2445320109
8187 1286.5447213266295 16343.700986026954
8188 1258.9916947277165 15293.050340270356
8189 2326.8479562239277 16357.851594499114
8190 1495.227771975241 16285.283256703511
8191 2153.0974578378987 16679.6883428616
8192 3557.402425524595 14775.254425140003
8194 3431.2822636218693 17492.152981873518
8195 4101.8224544393115 15071.648292543498
8196 2067.3679178952916 16352.655757024831
8197 1829.3575954191367 17152.934501087937
8198 3908.0072032720313 15750.652545765812
8200 3122.6566081104475 16226.234202064137
8201 3243.157527422232 15094.850118212848
8202 1877.6326593263323 15255.77662720587
8203 4107.188625191932 15472.969726921658
8204 1010.8140435052208 15927.694448810098
8205 1122.95127220241 15164.077323319874
8206 3483.9939798204573 15736.68468840977
8207 2933.2827510158854 15169.227050252246
8208 3566.3051560742106 16832.90758952781
8209 1061.24669185019 16918.390663133257
8210 2815.702162921773 16590.392811206842
8211 4317.509626439945 16017.344607401712
8212 3771.9075603451556 15447.4119655098
8213 2855.6707272463846 15256.423109141097
8214 2961.882742247923 15929.632640812484
8215 2286.3321618665204 15736.667482226381
8216 3815.0804045815253 15870.955433352015
8217 2961.082988671137 16155.312955275176
8218 3142.7086810066908 15405.294389029
8220 1050.0141760616266 16752.346306804706
8221 2430.012409288894 16880.721359058665
8222 1244.8165546420082 15575.990253192827
8223 3432.705091341259 16069.020591715469
8224 1839.0934036076767 17178.131134695344
8225 3591.906844346476 16296.724444329671
8226 2971.726783074546 14439.188529955272
8227 1436.624718112136 16051.2802718496
8228 1035.433041308163 16862.023838540576
8229 3635.294084284569 15839.896488023587
8230 4377.065145491067 14961.175883868951
8231 2086.1071010455034 17022.87089938585
8232 1002.7058488787972 16162.135577364272
8233 2811.232506226026 17283.330205966267
8234 1990.0233098266808 17712.003983948707
8235 1877.5968842847815 14979.471637563556
8236 1825.4478209663657 17361.945010803196
8237 2423.224760547177 15596.597904794082
