6131 2809.8917192280546 15400.323407778207
6175 2817.389429656886 15400.505676250787
6265 2794.8963121149327 15399.958871167175
6295 2772.4033054403913 15399.412068778738
6327 2764.9056140387934 15399.229800768708
6408 2779.9009720541862 15399.59433618618
6431 2712.4218938758163 15397.953927607132
6500 2719.919556231562 15398.136194911061
6507 2727.4172284930996 15398.318462455798
6518 2734.9148911568413 15398.500729767215
6565 2787.39863539996 15399.776603514176
6596 2683.090975412608 15397.204512522305
6619 2690.5892782624464 15397.403449868494
6629 2675.592603908623 15397.005573354654
6630 2802.393981084419 15400.141138631883
6680 2660.5960286738923 15396.607699470542
6690 2668.094304128006 15396.806636089894
6712 2757.4079102935557 15399.047532458606
6716 2638.101062279038 15396.010885897282
6733 2749.910223121967 15398.865264551407
6739 2593.1112192958235 15394.817261133416
6751 2347.1179148408037 15387.323103216984
6755 2600.609564408552 15395.016199600881
6761 2608.1078835459693 15395.215137379195
6763 2742.412560685669 15398.68299724552
6780 2578.114630252315 15394.419386882942
6816 2817.54915129341 15394.105675981758
6908 2653.097726947992 15396.408762154171
6913 2585.612920406385 15394.6183238923
6952 2548.1214043259506 15393.623637112772
6994 2429.623796428183 15388.435763434509
7011 2563.1179987108712 15394.021511504958
7050 2444.6253499870077 15388.607977161515
7052 2452.126077743761 15388.69408346225
7062 2422.12300168116 15388.349656364744
7071 2645.599413249734 15396.209824520163
7115 2414.6222733044015 15388.26355005689
7118 2630.602733050342 15395.811947851236
7119 2377.1191570576207 15387.788439903621
7143 2287.1153601774463 15386.39242875441
7145 2392.119990568696 15388.005230012846
7158 2384.6194716226864 15387.90477413749
7177 2615.606161478361 15395.4140740643
7195 2399.620766803245 15388.091336870095
7197 2369.618841554147 15387.672105655196
7198 2407.12151348351 15388.177443388067
7200 2623.1044377486705 15395.613010705307
7237 2362.1185434315003 15387.555771676358
7256 2339.6175837749797 15387.20676872718
7263 2294.615715262816 15386.508763616774
7269 2302.116031560784 15386.62509787752
7271 2533.124822596703 15393.225763056354
7273 2332.117279081966 15387.09043464643
7274 2309.616362405048 15386.741432363891
7280 2354.6182195332644 15387.439437297724
7290 2570.616285111142 15394.220448414724
7335 2482.129000583714 15389.038508800802
7340 2317.1166754787355 15386.857766574629
7360 2227.112530074712 15385.461750019611
7380 2555.619680266765 15393.822573745038
7430 2160.4919077659915 15385.853980706564
7445 2272.114652604866 15386.159759069982
7452 2167.9982182109898 15386.009274681348
7467 2279.614975212014 15386.276093428589
7478 2474.628208017278 15388.952401756069
7499 2137.973170361683 15385.388102794339
7508 2096.1979854488573 15384.690694156254
7522 2249.613620113924 15385.8107549911
7546 2152.985652567692 15385.69868787475
7559 2081.181168825322 15384.701097215917
7563 2145.479403823958 15385.54339517647
7565 2449.826731878265 15586.35060316381
7570 2073.672805427311 15384.706298714633
7577 2540.6231067925332 15393.424699907633
7594 2467.127494723516 15388.866295621365
7603 2437.1245492648222 15388.521870023154
7617 2130.4669493185065 15385.232810669142
7619 2043.6392441782577 15384.727104784082
7622 2459.6267859951827 15388.78018953907
7625 1912.1292450866295 15402.783623301535
7629 2242.1132528315775 15385.694419939555
7648 2051.1476909993485 15384.721903227573
7650 2058.6560703294936 15384.716701717818
7660 2122.9607212764367 15385.077518399148
7672 2013.6056693816915 15384.747910862916
7675 2066.16443861901 15384.711500215713
7681 1854.4103333724995 15809.967108813364
7683 2036.130832362802 15384.73230631634
7693 1203.841469905386 15313.98129809356
7700 1896.266110206143 15402.54837261314
7702 1754.6465317045158 15962.207631994499
7703 2065.415533204774 16361.522347649348
7715 3225.7681727305962 16762.288200360726
7728 2215.4599391514616 15403.962011950001
7730 2028.6224345465566 15384.737507838901
7733 2264.61428189015 15386.043423965199
7746 3463.043107646864 16077.56182715525
7748 2088.689620634169 15384.695895655952
7758 3397.0269378427397 15408.107625136854
7774 2901.2688880219343 15421.053760010995
7780 2893.7865002646226 15420.609566892375
7786 3255.892181137266 15398.84867863997
7797 3090.03623796177 15401.000865678227
7800 2935.144539070951 15356.24041652834
7804 2006.097283267657 15384.75311237737
7806 2257.113920029552 15385.927088997749
7807 3211.903012607916 15406.696378268773
7808 3631.213192267266 16171.253304233773
7811 2601.9651952039876 16997.274531384057
7815 2021.1140442175831 15384.742709356275
7819 2863.8197803838975 15419.65134624966
7821 2345.5059480278474 15998.69422982297
7824 2569.7584790150786 16959.940550643245
7827 1347.6110288582818 15451.57908274258
7828 1451.918283765521 16536.358341810766
7829 2821.0746529437024 16215.04109168107
7832 1968.6286523504903 15383.381523734142
7835 1976.0952370214318 15384.173434229546
7838 3194.9678769391166 16711.80403737377
7841 1998.588843760928 15384.75831392881
7847 1062.7023410484273 15395.891674843055
7856 2324.6169763870107 15386.974100596673
7857 1983.5720941748978 15384.768716942033
7858 1962.6043523071419 16184.493762735445
7860 2886.425267705971 15417.158244945407
7866 1768.6207717037378 16306.073959992586
7869 3147.542276890179 16636.413294423437
7870 1991.0804641570676 15384.763515438755
7879 1537.5777952958883 16117.870185342099
7880 4234.753326412176 15838.971071267542
7882 2863.921097798936 15416.461016213942
7885 2908.7512512189483 15421.497951671588
7886 2835.126862190966 15121.030842246228
7889 2805.273201141406 15397.009244472187
7890 2193.4805347642136 15445.136892774786
7898 3522.6936375341356 17415.872526275834
7899 1857.8771964996013 16861.721035251456
7902 2965.062345654461 15712.594926303429
7904 3060.2624994525777 15400.22678262771
7905 1798.7209182426525 16792.089772926338
7907 4417.96444812049 15338.56462022374
7908 3283.4669102281346 15407.24133252507
7912 2994.488926612713 15399.245938818793
7916 2566.766812317131 16952.9890061403
7919 3121.8297290619184 16583.194629843794
7920 2796.068941371615 16360.831031842234
7922 2193.6132774608463 15437.663478954362
7925 1494.0337546220799 15620.393610540048
7927 1900.4866811098593 16840.610427275402
7928 3459.2214676665308 16071.106930859978
7930 2916.233662656204 15421.94214619597
7931 2871.3116650736765 15419.886240324093
7933 2797.7742025402854 15396.826977145076
7934 2454.2649790068745 15674.525718955212
7937 2871.4224621078665 15416.69342499609
7938 1229.0975235856986 15586.409427180402
7940 3140.8317858718606 16619.86733615213
7942 2190.709591787059 15422.660787365394
7943 2430.111614821256 16727.155008179467
7944 2349.511008886441 16367.591262497546
7947 2351.847963063195 16000.248331065339
7952 3548.374169828781 14754.636092152443
7956 2878.8035699354773 15420.12113503098
7957 4136.106915785267 15612.602563014563
7958 2883.138528204829 16352.287785025414
7960 3474.5080242629356 16096.926510425139
7962 3182.908881155419 15406.475980364423
7963 3120.618963189036 15406.753425803652
7964 3262.3152800733205 16599.435935146015
7965 2306.4758369960905 15501.178633058755
7966 3747.339122195023 16539.893098340137
7967 3008.1935869742138 15421.635584614993
7968 2306.882677757002 17325.372879708266
7970 2357.0113933704424 16367.685008873168
7972 4136.886225939086 17168.402823788543
7973 2904.649563239743 16791.81170926984
7976 2348.8625318638065 15906.072366715121
7978 2595.274225157954 16968.612197152586
7979 2893.9258076971464 15417.409639083617
7982 3466.86473549965 16084.016702966634
7983 4096.172030132149 16405.47041538986
7985 2860.3491427710405 15399.560567071056
7986 2234.6128791881724 15385.578084789346
7987 2878.9238780765468 15416.925835378774
7988 2611.0142890133134 17005.407710558913
7989 1502.3523236932363 15881.545404706723
7991 2350.2128614428375 15868.811256153956
7992 1482.4905889437266 15575.042061722495
7994 2523.6930326264433 16885.52602645543
7995 4295.662314547881 16739.150154124283
7996 2840.592166928925 16353.576641855985
7997 2908.9092399624446 15418.301682727677
7998 3546.3509476800496 16426.2564696274
8001 2853.550419968584 15108.935275640233
8005 2790.259979449247 15396.64433977828
8006 2788.567748875119 16360.907621514447
8008 2959.5842213385545 16544.34363034044
8009 1434.5799045199942 16403.040951858125
8010 2879.468166117634 15599.447952130999
8012 3304.375921589826 17274.031041011705
8013 1810.4006319246196 16788.410472263287
8014 3673.371974266048 15303.632795436044
8015 2939.710797579519 15399.49225739304
8017 3893.145141670978 17239.75314420319
8020 1961.1620980551554 15382.589616460395
8021 2782.751968957485 15396.461853412162
8022 2901.417529743169 15417.855661257701
8024 3358.3508489046053 16117.919247579242
8025 2347.485432446898 15944.072166485457
8026 2372.012149091686 16367.872501458838
8027 1409.596951359784 16257.802279235431
8028 2222.9529668568393 15403.9770884645
8031 3176.929602848154 17061.15917892104
8032 3449.705795284801 16048.78696950234
8033 3806.00670074251 16638.95551363723
8034 2916.400921714722 15418.747702502862
8035 2364.511801093751 16367.778755539253
8036 3205.5086166782276 16188.893081484584
8037 4053.0749508186846 16165.622434341529
8038 2399.114530823798 16360.408563085399
8039 2886.29546308923 15420.356029370785
8040 1523.7491508673668 15538.755310511317
8041 2825.421086095558 15575.447149221585
8042 2342.7697759940834 16356.59921327046
8044 2880.0006671918645 15399.373715375044
8045 3021.0786318710193 16418.309902520243
8047 1953.6955989373614 15381.79771503881
8048 3026.33130688721 16452.942644465053
8049 1497.3639550919115 15856.64648382337
8051 2552.8842454315245 16947.42686047374
8052 1214.165819083659 15682.767449885858
8055 1426.046708370423 16047.666311797351
8056 2908.32274011925 15399.541446021449
8057 1851.3950914623692 16865.49617573561
8059 1406.6635443730643 15652.609821141126
8061 2057.799995689945 16352.267982204174
8062 4287.802519527492 16007.474854696908
8065 4503.203153658201 14973.260058416623
8069 2853.609562617786 15109.074683313353
8070 3630.7382307307053 17211.814189406196
8071 2931.3843912343204 15419.63974836487
8072 1660.193869461127 15400.4788396106
8073 1501.1064150395628 16772.61610302887
8075 3472.1901557426327 16086.734603960067
8076 2849.2366144151524 15387.759373671068
8077 2845.2936637599933 15106.015230645784
8079 2193.9096630659587 15422.717291957795
8080 2193.757272275239 15430.190301887316
8081 1306.3207088524111 15677.959580367513
8083 2833.133518932006 15113.45016925987
8084 2187.518747676259 15422.594369077546
8085 2852.436615378624 15387.839337447269
8086 3128.1123586651497 17094.56520830333
8087 2152.457722648891 16680.050387919426
8088 2835.873896669872 16367.542495028794
8089 2865.000907617318 15399.285862282593
8091 2856.6823176202074 15108.234393219478
8093 3491.240271851834 16476.035041903433
8094 2923.716024895098 15422.386337799686
8095 2848.5278132469384 15412.028176864871
8096 2552.3547036337213 16964.887341752627
8097 2931.3442257771176 15422.839187137242
8098 3094.4761600788056 16539.14509761994
8099 3470.6863697056133 16090.471589508772
8100 4592.539836469653 16563.6330066782
8101 1946.2290760574365 15381.005811097
8102 3402.625408120183 16325.011507213558
8104 3487.6006425198175 16112.760381628907
8105 3313.658767829509 15819.310676375728
8106 3366.2329201479906 15428.11116016023
8108 3594.192725048085 15920.98853055072
8109 3478.3296645548508 16103.381407246685
8110 2005.1704514917399 16350.111069629034
8111 2872.500788112909 15399.329788832967
8112 2775.2529567045544 15396.279585753236
8113 3900.47917779823 16777.413733406105
8114 2366.584391451149 16356.663948100966
8115 1359.5264925293336 16589.484332230542
8116 3819.474268509104 16290.366854554592
8117 2923.8926541197693 15419.193725293675
8118 2848.9689507922267 16371.08032889493
8119 3647.544243455315 15898.49006734419
8120 2122.7688474944293 16696.852200148525
8121 3091.8383568407357 15510.036992942105
8122 3801.1240300609375 16637.160364229654
8123 2784.8865994727917 16370.680008201212
8124 3482.1513423426736 16109.836367400256
8125 1101.4593505887108 15675.163553813818
8126 2545.945919823911 16968.8387431846
8127 1931.2960606484469 15379.42200643241
8129 3745.9817068014686 16548.45473088235
8130 936.8813897905247 15546.986809486676
8131 1555.0739242461746 15483.591934625656
8132 1938.7625524491393 15380.213907077938
8133 2902.500263326462 15399.505494760544
8134 1455.217613923573 15914.140840509372
8135 3307.3972020767583 17355.524296012023
8136 2126.3785672426675 17219.635304206062
8137 2553.906649256523 16967.686144688425
8138 2841.024315291851 15120.363707654917
8139 2895.0003938998966 15399.461568274999
8140 2580.5641163492096 16655.1989990752
8141 2237.9390615444486 15404.007241572523
8142 3873.340118122123 15299.438477891552
8143 3400.731468172835 17326.622024005545
8144 4268.123350626458 16044.411566255449
8145 3504.111512847286 16146.927936455231
8146 4502.197497309035 15992.668785496326
8147 4230.325968256462 15194.965710058983
8148 2230.446036865011 15403.992165064114
8149 2059.640650540382 15391.243348878043
8150 2490.2376545818147 16361.28306557443
8151 4335.314593257563 16977.656465376996
8152 3980.0130051375927 15440.385734074598
8153 3694.803661763127 15302.139362444988
8154 3594.55825674814 15139.188740690013
8155 3167.4910414576234 16219.10501028615
8156 2847.5168809717584 15094.404937983272
8157 1114.9203981691858 15480.454152877577
8158 2838.2772282917754 15108.67715143447
8159 2887.5005214395323 15399.417641771686
8160 3034.75380359523 14384.931550353778
8161 935.0281847497981 15555.623689324391
8162 3606.972748840501 15930.501278987469
8163 1016.0189431251586 15670.360190149695
8164 1833.6421766575027 16381.71078821115
8165 1825.981963379065 16743.326052879544
8166 2863.0010666234793 15219.783800916188
8167 2827.8629335653495 15894.23499118885
8168 2525.409228785182 16981.500850814784
8169 2841.1018446212256 16674.68281959132
8170 2948.952767108638 16971.447511643746
8171 3300.7838240883098 17275.74729655576
8172 3033.4362766900185 15396.743077532308
8173 3978.984696107006 16871.477116257804
8174 3430.29459048828 16017.761599661286
8175 1030.6078621422485 16318.237572976159
8176 3453.430571807545 16065.417524076296
8177 4136.247535462386 16121.780986619207
8178 3239.4307132374256 15689.029987700995
8179 836.9331766123383 16642.35291706726
8180 1876.7630790263875 15291.46806751694
8181 4208.315694384117 17058.68888172636
8182 3120.507226521954 15403.302075809977
8183 2855.636616019296 15387.929313359828
8184 1004.3135267077209 16172.857942336968
8185 2963.022530240354 15851.522160468086
8186 2301.7779363353493 16596.61703699608
8187 1214.507518478821 16431.774988272977
8188 1310.6829708563287 15266.009330216804
8189 2186.845077731733 16354.896512058041
8190 1425.6749585566558 16271.33499620142
8191 2016.8999891988137 16756.76651716922
8192 3612.0729407495346 14863.33898352076
8194 3509.508774246287 17462.30630803782
8195 4288.7532749608135 14967.746517806518
8196 2034.6470649692783 16360.871906497743
8197 1834.6327648371862 17315.008838976923
8198 3783.719071041215 15818.29480175351
8200 3122.655997112196 16226.23322022234
8201 3180.2256143626223 14997.237211794347
8202 1863.5863934158 15186.298713700935
8203 4101.523858190352 15456.58131200071
8204 1096.003619424364 15884.72818415376
8205 1081.1529374137003 15213.429054098067
8206 3427.67997347441 15651.000156012637
8207 2990.639608348391 15160.238216351278
8208 3497.5030558852163 16861.40766218897
8209 1097.7412620956136 17001.755011271638
8210 2748.2596748325645 16614.998525035142
8211 4499.117659538238 15923.634469950575
8212 3693.2403931796457 15492.754333113828
8213 2856.1537666133054 15234.05640909852
8214 2989.682668764274 15980.06133078225
8215 2340.2813027220295 15752.96758415994
8216 3916.4957990252246 15816.158973779196
8217 3005.601924208101 16129.724663342382
8218 3214.9290932880995 15408.319456932826
8220 1021.3438370456767 16820.346959664734
8221 2383.184240791102 16796.94913661677
8222 1168.1849633893137 15609.722370824436
8223 3358.3932900602244 16107.609491561336
8224 1835.5694605272115 17262.460539611904
8225 3629.6489664208666 16361.719676397099
