6131 2809.8917192280546 15400.323407778207
6175 2817.389429656886 15400.505676250787
6265 2794.8963121149327 15399.958871167175
6295 2772.4033054403913 15399.412068778738
6327 2764.9056140387934 15399.229800768708
6408 2779.9009720541862 15399.59433618618
6431 2712.4218938758163 15397.953927607132
6500 2719.919556231562 15398.136194911061
6507 2727.4172284930996 15398.318462455798
6518 2734.9148911568413 15398.500729767215
6565 2787.39863539996 15399.776603514176
6596 2683.090975412608 15397.204512522305
6619 2690.5892782624464 15397.403449868494
6629 2675.592603908623 15397.005573354654
6630 2802.393981084419 15400.141138631883
6680 2660.5960286738923 15396.607699470542
6690 2668.094304128006 15396.806636089894
6712 2757.4079102935557 15399.047532458606
6716 2638.101062279038 15396.010885897282
6733 2749.910223121967 15398.865264551407
6739 2593.1112192958235 15394.817261133416
6751 2347.1179148408037 15387.323103216984
6755 2600.609564408552 15395.016199600881
6761 2608.1078835459693 15395.215137379195
6763 2742.412560685669 15398.68299724552
6780 2578.114630252315 15394.419386882942
6816 2817.54915129341 15394.105675981758
6908 2653.097726947992 15396.408762154171
6913 2585.612920406385 15394.6183238923
6952 2548.1214043259506 15393.623637112772
6994 2429.623796428183 15388.435763434509
7011 2563.1179987108712 15394.021511504958
7050 2444.6253499870077 15388.607977161515
7052 2452.126077743761 15388.69408346225
7062 2422.12300168116 15388.349656364744
7071 2645.599413249734 15396.209824520163
7115 2414.6222733044015 15388.26355005689
7118 2630.602733050342 15395.811947851236
7119 2377.1191570576207 15387.788439903621
7143 2287.1153601774463 15386.39242875441
7145 2392.119990568696 15388.005230012846
7158 2384.6194716226864 15387.90477413749
7177 2615.606161478361 15395.4140740643
7195 2399.620766803245 15388.091336870095
7197 2369.618841554147 15387.672105655196
7198 2407.12151348351 15388.177443388067
7200 2623.1044377486705 15395.613010705307
7237 2362.1185434315003 15387.555771676358
7256 2339.6175837749797 15387.20676872718
7263 2294.615715262816 15386.508763616774
7269 2302.116031560784 15386.62509787752
7271 2533.124822596703 15393.225763056354
7273 2332.117279081966 15387.09043464643
7274 2309.616362405048 15386.741432363891
7280 2354.6182195332644 15387.439437297724
7290 2570.616285111142 15394.220448414724
7335 2482.129000583714 15389.038508800802
7340 2317.1166754787355 15386.857766574629
7360 2227.112530074712 15385.461750019611
7380 2555.619680266765 15393.822573745038
7430 2160.4919077659915 15385.853980706564
7445 2272.114652604866 15386.159759069982
7452 2167.9982182109898 15386.009274681348
7460 700.2356107962258 17079.12297360162
7467 2279.614975212014 15386.276093428589
7478 2474.628208017278 15388.952401756069
7499 2137.973170361683 15385.388102794339
7508 2096.1979854488573 15384.690694156254
7522 2249.613620113924 15385.8107549911
7546 2152.985652567692 15385.69868787475
7559 2081.181168825322 15384.701097215917
7563 2145.479403823958 15385.54339517647
7565 2499.921157422674 15542.27182308687
7570 2073.672805427311 15384.706298714633
7577 2540.6231067925332 15393.424699907633
7594 2467.127494723516 15388.866295621365
7603 2437.1245492648222 15388.521870023154
7617 2130.4669493185065 15385.232810669142
7619 2043.6392441782577 15384.727104784082
7622 2459.6267859951827 15388.78018953907
7625 2008.4565479398495 15409.863249724103
7629 2242.1132528315775 15385.694419939555
7648 2051.1476909993485 15384.721903227573
7650 2058.6560703294936 15384.716701717818
7657 3000.7010398653506 17116.014749286565
7660 2122.9607212764367 15385.077518399148
7672 2013.6056693816915 15384.747910862916
7675 2066.16443861901 15384.711500215713
7681 1866.4071202149003 15576.333242556884
7683 2036.130832362802 15384.73230631634
7693 1305.966042081252 15272.857473965969
7700 1993.6209755487262 15409.300616336539
7702 1837.6652071165172 15953.055646403915
7703 2257.868693633157 16365.590780771883
7715 3150.3887404111206 16635.842049760384
7728 2215.4599391514616 15403.962011950001
7730 2028.6224345465566 15384.737507838901
7733 2264.61428189015 15386.043423965199
7746 3463.043107646864 16077.56182715525
7748 2088.689620634169 15384.695895655952
7758 3197.856221631634 15406.589602064798
7774 2901.2688880219343 15421.053760010995
7780 2893.7865002646226 15420.609566892375
7786 3166.7706317315187 15407.4536593839
7787 2306.4443794601902 15503.248346813898
7792 2423.975610330934 15570.264769112868
7796 2350.8174022969633 15841.303323413962
7797 2953.8911413850765 15398.942789287523
7800 2879.2361052457595 15396.170721580413
7804 2006.097283267657 15384.75311237737
7806 2257.113920029552 15385.927088997749
7807 3130.4937802922095 15404.198248765792
7808 3701.169811335919 16127.676931342772
7811 2487.680553459972 16817.343660576917
7815 2021.1140442175831 15384.742709356275
7819 2863.8197803838975 15419.65134624966
7821 2362.8105091361203 15825.261585221157
7824 2564.5005618714026 16949.32661470891
7827 1232.1205053235649 15495.715693942308
7828 1575.992641237824 16463.429023926474
7829 2823.104320331616 15967.514689812926
7832 1968.6286523504903 15383.381523734142
7835 1976.0952370214318 15384.173434229546
7838 3139.762965084216 16618.146105368964
7841 1998.588843760928 15384.75831392881
7847 1170.7788647140949 15333.169247384953
7856 2324.6169763870107 15386.974100596673
7857 1983.5720941748978 15384.768716942033
7858 2023.675864189252 16216.48704917034
7860 2886.425267705971 15417.158244945407
7866 1859.3398043131424 16354.331352828429
7867 2777.902216074034 15579.284470366041
7869 3077.0369559900278 16517.132035464783
7870 1991.0804641570676 15384.763515438755
7879 1650.3614138144058 16080.816835909809
7880 4160.397941191125 15773.293951390377
7882 2863.921097798936 15416.461016213942
7885 2908.7512512189483 15421.497951671588
7886 2835.126862190966 15121.030842246228
7888 3860.874773900809 16005.48055360733
7889 2805.273201141406 15397.009244472187
7890 2193.479432644293 15445.198942126324
7898 3601.60120663695 17366.894900082072
7899 1871.5878929156816 16853.736004955124
7901 927.9099159052774 15730.519614989744
7902 2963.37720586552 15827.454426724213
7904 2908.368949780386 15399.54171251315
7905 1824.5490942166462 16834.216497982354
7907 4459.231673121104 15412.18649526843
7908 3115.080442749536 15406.790313410298
7909 2988.6354926769004 16379.631061432558
7912 2847.8204131572274 15400.523395456652
7916 2560.4586077748922 16943.00721596504
7919 3032.574056521196 16437.590930007776
7920 2791.4646744607235 16360.878042939956
7922 2193.6132774608463 15437.663478954362
7925 1610.0037928238958 15574.285349414873
7927 2055.0816192779216 16751.602659839577
7928 3459.2214676665308 16071.106930859978
7930 2916.233662656204 15421.94214619597
7931 2871.3116650736765 15419.886240324093
7933 2797.7742025402854 15396.826977145076
7934 2507.277582748813 15504.991762615726
7937 2871.4224621078665 15416.69342499609
7938 1351.7849409725832 15527.245707213046
7940 3052.6829888802085 16477.56830987959
7942 2190.7095892958223 15422.660909531802
7943 2334.418783814284 16563.9952879134
7944 2349.511008886441 16367.591262497546
7947 2366.60223646681 15831.819507163693
7952 3613.5228513149455 14859.094285881652
7956 2878.8035699354773 15420.12113503098
7957 4054.9742962598066 15658.857071737295
7958 2813.453052753314 16392.77177531881
7960 3474.5080242629356 16096.926510425139
7962 3084.8820617632755 15400.866863008947
7963 2921.043953253942 15405.48544679098
7964 3450.19308665392 16494.6587693083
7965 2315.5850522571745 15417.059238040318
7966 3665.8032022073385 16414.464821987847
7967 3246.194652213334 15426.544019819217
7968 2239.7474125998847 17312.458194390263
7970 2357.0113933704424 16367.685008873168
7972 4154.416097828091 17162.369226136147
7973 3107.355194214148 16679.85708384396
7976 2410.7138707174113 15748.369396878095
7978 2595.274225157954 16968.612197152586
7979 2893.9258076971464 15417.409639083617
7982 3466.86473549965 16084.016702966634
7983 4044.211961697253 16374.30285139995
7984 2338.334783180413 17531.247316538786
7985 2832.0473015406733 15436.03567686789
7986 2234.6128791881724 15385.578084789346
7987 2878.9238780765468 15416.925835378774
7988 2572.570687303751 16944.12680558025
7989 1486.0932989144228 15724.422016440807
7991 2453.041701132959 15681.980368697497
7992 1643.4557596116454 15408.312449616149
7994 2375.4480902679943 16651.858753204655
7995 4330.73513129733 16829.634736927997
7996 2732.6395902098493 16358.278244364388
7997 2908.9092399624446 15418.301682727677
7998 3310.350301038035 16556.762256662878
8000 2998.3948178374726 17105.85972681531
8001 2853.550419968584 15108.935275640233
8005 2790.259979449247 15396.64433977828
8006 2760.926463831439 16361.189848235334
8008 3050.0574370058675 16490.05851134953
8009 1429.289709181335 16139.47129137712
8010 2848.587956564362 15542.907501084903
8012 3427.8273644923324 17224.176091515794
8013 1830.823825190693 16854.35315817567
8014 3824.8004498801342 15221.088557121713
8015 2833.8576318976 15404.158358122304
8017 3902.6403577480387 17249.027789524178
8020 1961.1620980551554 15382.589616460395
8021 2782.751968957485 15396.461853412162
8022 2901.417529743169 15417.855661257701
8024 3452.8104017754986 16054.57708304188
8025 2399.210148583941 15753.55162012251
8026 2372.803460967272 16367.882391967849
8027 1423.81678667339 16473.629436140392
8028 2222.9529668568393 15403.9770884645
8030 4555.49462887183 15892.389883529922
8031 3097.314280161142 17107.54455881924
8032 3422.949297274031 16006.02145055916
8033 3687.8909180441897 16449.709604952313
8034 2916.400921714722 15418.747702502862
8035 2364.511801093751 16367.778755539253
8036 3003.057477881924 16298.753732710386
8037 4229.470880697109 16065.63999537865
8038 2319.8989678451308 16357.32815357535
8039 2886.29546308923 15420.356029370785
8040 1708.987068589445 15394.163279030208
8041 2814.1282081704453 15839.427952080892
8042 2304.8994824291394 16357.0540287719
8043 4219.162395654409 17131.111005153012
8044 2880.0006671918645 15399.373715375044
8045 3088.970066095895 16260.854318475147
8046 3337.0762158940893 16059.829476604851
8047 1953.6955989373614 15381.79771503881
8048 3056.5594807869034 16477.829129628288
8049 1465.1539138507749 15682.487350258301
8051 2690.6104056684367 17164.25001914706
8052 1042.0747958962697 15682.990267474977
8055 1416.2537012381397 16304.650224145696
8056 2832.7627589153176 15420.634195946028
8057 1856.4787410166482 16862.535487636702
8059 1592.6759214285876 15452.58624429685
8061 1859.6096462975602 16344.208320033245
8062 4266.325183742194 15966.378821078708
8065 4666.196256834325 15173.740749761717
8069 2853.609562617786 15109.074683313353
8070 3410.178997867933 17314.11456755463
8071 2931.385298552088 15419.639802382337
8072 1899.6758666975848 15396.19607644002
8073 1450.2528466139697 16583.1839384846
8075 3443.898590368818 16039.50518188793
8076 2849.2366144151524 15387.759373671068
8077 2845.2936637599933 15106.015230645784
8078 3612.1348860313883 17584.862177310075
8079 2193.9096630659587 15422.717291957795
8080 2193.757272275239 15430.190301887316
8081 1092.035268294507 15672.888108162782
8082 1878.7847405901884 17359.378114357074
8083 2833.133518932006 15113.45016925987
8084 2187.518747676259 15422.594369077546
8085 2852.436729680147 15387.83504003503
8086 3200.7202595641925 17050.923591857914
8087 1971.6316596300233 16782.782291751715
8088 2993.6664055526667 16401.05918125213
8089 2865.000907617318 15399.285862282593
8090 3658.26074083085 15892.362498315862
8091 2856.6823176202074 15108.234393219478
8093 3709.1784959398624 16350.400820925868
8094 2923.716024895098 15422.386337799686
8095 3098.198767201133 15416.154655110995
8096 2552.353323337793 16964.88819278825
8097 3087.4730601045276 15422.897396082795
8098 2998.7823222070906 16383.079958698965
8099 3470.6863697056133 16090.471589508772
8100 4468.009220106157 16338.585293437027
8101 1946.2290760574365 15381.005811097
8102 3456.3040737708566 16268.558535404518
8104 3447.877501982522 16045.864766760382
8105 3404.3771437814517 15980.763861803463
8106 3618.760874243446 15336.933167164712
8107 1746.5496402666229 17207.325598820695
8108 3602.9983612971505 15927.932791032266
8109 3478.3296645548508 16103.381407246685
8110 1836.7762840101277 16346.132811079651
8111 2872.500788112909 15399.329788832967
8112 2775.2529567045544 15396.279585753236
8113 3780.417115910939 16597.78848326314
8114 2312.39921984053 16357.191091076826
8115 1452.6031167572 16535.948926173947
8116 4034.4993446387093 16172.06473368057
8117 2923.8926541197693 15419.193725293675
8118 3019.5176355554017 16448.132374782414
8119 3612.5942396820096 15963.27680690503
8120 1938.8286935692545 16801.994759206085
8121 3085.516698193849 15594.978857113187
8122 3963.377185645861 16859.014279928626
8123 2886.005002994071 16370.14246732138
8124 3497.1935506050045 16135.243233270645
8125 905.7695328144595 15734.063202018217
8126 2545.857720299139 16968.893123506798
8127 1930.2671296564686 15379.312877387807
8129 3877.792041601061 16753.706546544232
8130 936.8813897905247 15546.986809486676
8131 1370.719697770564 15658.204608943193
8132 1938.7625524491393 15380.213907077938
8133 2902.500263326462 15399.505494760544
8134 1492.860731112181 15796.440086995339
8135 3116.7877283273233 17436.448119874618
8136 1886.6786211092608 17342.37376226054
8137 2504.810161702026 17001.72114290898
8138 2863.5574381485126 15110.798192965418
8139 2895.0003938998966 15399.461568274999
8140 2768.414157986196 16615.372482384213
8141 2245.0139389413275 15404.021476738311
8142 3978.8487861038725 15481.348451688347
8143 3602.2012288533633 17239.912518765403
8144 4439.316749386053 15956.04369186763
8145 3610.5553495941854 16328.838799847266
8146 4568.57449536576 16113.696033684602
8147 4140.8990368337 15244.744702547081
8148 2230.446036865011 15403.992165064114
8149 1806.0047149416203 15385.703239249115
8150 2338.781986131419 16361.64315211809
8151 4189.061078736101 17066.660872861354
8152 3884.0044717861533 15265.558169888078
8153 3744.1049579040177 15393.4277778867
8154 3583.0545684264043 15119.499073044764
8155 3389.522192561635 16101.393525245525
8156 2808.9280478396286 15003.600216675255
8157 1228.7401270925743 15405.833931358458
8158 2838.2772282917754 15108.67715143447
8159 2887.5005214395323 15399.417641771686
8160 2954.9603267131683 14454.4049094564
8161 921.8147016448956 15455.869103661214
8162 3612.3554030064115 15925.65584909547
8163 923.837822002321 15719.542879650262
8164 1828.2263062388092 16600.74378676239
8165 1843.090957653194 16868.482815650514
8166 2926.346329736025 15189.0817074534
8167 2838.960599606375 15664.389080616378
8168 2335.3986733236197 17090.300058683097
8169 2787.9884460513294 16610.961804855775
8170 2897.1678440906508 16937.714653227064
8171 3204.473135038248 17315.1318708378
8172 3034.703723317825 15381.357038425918
8173 4109.680258930253 16952.72050663911
8174 3338.7938095872937 15855.617982351347
8175 1082.6210045687073 16259.62190235917
8176 3439.9196558027675 16033.145560330218
8177 4157.57807350166 16155.90817299475
8178 3168.1503638259105 15573.338701689247
8179 840.7125912452756 16643.517595021807
8180 1887.8991448248325 15189.619993529534
8181 4348.805433501025 16973.18733179669
8182 3027.754940831398 15399.501870516728
8183 2856.3183159708383 15362.299333665112
8184 948.7426375005978 16155.884927122072
8185 2961.44146933171 15959.96062012804
8186 2113.4887149476153 16705.773552435316
8187 1088.9369331617186 16503.594428944012
8188 1204.1658158620335 15310.09790082641
8189 1953.928272553876 16347.94200473965
8190 1435.9095820116092 16065.894894232139
8191 1960.4207771240958 16698.497613274034
8192 3673.892502768052 14962.942010806823
8194 3524.5821105685677 17395.925218140903
8195 4368.723826601448 14952.620370052504
8196 2228.884015152654 16364.978048688326
8197 1844.39537335651 17380.398603907935
8198 3822.7131888868116 15805.10568031772
8200 3105.6484590622727 16198.903008255462
8201 3161.508477434235 14974.088515716996
8202 1852.8181222503094 15309.482360853162
8203 4045.2521669758717 15357.905463199737
8204 1193.1504023303785 15835.728294629458
8205 982.4140456579579 15253.892301167125
8206 3461.586490105832 15708.126809292628
8207 3053.950884708567 15259.987533664716
8208 3450.8920672442705 16778.74939027664
8209 1017.5296156925248 17027.33717736605
8210 2632.3589997346053 16642.772494691926
8211 4587.311147324995 15874.756903748197
8212 3612.826766595289 15537.669892933618
