6131 3406.565450237907 15978.097425888285
6265 3376.706833915337 15923.064917142856
6408 3391.2367636862023 15588.269357775678
6431 2779.9008254194455 15399.594332621506
6500 2794.8962752225657 15399.958870270326
6507 2817.389389375507 15400.505675271552
6518 3153.772581647716 15406.287240894459
6565 3010.9070319377347 16407.501813243878
6596 2764.90532192426 15399.229793667437
6619 2772.4031017526295 15399.412063827112
6629 2757.407576930427 15399.047524354586
6680 2742.4113414790486 15398.682967606748
6690 2749.909756318052 15398.865253203458
6712 2639.489517717719 15834.298781575986
6716 2727.408101770097 15398.318240586219
6733 3168.9693815632286 15407.650970706816
6739 2675.592651393592 15397.005574614477
6751 2467.4039064617277 15388.86946875243
6761 2683.0910724344735 15397.20451509639
6763 3052.246011062709 15597.554463873892
6780 2660.569803642143 15396.607003694668
6816 2836.3755864677582 15129.232735364792
6913 2668.094282364489 15396.806635512487
6952 2645.21373867899 15396.199592194645
6994 2564.0790011144813 15394.047007843488
7011 2653.04379819095 15396.40733137123
7050 2581.7553021053272 15394.515977486348
7052 2590.6506397397375 15394.751979538796
7062 2817.5491192775694 15394.105675203666
7071 2734.9122406149927 15398.50066533285
7115 2555.0844349680365 15393.808373161062
7118 2719.8992594200754 15398.135701497922
7119 2514.984342138055 15391.987914884763
7143 2374.8968359097194 15387.753970412254
7145 2722.866088753712 15391.804556416786
7158 2525.939934858532 15392.998345386997
7177 2690.589355409385 15397.403451915277
7195 2535.56395168581 15393.290475548996
7197 2499.502450684453 15401.355030022465
7198 2545.7491132864516 15393.560697899295
7200 2712.378615083939 15397.952875504712
7237 2491.459766155792 15389.818251432398
7256 2458.1680587059413 15388.76344374923
7263 2387.4832983633582 15387.949193753084
7269 2401.3496474372832 15388.111183946357
7271 2787.3985752746535 15399.776602052536
7273 2448.489190196037 15388.652332989084
7274 2415.1771503415844 15388.269919893335
7280 2478.2013155356694 15388.993420051962
7290 2809.8917137551443 15400.32340764516
7335 2626.7751749849167 15395.710398972888
7340 2427.537545064233 15388.411813840126
7360 2266.359684193908 15386.070496168377
7380 2802.3940298913153 15400.141139818374
7430 2160.4919077659915 15385.853980706564
7445 2349.057270461319 15387.353183748723
7452 2167.9982182109898 15386.009274681348
7467 2361.9010460157924 15387.552398165153
7478 2617.243760960817 15395.457521188493
7499 2137.973170361683 15385.388102794339
7508 2096.1979854488573 15384.690694156254
7522 2310.70256871908 15386.758280054513
7546 2152.985652567692 15385.69868787475
7559 2081.181168825322 15384.701097215917
7563 2145.479403823958 15385.54339517647
7570 2073.672805427311 15384.706298714633
7577 2636.16446648353 15395.95950610696
7594 2608.396002828231 15395.222781467004
7603 2572.806801500884 15394.27856496804
7617 2130.4669493185065 15385.232810669142
7619 2043.6392441782577 15384.727104784082
7622 2599.5860157380853 15394.989043848402
7625 1778.6003415405874 15810.27099074663
7629 2296.1592763098615 15386.532705144862
7648 2051.1476909993485 15384.721903227573
7650 2058.6560703294936 15384.716701717818
7660 2122.9607212764367 15385.077518399148
7672 2013.6056693816915 15384.747910862916
7675 2066.16443861901 15384.711500215713
7683 2036.130832362802 15384.73230631634
7700 1008.8059861524986 15808.272835618805
7703 1088.8500799507588 16886.860663125364
7715 3519.4330698627746 17798.306111696274
7728 2215.4599391514616 15403.962011950001
7730 2028.6224345465566 15384.737507838901
7733 2336.887769959011 15387.16442772986
7746 2978.733621116565 15598.821217904077
7748 2088.689620634169 15384.695895655952
7758 3619.382337226197 15184.261100049318
7774 2774.4910265845942 15415.974629271917
7780 2706.1964484669675 15415.142127488547
7804 2006.097283267657 15384.75311237737
7806 2323.8232760975557 15386.961789844332
7811 3411.125505841833 17581.71986252524
7815 2021.1140442175831 15384.742709356275
7819 2517.3749610876384 15416.702643686145
7821 1012.3188286109253 16769.826719613713
7832 1968.6286523504903 15383.381523734142
7835 1976.0952370214318 15384.173434229546
7838 3520.495423945248 17420.94565748273
7841 1998.588843760928 15384.75831392881
7856 2439.602745146687 15388.550319033278
7857 1983.5720941748978 15384.768716942033
7860 2835.4685481037745 15328.088075937292
7870 1991.0804641570676 15384.763515438755
7882 2564.4589658138757 15416.374328518692
7885 2809.5863413410543 15416.402436470204
7886 2835.126862190966 15121.030842246228
7889 3903.576412787951 15300.480108225694
7890 2212.628368989114 15188.920423904225
7919 4081.618464157864 16565.05090228382
7922 2273.238440869662 15180.264362597409
7930 2833.7719041879272 15419.53217417208
7931 2564.919717205443 15413.180252704395
7933 3392.1225120206777 15951.477601474367
7937 2614.1437899404273 15417.127260011292
7943 2882.7687472332473 17240.326783394805
7944 2174.7888030987674 15191.864528189593
7956 2647.66873351846 15417.621684678368
7958 4066.16376790546 15652.022669583632
7960 4067.8032512138348 15654.772984047286
7962 4270.491139105386 16039.455549962335
7963 4368.885844185746 14946.250822823064
7967 2895.156901526241 15420.690920977448
7970 2189.5798365477153 15545.162323426879
7972 3970.5584146885067 17225.651108193815
7976 2208.0518168822746 17257.620516247553
7979 2834.627526427785 15361.99096983069
7982 3993.809458218288 15501.019670967447
7985 3979.2497471642178 15248.060931986376
7986 2282.755341708005 15386.324802336358
7987 2836.9488524419235 15251.660930753093
7989 1261.9376646724334 17184.2528989178
7991 1289.3144510096574 17168.74738033364
7996 3672.3104428657716 15619.365756007675
7997 2811.8434242653743 15413.229462414858
8001 2853.550419968584 15108.935275640233
8005 3815.034336241165 15203.898187938601
8006 3595.6734419499785 16392.31034715392
8008 1854.6249617167648 16871.016276902115
8014 2910.9331872002786 15418.422179102437
8015 3633.5297845689065 15216.13869144164
8017 3535.9627879149693 16444.28150929088
8020 1961.1620980551554 15382.589616460395
8021 3341.350538465257 15278.782765308231
8022 2783.2600785259974 15412.881035248916
8024 3612.03527756185 17584.91188626718
8025 2290.231843819901 16974.52427962461
8026 1647.9503150677401 16427.019400285968
8027 1132.943198909533 15355.127251984517
8028 2222.9529668568393 15403.9770884645
8033 4357.900142149788 16157.028560048575
8034 2852.5752648380394 15416.779821961998
8035 1546.1202171018972 16480.914543753675
8037 4215.456238700568 16608.55218808512
8038 3542.2355592494496 16428.48207804955
8039 2662.8398234004635 15414.613616021259
8041 2832.4824730306923 15426.879938022328
8042 2829.0080148570933 15432.704951899925
8044 2880.0006671918645 15399.373715375044
8047 1953.6955989373614 15381.79771503881
8051 1321.8776967506633 17150.304382467548
8061 3144.071794591731 16619.01271935472
8062 4213.325942747169 17120.261966453854
8069 2853.609562617786 15109.074683313353
8071 2880.2818343375825 15416.967907853572
8076 2849.2366144151524 15387.759373671068
8077 2845.2936637599933 15106.015230645784
8079 2230.2843839616276 15385.510947315095
8080 2215.435600962018 15385.280634069008
8081 3358.039588040727 15407.810210159101
8083 2833.133518932006 15113.45016925987
8085 2852.436615378624 15387.839337447269
8087 2820.2515339398724 15701.046474176594
8089 2865.000907617318 15399.285862282593
8091 2856.6823176202074 15108.234393219478
8094 2857.031915300686 15419.817764202913
8096 3835.271021259985 16686.034244282895
8097 2877.5222354779485 15420.080961178352
8099 3150.5866855032004 16629.504143611524
8101 1946.2290760574365 15381.005811097
8106 1493.1414183254033 15572.772314986938
8109 3531.9486509679614 15582.723154614392
8110 3174.0218082419788 16205.65304304328
8111 2872.500788112909 15399.329788832967
8117 2868.161630437789 15416.592397251534
8118 1862.638594229738 16355.255905094295
8119 4357.15061380106 15126.347362265036
8120 2823.127189044109 15630.945806367463
8121 2893.0678262585416 15417.36404603438
8122 3058.376809214361 16128.978827343153
8123 2204.8701977034343 15618.890094722854
8124 3091.8104268368747 15526.175871697296
8125 1909.0119654845741 15378.470703961453
8126 3045.7803059414614 16108.81348644829
8127 1931.2960606484469 15379.42200643241
8129 3142.169568080861 15583.582111569376
8130 1837.2391805771979 15383.07176166992
8131 1916.483305095098 15378.616667218745
8132 1938.7625524491393 15380.213907077938
8133 2902.500263326462 15399.505494760544
8137 4456.376238317648 15907.463063622798
8138 2841.024315291851 15120.363707654917
8139 2895.0003938998966 15399.461568274999
8141 2237.9390615444486 15404.007241572523
8142 2910.215056286139 15421.584850688176
8143 2417.061308248861 16857.6432171152
8144 3553.276164255663 17230.499633119318
8145 3091.496901086746 15562.642159807097
8146 2920.220511076743 16786.921098792613
8148 2230.446036865011 15403.992165064114
8150 2826.0924085315114 15426.56995557386
8152 3192.2604350322563 16634.984634344553
8153 1679.320445420314 15401.115892553367
8154 3860.6685346617523 15223.92018634654
8155 2019.3232480568172 16360.180698727272
8156 2847.518462178572 15094.408658775856
8157 1829.7396113800733 15382.935094040015
8158 2838.2772282917754 15108.67715143447
8159 2887.5005214395323 15399.417641771686
8160 3656.8173217463736 14929.362552085166
8161 1901.5406044168558 15378.324740284965
8162 2504.9513188605915 17022.26131071246
8164 2606.826364167927 15398.080353649366
8166 2852.636052299321 15380.341076348277
8167 2572.5706565024016 16944.12675742354
8168 2828.5661283844775 15441.988912214334
8171 4585.7555983939565 17199.337525275925
8172 2910.000112876145 15399.54942112967
8173 3437.2453364125163 16034.902589459798
8177 3166.936410505228 15576.420760277697
8178 3725.3356632460636 16509.459192802315
8179 1622.2303106468548 16426.657639706427
8180 1923.949384471599 15378.768293876385
8182 4462.224305896522 15417.342650080875
8183 2855.636616019296 15387.929313359828
8184 1595.3841135460748 16987.638611824834
8185 2955.231477902862 15420.762604040992
8186 3158.0691411937178 16655.86693481034
8187 1946.4704084263485 15377.814654180343
8188 1589.8387276027267 15446.424021890385
8189 3429.9894345916164 16490.08239160952
8190 3001.0413550143116 16384.93358034664
8191 2193.490212792768 15444.592019767155
8192 3588.8644629730934 15331.295055968747
8194 2580.0500170869905 16987.661173986646
8195 3640.1904816174683 16387.38933893901
8196 2638.284123382577 15737.206469273926
8200 2809.630902112404 16227.01539842211
8201 4118.881094605167 15697.96058954055
8202 3499.4489358382375 15377.673401674749
8203 2941.7749994617393 15417.144254453233
8204 1424.207136845896 16163.329954426477
8205 907.6648784446958 15511.23446238868
8206 3708.96991904553 16483.34480837885
8207 2849.6354867004416 15372.762909978179
8209 1830.4184445655324 16056.084491389365
8210 2027.0366747672751 16121.709479498932
8211 3734.8089626967894 16907.54145029594
8212 2925.89757382917 15419.313088858175
8213 2849.436050750557 15380.2611345774
8214 3091.7208853809075 15499.311983684449
8215 2196.164479293115 15403.818400419923
8216 2897.428565393963 16580.22631820616
8218 2917.500035635256 15399.59334792758
8219 2248.082381505374 15385.787004591186
8220 2266.105323834512 16356.345041709685
8221 3774.5029623775713 16588.27413827678
8222 1732.7029384351238 15381.166756185305
8223 2969.9123008095803 15424.205413900005
8224 2166.579928127812 16684.87230977589
8225 2453.203180517519 16726.6630003791
8226 3645.2795426813586 14910.772578851558
8227 2588.8272434392093 16362.01090199343
8228 1669.4500534874833 17102.186993101463
8229 3049.4065579136977 16485.858011006134
8230 4240.70159850984 15918.816850108722
8231 2557.020997344369 16973.28353233335
8232 1485.6755133022555 16285.053001848903
8233 3158.0064615318734 16672.11867904204
8234 2902.510827616386 16777.180205957095
8235 1855.7934664755708 16409.679920639832
8236 1553.0093834873153 16900.15103485711
8237 1966.3074474436762 15406.41189888908
8239 4071.161125674248 15618.504068215398
8240 2202.18327545148 15391.404684388446
8241 2193.8659038742344 15424.863175398114
8242 3799.840636491752 16635.095472954767
8243 2824.8227882012925 15589.035239427787
8244 4820.100995279459 16442.540903984584
8245 3609.667062113368 15983.015327191404
8246 1386.7540355997137 15443.164577803705
8247 1672.3162601222582 15387.089551974246
8248 2863.969429531992 15110.582830181926
8249 1444.4152653454848 16591.271128678454
8250 2949.6010422173185 15398.910754496843
8251 3538.78220442423 16205.488062413264
8252 3271.948644700809 15749.066436740164
8253 2924.914873171323 15422.457507614969
8254 3487.1553817363083 16112.008409395725
8255 1159.0699684910585 17128.367922460402
8256 3836.4769787239834 16693.760916316394
8257 2700.8511209483217 15377.948987935153
8258 2814.1093835583492 16816.333033803596
8259 3115.5130153256177 15423.284105848521
8260 1241.8684480704408 16656.008264948785
8261 3614.523358104058 15970.899157036441
8262 3935.268072082675 15164.238910605824
8263 1869.3340554061501 15367.811492887937
8264 2822.8924718884346 15426.419962054724
8265 1850.171315178918 16348.067319056821
8266 3265.784357966776 16166.994069103665
8267 2577.3613869867745 16989.403363272282
8268 3810.8503122418556 16506.162460301523
8269 1189.6248203680361 15688.681705502951
8270 2150.3116153096403 15382.443174686026
8271 3572.964588604664 16264.104224793711
8272 2956.433552793067 15065.391049200027
8273 1848.5481773616916 15511.148439660912
8274 1502.7636404063335 16817.45103218429
8275 2142.8164339629484 15382.287867950825
8276 3049.8286606464967 16496.48283636816
8277 1476.6146664370538 16697.384561693627
8278 2440.735902865184 16773.393861133685
8279 4248.92301621261 15969.967349694418
8280 1524.1471399458023 15078.355329971057
8281 3408.512737613526 16926.97555250061
8282 3038.239258085406 15425.331655045387
8283 4438.674426917598 16318.404369177339
8284 3678.7186978447176 15304.369923321812
8285 3733.6161306382633 15270.798583084486
8286 3728.8562998995462 15758.904587277082
8287 3078.555269817446 16476.436934756268
8288 3161.497912258556 15406.980496298418
8289 1468.9951886460083 15689.955084120593
8290 1930.6651259594053 16814.19031090014
8291 1608.3035507417417 15680.150932279772
8292 3120.597887439375 16222.925947091793
8293 2941.810688124544 15418.760344062272
8294 2344.79129420194 16018.414448970656
8295 2926.713360115796 15081.104299682042
8296 3518.757565366761 15799.222852765737
8297 3527.6410229392186 15362.432206360483
8298 2711.6617313118913 16878.056682189865
8299 1815.395537886478 16023.228839509811
8300 2429.1814985228066 17048.332818838386
8301 2617.530973487552 17035.749578027877
8302 3040.6957131671256 16094.652587360859
8303 929.3622229991284 16576.296499138767
8304 2821.0731809378635 16228.459160903543
8305 2285.736823302956 17397.875257820313
8306 1861.5222095178606 15768.652607284406
8307 3646.3370471686676 17955.21776633474
8308 4004.407883235779 16246.17858232175
8309 2919.551114104046 16160.906128856544
8310 3437.191089790907 17050.887203170336
8311 2024.7865506416606 16350.929992360807
8312 1517.8239342085292 16812.438780645996
8313 3355.28549667751 15883.322294361471
8314 2481.6840764519616 15186.500436911747
8315 2193.2171539734395 15459.965231295364
8316 3264.5538685020497 17181.231814680385
8317 2139.274252323439 16714.532035019693
8318 3504.1425477440207 16140.696938975136
8319 2193.3413562408296 15472.135056311436
8320 4440.325994583522 15928.874126007944
8321 1680.3595624756276 15654.224253781456
8322 2442.1728698060433 16732.06583667587
8323 4185.0878505909695 15399.152346901317
8324 792.8915748690474 16622.04542640029
8325 3370.0372644146887 14484.779020932396
8326 4557.606074928704 16532.920922986195
8327 3514.0243126640057 16034.764366736086
8328 1554.3902360877798 15699.549635346686
8329 3467.3080659818834 17072.317139321916
8330 3161.1431842145207 16683.309454145172
8331 3603.1027490793927 15325.454619822165
8332 3469.598014905782 15395.556585827573
8333 1054.6878072267293 16899.92524096659
8334 2195.9803137957183 15276.91416949297
8335 2384.0428887058965 15515.671064590852
8336 3194.1863397842676 16710.523035094673
8337 2954.535844572148 16252.153613626851
8338 4353.657970102927 16155.931908323419
8339 2001.531540805218 15582.09237416085
8340 1241.3297797493567 16095.58324810762
8341 3256.4535599542805 15115.107041702931
8342 2753.5520832928582 14906.77347525373
8343 3284.451833282896 15158.277505704516
8344 1435.0861122414049 16083.452438510945
8345 1782.7148661424333 16783.7497567982
8346 3757.2125809029167 15842.068981222534
8347 1447.3820775681509 15594.30361753274
