6131 3609.6856603719025 15957.8505324788
6265 3516.7427768648363 16161.976653653603
6408 3591.6495062858053 15664.196527622815
6431 2779.9008254194455 15399.594332621506
6500 2794.8962752225657 15399.958870270326
6507 2817.389389375507 15400.505675271552
6518 3154.0263372080485 15406.310012400605
6565 3170.6204358972013 16671.89662251656
6596 2764.9054322377597 15399.229796349146
6619 2772.4031017526295 15399.412063827112
6629 2757.407684972998 15399.047526981089
6680 2742.412343086827 15398.682991955717
6690 2749.910009407135 15398.865259356024
6716 2727.4168955975665 15398.318454363147
6733 3175.039852819259 15406.609671180931
6739 2675.5927569288538 15397.005577414431
6751 2474.6281774330023 15388.95240140497
6761 2683.0910724344735 15397.20451509639
6763 3292.772811273147 15715.51670326383
6780 2660.596099177884 15396.607701341081
6816 2836.3755864677582 15129.232735364792
6913 2668.0944479575187 15396.806639905833
6952 2645.5994370892063 15396.209825152648
6994 2578.1145311273567 15394.41938425306
7011 2653.097747012933 15396.408762686515
7050 2593.111105472662 15394.817258113575
7052 2600.6094263757327 15395.016195938735
7062 2817.5491192775694 15394.105675203666
7071 2734.9146727316047 15398.500724457323
7115 2570.6162213836883 15394.220446723972
7118 2719.919189307297 15398.136185991174
7119 2540.6174569153804 15393.424550010837
7143 2414.6221621521076 15388.263548780893
7145 2810.049427551732 15393.923407257333
7158 2548.1192076499174 15393.623578832798
7177 2690.589355409385 15397.403451915277
7195 2555.619203560149 15393.822561097542
7197 2372.7712577064653 15800.003433927453
7198 2563.1178742297293 15394.021508202351
7200 2712.421526899975 15397.953918685991
7237 2533.1154920328745 15393.225515507322
7256 2467.1274016030643 15388.866294552367
7263 2422.12287192027 15388.349654875125
7269 2429.6236380522055 15388.435761616396
7271 2787.3985752746535 15399.776602052536
7273 2459.6266386312395 15388.780187847373
7274 2437.124410470357 15388.521868429832
7280 2482.1289463570256 15389.038508178295
7290 2809.8917137551443 15400.32340764516
7335 2630.6028218184483 15395.81195020634
7340 2444.625132447208 15388.607974664217
7360 2353.948328417695 15387.429046897558
7380 2802.3940298913153 15400.141139818374
7430 2250.282508408756 15385.821129836935
7445 2399.6206714328155 15388.091335775267
7452 2266.17310202676 15386.067602170628
7467 2407.12145622955 15388.177442730806
7478 2623.104461900207 15395.613011346071
7499 2148.0428177498316 15385.59642825317
7508 2116.561042097174 15384.945118916823
7522 2377.0439401906883 15387.78727324634
7546 2230.605196037949 15385.515923296674
7559 2085.099087682687 15384.698383035897
7563 2162.9162710401665 15385.904137039948
7570 2074.4891125717127 15384.705733209164
7577 2638.1011140122987 15396.010887269817
7594 2615.606111542741 15395.414072739459
7603 2585.612825678321 15394.618321379072
7617 2135.893427877111 15385.345076133062
7619 2043.6392441782577 15384.727104784082
7622 2608.1077452527734 15395.21513371014
7629 2369.437130481998 15387.669287210958
7648 2051.1476909993485 15384.721903227573
7650 2058.6560703294936 15384.716701717818
7660 2127.2924944184115 15385.167136098016
7672 2013.6056693816915 15384.747910862916
7675 2066.16443861901 15384.711500215713
7683 2036.130832362802 15384.73230631634
7728 2215.4599391514616 15403.962011950001
7730 2028.6224345465566 15384.737507838901
7733 2392.119636488437 15388.005225948102
7748 2099.5313595339117 15384.714489070735
7758 3647.4550556438257 15234.49357885617
7774 2541.9817927017602 15412.832557011074
7780 2534.4813386860237 15412.718864267912
7804 2006.097283267657 15384.75311237737
7806 2384.607996028959 15387.904596144368
7815 2021.1140442175831 15384.742709356275
7819 2349.297850334532 15894.060151387164
7821 1230.3562869683137 16554.821036923637
7832 1968.6286523504903 15383.381523734142
7835 1976.0952370214318 15384.173434229546
7841 1998.588843760928 15384.75831392881
7856 2452.125875453236 15388.69408114001
7857 1983.5720941748978 15384.768716942033
7860 2837.1736936125562 15144.453145382242
7870 1991.0804641570676 15384.763515438755
7882 2525.499550625691 15415.816286481275
7885 2549.408266585381 15416.146247899831
7886 2835.126862190966 15121.030842246228
7889 4198.0821547744445 15841.67290430581
7930 2683.4338383511868 15576.023626865723
7931 2034.3445989099953 15407.643454870673
7933 3614.794452613041 15970.442988391518
7937 2534.4035693858664 15415.918864402818
7943 2952.521927149356 17194.558321864322
7956 2541.905881022188 15416.032555591175
7958 4454.693563818421 15431.059180312213
7960 4220.057661406545 15472.608793551834
7967 2583.6892556753614 15416.665747299036
7970 1951.4108510913604 15404.79517305691
7972 3917.8832659772966 17243.7813407258
7976 2091.593334340785 17449.267590620013
7979 2837.5621813399175 15151.9906294893
7982 3661.655972620376 14936.32687224566
7986 2361.7278747930804 15387.549712178938
7987 2836.7852087711053 15136.915717267957
7989 908.5697866175099 17325.597003136798
7991 1017.8462623186965 17347.49258190426
7997 2542.067867462083 15409.63258204256
8001 2853.550419968584 15108.935275640233
8005 3675.1804594332366 14965.017153021956
8006 4179.461429093122 16071.436174710827
8008 1587.3923093755582 17009.499068181984
8014 2635.099179986478 15417.444821226063
8015 3608.478706674752 15171.311760644609
8017 3215.487280378739 16608.755538645888
8020 1961.1620980551554 15382.589616460395
8021 3203.175533391857 15039.213600124289
8022 2524.547831336703 15409.488250032133
8026 1451.3928957957085 16598.306056740326
8027 948.485807103558 15282.051843945213
8028 2222.9529668568393 15403.9770884645
8034 2534.5683211382243 15409.518863431638
8035 1219.0331836492912 16668.91933788852
8038 3827.05688515023 16497.30310929445
8039 2524.9796348590958 15412.654689813719
8041 2832.4824730306923 15426.879938022328
8042 2829.2924066570026 15426.729928115028
8044 2880.0006671918645 15399.373715375044
8047 1953.6955989373614 15381.79771503881
8051 1104.113052429124 17008.37231039983
8061 3162.101493575063 16646.75544726073
8062 4512.677193252948 17240.658002647262
8069 2853.609562617786 15109.074683313353
8071 2837.953321619386 15159.579578721095
8076 2849.2366144151524 15387.759373671068
8077 2845.2936637599933 15106.015230645784
8079 2337.505350943397 15387.17400676952
8080 2327.6554617103498 15387.021229268297
8081 3858.332583893501 15219.752182330942
8083 2833.133518932006 15113.45016925987
8085 2852.436615378624 15387.839337447269
8087 2831.414116861165 15449.3574906805
8089 2865.000907617318 15399.285862282593
8091 2856.6823176202074 15108.234393219478
8094 2549.487837143079 15412.946334494547
8096 4110.226163173515 16546.100881379552
8097 2647.939789741182 15534.46383744864
8099 3173.4588178322633 16664.269423709826
8101 1946.2290760574365 15381.005811097
8106 1430.293477381002 16117.756439324325
8110 3604.2842124335098 15977.622734807677
8111 2872.500788112909 15399.329788832967
8117 2557.1648793586537 15409.86150405302
8118 1451.6802398756854 16535.367961719723
8120 2831.770234616204 15441.864993496773
8121 2838.1033702186505 15184.612502245458
8124 2947.4033875896935 15399.155348260781
8125 1909.0119654845741 15378.470703961453
8127 1931.2960606484469 15379.42200643241
8129 3035.465891066732 15425.285941315811
8130 1837.2391805771979 15383.07176166992
8131 1916.483305095098 15378.616667218745
8132 1938.7625524491393 15380.213907077938
8133 2902.500263326462 15399.505494760544
8137 4278.99349095821 15575.280775422883
8138 2841.024315291851 15120.363707654917
8139 2895.0003938998966 15399.461568274999
8141 2237.9390615444486 15404.007241572523
8142 2559.6070549671444 15416.300801912932
8144 3613.882765097817 17583.989909661184
8145 2894.991689317927 15420.681113128881
8148 2230.446036865011 15403.992165064114
8150 2826.0924085315114 15426.56995557386
8152 2835.47 16836.37212475729
8153 1301.291828719314 15747.889036445269
8154 4195.944531225753 15844.424473841593
8155 1584.9709641650538 16458.173653861937
8156 2847.518462178572 15094.408658775856
8157 1829.7397135170168 15382.935095901297
8158 2838.2772282917754 15108.67715143447
8159 2887.5005214395323 15399.417641771686
8160 3816.6468649194917 15191.800236847754
8161 1901.5406044168558 15378.324740284965
8162 2236.294693593315 17306.484522360675
8164 3228.8142106305754 15403.624722556367
8166 2852.636052299321 15380.341076348277
8167 2577.556001517174 16952.22805894037
8168 2828.9357843471084 15434.222502741024
8172 2910.000112876145 15399.54942112967
8173 3173.474713355691 15586.56220336518
8177 3090.9813513749928 15431.793378983524
8178 3651.0187065718756 16396.91365715727
8179 2091.4978320360415 16353.153982613792
8180 1923.949384471599 15378.768293876385
8183 2855.636616019296 15387.929313359828
8184 1848.763990346502 17376.370649924884
8185 2852.792951471153 15374.44211364616
8186 3325.7277996387174 16936.267725738322
8188 1814.7406530586773 15382.661762061744
8189 3773.4587223351714 16586.594225850447
8190 3153.03592822158 16631.95658084585
8191 2316.6742618231897 15180.846739730228
8192 3357.2870188880233 15277.743287896026
8194 2572.7295209689787 16976.879469024756
8195 3205.4782778609824 16722.88210428371
8196 2646.2691145826875 15423.33100674685
8200 2830.131000634128 15476.353462045121
8201 4464.920411945319 15922.592169928532
8202 3783.266580428296 15141.267351542334
8203 2268.3155349576155 15405.976918229277
8204 1481.8688768136087 16724.19708333948
8205 1104.1945804522568 15678.379746188084
8206 3886.0321285628947 16759.01415374922
8207 2849.6354867004416 15372.762909978179
8209 1849.5721351221698 15410.399063271896
8212 2663.972263990967 15417.827907915422
8213 2849.436050750557 15380.2611345774
8214 2981.4888745073963 15399.148865550384
8215 2308.0325562583407 15386.716866610937
8216 2675.472641342583 16640.415647616162
8218 2917.500035635256 15399.59334792758
8219 2345.815161679118 15387.30289675902
8220 2779.3888903723478 16361.001340715005
8221 4066.716147395393 16569.39651843314
8222 1822.2402456375653 15382.798430117744
8225 2206.4356964542735 16662.224871183975
8226 3807.8174417962646 15176.76184321065
8227 3017.3697065182278 16418.341517736877
8229 3018.3992167420706 16440.343668486767
8230 3899.751390061836 16242.37775200722
8231 2820.051161662705 17328.41586785185
8232 1820.2657849460784 16333.661357871373
8233 2842.2387528067757 16368.069541042938
8237 1846.6947353491516 15401.111669656344
8239 4218.994306762777 16071.393863310646
8240 2317.7454491344624 15386.867519219119
8241 2298.1349769787303 15386.563349409404
8242 3656.6873589325837 16366.30224378798
8243 2832.1263550867234 15434.372439181023
8244 4899.950923960226 15800.75944443881
8245 3014.692735201841 16300.460710122125
8246 1499.1255325901843 15794.51872315673
8247 1894.5629839255732 15384.594883646156
8248 2863.9693382708174 15110.582878317848
8249 1593.5380355102318 16983.873524275186
8250 2949.6010422173185 15398.910754496843
8251 3387.7461465946503 15950.114436537171
8252 3091.392720869556 15574.7593967927
8253 2608.349171661105 15417.03944747161
8254 3707.6709970640254 16481.272152986865
8255 1084.7039103275627 16961.096355559937
8256 3639.3994070444005 16394.969956312103
8257 2817.4691869204994 15397.305674682095
8258 2877.841738625543 16352.44824066074
8259 2733.4730109912703 15412.274137547021
8261 3990.4285709296187 15702.03155560964
8262 3430.686695903645 15427.944397167132
8263 1859.5644999738904 15882.623713042058
8264 2822.8924718884346 15426.419962054724
8265 2325.983831731072 16357.137951346469
8266 3052.3560454824506 16486.700905696034
8267 2568.8781192459915 16986.966078844904
8268 4215.592544003528 16258.559444369172
8269 921.4120372911393 15727.517315958745
8270 2206.5450345744443 15385.406301064993
8271 3510.6021995096276 16027.697329916815
8272 2849.835177531007 15365.255102590154
8273 1919.921330004033 15381.885278281174
8274 1422.6870941698048 15979.315007975569
8275 2183.65780970314 15385.786504144822
8276 2830.7227694711037 16371.280070964769
8277 1745.534331173768 16915.453132874023
8278 2331.467070476941 16092.028813550929
8279 3898.0708126991653 16064.116081343409
8280 1346.8560923927027 15307.40233055757
8281 3168.1702570019957 16694.72485873708
8282 2700.004008657785 15418.267130069213
8283 4349.078160833302 16114.198118691016
8284 3094.0875947195545 15422.85492716071
8285 3039.758636837965 15422.155874985441
8286 3623.816722398171 15969.263447943402
8287 2976.4249627772997 16384.19504170444
8288 3162.6931127374833 15407.087751150355
8289 1427.7174412695842 16239.637361127778
8290 2340.6062506535545 16591.70927915963
8291 1848.3136500371727 15541.08461828141
8292 3108.27626287864 16567.43986750087
8293 3146.554801300311 15405.639532015384
8294 2403.3777671161542 16696.49117944212
8295 2852.8355923378435 15372.838938312265
8296 3354.406927502303 15466.95139346336
8297 3916.405364261393 15323.370625433501
8298 2799.9093655583715 16283.30406859317
8299 1797.0767542279323 16365.818252376706
8300 2766.9043171477465 17264.772502735257
8301 2580.1721998315784 16973.84525413126
8302 3277.550586814834 16150.54620829968
8303 1025.052632424745 16725.124040708495
8304 2806.7642501605283 16073.023030554828
8305 2149.6117241860125 17216.224971049884
8306 1857.7985116124635 16339.174654422173
8307 3632.230059427943 17703.379400811704
8308 3661.5582556974523 16377.151519431347
8309 2792.7563121610724 16370.569680120785
8310 3779.899606224446 17608.123654611936
8311 2417.16886071739 16360.710313823789
8312 1783.0445619692127 16889.148093185788
8313 3119.9941209981666 15591.704812633083
8314 2396.774084078757 15757.770183193117
8315 2287.7393402224056 15386.402107047214
8316 3373.6575553254843 17007.49848906232
8317 2092.8392353260433 16721.144444202022
8318 3740.200096727369 16533.17797548714
8319 2278.079113176694 15386.252271316642
8320 4330.075639463949 15670.836263733077
8321 1848.5634073024808 15509.204417876765
8322 2812.7313846508437 16608.832229494972
8323 4065.7290385707506 15132.01050950116
8324 1034.4323431553785 16587.886663783233
8325 3123.447718763997 14330.907083987388
8326 4286.802201967631 16048.16770782419
8327 3027.9447699918455 16436.07884330093
8328 1844.6861253682998 15595.635153641517
8329 3188.636659042226 16721.87342669224
8330 2722.2912570969493 16897.738842289942
8331 3988.825527826387 15460.479380528364
8332 3159.260946570988 15406.779755562584
8333 1215.7511901918795 16659.86013859979
8334 2488.759660554081 15183.522530706414
8336 3120.9128853829175 16613.970421352777
8337 2827.6049850511768 16165.753190401101
8338 4056.1220834473756 15620.995842690694
8339 2040.7587736455494 15440.519805270555
8340 1026.058679169418 16294.592770068268
8341 3153.469633986245 14962.081668427052
8342 2844.5845939052306 15087.5048716102
8343 3431.9597684766477 15390.690652518524
8344 1626.8400004188193 16288.45573721964
8345 1824.8746951405017 16610.546139228965
8346 3518.2194149365223 15798.349143168984
8347 1852.9233168518967 15388.375466952411
8348 1475.2320173740263 16510.61083995813
8349 2349.527436671596 16367.591467826396
8350 3268.720934185547 15737.387262956518
8351 1849.3668046643954 16411.20232750544
8352 2290.3744024226594 16366.277946947883
8353 2193.9096483181293 15422.71801516866
8354 4162.0142788615385 17041.49233544298
8355 3930.369372198991 16645.864770740045
8356 2926.292992280219 15194.628802857225
8357 3107.770256401767 15792.415807819903
8358 2805.5098798731497 15580.237427040309
8359 1106.846380270869 15482.347086994767
8360 3154.391962340748 15574.754739777378
8362 1197.8996806027983 15515.108187821012
8363 1651.2617370961527 15843.636127056272
8364 4258.323403084642 15555.690443785223
8365 2842.3625053737283 15103.704766824207
8366 3091.2719787841934 15458.32732738904
8367 1568.3217987982182 16455.734903464407
8368 2993.1176914184157 15599.04027389951
8369 4163.3118103978795 16523.90724943321
8370 3739.4358572005885 16746.50889761204
8371 4246.0226343812155 16657.57143073565
8372 3362.2121323723886 15428.090757467638
8373 3657.952196676183 15764.007647162847
8374 4667.549268037217 15628.46597538049
8375 3353.66382103623 17252.53979869286
8376 2684.9635494011086 16358.765098889633
8377 4514.407358386817 15727.212594701827
8378 1508.3010239422063 16698.200702432197
8379 2407.256240069596 15181.517360643535
8380 2963.532062851049 15816.899340368027
8381 730.8668206569525 16239.564777827853
8382 3032.995264458911 17140.876395069674
8384 2377.9411200321156 16775.103199518264
