6131 3733.2796592182312 15847.64592594867
6265 3666.446019754326 16415.490548916638
6408 3708.2667591759605 15583.660235228293
6431 2779.9008254194455 15399.594332621506
6500 2794.8962752225657 15399.958870270326
6507 2817.389389375507 15400.505675271552
6518 3376.293754630401 15407.949462059467
6565 3386.008044727847 17005.279194876366
6596 2764.9054322377597 15399.229796349146
6619 2772.4031017526295 15399.412063827112
6629 2757.407684972998 15399.047526981089
6680 2742.412343086827 15398.682991955717
6690 2749.910009407135 15398.865259356024
6716 2727.417006208671 15398.31845705209
6733 3236.9577028065155 15351.772600891516
6739 2675.5927569288538 15397.005577414431
6751 2474.6281774330023 15388.95240140497
6761 2683.0910724344735 15397.20451509639
6780 2660.596099177884 15396.607701341081
6816 2836.3755864677582 15129.232735364792
6913 2668.0944479575187 15396.806639905833
6952 2645.5994370892063 15396.209825152648
6994 2578.1145311273567 15394.41938425306
7011 2653.097747012933 15396.408762686515
7050 2593.111105472662 15394.817258113575
7052 2600.6094263757327 15395.016195938735
7062 2817.5491192775694 15394.105675203666
7071 2734.9146727316047 15398.500724457323
7115 2570.6162213836883 15394.220446723972
7118 2719.9193117704344 15398.13618896824
7119 2540.6229211575546 15393.424694982556
7143 2414.6221621521076 15388.263548780893
7145 2810.049427551732 15393.923407257333
7158 2548.121220835286 15393.623632244584
7177 2690.589355409385 15397.403451915277
7195 2555.6195628393943 15393.822570629574
7198 2563.1178742297293 15394.021508202351
7200 2712.421644641693 15397.95392154828
7237 2533.1246461394844 15393.22575837477
7256 2467.1274016030643 15388.866294552367
7263 2422.12287192027 15388.349654875125
7269 2429.6236380522055 15388.435761616396
7271 2787.3985752746535 15399.776602052536
7273 2459.6266386312395 15388.780187847373
7274 2437.124410470357 15388.521868429832
7280 2482.1289463570256 15389.038508178295
7290 2809.8917137551443 15400.32340764516
7335 2630.6028218184483 15395.81195020634
7340 2444.625132447208 15388.607974664217
7360 2354.6179870342976 15387.43943369153
7380 2802.3940298913153 15400.141139818374
7430 2279.299469207107 15386.27119974726
7445 2399.6206714328155 15388.091335775267
7452 2286.9555063384205 15386.38994932855
7467 2407.12145622955 15388.177442730806
7478 2623.104461900207 15395.613011346071
7499 2238.3731002165887 15385.636408000822
7508 2167.998289946908 15386.009276165452
7522 2377.119045222133 15387.788438168987
7546 2271.5650750443433 15386.151234802914
7559 2152.9845553160712 15385.698665174306
7563 2247.232507506293 15385.773822551992
7570 2145.0716426276476 15385.534959226825
7577 2638.1011140122987 15396.010887269817
7594 2615.606111542741 15395.414072739459
7603 2585.612825678321 15394.618321379072
7617 2228.2188878923193 15385.478910271755
7619 2094.370883116998 15384.691959900854
7622 2608.1077452527734 15395.21513371014
7629 2369.6187021588094 15387.672103493092
7648 2113.9216052993884 15384.890513044267
7650 2127.543434593214 15385.172327662829
7660 2219.4845737775013 15385.343435988361
7672 2038.3792829705371 15384.730748678234
7675 2136.7188907408076 15385.362153685355
7683 2079.266693598208 15384.702423489021
7728 2215.4599391514616 15403.962011950001
7730 2062.115028329086 15384.714305487822
7733 2392.1199496489853 15388.0052295431
7748 2160.491796297582 15385.853978400455
7758 3665.266413702322 15266.364316589244
7774 2386.8005525986664 15414.79032815562
7780 2363.2485638512057 15414.48227220787
7804 2026.5996513390169 15384.738909143514
7806 2384.6194336586186 15387.904773548646
7815 2049.4549203411107 15384.723075912476
7819 2316.0811513740864 16171.45207183946
7832 1968.8955439199608 15383.409830415754
7835 1977.3534576573677 15384.306881872752
7841 2011.9003949728383 15384.749092209926
7856 2452.125875453236 15388.69408114001
7857 1987.5991716266535 15384.765927141236
7860 2837.1736936125562 15144.453145382242
7870 1998.749697992666 15384.75820249533
7882 2497.873731562524 15585.049182582188
7885 2500.406654226209 15523.360451338185
7886 2835.126862190966 15121.030842246228
7931 1893.668417309444 15396.105117123749
7933 3675.9302578106267 15866.725594961968
7937 2501.3642057861794 15586.994325939519
7956 2382.549838125017 15417.935244005143
7958 4392.626428421615 15295.645765208754
7960 4079.822767160611 15511.603984024092
7967 2508.860625000893 15443.177920277625
7970 1614.7652424987123 15435.309517689284
7976 2147.3100926668635 17617.616436495202
7979 2837.562176127081 15151.990528349239
7982 3482.003980054753 14656.30577700397
7986 2362.118351437832 15387.555768698423
7987 2836.7852087711053 15136.915717267957
7997 2338.8680635515134 15414.16337947202
8001 2853.550419968584 15108.935275640233
8005 3579.217151663442 14810.402082158258
8006 4211.486553005842 15916.02514855165
8008 1216.8486169317407 17210.17854916308
8014 2528.0938102676073 15415.823245339363
8015 3593.255601049224 15143.404873311554
8020 1961.2067447212046 15382.594351712854
8022 2213.7679496193737 15413.53296861619
8027 1088.773908139429 15208.019434362071
8028 2222.9529668568393 15403.9770884645
8034 2306.56648044281 15413.782814961514
8035 1016.9375029746814 16745.41782807266
8038 3787.4896537942273 16522.576517381345
8039 2257.674690264204 15413.647108558962
8041 2832.4824730306923 15426.879938022328
8042 2829.2924066570026 15426.729928115028
8044 2862.2775318690547 15399.617463144023
8047 1953.7158107375697 15381.79985871459
8051 1188.3700840816475 17162.42485959504
8061 3301.0746254510545 16774.814666443683
8062 4552.553441316263 17102.44836606586
8069 2853.609562617786 15109.074683313353
8071 2837.950659068504 15159.527919598962
8076 2849.2366144151524 15387.759373671068
8077 2845.2936637599933 15106.015230645784
8079 2339.6173749086065 15387.20676548754
8080 2332.1170685452043 15387.090431380882
8081 4032.1804324624263 15542.31698421048
8083 2833.133518932006 15113.45016925987
8085 2852.436615378624 15387.839337447269
8087 2831.414116861165 15449.3574906805
8089 2831.9808035060687 15416.038709993418
8091 2856.6823176202074 15108.234393219478
8094 2411.089577743809 15414.98858892709
8096 4286.680904223412 16456.64564908185
8097 2640.23162000511 15803.717667409046
8099 3378.466521149991 16986.299687993844
8101 1946.2290760574365 15381.005811097
8106 1448.2281956254574 16598.74956967311
8110 3666.311562944566 15887.759131515324
8111 2854.6863314997336 15408.784934361443
8117 2362.566196164793 15411.27286787488
8118 1412.7193045637841 16206.453654833556
8120 2831.770234616204 15441.864993496773
8121 2838.3391447649806 15167.065364302558
8124 3184.417900317048 15403.2872913162
8125 1909.0119654845741 15378.470703961453
8127 1931.2960606484469 15379.42200643241
8129 2871.311749737432 15419.886242978568
8130 1837.2391805771979 15383.07176166992
8131 1916.483305095098 15378.616667218745
8132 1938.7625524491393 15380.213907077938
8133 2890.0651765254597 15399.432662871142
8138 2841.024315291851 15120.363707654917
8139 2881.2233543461016 15399.380876613002
8141 2237.9390615444486 15404.007241572523
8142 2438.9992889128566 15418.336776788361
8145 2863.81980223258 15419.651346934686
8148 2230.446036865011 15403.992165064114
8150 2826.0924085315114 15426.56995557386
8152 2922.2761377760835 16978.409919008736
8153 1253.6866278845328 15840.826642035323
8154 4233.377594873451 16059.841550939223
8155 1362.8167558726655 16587.62401525618
8156 2847.518462178572 15094.408658775856
8157 1829.7397135170168 15382.935095901297
8158 2838.2772282917754 15108.67715143447
8159 2872.0978774638156 15399.32742899871
8160 4036.886832333453 15083.562671348043
8161 1901.5406044168558 15378.324740284965
8162 2378.2121867071405 17284.80192993847
8164 3205.247010658668 15300.884371453256
8166 2852.636052299321 15380.341076348277
8167 2746.069565764334 17214.79327090249
8168 2828.9357843471084 15434.222502741024
8172 2900.227091082195 15399.492180866388
8173 3091.5201497627945 15559.938098279148
8177 2938.339679877722 15407.827473567428
8179 2357.560130489097 16359.714044315759
8180 1923.949384471599 15378.768293876385
8183 2855.636616019296 15387.929313359828
8188 1814.7407532425661 15382.661763887434
8189 3929.6275732917857 16642.633759051638
8190 3416.41458902169 16497.656625205243
8191 2508.0498183262475 15241.30321858991
8192 3285.9875852829623 15160.699572162204
8194 2406.8635227723244 16720.00114646867
8195 3472.953739309757 17103.749122123278
8196 2566.6750652203705 15413.206860471151
8200 2831.057995740247 15456.850058680237
8201 4849.872584568186 15712.240822758222
8202 3680.8925516906406 14974.22041591153
8203 1897.1558337445572 15402.561567235545
8204 1610.1770040312324 17006.59895407594
8205 1430.940903811118 15627.427270549406
8206 4129.668155921798 16977.766979470336
8207 2849.6354867004416 15372.762909978179
8209 1865.1500900204896 15395.44331199748
8212 2544.672306860301 15416.074478435265
8213 2849.436050750557 15380.2611345774
8214 3222.4249668374873 15406.77636054607
8215 2317.1103256951533 15386.857668085799
8216 2443.9064424138514 16732.153513324774
8218 2912.443340845301 15399.563731034545
8219 2347.117673110648 15387.32309946761
8220 3010.355930841722 16400.32494767273
8221 4170.812677913711 16514.07167496364
8222 1822.2402456375653 15382.798430117744
8225 1856.1410115224992 16862.73217934082
8226 3866.4376604107533 15234.213956067697
8227 3114.65788478633 16577.716842089154
8229 2837.1623943316 16371.417079474391
8230 3479.22955670725 16482.559125087726
8231 3090.1151803538605 17447.814772399175
8232 2059.9868920511726 16352.356614127184
8233 2837.0616970243527 16368.217101355418
8237 1519.9769075595402 15542.947728793511
8239 3997.416930076834 16226.436296087459
8240 2324.61635118773 15386.97409089947
8241 2309.6016058435102 15386.741203481053
8242 3993.333592867835 16181.198078840607
8243 2832.1263550867234 15434.372439181023
8244 4905.971754897153 15806.698441223389
8245 3098.697786194385 16552.014672636233
8246 1434.9543365995767 16086.303184895825
8247 2306.398054698912 15394.031355197963
8248 2863.9693382708174 15110.582878317848
8249 1744.139349447496 17215.29218250432
8250 2942.362009832548 15399.334564470926
8251 3258.4326474257746 15843.440008059972
8252 3080.667006792207 15426.030996538184
8253 2511.574784961607 15419.771378597383
8254 3832.1756888233976 16681.05465413817
8256 3374.2453653516905 16532.181672000377
8257 2817.4691869204994 15397.305674682095
8258 3177.5079437243753 16203.7974247836
8259 2403.019047779227 15408.545408424403
8261 4110.384645424342 15630.53283608138
8262 3128.583702269332 15589.507474300513
8263 1851.1905356701106 16305.171697523405
8264 2822.8924718884346 15426.419962054724
8265 2688.544503199713 16358.728531181157
8266 2845.5452010926438 16604.698389112982
8267 2307.9887165806445 17134.251809941063
8268 4128.603125090635 16124.633862265766
8269 1307.2222360884784 15681.039328428822
8270 2263.876568063227 15386.031981595399
8271 3619.0670389016127 15914.773002945425
8272 2849.834923015628 15365.264671644649
8273 1919.921330004033 15381.885278281174
8274 1437.3510254094456 15653.944938624627
8275 2255.34661667974 15385.89967709663
8276 2527.961727178562 16370.59664906618
8277 1811.8571211374965 16881.674105194175
8278 2260.202234790081 15709.671759044106
8280 1435.6571017179162 15591.406910092834
8281 3040.79082461754 16481.923695777714
8282 2560.094316807591 15416.308185954062
8283 4505.877390492273 16345.492560201099
8284 2993.428779456964 15399.238022546722
8285 2863.921111628953 15416.461016642426
8286 3345.5796621084273 16124.689988333566
8287 2844.6071583511703 16368.002034978314
8288 3432.0209389321267 15404.119312117595
8289 1604.0420323612436 16287.90619778607
8290 2537.4977169674153 16889.291580900168
8291 1849.4773517118851 15419.409949754194
8292 3238.668442695626 16783.432780786166
8293 3326.663778234547 15407.570859810261
8294 2387.713022198293 16805.062891552334
8295 2852.835487537545 15372.84287850548
8296 3283.0397136773936 15427.39945050963
8297 4077.620916561984 15636.595093200995
8298 2806.29778199358 15880.68884775979
8299 1473.496568760137 16523.620241203775
8300 2629.9388559100385 17391.212285714264
8301 2734.3364689375016 16850.95377289818
8302 3605.1705808966663 15977.14886560301
8303 1137.5820318827214 16704.384953777757
8304 2814.772481651619 15679.078021813983
8305 1868.0250028899395 17365.414703155293
8306 2193.4624218570602 16355.017448084007
8307 3590.992738377237 17589.717351355484
8308 3344.3228930256864 16548.400889359626
8309 2413.1081477928324 16368.386155250715
8310 3957.3168742312164 17563.125014598067
8311 2753.4733681392986 16361.265946823165
8312 1808.8783458994428 16876.013346320982
8313 2968.9447064872575 15666.125125235778
8314 2343.0283964748883 16077.548959730699
8315 2302.0853611857588 15386.624622162197
8316 3168.257321525476 16688.769859694952
8317 2350.2597902571893 16605.57714253429
8318 3835.383509867771 16687.628915808204
8319 2294.5164368369783 15386.507223750743
8320 4235.95598957282 15568.256375845172
8321 1851.827950428655 15405.211727904498
8322 2809.968959143053 16316.190916011177
8323 3865.5459936094617 15195.667895339144
8324 1020.3300808932931 16744.97030956526
8325 2932.5146820195723 14479.192877768919
8326 4072.432681109849 16151.48059292301
8327 2962.612200037123 16380.208708464561
8328 1849.3584992060657 15430.709041386963
8329 3066.524446023637 16517.860129723118
8330 2595.274180089542 16968.6122223
8331 4174.057244966064 15591.535938185261
8332 2961.7203469885126 15399.001251097585
8333 1424.4577959909761 16540.830706049637
8334 2511.721375605169 15379.983073560601
8336 2857.014167694932 16370.850860509045
8337 2812.4574024695453 16366.160699876158
8338 3858.0322972614968 15272.381617364908
8339 1981.3070477497754 15404.814711738778
8340 1146.8672260730377 16305.789588402944
8341 2920.6105368996828 15084.323248215369
8342 2844.5845939052306 15087.5048716102
8343 3645.153898859488 15295.54908182547
8344 1820.2653196813828 16333.660927544135
8345 1845.4312199659457 16350.154700729287
8346 3371.619550843574 15569.442636067033
8347 1868.247990876933 15490.437618959608
8348 1795.3886520087344 16356.246116007604
8349 2579.6684647544917 16361.943287423195
8350 3450.8970179235766 16050.69092772227
8351 1840.6459564704373 16804.033456409717
8352 1899.8457707329565 16356.139722413402
8353 2193.909663757644 15422.717258038598
8354 4008.1111618340115 16893.698422911348
8355 3830.4911047533246 16684.40995138455
8356 2855.0084943412185 15287.087203545207
8357 3138.1260089476186 15860.788080863
8358 2830.7006642110996 15464.368092920056
8359 1295.2078609143239 15367.148610104841
8360 3314.7339673431375 15814.834216257716
8362 997.1612192450804 15608.612787024833
8363 1837.5039972485208 15789.672870651086
8364 4096.949982785433 15646.349447996401
8365 2842.3625053737283 15103.704766824207
8366 2949.863243657949 15420.674118814579
8367 1816.0895992901485 16348.519278058035
8368 3165.1809851188677 15571.947675730938
8369 4318.551934852193 16440.554624161923
8370 3540.4649198423876 16849.94790506771
8371 4131.04678739933 16470.64163340677
8372 2984.366882140116 15421.242846281355
8373 3756.1177586228123 15810.442754316984
8374 4643.358704651013 15440.81322144635
8375 3474.0496824290153 17132.52904343285
8376 2803.1542741870044 16262.50279836013
8377 4242.759156178435 15838.481596145906
8378 1682.1726872756915 16609.51997035563
8379 2503.0518729522632 15333.889952678006
8380 2966.3795278750035 15622.337356103033
8381 933.7979772997137 16161.627726062557
8382 3134.225183905732 17222.11913391447
8384 2413.908537193489 16748.709778608267
8385 3237.2964396571847 16794.816306314886
8386 1601.6090221254046 16982.190121373882
8387 1771.5916356649311 16804.01066765176
8388 2793.997300659733 16360.852183983461
8389 3320.9701247820517 15114.684590121564
8390 2614.39674481055 16172.03752735489
8391 2461.10410472885 16169.47598333409
8392 1714.2811836040294 16854.981768248053
8393 2637.75931116594 16056.250827827811
8394 4488.277256283198 16990.67066882824
8395 1088.1966028933741 14997.805454582134
8396 3239.0628478687554 15405.302756818332
8397 4314.898417446535 16767.531023346903
8398 3684.7386220429485 15678.96474658191
8399 2565.244193971825 15390.875533767015
8400 1803.5734205909662 15620.257204718808
8401 1193.9622218384086 16867.855284750913
8402 2533.4618818342315 15264.79617417252
8403 2307.507965109998 15433.270906236081
8404 4166.348698304556 15820.711571595217
8405 2684.28450409307 17342.934950526145
8407 3662.3656977895084 15639.924711316396
