6131 3642.600411771338 15901.316893017396
6265 3630.343865859881 16356.536171911615
6408 3678.5100932057308 15616.285092269454
6431 2779.9008254194455 15399.594332621506
6500 2794.8962752225657 15399.958870270326
6507 2817.389389375507 15400.505675271552
6518 3236.513639445221 15406.883455111842
6565 3290.729313493379 16871.020474989968
6596 2764.9054322377597 15399.229796349146
6619 2772.4031017526295 15399.412063827112
6629 2757.407684972998 15399.047526981089
6680 2742.412343086827 15398.682991955717
6690 2749.910009407135 15398.865259356024
6716 2727.417006208671 15398.31845705209
6733 3255.7754798441365 15396.673420815707
6739 2675.5927569288538 15397.005577414431
6751 2474.6281774330023 15388.95240140497
6761 2683.0910724344735 15397.20451509639
6780 2660.596099177884 15396.607701341081
6816 2836.3755864677582 15129.232735364792
6913 2668.0944479575187 15396.806639905833
6952 2645.5994370892063 15396.209825152648
6994 2578.1145311273567 15394.41938425306
7011 2653.097747012933 15396.408762686515
7050 2593.111105472662 15394.817258113575
7052 2600.6094263757327 15395.016195938735
7062 2817.5491192775694 15394.105675203666
7071 2734.9146727316047 15398.500724457323
7115 2570.6162213836883 15394.220446723972
7118 2719.9193117704344 15398.13618896824
7119 2540.6229211575546 15393.424694982556
7143 2414.6221621521076 15388.263548780893
7145 2810.049427551732 15393.923407257333
7158 2548.121220835286 15393.623632244584
7177 2690.589355409385 15397.403451915277
7195 2555.6195628393943 15393.822570629574
7197 2313.8336739485776 15793.61058497964
7198 2563.1178742297293 15394.021508202351
7200 2712.421644641693 15397.95392154828
7237 2533.1246461394844 15393.22575837477
7256 2467.1274016030643 15388.866294552367
7263 2422.12287192027 15388.349654875125
7269 2429.6236380522055 15388.435761616396
7271 2787.3985752746535 15399.776602052536
7273 2459.6266386312395 15388.780187847373
7274 2437.124410470357 15388.521868429832
7280 2482.1289463570256 15389.038508178295
7290 2809.8917137551443 15400.32340764516
7335 2630.6028218184483 15395.81195020634
7340 2444.625132447208 15388.607974664217
7360 2354.6176399193873 15387.439428307576
7380 2802.3940298913153 15400.141139818374
7430 2276.9111712929803 15386.234155859875
7445 2399.6206714328155 15388.091335775267
7452 2285.341104553216 15386.364909019478
7467 2407.12145622955 15388.177442730806
7478 2623.104461900207 15395.613011346071
7499 2227.154618864324 15385.462402841176
7508 2167.883185514239 15386.00689483244
7522 2377.119045222133 15387.788438168987
7546 2267.2977087554764 15386.08504547398
7559 2140.422553728142 15385.438776754807
7563 2238.20171196421 15385.633749669514
7570 2118.379077169335 15384.982731255763
7577 2638.1011140122987 15396.010887269817
7594 2615.606111542741 15395.414072739459
7603 2585.612825678321 15394.618321379072
7617 2213.1732580186776 15385.296192872258
7619 2065.339298574784 15384.712071840268
7622 2608.1077452527734 15395.21513371014
7629 2369.6187021588094 15387.672103493092
7648 2076.6603949510895 15384.704229030169
7650 2087.7394762160347 15384.696553878617
7660 2198.0925442731764 15385.546714018632
7672 2015.271141470621 15384.746757089388
7675 2101.727638668986 15384.737559229716
7683 2051.0127654843805 15384.721996698661
7728 2215.4599391514616 15403.962011950001
7730 2036.845675626971 15384.731811101055
7733 2392.1199496489853 15388.0052295431
7748 2156.0169881423117 15385.76140152798
7758 3658.303582468234 15253.905380700555
7774 2468.5024243318194 15415.29314757541
7780 2442.710911268605 15415.156331012158
7804 2006.3023440782126 15384.752970319309
7806 2384.6194336586186 15387.904773548646
7815 2024.3517087740136 15384.740466429668
7819 2342.2265298197644 16138.052304693096
7821 1354.122772535478 16485.107467952315
7832 1968.6286523504903 15383.381523734142
7835 1976.0952370214318 15384.173434229546
7841 1998.6402227462536 15384.758278335472
7856 2452.125875453236 15388.69408114001
7857 1983.5720941748978 15384.768716942033
7860 2837.1736936125562 15144.453145382242
7870 1991.0804641570676 15384.763515438755
7882 2500.6702857420655 15513.091313488621
7885 2506.1080810851145 15425.625878829005
7886 2835.126862190966 15121.030842246228
7889 4300.303746806808 15805.565508851367
7931 1905.6473353006756 15396.286490968076
7933 3622.0637100025892 15909.370397555194
7937 2508.0535436973973 15474.692427475871
7956 2476.344750740921 15418.534859292198
7958 4426.313881056762 15355.470805538025
7960 4143.197757092211 15478.95760543933
7967 2539.2845442947378 15415.99283144986
7970 1738.998767028499 15394.643042525042
7972 3898.179445464849 17250.563188644595
7976 2108.4240292883665 17549.93485109532
7979 2837.562176127081 15151.990528349239
7982 3528.3864116922846 14728.53941414309
7986 2362.118351437832 15387.555768698423
7987 2836.7852087711053 15136.915717267957
7991 1197.9700447136154 17215.498330233175
7997 2465.214922923043 15412.07563199478
8001 2853.550419968584 15108.935275640233
8005 3615.1245017384526 14868.255626449307
8006 4258.418737868208 16000.11780761078
8008 1353.179090492265 17132.576065623045
8014 2571.083583821127 15416.47471900234
8015 3599.1951203994176 15154.31067747322
8017 3427.4683339548806 16491.489067290848
8020 1961.1620980551554 15382.589616460395
8022 2379.6533901909343 15414.696844504924
8027 1029.647805790251 15225.338249638047
8028 2222.9529668568393 15403.9770884645
8034 2433.891693503087 15411.90943025921
8035 1026.180382950058 16777.95843332175
8038 3873.6246521165554 16475.484638570346
8039 2411.060199845019 15414.98843308578
8041 2832.4824730306923 15426.879938022328
8042 2829.2924066570026 15426.729928115028
8044 2874.98954301322 15399.344365387562
8047 1953.6955989373614 15381.79771503881
8051 1144.3033952340058 17092.235259282137
8061 3250.7413407159142 16790.938321635655
8062 4597.074101759821 17176.78078298445
8069 2853.609562617786 15109.074683313353
8071 2837.950659068504 15159.527919598962
8076 2849.2366144151524 15387.759373671068
8077 2845.2936637599933 15106.015230645784
8079 2339.6007504527515 15387.206507632576
8080 2332.0803335674786 15387.089861600049
8081 3962.854291605883 15406.247642217648
8083 2833.133518932006 15113.45016925987
8085 2852.436615378624 15387.839337447269
8087 2831.414116861165 15449.3574906805
8089 2854.661348206937 15409.188236088012
8091 2856.6823176202074 15108.234393219478
8094 2493.529141487924 15414.688473753515
8096 4217.098019784951 16491.344665774737
8097 2642.043608555287 15721.196834694141
8099 3287.5064928502566 16854.517598333812
8101 1946.2290760574365 15381.005811097
8106 1433.1135322436548 16423.986726516352
8110 3604.1660436751163 15923.710222525637
8111 2861.72817302718 15399.72509263141
8117 2491.5967111188884 15411.615115929637
8118 1418.7243561634427 16380.113529205695
8120 2831.770234616204 15441.864993496773
8121 2838.339150709881 15167.065479646208
8124 3122.8710853219395 15403.51420367477
8125 1909.0119654845741 15378.470703961453
8127 1931.2960606484469 15379.42200643241
8129 2872.2313733056512 15419.915076060739
8130 1837.2391805771979 15383.07176166992
8131 1916.483305095098 15378.616667218745
8132 1938.7625524491393 15380.213907077938
8133 2902.500263326462 15399.505494760544
8138 2841.024315291851 15120.363707654917
8139 2895.0003938998966 15399.461568274999
8141 2237.9390615444486 15404.007241572523
8142 2522.863856156484 15415.986610293152
8144 3554.410335011277 17527.663330751682
8145 2863.8199067116398 15419.651350210432
8148 2230.446036865011 15403.992165064114
8150 2826.0924085315114 15426.56995557386
8152 2886.9077419059436 16921.08518447125
8153 1253.0075792230705 15811.304721872433
8154 4288.009427796705 16011.368974430285
8155 1444.7399917206815 16540.649760367603
8156 2847.518462178572 15094.408658775856
8157 1829.7397135170168 15382.935095901297
8158 2838.2772282917754 15108.67715143447
8159 2886.3442521286033 15399.410869540827
8160 3911.3038586034813 15152.202716432084
8161 1901.5406044168558 15378.324740284965
8162 2308.9897421404617 17324.174419147956
8164 3236.371301743162 15352.575343634131
8166 2852.636052299321 15380.341076348277
8167 2656.344585355402 17075.722288891786
8168 2828.9357843471084 15434.222502741024
8172 2910.000112876145 15399.54942112967
8173 3101.1991815195934 15595.716809329471
8177 2992.498571874954 15421.37688186447
8179 2302.5047706899268 16357.010263944865
8180 1923.949384471599 15378.768293876385
8183 2855.636616019296 15387.929313359828
8188 1814.7407532425661 15382.661763887434
8189 3862.0494405158756 16678.790180478514
8190 3276.2205568244917 16575.468359447397
8191 2459.386255438245 15183.210661827354
8192 3286.1110482126523 15166.879404091358
8194 2481.6116288086228 16836.825250518068
8195 3347.712674885962 16958.97114878171
8196 2610.7220098329813 15417.075405827465
8200 2831.057995740247 15456.850058680237
8201 4723.914438264166 15780.859514949916
8202 3719.2043852228526 15035.919395287337
8203 2008.7958035533486 15402.72765428405
8204 1578.0772621736958 16944.602807829575
8205 1356.651999809737 15667.708597777393
8206 4075.8972538343464 16930.040953495554
8207 2849.6354867004416 15372.762909978179
8209 1849.5894700414433 15408.75106401459
8212 2583.5939837604624 15416.664303533733
8213 2849.436050750557 15380.2611345774
8214 3161.5382068700515 15406.984112254624
8215 2316.8912834388207 15386.854270613218
8216 2467.5662865292556 16718.1105299136
8218 2917.500035635256 15399.59334792758
8219 2347.115359010717 15387.323063574577
8220 2905.981315505946 16355.375352904963
8221 4154.785104895502 16522.243640344735
8222 1822.2402456375653 15382.798430117744
8225 1956.575489920947 16804.239719988633
8226 3835.24655958859 15203.11871882109
8227 3066.240536542133 16499.74546353755
8229 2857.133395966649 16370.847459840126
8230 3637.340601094979 16392.45911116433
8231 2963.801211850858 17497.631278587407
8232 1927.1270347512266 16346.80751699704
8233 2837.0616970243527 16368.217101355418
8237 1633.0557329084686 15424.398546142264
8239 4007.4694511820335 16190.37171720348
8240 2324.5156479450243 15386.972528933702
8241 2309.1914081566247 15386.734841076754
8242 3848.4211205353436 16260.191364363603
8243 2832.1263550867234 15434.372439181023
8244 4876.867741377213 15738.690912073691
8245 3053.3712548873186 16478.725252262968
8246 1441.8985302833296 15941.529406277406
8247 2137.5723611885937 15392.172249303994
8248 2863.9693382708174 15110.582878317848
8249 1662.6381202923603 17091.871391858593
8250 2949.6010422173185 15398.910754496843
8251 3299.4179301281833 15815.211783331222
8252 3091.2685780287384 15458.016842324916
8253 2556.0470421845976 15416.246852929815
8254 3827.8969483550704 16674.171266229307
8256 3490.918248481666 16468.91957471719
8257 2817.4691869204994 15397.305674682095
8258 3038.6944834680066 16279.170324812607
8259 2524.373444116829 15409.373448235285
8261 4068.9878854055837 15654.084677642952
8262 3244.9444233750646 15530.126697802052
8263 1853.754178269438 16147.635028612318
8264 2822.8924718884346 15426.419962054724
8265 2527.1538154835785 16358.35534007039
8266 2925.6878191127826 16563.93533885176
8267 2434.8590171891487 17062.1005472679
8268 4142.518496130976 16129.261635500068
8269 1150.9869025467451 15679.09140229036
8270 2257.723521865548 15385.936544276183
8271 3609.6249814097046 15957.737329204734
8272 2849.834923015628 15365.264671644649
8273 1919.921330004033 15381.885278281174
8274 1481.4215534638934 15767.888735115985
8275 2247.194591264675 15385.773234449069
8276 2689.574400667682 16372.01622114213
8277 1811.8567900435955 16881.674273583718
8278 2329.8668402979474 15840.078498311952
8280 1404.0540255747742 15497.304104392324
8281 3108.6856966915416 16593.752543250088
8282 2593.526814521328 15416.814827184004
8283 4468.314539674727 16332.481497035566
8284 2938.240243579928 15408.133187291496
8285 2863.961175570647 15416.46225791155
8286 3485.522790220676 16050.185571380402
8287 2844.658265592609 16368.000578281528
8288 3276.4751914310855 15407.187996201852
8289 1484.7043692614473 16285.02959265977
8290 2450.675171820643 16753.54790921327
8291 1849.431226515695 15423.79498829198
8292 3174.3025879676443 16677.931966025128
8293 3210.2930229480667 15406.684139987117
8294 2382.573666385621 16775.67067857609
8295 2852.835487537545 15372.84287850548
8296 3387.3839625399023 15428.218486942935
8297 4019.112521243202 15531.999718676394
8298 2800.4562755689744 16030.506002205828
8299 1594.0507407879697 16452.858898907867
8300 2718.505975041332 17341.130974802018
8301 2627.121737418856 16928.290056374997
8302 3501.480629395017 16032.572329552402
8303 1043.500794925053 16755.865755428113
8304 2811.3515261128346 15827.083967555387
8305 1978.3381626891426 17304.936788974075
8306 2031.4385742800564 16351.19958979461
8307 3586.9275036045806 17611.176233551185
8308 3463.9501363118834 16483.55797665484
8309 2586.7838414814214 16372.055630690182
8310 3857.004927106645 17620.689291267714
8311 2628.4741148907424 16362.303594531013
8312 1808.8783458994428 16876.013346320982
8313 2969.944166336689 15606.09208752405
8314 2351.426723679022 15923.730438368284
8315 2301.3564522488805 15386.613316361352
8316 3240.0717148404037 16805.491591892463
8317 2302.1784556371044 16600.087110329016
8318 3835.398496193964 16687.197309613828
8319 2293.616379149032 15386.493263333396
8320 4271.138483848377 15560.587011319054
8321 1849.5105377841624 15416.255010201114
8322 2815.1238189076216 16469.77371029152
8323 3982.9525860658478 15130.405903344941
8324 1037.8416288905219 16671.37897078652
8325 3000.154647365033 14417.707663208394
8326 4190.963310585608 16086.788843675093
8327 3030.21683023545 16459.114235361245
8328 1849.2294286488875 15442.979544584165
8329 3130.945140729823 16624.37857352792
8330 2595.4073040287 16968.53794139423
8331 4096.5437141938555 15634.564510195618
8332 3032.922426640358 15399.58847642414
8333 1413.2927884426385 16547.34129686825
8334 2511.9052686207133 15370.443975414677
8336 2979.811571712581 16390.03045540154
8337 2821.061805360765 16332.153233944306
8338 3931.275561709612 15401.847776944065
8339 1992.6700520864852 15409.264552929293
8340 1075.4733976716498 16345.348985614914
8341 3048.8012215459835 15016.074804158994
8342 2844.5845939052306 15087.5048716102
8343 3533.825065818717 15359.102631848535
8344 1816.4968717526685 16330.17545830604
8345 1831.7052297275266 16438.583918662418
8346 3412.8811117216565 15634.030374463176
8347 1868.9342087278496 15407.144139194472
8348 1672.0631480316124 16405.20522957286
8349 2430.0243364171806 16360.83854149864
8350 3400.9872269164093 15967.816185109816
8351 1844.2226876866227 16658.15260761027
8352 2050.525643837358 16361.207577453013
8353 2193.909663757644 15422.717258038598
8354 4098.490877594927 16948.695583967008
8355 3845.521252019274 16691.261177306485
8356 2862.901994843543 15221.885537961989
8357 3153.9668259283044 15885.639152223814
8358 2828.6726702362866 15507.035831132755
8359 1222.8684655624647 15405.573295313543
8360 3232.316349413076 15677.310921543216
8362 1062.156462586475 15578.28314527809
8363 1776.5427484453858 15807.529866763622
8364 4114.051177748142 15636.742058481661
8365 2842.3625053737283 15103.704766824207
8366 3042.6338073779643 15422.203266754243
8367 1786.9490428257182 16359.596564788371
8368 3156.017650458868 15574.045179898847
8369 4252.036667853523 16474.116832222542
8370 3615.1102165280345 16811.142059837675
8371 4173.0725876891665 16540.57615151557
8372 3119.8566295521887 15423.40034265789
8373 3722.2221852046237 15746.362701137403
8374 4687.23075853591 15516.800672672733
8375 3495.6710086090548 17180.097481379376
8376 2801.458076049051 16348.90407006419
8377 4357.457630650504 15780.028594312054
8378 1615.6312194708091 16643.458485495205
8379 2502.484963067084 15212.027334212919
8380 2965.290777120205 15696.496646089541
8381 849.0838697099739 16194.181474009081
8382 3092.3003011806636 17146.365728538287
8384 2413.8784310907467 16748.73187091025
8385 3280.451998801295 16789.44482466443
8386 1572.5807908169477 16925.904915469284
8387 1706.5107223785985 16840.181151553512
8388 2711.265694029457 16361.69690122494
8389 3363.733781835839 15163.02134194421
8390 2540.6068730167144 16170.679672516922
8391 2388.4707558220775 16168.767767006882
8392 1762.44599336343 16812.753605495647
8393 2639.0405828820317 15979.220922112714
8394 4451.862896937931 16935.707077119816
8395 1138.7599893838817 14968.567758587073
8396 3184.1129484244434 15404.885057026166
8397 4332.453183866166 16800.64637929702
8398 3662.3656977895084 15639.924711316396
