6131 3701.0276605703857 15867.178568402962
6265 3649.9075549293393 16388.977386459188
6408 3713.956872467901 15596.78016013491
6431 2779.9008254194455 15399.594332621506
6500 2794.8962752225657 15399.958870270326
6507 2817.389389375507 15400.505675271552
6518 3320.86194278781 15407.526600511565
6565 3350.60849275379 16962.91561394686
6596 2764.9054322377597 15399.229796349146
6619 2772.4031017526295 15399.412063827112
6629 2757.407684972998 15399.047526981089
6680 2742.412343086827 15398.682991955717
6690 2749.910009407135 15398.865259356024
6716 2727.417006208671 15398.31845705209
6733 3243.0625306824913 15363.604873327879
6739 2675.5927569288538 15397.005577414431
6751 2474.6281774330023 15388.95240140497
6761 2683.0910724344735 15397.20451509639
6780 2660.596099177884 15396.607701341081
6816 2836.3755864677582 15129.232735364792
6913 2668.0944479575187 15396.806639905833
6952 2645.5994370892063 15396.209825152648
6994 2578.1145311273567 15394.41938425306
7011 2653.097747012933 15396.408762686515
7050 2593.111105472662 15394.817258113575
7052 2600.6094263757327 15395.016195938735
7062 2817.5491192775694 15394.105675203666
7071 2734.9146727316047 15398.500724457323
7115 2570.6162213836883 15394.220446723972
7118 2719.9193117704344 15398.13618896824
7119 2540.6229211575546 15393.424694982556
7143 2414.6221621521076 15388.263548780893
7145 2810.049427551732 15393.923407257333
7158 2548.121220835286 15393.623632244584
7177 2690.589355409385 15397.403451915277
7195 2555.6195628393943 15393.822570629574
7198 2563.1178742297293 15394.021508202351
7200 2712.421644641693 15397.95392154828
7237 2533.1246461394844 15393.22575837477
7256 2467.1274016030643 15388.866294552367
7263 2422.12287192027 15388.349654875125
7269 2429.6236380522055 15388.435761616396
7271 2787.3985752746535 15399.776602052536
7273 2459.6266386312395 15388.780187847373
7274 2437.124410470357 15388.521868429832
7280 2482.1289463570256 15389.038508178295
7290 2809.8917137551443 15400.32340764516
7335 2630.6028218184483 15395.81195020634
7340 2444.625132447208 15388.607974664217
7360 2354.6179870342976 15387.43943369153
7380 2802.3940298913153 15400.141139818374
7430 2278.9550861746566 15386.265858166464
7445 2399.6206714328155 15388.091335775267
7452 2286.7060969955737 15386.386080844826
7467 2407.12145622955 15388.177442730806
7478 2623.104461900207 15395.613011346071
7499 2235.0530625970523 15385.584912289605
7508 2167.998144753939 15386.009273161635
7522 2377.119045222133 15387.788438168987
7546 2271.12016774083 15386.144334032306
7559 2152.438024263482 15385.68735829057
7563 2244.0277286432815 15385.72411457101
7570 2143.613349162795 15385.504789386365
7577 2638.1011140122987 15396.010887269817
7594 2615.606111542741 15395.414072739459
7603 2585.612825678321 15394.618321379072
7617 2225.6939398148734 15385.439746860993
7619 2081.172862262357 15384.701102970377
7622 2608.1077452527734 15395.21513371014
7629 2369.6187021588094 15387.672103493092
7648 2099.570603874612 15384.714901301204
7650 2117.1092553021754 15384.956460601697
7660 2215.8657700333183 15385.287306241074
7672 2029.4584134485644 15384.736928705614
7675 2131.8589592495446 15385.261609205614
7683 2066.4566832952883 15384.711297760101
7728 2215.4599391514616 15403.962011950001
7730 2055.2306270492936 15384.719074730136
7733 2392.1199496489853 15388.0052295431
7748 2160.4871463081313 15385.853882199352
7758 3662.766007743318 15261.890217405795
7774 2414.508180387182 15415.006723631464
7780 2391.4787728442134 15414.83832023615
7804 2015.0274535109522 15384.746925906817
7806 2384.6194336586186 15387.904773548646
7815 2044.0515811501566 15384.726819133253
7819 2334.260759276281 16170.363224584004
7821 1403.8732287105606 16457.08468099167
7832 1968.6610662092535 15383.384961567648
7835 1976.1625222705102 15384.180570543842
7841 2003.4068147804396 15384.75497622807
7856 2452.125875453236 15388.69408114001
7857 1984.2413251775483 15384.768253325128
7860 2837.1736936125562 15144.453145382242
7870 1992.959523176734 15384.762213700606
7882 2499.0897912961177 15574.655710610077
7885 2501.4551736195153 15482.517875469253
7886 2835.126862190966 15121.030842246228
7931 1893.6904050429487 15396.105450041945
7933 3671.4092541610266 15881.155187167373
7937 2502.795422924009 15554.976898374754
7956 2413.3655349699084 15418.200813865018
7958 4403.914235763425 15316.039735063063
7960 4100.352716061057 15501.03099249519
7967 2509.677726947797 15423.600644771632
7970 1650.2287264574397 15408.201379282407
7976 2134.4180898987584 17595.177775686778
7979 2837.562176127081 15151.990528349239
7982 3495.203385014242 14676.17202943069
7986 2362.118351437832 15387.555768698423
7987 2836.7852087711053 15136.915717267957
7997 2383.3253134941738 15414.744872627956
8001 2853.550419968584 15108.935275640233
8005 3590.9581639117955 14829.319077445098
8006 4231.297900068917 15951.52293879864
8008 1261.8666366414313 17184.293127396086
8014 2542.380191921395 15416.03974337174
8015 3595.138386814151 15146.78380133611
8020 1961.1620980551554 15382.589616460395
8022 2270.5955397774765 15413.673063237175
8027 1070.064598165439 15221.299927900836
8028 2222.9529668568393 15403.9770884645
8034 2356.701774440976 15414.396641332358
8035 1012.5762111653287 16763.81844560936
8038 3823.5275167916934 16502.873833107373
8039 2313.1521160244984 15413.828421856126
8041 2832.4824730306923 15426.879938022328
8042 2829.2924066570026 15426.729928115028
8044 2865.7566095314714 15399.290288403545
8047 1953.6955989373614 15381.79771503881
8051 1171.872350581283 17140.237935544967
8061 3277.025707512252 16787.640080099914
8062 4571.393593477833 17133.91085027434
8069 2853.609562617786 15109.074683313353
8071 2837.950659068504 15159.527919598962
8076 2849.2366144151524 15387.759373671068
8077 2845.2936637599933 15106.015230645784
8079 2339.6171579530746 15387.206762122434
8080 2332.116073689811 15387.090415950099
8081 4007.684653150586 15498.164141322584
8083 2833.133518932006 15113.45016925987
8085 2852.436615378624 15387.839337447269
8087 2831.414116861165 15449.3574906805
8089 2846.324113101569 15415.347785839132
8091 2856.6823176202074 15108.234393219478
8094 2436.349400924706 15415.122585028344
8096 4263.9168086618265 16468.138770632497
8097 2640.005209986345 15790.259675080766
8099 3346.1854298601193 16944.860115585718
8101 1946.2290760574365 15381.005811097
8106 1443.608268165169 16538.172109631458
8110 3638.521116088493 15903.64938702245
8111 2858.7757652610826 15403.231394794224
8117 2414.2750470675287 15411.805343907194
8118 1409.2372445971416 16263.717832743627
8120 2831.770234616204 15441.864993496773
8121 2838.3391447649806 15167.065364302558
8124 3166.204906201148 15407.402892329279
8125 1909.0119654845741 15378.470703961453
8127 1931.2960606484469 15379.42200643241
8129 2871.311749737432 15419.886242978568
8130 1837.2391805771979 15383.07176166992
8131 1916.483305095098 15378.616667218745
8132 1938.7625524491393 15380.213907077938
8133 2895.3362779737386 15399.463535536837
8138 2841.024315291851 15120.363707654917
8139 2883.236072665699 15399.392665037192
8141 2237.9390615444486 15404.007241572523
8142 2472.466943048462 15418.514291174428
8144 3537.1913461053155 17479.891964819813
8145 2863.81980223258 15419.651346934686
8148 2230.446036865011 15403.992165064114
8150 2826.0924085315114 15426.56995557386
8152 2911.3416647660392 16960.68743691174
8153 1245.4306681158114 15824.422926426698
8154 4261.265434324477 16044.523113046602
8155 1395.8801668024246 16568.929941814436
8156 2847.518462178572 15094.408658775856
8157 1829.7397135170168 15382.935095901297
8158 2838.2772282917754 15108.67715143447
8159 2873.893952104182 15399.337948548084
8160 3994.0928058964096 15106.927651095193
8161 1901.5406044168558 15378.324740284965
8162 2354.8752065686444 17298.075587123458
8164 3216.897784774541 15320.252191929627
8166 2852.636052299321 15380.341076348277
8167 2715.160544752566 17166.906055250452
8168 2828.9357843471084 15434.222502741024
8172 2907.3384407550175 15399.533831804669
8173 3091.3444127545513 15580.378130306852
8177 2941.2933853412055 15418.300523322807
8179 2334.8095283064217 16358.458010788403
8180 1923.949384471599 15378.768293876385
8183 2855.636616019296 15387.929313359828
8188 1814.7407532425661 15382.661763887434
8189 3906.8359815529616 16654.827975761218
8190 3368.3167286794132 16524.49335257795
8191 2504.3347829524732 15205.92781644298
8192 3278.827103838528 15149.406627776187
8194 2431.246243385618 16758.667705899
8195 3436.377451826887 17054.84778334588
8196 2587.4531409466417 15413.521816928715
8200 2831.057995740247 15456.850058680237
8201 4820.2538048641545 15728.376356562436
8202 3693.8856345457807 14995.154664654887
8203 1917.8987179532564 15402.869184728943
8204 1597.7382867380775 16985.172918935226
8205 1418.7096867263563 15631.983775639803
8206 4111.145476381553 16955.05049116307
8207 2849.6354867004416 15372.762909978179
8209 1853.6160614155465 15403.174558601575
8212 2560.139694174048 15416.308873609676
8213 2849.436050750557 15380.2611345774
8214 3194.6287582577925 15406.565068611706
8215 2317.0934766370133 15386.857406747124
8216 2444.1400313279046 16732.015559244293
8218 2917.203677369824 15399.591612167085
8219 2347.117673110648 15387.32309946761
8220 2991.555654239521 16377.803573870273
8221 4159.058550408426 16520.046755922842
8222 1822.2402456375653 15382.798430117744
8225 1874.6306028305742 16851.963948298333
8226 3855.0899642243526 15214.106187463263
8227 3094.838639770529 16545.79989678393
8229 2837.2081735726033 16371.415773743462
8230 3533.0847155904876 16453.15389623751
8231 3041.0304440264936 17467.814971605683
8232 2015.0834670390584 16350.526783564677
8233 2837.0616970243527 16368.217101355418
8237 1556.7407035374006 15502.088961793861
8239 3988.9867763501875 16210.778625347692
8240 2324.6061696981346 15386.973932978653
8241 2309.5716574538883 15386.740738964141
8242 3945.4929628086074 16207.750546811349
8243 2832.1263550867234 15434.372439181023
8244 4893.446680593469 15777.431022307906
8245 3080.4939005925853 16522.699104831707
8246 1437.3096725896148 16037.56729808764
8247 2250.066588983746 15393.411033979377
8248 2863.9693382708174 15110.582878317848
8249 1717.045399917138 17174.26265807363
8250 2949.6010422173185 15398.910754496843
8251 3265.4680386945274 15834.368361124793
8252 3089.9189849815084 15428.12052309424
8253 2525.8008294132255 15415.796509801088
8254 3832.163540406424 16681.035110474066
8256 3413.4624085490937 16510.924412878347
8257 2817.4691869204994 15397.305674682095
8258 3130.853848520538 16228.635492404934
8259 2450.0990622950508 15408.79527766955
8261 4089.5918971601463 15642.1615850816
8262 3168.75008271988 15571.683868366214
8263 1852.1229323461926 16252.524898371104
8264 2822.8924718884346 15426.419962054724
8265 2635.2618548796304 16359.149346461385
8266 2863.461763524592 16598.470545270917
8267 2350.416521717974 17110.123076120562
8268 4138.467391585592 16122.806897396194
8269 1255.8924030313046 15685.587688874275
8270 2262.57338680544 15386.011768497416
8271 3602.7872555048107 15924.714426626553
8272 2849.834923015628 15365.264671644649
8273 1919.921330004033 15381.885278281174
8274 1448.8197778889555 15675.69001352094
8275 2254.4169131892845 15385.885256855672
8276 2582.1983502779894 16371.941895448223
8277 1811.8571211374965 16881.674105194175
8278 2291.336601532047 15755.722536869944
8280 1428.422342541753 15569.916286348567
8281 3063.6632523492244 16519.30711555826
8282 2575.813373652923 15416.546394967394
8283 4490.017047981309 16354.544774086842
8284 2965.0760692130984 15399.02630876055
8285 2863.921111628953 15416.461016642426
8286 3392.883612857776 16099.611442988431
8287 2844.607449306069 16368.0020266853
8288 3378.0059541994224 15407.96252357299
8289 1560.867090523611 16286.86547639274
8290 2509.076081258633 16844.85545915396
8291 1849.431664600668 15423.753340350122
8292 3216.4983223353574 16747.0941697129
8293 3281.465091992336 15407.226061655696
8294 2379.6431879890847 16790.60499410553
8295 2852.835487537545 15372.84287850548
8296 3325.0799803375626 15427.90233770378
8297 4063.3728858255604 15611.138428246246
8298 2804.5351439649608 15931.518224033049
8299 1502.5727989646764 16506.52066443769
8300 2659.3512703219794 17374.900405271626
8301 2697.095484528161 16886.081768273103
8302 3583.0180045109637 15988.992048420958
8303 1098.234884156873 16726.290668240494
8304 2815.771910031258 15728.261957022256
8305 1903.9877668513177 17345.238336023485
8306 2139.1037713431792 16354.024010377663
8307 3581.588936082001 17592.447829860917
8308 3384.51792116018 16526.61352195991
8309 2467.8962395304834 16369.119036424148
8310 3922.520656471637 17583.092916364367
8311 2712.6746016384927 16361.682515809287
8312 1808.8783458994428 16876.013346320982
8313 2969.3302268211683 15639.354556436989
8314 2344.6623158739326 16021.9734880486
8315 2301.970302029195 15386.62283752787
8316 3187.9206878953773 16720.71042525471
8317 2334.000951931726 16590.43922675664
8318 3835.383513470223 16687.628812057577
8319 2294.402459877735 15386.505455901926
8320 4254.454694334538 15557.863870376897
8321 1849.530395388837 15414.367183829425
8322 2808.778651032823 16367.285257028565
8323 3906.206969564695 15173.067689744112
8324 1026.0525651477467 16720.921877211244
8325 2954.936216935624 14458.748020454883
8326 4112.391690104284 16129.797241491484
8327 2993.418018103093 16406.674530892178
8328 1849.3525173897415 15431.277721788885
8329 3091.103752178182 16558.50156417714
8330 2595.2743725750565 16968.61211489634
8331 4141.760708926877 15609.464083282033
8332 2981.5054834271464 15399.148989571588
8333 1419.422153211856 16543.850037151362
8334 2511.721514434059 15379.971273105004
8336 2884.347010754944 16370.179857374087
8337 2814.859069503637 16364.87568385811
8338 3881.882643705699 15314.537552107568
8339 1991.029902810165 15405.865692192318
8340 1122.8121432860337 16319.118535683761
8341 2964.747796007588 15060.981536342977
8342 2844.5845939052306 15087.5048716102
8343 3613.484714877527 15316.233609210292
8344 1820.2577148054115 16333.65389373028
8345 1831.8401362331097 16362.269001580406
8346 3385.259150946404 15590.791550740347
8347 1869.0546802511947 15455.297932833935
8348 1766.3880730387311 16367.75908448097
8349 2523.1524000969216 16361.526058275644
8350 3442.8840326602185 16037.883591241478
8351 1841.829646956127 16756.50489305952
8352 1944.7472104514775 16357.206308857352
8353 2193.909663757644 15422.717258038598
8354 4045.013006514073 16917.517431203833
8355 3839.631673571131 16692.646681599235
8356 2855.6380206395415 15257.937558924612
8357 3146.079477190254 15876.819940933234
8358 2830.651083449263 15465.411241466214
8359 1269.8537792501752 15378.898392744713
8360 3286.941163477508 15768.019593155233
8362 1009.830359620774 15602.700808407943
8363 1824.4888068438736 15793.711708322062
8364 4096.970470461086 15646.337938094277
8365 2842.3625053737283 15103.704766824207
8366 2975.2830083918657 15421.093115738937
8367 1815.8858617454985 16348.591763236014
8368 3162.855425040425 15571.67195577234
8369 4296.1538288083 16451.862965166307
8370 3564.7511761604333 16837.32221067381
8371 4144.661266885856 16493.633957399634
8372 3024.900945615652 15421.910973941298
8373 3745.089251346362 15789.593207857119
8374 4658.165835312426 15466.459527449912
8375 3488.7450033579066 17154.395592064044
8376 2803.075666318929 16298.83131836427
8377 4280.204683008318 15819.400553249172
8378 1659.68824714227 16620.98783448677
8379 2503.936096083574 15287.051372434356
8380 2966.0140662460203 15647.21522960062
8381 905.0296018022984 16172.68257736766
8382 3120.279998176185 17196.77522690973
8384 2413.9084344953812 16748.70985396965
8385 3249.4397465800826 16803.860802305284
8386 1596.2948441810813 16974.904797556344
8387 1750.8280464318284 16815.55059590683
8388 2778.760287053754 16361.007758964124
8389 3333.251846927006 15116.85629547392
8390 2589.984560731644 16171.588303071787
8391 2437.2004761702838 16169.242909404835
8392 1719.5366141193845 16836.59892095935
8393 2638.3025067469825 16023.593973027171
8394 4473.591079686676 16968.50345158969
8395 1109.4603973742426 14985.657387972207
8396 3214.400408788426 15405.115286126258
8397 4317.296800302965 16775.297344786653
8398 3673.377031256284 15659.139135054374
8399 2544.993625844083 15390.338266286251
8400 1819.9583069592068 15616.380572476966
8401 1186.6451935880361 16858.003433831007
8402 2522.8886644908785 15264.743358402917
8403 2307.592503189885 15427.708816842594
8404 4169.011724457487 15825.526859989188
