6131 3607.2299706845224 15976.047877197583
6265 3472.9253941665506 16087.976300736498
6408 3534.067585868822 15697.188568419677
6431 2779.9008254194455 15399.594332621506
6500 2794.8962752225657 15399.958870270326
6507 2817.389389375507 15400.505675271552
6518 3154.0263372080485 15406.310012400605
6565 3148.7882082524466 16632.888859751944
6596 2764.9054322377597 15399.229796349146
6619 2772.4031017526295 15399.412063827112
6629 2757.407684972998 15399.047526981089
6680 2742.412343086827 15398.682991955717
6690 2749.910009407135 15398.865259356024
6716 2727.4168955975665 15398.318454363147
6733 3168.9693815632286 15407.650970706816
6739 2675.5927569288538 15397.005577414431
6751 2474.6281774330023 15388.95240140497
6761 2683.0910724344735 15397.20451509639
6763 3262.0718753391798 15726.325420308942
6780 2660.596099177884 15396.607701341081
6816 2836.3755864677582 15129.232735364792
6913 2668.0944479575187 15396.806639905833
6952 2645.5994370892063 15396.209825152648
6994 2578.114111127715 15394.419373110057
7011 2653.097747012933 15396.408762686515
7050 2593.111105472662 15394.817258113575
7052 2600.6094263757327 15395.016195938735
7062 2817.5491192775694 15394.105675203666
7071 2734.9145584796174 15398.50072167987
7115 2570.6152227537045 15394.220420229336
7118 2719.919189307297 15398.136185991174
7119 2540.2678859259577 15393.415275548825
7143 2414.6221621521076 15388.263548780893
7145 2810.049427551732 15393.923407257333
7158 2548.0297296948247 15393.621204894684
7177 2690.589355409385 15397.403451915277
7195 2555.603993756209 15393.822157566492
7197 2444.222376408016 15689.18651191944
7198 2563.111128623223 15394.021329234778
7200 2712.421526899975 15397.953918685991
7237 2532.3203825708556 15393.204420471622
7256 2467.1274016030643 15388.866294552367
7263 2422.12287192027 15388.349654875125
7269 2429.6236380522055 15388.435761616396
7271 2787.3985752746535 15399.776602052536
7273 2459.6266386312395 15388.780187847373
7274 2437.124410470357 15388.521868429832
7280 2482.1289463570256 15389.038508178295
7290 2809.8917137551443 15400.32340764516
7335 2630.6028218184483 15395.81195020634
7340 2444.625132447208 15388.607974664217
7360 2348.356464881401 15387.342313847263
7380 2802.3940298913153 15400.141139818374
7430 2190.75141623445 15385.668664998073
7445 2399.6063702010733 15388.091171601043
7452 2215.815281668918 15385.286523137229
7467 2407.1175376394 15388.177397746465
7478 2623.104461900207 15395.613011346071
7499 2141.420136067615 15385.459415193332
7508 2096.1979854488573 15384.690694156254
7522 2376.013788526664 15387.771294995886
7546 2172.240549051196 15385.976167928331
7559 2081.181168825322 15384.701097215917
7563 2149.9646048446098 15385.636187061285
7570 2073.672805427311 15384.706298714633
7577 2638.1011140122987 15396.010887269817
7594 2615.606111542741 15395.414072739459
7603 2585.612825678321 15394.618321379072
7617 2131.2100321159123 15385.248183905042
7619 2043.6392441782577 15384.727104784082
7622 2608.1077452527734 15395.21513371014
7625 1537.4542715033213 15879.771963139281
7629 2367.401994493269 15387.637721070096
7648 2051.1476909993485 15384.721903227573
7650 2058.6560703294936 15384.716701717818
7660 2122.9607212764367 15385.077518399148
7672 2013.6056693816915 15384.747910862916
7675 2066.16443861901 15384.711500215713
7683 2036.130832362802 15384.73230631634
7728 2215.4599391514616 15403.962011950001
7730 2028.6224345465566 15384.737507838901
7733 2391.844460108648 15388.002066998613
7748 2088.689620634169 15384.695895655952
7758 3642.0756448984293 15224.86793501352
7774 2541.9817927017602 15412.832557011074
7780 2534.4813386860237 15412.718864267912
7804 2006.097283267657 15384.75311237737
7806 2384.1059685239698 15387.89680940627
7815 2021.1140442175831 15384.742709356275
7819 2368.650671600075 15814.203791944534
7821 1169.145836288075 16589.298859863407
7832 1968.6286523504903 15383.381523734142
7835 1976.0952370214318 15384.173434229546
7841 1998.588843760928 15384.75831392881
7856 2452.125875453236 15388.69408114001
7857 1983.5720941748978 15384.768716942033
7860 2837.1736936125562 15144.453145382242
7870 1991.0804641570676 15384.763515438755
7882 2526.9012575343313 15415.805173211198
7885 2549.408266585381 15416.146247899831
7886 2835.126862190966 15121.030842246228
7889 4149.290182261731 15753.138643567656
7922 2514.1668048060146 15254.541237523727
7930 2647.2218233347885 15565.243479623898
7931 2145.7562654655694 15408.69656887195
7933 3585.5584791037663 15987.633863055831
7937 2534.4035693858664 15415.918864402818
7943 2996.777177692708 17164.689511838795
7944 2106.0082711295345 15355.762611087343
7956 2541.905881022188 15416.032555591175
7958 4372.6228318921785 15479.09061779062
7960 4254.246263671495 15530.79021940613
7967 2643.988574627263 15417.573127026333
7970 1998.0583389875378 15409.468901641454
7972 3928.6821941508088 17240.06446315313
7976 2148.212993720992 17417.805137942043
7979 2837.5621813399175 15151.9906294893
7982 3728.713279324673 15043.926135044056
7986 2357.7662850826305 15387.488265622282
7987 2836.7852087711053 15136.915717267957
7989 963.3467489458644 17369.711127401235
7991 988.548388525682 17370.461300007402
7997 2547.653694072472 15409.717282158485
8001 2853.550419968584 15108.935275640233
8005 3704.9805867993555 15013.030642791899
8006 4066.4732533578053 16133.293747047319
8008 1703.4976897383506 16948.54003456988
8014 2706.535084898526 15418.346743016062
8015 3613.181423863781 15179.728335997303
8017 3168.055686587777 16634.752225381537
8020 1961.1620980551554 15382.589616460395
8021 3236.57881604923 15090.642740550575
8022 2527.070565291498 15409.405171970433
8026 1449.5877400293941 16542.585587449197
8027 973.2726937967572 15322.698735358628
8028 2222.9529668568393 15403.9770884645
8034 2534.5683211382243 15409.518863431638
8035 1331.626608397063 16605.258944356705
8038 3761.5229583465048 16533.127343307922
8039 2526.980972516638 15412.605172856338
8041 2832.4824730306923 15426.879938022328
8042 2829.2924066570026 15426.729928115028
8044 2880.0006671918645 15399.373715375044
8047 1953.6955989373614 15381.79771503881
8051 1122.7792799292263 17052.105133939407
8061 3146.6292340442897 16623.131158584554
8062 4427.36969849005 17288.89313312328
8069 2853.609562617786 15109.074683313353
8071 2837.9526929234153 15194.357121376794
8076 2849.2366144151524 15387.759373671068
8077 2845.2936637599933 15106.015230645784
8079 2328.770027798936 15387.03851683549
8080 2318.4707406512166 15386.878768911674
8081 3823.73395359807 15206.720323960752
8083 2833.133518932006 15113.45016925987
8085 2852.436615378624 15387.839337447269
8087 2831.414116861165 15449.3574906805
8089 2865.000907617318 15399.285862282593
8091 2856.6823176202074 15108.234393219478
8094 2554.593126894126 15413.023721062773
8096 4053.7274785529603 16576.35076355926
8097 2649.230084220957 15450.640388283255
8099 3151.842441778284 16631.39085176457
8101 1946.2290760574365 15381.005811097
8106 1437.4872021638603 15966.730009191699
8110 3560.9875717557884 16000.769930963163
8111 2872.500788112909 15399.329788832967
8117 2564.4912885201566 15413.173758533192
8118 1502.8177087396073 16506.376634298027
8120 2831.770234616204 15441.864993496773
8121 2836.3235277201934 15287.357328052236
8123 2017.599215891082 15410.209981896287
8124 2947.6788319721013 15420.55123538636
8125 1909.0119654845741 15378.470703961453
8126 3050.1836185248853 15945.338976117582
8127 1931.2960606484469 15379.42200643241
8129 3086.852241921598 15426.331360640253
8130 1837.2391805771979 15383.07176166992
8131 1916.483305095098 15378.616667218745
8132 1938.7625524491393 15380.213907077938
8133 2902.500263326462 15399.505494760544
8137 4320.804327423845 15653.493125764462
8138 2841.024315291851 15120.363707654917
8139 2895.0003938998966 15399.461568274999
8141 2237.9390615444486 15404.007241572523
8142 2626.5630649047102 15417.315463620747
8144 3670.562738735589 17555.704138469257
8145 2984.8717944266814 15424.451992964805
8148 2230.446036865011 15403.992165064114
8150 2826.0924085315114 15426.56995557386
8152 2882.1037916899936 16807.82031560566
8153 1301.8473035927746 15698.65726161563
8154 4122.50898293546 15711.166987749459
8155 1711.7935936408203 16400.572570720295
8156 2847.518462178572 15094.408658775856
8157 1829.7397135170168 15382.935095901297
8158 2838.2772282917754 15108.67715143447
8159 2887.5005214395323 15399.417641771686
8160 3788.5565877901145 15143.956494515865
8161 1901.5406044168558 15378.324740284965
8162 2203.6603374986844 17250.022661480813
8164 3117.7163262064446 15406.772757921755
8166 2852.636052299321 15380.341076348277
8167 2572.5706565024016 16944.12675742354
8168 2828.9357843471084 15434.222502741024
8172 2910.000112876145 15399.54942112967
8173 3220.2227604481723 15663.562067340137
8177 3091.1836424746507 15450.262323863815
8178 3662.3236013160404 16414.950566934167
8179 1980.0474994319297 16349.047623180031
8180 1923.949384471599 15378.768293876385
8183 2855.636616019296 15387.929313359828
8184 1844.9108348108657 17352.905796834533
8185 2837.2500303525903 15398.221489132085
8186 3343.990336860805 16957.835101489094
8187 2103.3709217200685 15239.277868405508
8188 1814.7405421991152 15382.661760041505
8189 3707.677356507587 16481.28230058247
8190 3142.671805230038 16616.758210024
8191 2253.5395769185566 15180.234280341438
8192 3392.385488932084 15332.775376915202
8194 2580.0490761282986 16987.65966286638
8195 3172.4278880442653 16662.57969186345
8196 2646.269113516811 15423.331128340047
8200 2824.6489742726094 15593.271339629453
8201 4362.505354225281 15975.236051031154
8202 3811.30251133901 15189.018530654912
8203 2398.406018438676 15407.408254793372
8204 1445.8246636764927 16605.545632333575
8205 1037.1403778739184 15680.699045697962
8206 3809.575092515659 16644.696134029422
8207 2849.6354867004416 15372.762909978179
8209 1848.9155372926627 15472.8206251089
8212 2747.6036551366324 15418.847363400668
8213 2849.436050750557 15380.2611345774
8214 2938.4462697447316 15407.499766423112
8215 2298.123862987926 15386.563177024953
8216 2779.690512316026 16614.680395122432
8218 2917.500035635256 15399.59334792758
8219 2338.275040276716 15387.18594509799
8220 2669.686400423133 16362.121439652612
8221 4002.7621137732976 16603.638058656215
8222 1822.240144034535 15382.798428266191
8223 2850.9911816059484 15508.498343227257
8225 2286.594828511387 16620.358022147066
8226 3777.4187327380337 15124.986348198428
8227 2978.687289174534 16373.19792634346
8228 1838.9188888143233 17378.141839271706
8229 3044.605378610951 16481.968359813727
8230 4031.3854220298153 16170.114289796948
8231 2724.46543921778 17187.229694562757
8232 1820.2329438487466 16333.630982863768
8233 2925.696358630844 16367.850651694114
8235 1982.172085621349 16745.5185142952
8237 1888.2590490745295 15402.367044315815
8239 4282.214173691349 16027.219290010984
8240 2307.7271013492837 15386.71212882794
8241 2285.2402201611317 15386.36334424398
8242 3649.202487620608 16393.801753650925
8243 2832.1263550867234 15434.372439181023
8244 4959.171005193841 15939.136932560908
8245 3142.217302517861 16232.504073112856
8246 1472.5738987385746 15682.923233579908
8247 1843.8815435677452 15386.11118166268
8248 2863.9693382708174 15110.582878317848
8249 1592.172490126464 16981.077176482846
8250 2949.6010422173185 15398.910754496843
8251 3435.8442709498813 16032.663234684787
8252 3102.978277086989 15595.337040852586
8253 2676.783971251288 15417.984080915332
8254 3658.0466305206805 16402.08786605162
8255 1063.8299452683818 16916.36185096805
8256 3654.1080087167456 16401.842625123943
8257 2817.4691869204994 15397.305674682095
8258 2823.368478241139 16362.584517128102
8259 2821.3118198036627 15413.617094528545
8260 702.6556667873779 16980.545390678115
8261 3872.009245839625 15770.243982276863
8262 3531.6249351217907 15384.331794252637
8263 1861.8410234170572 15750.03938593502
8264 2822.8924718884346 15426.419962054724
8265 2259.840425873991 16356.230546853732
8266 3026.450384593405 16433.572342947864
8267 2577.358880846292 16989.399338619256
8268 4207.107976594537 16285.32549282598
8269 864.2379464326099 15750.781104708014
8270 2156.7282164948656 15382.576132293729
8271 3459.2633923746057 16055.791116080885
8272 2854.1414130839544 15323.743791492845
8273 1919.921330004033 15381.885278281174
8274 1415.4991039113615 16142.837689792801
8275 2144.2561452408327 15382.31770003198
8276 2837.1603822312536 16371.417136864195
8277 1652.8691637010395 16964.08523356551
8278 2328.708294237591 16231.16558034046
8279 3883.3902921263116 16031.95502885397
8280 1327.79388491923 15243.744819969328
8281 3226.7144780409326 16783.72586086966
8282 2799.9057413570517 15416.284431249689
8283 4312.445703391341 16048.157763328421
8284 3228.2388108588675 15426.127139587335
8285 3181.8706875640314 15425.05061225512
8286 3606.9276726816834 15931.62818295792
8287 3029.2625796742586 16457.598546598547
8288 3161.497912258556 15406.980496298418
8289 1433.8263344466955 16110.70563146982
8290 2315.47610452129 16588.6157337801
8291 1841.3799555753735 15603.042969588872
8292 3046.150584279625 16466.615062396602
8293 3146.5511956124815 15405.639208448316
8294 2340.029891520524 16595.214333790656
8295 2852.9588199552463 15368.205930308195
8296 3324.2438520605774 15495.326158246991
8297 3866.1908115600463 15233.773507144297
8298 2804.907464652092 16409.75873223306
8299 1842.389584595797 16346.118364451168
8300 2694.6787303528886 17152.8851257023
8301 2585.429357228686 16984.200054179957
8302 3184.2823009977683 16200.191534789483
8303 1037.5818886767424 16672.47051506746
8304 2806.498572972392 16195.78384263503
8305 2180.4116853929563 17216.192730349572
8306 1858.425523147127 16258.065433167543
8307 3654.5554684190083 17748.50929608405
8308 3758.585131596998 16326.319893433087
8309 2820.225662419998 16353.696767826463
8310 3718.6473126729347 17500.186925320206
8311 2336.0748709262293 16358.554389288558
8312 1690.1076678528284 16937.282265991893
8313 3166.2085948320328 15575.958179948315
8314 2473.77220968231 15641.382075866672
8315 2273.04738158918 15386.174226238107
8316 3426.8931871860136 17066.033596866495
8317 2023.6821313066544 16760.281345355528
8318 3679.5658697462404 16436.425545948787
8319 2259.728469484987 15385.967642177908
8320 4360.7630814336935 15728.240926383087
8321 1847.979812333575 15583.697244105117
8322 2748.7647653028544 16614.845355665766
8323 4116.789777695668 15221.417401322306
8324 975.2147689274792 16573.217961630595
8325 3194.60379310345 14306.323753383509
8326 4323.905383156172 16115.210938828877
8327 2992.444709607514 16314.846054109872
8328 1820.754104666557 15612.90916440394
8329 3252.659858236364 16826.720065915204
8330 2834.980937187107 16833.698164641057
8331 3920.4018263349776 15330.501456355662
8332 3210.8221071552416 15408.288237817387
8333 1104.193132285305 16723.071180890707
8334 2409.661379890764 15182.627968051664
8335 2307.3297667776055 15444.995268273411
8336 3154.424087198365 16672.394352900108
8337 2861.965344136217 16160.759122504003
8338 4116.5424223030095 15730.651779086915
8339 2039.7329153501748 15525.424995116144
8340 1012.8797908589728 16226.126686524829
8341 3178.3511246927246 15000.246336716604
8342 2844.5845512121496 15087.504771147629
8343 3404.3136340771553 15345.538438837335
8344 1513.5043905780785 16285.723810116397
8345 1793.1576551213514 16634.713091536298
8346 3568.6196048894953 15880.17594691334
8347 1770.8105086585706 15385.060825319108
8348 1437.9895620071127 16543.54519279005
8349 2370.04926043577 16367.847967556925
8350 3214.4506871654708 15647.882880877534
8351 1851.4969679462022 16287.869320855823
8352 2352.9586800985608 16367.634354512516
8353 2193.68833833395 15433.570716315917
8354 4190.696441052893 17069.4118959329
8355 3985.689303490842 16613.24363161997
8356 2952.865369004906 15156.389919483707
8357 3080.567149045561 15739.543951785481
8358 2759.706336992816 15578.656388086396
8359 1043.2641117761714 15508.90531778493
8360 3106.0295258171186 15591.415210222825
8362 1266.06464911415 15484.997904752532
8363 1588.8991736422427 15861.60915364932
8364 4253.21688113491 15522.726145340712
8365 2842.3625053737283 15103.704766824207
8366 3091.8001849483153 15527.367109287321
8367 1493.9716886251554 16499.563902326983
8368 2966.5219584874194 15612.641753399888
8369 4188.004727910215 16564.525496601218
8370 3800.5062507340544 16714.76023634571
8371 4278.489856054101 16710.462854219724
8372 3418.4623772821424 15428.710607832747
8373 3653.0641462844133 15803.644397689648
8374 4649.637368096751 15673.337333016028
8375 3318.0997981952783 17267.81251447978
8376 2654.3293056973657 16359.077927302429
8377 4533.861178707224 15729.743269961977
