6431 2779.9008254194455 15399.594332621506
6500 2794.8962752225657 15399.958870270326
6507 2817.389389375507 15400.505675271552
6518 3972.1359288091912 15422.80882806162
6565 3342.749495877681 17137.34723149892
6596 2764.9054322377597 15399.229796349146
6619 2772.4031017526295 15399.412063827112
6629 2757.407684972998 15399.047526981089
6680 2742.412343086827 15398.682991955717
6690 2749.910009407135 15398.865259356024
6716 2727.417006208671 15398.31845705209
6739 2675.5927569288538 15397.005577414431
6751 2474.6281774330023 15388.95240140497
6761 2683.0910724344735 15397.20451509639
6780 2660.596099177884 15396.607701341081
6816 2836.3755864677582 15129.232735364792
6913 2668.0944479575187 15396.806639905833
6952 2645.5994370892063 15396.209825152648
6994 2578.1145311273567 15394.41938425306
7011 2653.097747012933 15396.408762686515
7050 2593.111105472662 15394.817258113575
7052 2600.6094263757327 15395.016195938735
7062 2817.5491192775694 15394.105675203666
7071 2734.9146727316047 15398.500724457323
7115 2570.6162213836883 15394.220446723972
7118 2719.9193117704344 15398.13618896824
7119 2540.6229211575546 15393.424694982556
7143 2414.6221621521076 15388.263548780893
7145 2810.049427551732 15393.923407257333
7158 2548.121220835286 15393.623632244584
7177 2690.589355409385 15397.403451915277
7195 2555.6195628393943 15393.822570629574
7198 2563.1178742297293 15394.021508202351
7200 2712.421644641693 15397.95392154828
7237 2533.1246461394844 15393.22575837477
7256 2467.1274016030643 15388.866294552367
7263 2422.12287192027 15388.349654875125
7269 2429.6236380522055 15388.435761616396
7271 2787.3985752746535 15399.776602052536
7273 2459.6266386312395 15388.780187847373
7274 2437.124410470357 15388.521868429832
7280 2482.1289463570256 15389.038508178295
7290 2809.8917137551443 15400.32340764516
7335 2630.6028218184483 15395.81195020634
7340 2444.625132447208 15388.607974664217
7360 2354.6179870342976 15387.43943369153
7380 2802.3940298913153 15400.141139818374
7430 2279.6148101181307 15386.276090867888
7445 2399.6206714328155 15388.091335775267
7452 2287.1151940251266 15386.392426177292
7467 2407.12145622955 15388.177442730806
7478 2623.104461900207 15395.613011346071
7499 2242.1130991694836 15385.694417556166
7508 2167.998289946908 15386.009276165452
7522 2377.119045222133 15387.788438168987
7546 2272.1145121293716 15386.159756891126
7559 2152.985819055896 15385.698691319134
7563 2249.613489615137 15385.810752966989
7570 2145.4795638530095 15385.543398487223
7577 2638.1011140122987 15396.010887269817
7594 2615.606111542741 15395.414072739459
7603 2585.612825678321 15394.618321379072
7617 2234.612722713667 15385.578082362335
7619 2096.1979651732195 15384.6906941703
7622 2608.1077452527734 15395.21513371014
7629 2369.6187021588094 15387.672103493092
7648 2122.9607260368357 15385.077518497634
7650 2130.4669640859543 15385.232810974658
7660 2227.1122874343114 15385.461746256116
7672 2066.1644464445185 15384.711500210291
7675 2137.9732856428004 15385.388105179329
7683 2088.689602516037 15384.695895668503
7728 2215.4599391514616 15403.962011950001
7730 2081.18121887463 15384.701097181245
7733 2392.1199496489853 15388.0052295431
7748 2160.4920616728105 15385.853983890658
7774 1810.2946415716 15393.598286228798
7780 1777.4263481497903 15392.596100537901
7804 2058.655994850925 15384.716701770107
7806 2384.6194336586186 15387.904773548646
7815 2073.6728375267517 15384.706298692396
7832 2021.1140202224474 15384.742709372898
7835 2028.6223845557668 15384.737507873533
7841 2051.147594539384 15384.721903294396
7856 2452.125875453236 15388.69408114001
7857 2036.1307746308287 15384.732306356334
7860 2837.1736936125562 15144.453145382242
7870 2043.639225612337 15384.727104796944
7886 2835.126862190966 15121.030842246228
7931 1576.920341371177 15470.096400970475
7937 2339.067159347801 16270.15847936996
7958 4403.783533179385 15309.191773903709
7967 2341.785445254142 16168.333730479286
7970 951.7493975064314 15720.394697870386
7979 2837.562176127081 15151.990528349239
7982 3254.7000963881437 14309.852875215054
7986 2362.118351437832 15387.555768698423
7987 2836.7852087711053 15136.915717267957
7997 1675.8386645834626 15402.147610433243
8001 2853.550419968584 15108.935275640233
8005 3364.978411169608 14477.121893730387
8008 683.9949181904482 17058.92771008705
8014 2349.1039774087503 16102.113673153883
8015 3560.8215831309853 15088.335636254753
8020 2013.6055593277233 15384.747910939157
8028 2222.9529668568393 15403.9770884645
8034 1636.702537580687 15413.109444118212
8039 1956.246488586019 15391.191506984424
8041 2832.4824730306923 15426.879938022328
8042 2829.2924066570026 15426.729928115028
8044 2295.8249680172057 15413.723742698368
8047 2006.0971511928997 15384.753112468867
8069 2853.609562617786 15109.074683313353
8071 2837.950659068504 15159.527919598962
8076 2849.2366144151524 15387.759373671068
8077 2845.2936637599933 15106.015230645784
8079 2339.6173749086065 15387.20676548754
8080 2332.1170685452043 15387.090431380882
8081 4452.520614358344 15400.623680672383
8083 2833.133518932006 15113.45016925987
8085 2852.436615378624 15387.839337447269
8087 2831.414116861165 15449.3574906805
8089 2421.36608653486 15727.771434788117
8091 2856.6823176202074 15108.234393219478
8094 1901.3079238863322 15396.220787560564
8099 3753.0653544545144 16892.901068032843
8101 1998.5886798446084 15384.758314042367
8110 3811.088746611439 15518.265360696523
8111 2838.253411249432 15174.611446288087
8117 1679.0049869672025 15394.539495278768
8118 1141.616436830776 16149.12043728089
8120 2831.770234616204 15441.864993496773
8121 2838.3391447649806 15167.065364302558
8125 1953.6530234509883 15381.793199456923
8127 1983.5715853514625 15384.768717294526
8129 2871.3116364784973 15419.886239427544
8130 1930.729862591451 15379.361955123335
8131 1968.6175274170978 15383.380343816965
8132 1991.0801384313081 15384.763515664405
8133 2842.127432117156 15665.396165130122
8138 2841.024315291851 15120.363707654917
8139 2591.3778381387674 15413.581307939381
8141 2237.9390615444486 15404.007241572523
8145 2863.81980223258 15419.651346934686
8148 2230.446036865011 15403.992165064114
8150 2826.0924085315114 15426.56995557386
8154 3431.140489907549 16501.342161755398
8155 1046.4921386644012 16594.56312133135
8156 2847.518462178572 15094.408658775856
8157 1923.1894994287554 15378.747682273608
8158 2838.2772282917754 15108.67715143447
8159 2510.3857799643943 15421.056666676603
8161 1938.4932999391842 15380.18534999355
8166 2852.636052299321 15380.341076348277
8168 2828.9357843471084 15434.222502741024
8172 2843.6203799378104 15625.229475778962
8173 2878.924112244834 15416.925842633822
8177 3231.7519796300317 15344.934266573002
8179 2773.5658735759994 16361.060795654726
8180 1976.092189394746 15384.173110996413
8183 2855.636616019296 15387.929313359828
8188 1906.8421189376804 15378.428312919643
8189 4090.877919205015 16402.803885157595
8190 3852.7337119095987 16683.77438758148
8194 2332.918407322966 15964.836374070072
8195 3312.225215644603 17291.91372036903
8200 2831.057995740247 15456.850058680237
8201 4873.807765787325 16404.702033516907
8202 3467.0340307285255 14633.774180732993
8204 1938.3165816971552 17321.764315453012
8205 1426.101250980904 16214.954522765382
8207 2849.6354867004416 15372.762909978179
8209 2708.993762593009 15400.488109063615
8212 2346.850007664312 15961.606132596333
8213 2849.436050750557 15380.2611345774
8214 3655.922499862177 15256.207076676463
8215 2317.1164419437214 15386.857762952364
8216 2201.1449211076706 16672.58870300405
8218 2847.445729570813 15559.261803428693
8219 2347.117673110648 15387.32309946761
8220 3189.4426338109306 16690.467486080473
8222 1915.4495718360397 15378.596471767658
8225 1833.1953942774862 16550.563135532768
8226 4285.615342739987 16020.55880663504
8227 3183.8847864779386 16693.63796036499
8229 2303.0870219604726 16366.546689961959
8230 3487.268355939506 16843.25780878057
8231 4122.302655583407 16951.535319432878
8232 2312.3992668940573 16357.191091936758
8233 2810.182686890728 15972.098287387633
8239 4236.680541514327 16636.539196221973
8240 2324.616741385734 15386.974096951666
8241 2309.6161201939804 15386.741428607056
8242 4506.5780032226585 16402.314877268327
8243 2832.1263550867234 15434.372439181023
8244 4654.6400291135 16569.559689834266
8245 3147.8431258890173 16631.158409836597
8246 1804.1817243555233 16318.785074724432
8247 3266.387447314895 15407.11104185109
8248 2863.9693382708174 15110.582878317848
8250 2832.3246205665705 15416.13566314555
8251 3072.724856189915 16112.26726992749
8252 2871.4224591038214 15416.69342490302
8253 2287.4436404387566 15743.991477496817
8256 3095.1983964584724 16690.054365164084
8257 2817.4691869204994 15397.305674682095
8258 3509.769920115242 15784.631457647356
8259 2210.07328563045 15195.210290989242
8262 2827.7338136710855 15898.810177530733
8264 2822.8924718884346 15426.419962054724
8265 3277.5793714047168 16150.530886689015
8266 2393.1762111500266 16704.088320816532
8269 2077.616932654643 15391.457851855283
8270 2264.6142145835174 15386.043422921235
8271 4193.090259185124 15580.97051283642
8272 2849.834923015628 15365.264671644649
8273 1961.136933276609 15382.586947468732
8275 2257.1138676379933 15385.927088185124
8276 2073.6714502170653 16361.696876590078
8277 1904.1160726699293 17179.312949604373
8278 2187.5187484476687 15422.594332621293
8280 1486.6388033856501 15903.35085506423
8281 2637.7079623093923 16372.627527006216
8282 2349.4169154485307 15979.19196092234
8284 3188.600908353968 15273.208269136167
8285 2863.921111628953 15416.461016642426
8286 2943.54733659288 16553.612754811948
8287 2809.6236365784316 16230.371976934437
8288 3988.478612592715 15459.68837070053
8289 2275.817722856122 16356.522541763787
8290 2572.5706826566975 16944.126798314763
8291 2605.59985045897 15401.25282888311
8292 3302.8433349484244 17163.41031435595
8293 3890.317054224842 15276.821621717141
8295 2852.835487537545 15372.84287850548
8296 2257.4997382981173 15405.857916094654
8298 2828.5791627810686 15441.71506173876
8299 796.1281466712898 16920.61033347755
8301 2810.0938498307887 16013.139808578773
8302 4065.2533284229435 15656.330414827602
8303 1731.2202696581112 16381.720385461113
8304 2825.7357885291362 15434.062982590056
8305 1575.9370656349936 16970.12552378856
8306 2319.8990071398657 16357.328154293486
8307 3552.448861718272 17249.54666006502
8308 2848.7741788250823 16822.44624703055
8309 1829.9845014837156 16356.58232936573
8310 4405.537940102072 17448.10014123515
8311 2788.5679023771713 16360.90761994714
8312 2312.331740332951 16586.749547956824
8314 2550.7414209744047 16915.934155481482
8315 2302.1158218679143 15386.625094625062
8316 2837.075821105616 16368.2166987803
8317 2568.529396728194 16937.808404983352
8319 2294.615511991972 15386.508760463925
8320 3843.386252437465 15246.494458397034
8321 1946.13288552505 15380.995609070838
8322 2829.5786584604666 15487.974399563831
8323 3540.4104392676727 15357.376169935807
8324 1419.4222071898907 16543.850006405704
8325 2699.991495571178 14827.305328035343
8326 3397.493294451263 16519.580333076567
8327 2350.801472468323 16367.607391841839
8328 1857.5309491615008 15994.716463299817
8329 2811.0370910513593 16347.961164458868
8330 2880.903802587196 17241.588841844077
8332 2854.70772024596 15408.439658886644
8333 1816.1048415175644 16348.513855220683
8334 2511.721375605169 15379.983073560601
8336 2324.953660145909 16367.020095423866
8337 2336.0108028929276 16452.670441609196
8338 3296.3446456635047 15502.518442717754
8339 1601.3459518988327 15442.950699851905
8340 1425.5654604644371 16280.601746298977
8341 2853.234358309135 15357.846471723373
8342 2844.5845939052306 15087.5048716102
8343 3642.6460289930787 15232.450835310692
8344 2297.3959704527338 16356.91689748448
8345 2304.8995187609094 16357.054029435885
8346 3220.6018012662157 15425.949831363956
8347 1824.7772243982104 16338.720120220258
8348 2152.352152599671 16354.26613267768
8349 2781.0668864851204 16360.984207816162
8350 3817.982911389325 15799.647136700145
8351 1842.8272307053742 16969.990688978283
8353 2193.909663757644 15422.717258038598
8354 3650.1236717271304 16395.485633004264
8355 3331.4269644429573 16555.39101592583
8356 2853.034923597204 15365.344649779046
8357 3091.4582981712856 15567.132078215682
8358 2830.701876478141 15464.342587571717
8359 1033.9586346711353 15510.98144120527
8360 3649.0450821286777 16387.564306373657
8362 1446.4908622405437 15643.366860775865
8363 1849.5894702482904 15408.751044350032
8364 3816.159334717274 15209.023547320649
8365 2842.3625053737283 15103.704766824207
8366 3415.265612160213 15406.659158571436
8367 2187.6575807381546 16354.911361049242
8368 3490.040712391591 16116.881258334322
8369 4292.593612350315 16044.670715062031
8370 3166.4244320998378 16685.792570671187
8371 3736.6825834415727 16533.58999543415
8372 3368.0177935580273 15407.886328894718
8373 3470.98541980672 16058.051248190808
8374 4159.77888291626 15611.052399009133
8375 3049.056769589832 16489.13680846793
8376 2830.345725440349 15471.835785003976
8377 3995.834799250302 16189.409731029285
8378 1924.8944090924817 16346.713010673773
8379 2502.122751777036 15379.87910620061
8380 3317.0200433377504 15818.711618496456
8381 912.1663645709209 15727.961848405203
8384 2858.1220886911187 16597.049255928632
8385 3539.700062209969 16422.577290955385
8386 2215.66384335109 16643.21726501876
8387 1811.8565566076077 16881.674392305864
8388 2796.06893912966 16360.831031865126
8389 3051.5250478540847 15014.553723519262
8390 2785.769181869287 16357.735699688175
8391 2607.3822050221447 16372.37018373785
8392 2292.319063334381 16602.14210501502
8393 2766.0644577776397 16361.137387606926
8394 4175.216323584114 17064.30915719946
8395 877.0042815031528 15199.52014362121
8396 2951.5191002377155 15398.925076913363
8397 4022.3255283643875 16903.825440980807
8398 3761.3427654818965 15820.320702486291
8399 2809.9701888353356 15397.123407367526
8400 1501.6905479314864 15826.57491034763
8401 1437.1961665592087 16552.24391175143
8402 2719.9369778084224 15394.935100155066
8403 2245.432117862503 15404.02231814459
8404 3740.3915064267057 15851.775237758391
8405 2503.196698269128 17020.98791368094
8406 3620.239830736037 16345.516322590334
8407 3757.8351885791376 15813.689579546219
8408 3586.891012015586 15334.175473755617
8409 1182.7797675184067 16851.159395728737
8410 1835.41407087508 16756.98562365301
8411 3291.6797019635474 15175.664353556378
8412 3675.665822978445 15663.133003202156
8413 3971.0306827502254 16865.248624783955
8414 3924.3234189479967 15170.326508951954
8415 1536.8190006276254 16874.49642902263
8416 3776.073734477692 16723.85310728204
8417 2656.6540854736877 17104.63076215302
8418 4042.95028922807 15596.961348487072
8419 1830.6553019009805 16894.426875066223
8420 2847.8434683050627 15991.579904575268
8421 3979.45681288053 15823.274761177901
8422 3124.6181169565057 15826.362535429744
8423 2863.065807187773 15399.46302553056
8424 3453.6144332039416 17102.121516225186
8425 3017.6732049075435 15032.912202191023
8426 2810.1109962289574 16005.218404332885
8427 3822.480976611624 15226.0389869044
8428 2000.0350763532822 17281.05513256657
8429 3631.948786658923 15587.201841936314
8430 1712.407215133743 16851.538541627855
8431 2966.2693935369484 15629.834471839902
8432 2252.941146258378 15404.037426853638
8433 1657.983345326946 15915.581041884798
8434 2823.0444739428567 15036.818068424745
8435 2804.667503882894 16405.967011709843
8436 3280.1857266882303 15762.922042834358
8437 3770.0534834916893 15843.257897896801
8438 4111.719332630761 16108.187858609646
8439 2964.470251057825 15752.952224859762
8440 3999.4833349857113 16237.032016607543
8441 3393.9884371989174 16935.6982414908
8442 3888.9194154134902 15657.095843934036
8443 2823.4790066540563 16752.06144805773
8444 2032.3607927761536 15899.814162296276
8446 4196.361565716843 17147.932036966446
8447 3161.157176137777 15227.615192129755
8448 3266.667925575754 15206.42613026389
8449 4481.817897131945 16986.70594140483
8450 1828.398552942681 17410.775124166015
8451 1826.3647184513557 16312.332960216943
8452 3333.12866301077 15497.343583212303
8454 3715.4503234602425 15023.81777681988
8455 4429.644430277815 15085.971552811703
