6431 2779.9008254194455 15399.594332621506
6500 2794.8962752225657 15399.958870270326
6507 2817.389389375507 15400.505675271552
6518 3844.6655077094615 15205.598008546085
6565 3278.6527335556516 17176.985390468148
6596 2764.9054322377597 15399.229796349146
6619 2772.4031017526295 15399.412063827112
6629 2757.407684972998 15399.047526981089
6680 2742.412343086827 15398.682991955717
6690 2749.910009407135 15398.865259356024
6716 2727.417006208671 15398.31845705209
6733 3355.2537724758076 15224.189372758909
6739 2675.5927569288538 15397.005577414431
6751 2474.6281774330023 15388.95240140497
6761 2683.0910724344735 15397.20451509639
6780 2660.596099177884 15396.607701341081
6816 2836.3755864677582 15129.232735364792
6913 2668.0944479575187 15396.806639905833
6952 2645.5994370892063 15396.209825152648
6994 2578.1145311273567 15394.41938425306
7011 2653.097747012933 15396.408762686515
7050 2593.111105472662 15394.817258113575
7052 2600.6094263757327 15395.016195938735
7062 2817.5491192775694 15394.105675203666
7071 2734.9146727316047 15398.500724457323
7115 2570.6162213836883 15394.220446723972
7118 2719.9193117704344 15398.13618896824
7119 2540.6229211575546 15393.424694982556
7143 2414.6221621521076 15388.263548780893
7145 2810.049427551732 15393.923407257333
7158 2548.121220835286 15393.623632244584
7177 2690.589355409385 15397.403451915277
7195 2555.6195628393943 15393.822570629574
7198 2563.1178742297293 15394.021508202351
7200 2712.421644641693 15397.95392154828
7237 2533.1246461394844 15393.22575837477
7256 2467.1274016030643 15388.866294552367
7263 2422.12287192027 15388.349654875125
7269 2429.6236380522055 15388.435761616396
7271 2787.3985752746535 15399.776602052536
7273 2459.6266386312395 15388.780187847373
7274 2437.124410470357 15388.521868429832
7280 2482.1289463570256 15389.038508178295
7290 2809.8917137551443 15400.32340764516
7335 2630.6028218184483 15395.81195020634
7340 2444.625132447208 15388.607974664217
7360 2354.6179870342976 15387.43943369153
7380 2802.3940298913153 15400.141139818374
7430 2279.6146939573355 15386.276089066167
7445 2399.6206714328155 15388.091335775267
7452 2287.115075080668 15386.392424332393
7467 2407.12145622955 15388.177442730806
7478 2623.104461900207 15395.613011346071
7499 2242.1128241211527 15385.694413290008
7508 2167.998289946908 15386.009276165452
7522 2377.119045222133 15387.788438168987
7546 2272.114378354108 15386.159754816194
7559 2152.985819055896 15385.698691319134
7563 2249.613133671804 15385.810747446101
7570 2145.4795638530095 15385.543398487223
7577 2638.1011140122987 15396.010887269817
7594 2615.606111542741 15395.414072739459
7603 2585.612825678321 15394.618321379072
7617 2234.6124994113984 15385.578078898787
7619 2096.1979651732195 15384.6906941703
7622 2608.1077452527734 15395.21513371014
7629 2369.6187021588094 15387.672103493092
7648 2122.9607260368357 15385.077518497634
7650 2130.4669640859543 15385.232810974658
7660 2227.1118837276895 15385.461739994393
7672 2066.1644464445185 15384.711500210291
7675 2137.9732856428004 15385.388105179329
7683 2088.689602516037 15384.695895668503
7728 2215.4599391514616 15403.962011950001
7730 2081.18121887463 15384.701097181245
7733 2392.1199496489853 15388.0052295431
7748 2160.4920616728105 15385.853983890658
7774 2002.7121399745583 15406.441940603958
7780 1986.6418762583 15405.391373681245
7804 2058.655994850925 15384.716701770107
7806 2384.6194336586186 15387.904773548646
7815 2073.6728375267517 15384.706298692396
7832 2021.1069463507442 15384.742714273398
7835 2028.619579953218 15384.737509816452
7841 2051.147594539384 15384.721903294396
7856 2452.125875453236 15388.69408114001
7857 2036.1305663146675 15384.732306500648
7860 2837.1736936125562 15144.453145382242
7870 2043.639225612337 15384.727104796944
7886 2835.126862190966 15121.030842246228
7931 1836.834763128066 15394.407519909331
7933 3809.3196884516437 15658.241063711965
7937 2345.73543475381 15992.36175336597
7958 4324.098815446615 15192.814340028317
7967 2349.9313330515747 15876.579774799957
7970 1217.2144837279725 15690.443293017226
7979 2837.562176127081 15151.990528349239
7982 3334.4929150366474 14430.978763973975
7986 2362.118351437832 15387.555768698423
7987 2836.7852087711053 15136.915717267957
7997 1943.7843393723574 15403.967468646193
8001 2853.550419968584 15108.935275640233
8005 3441.13524758087 14594.804830103047
8008 877.2988843222745 17299.879029760188
8014 2359.931095006586 15844.581103681734
8015 3572.9845168391344 15108.60531572088
8020 2013.5578777030423 15384.74794397111
8028 2222.9529668568393 15403.9770884645
8034 1911.8685684066002 15399.57802492483
8039 1889.2570034171354 15392.922674529751
8041 2832.4824730306923 15426.879938022328
8042 2829.2924066570026 15426.729928115028
8044 2616.3726658276128 15413.960182407352
8047 2006.014005889504 15384.75317006866
8061 3668.3429248462917 16582.99023790049
8069 2853.609562617786 15109.074683313353
8071 2837.950659068504 15159.527919598962
8076 2849.2366144151524 15387.759373671068
8077 2845.2936637599933 15106.015230645784
8079 2339.6173749086065 15387.20676548754
8080 2332.1170685452043 15387.090431380882
8081 4333.252936987497 15501.742185818344
8083 2833.133518932006 15113.45016925987
8085 2852.436615378624 15387.839337447269
8087 2831.414116861165 15449.3574906805
8089 2508.2380822442274 15467.486658568538
8091 2856.6823176202074 15108.234393219478
8094 2018.482663451385 15407.040961659819
8097 2807.466420434151 15768.925788158735
8099 3617.4395774169293 16973.952166452247
8101 1998.1827339377433 15384.758595265717
8110 3913.4017416475904 15700.529823994282
8111 2838.237120363389 15175.702935652964
8117 1953.4441089956397 15401.8029005139
8118 1291.100521188492 16069.16347256233
8120 2831.770234616204 15441.864993496773
8121 2838.3391447649806 15167.065364302558
8124 3170.8760279405324 15346.957703110704
8125 1940.726726369316 15380.42222855432
8127 1981.8479188663312 15384.769911382844
8129 2871.3116364784973 15419.886239427544
8130 1892.699257332193 15378.20286442524
8131 1964.3957209965645 15382.932576469333
8132 1990.2802010438402 15384.76406982955
8133 2856.891797733262 15423.866355937305
8138 2841.024315291851 15120.363707654917
8139 2822.2759099780806 15413.700126218208
8141 2237.9390615444486 15404.007241572523
8145 2863.81980223258 15419.651346934686
8148 2230.446036865011 15403.992165064114
8150 2826.0924085315114 15426.56995557386
8154 3690.559744216706 16360.859915868672
8155 1018.0391472663873 16740.788227177443
8156 2847.518462178572 15094.408658775856
8157 1870.2662619544212 15379.556965416106
8158 2838.2772282917754 15108.67715143447
8159 2743.206755828417 15418.79376578551
8160 4448.756631278157 14868.182742421714
8161 1915.820788979566 15378.60372402311
8162 2558.555177511683 17403.545093472858
8164 3081.5454334519513 15096.986878019694
8166 2852.636052299321 15380.341076348277
8168 2828.9357843471084 15434.222502741024
8172 2858.246868295702 15405.56750782112
8173 3011.346997104946 15424.888386794963
8177 3213.6824437547907 15403.509714556225
8179 2772.680667260365 16361.069833905856
8180 1973.7512624686065 15383.924830867883
8183 2855.636616019296 15387.929313359828
8188 1827.9296254386713 15382.902109946892
8189 4157.63380725923 16519.53111499642
8190 3731.9865008961087 16520.071758231858
8194 2328.4550126618806 16241.499296329059
8195 3315.355445160233 17290.96090607059
8200 2831.057995740247 15456.850058680237
8201 5055.521008040923 16138.446543046355
8202 3540.5876425348793 14748.162623867904
8203 1875.4670448334407 15438.780266272475
8204 1848.046615135868 17351.331704193643
8205 1448.0115488093113 15922.317672902132
8206 4418.928492238625 16928.32796051221
8207 2849.6354867004416 15372.762909978179
8209 2375.361280772653 15394.790777163867
8212 2403.965803409708 15746.826531318831
8213 2849.436050750557 15380.2611345774
8214 3668.757738023261 15279.678462980988
8215 2317.1164419437214 15386.857762952364
8216 2335.398020421295 16611.34582284233
8218 2868.8160100080745 15399.308207210282
8219 2347.117673110648 15387.32309946761
8220 3150.586683559148 16629.50414048087
8221 4448.7645317894585 16375.91231231112
8222 1837.0309200951997 15383.06796645639
8225 1831.005051252476 16830.761164632153
8226 4175.375186928035 15807.098966297997
8227 3147.84671935853 16631.16419676591
8229 2450.0866252091987 16368.848344654623
8230 3411.3830327012274 16708.883594808343
8231 3763.608138437669 17130.950710389883
8232 2312.3992668940573 16357.191091936758
8233 2809.568804308282 16255.703744767023
8237 1542.1535278685533 15807.090293888012
8239 4146.418995207275 16490.328195065464
8240 2324.616741385734 15386.974096951666
8241 2309.6161201939804 15386.741428607056
8242 4351.491847835376 16118.549471520775
8243 2832.1263550867234 15434.372439181023
8244 4944.698305451266 16352.076639189083
8245 3143.8901902249213 16624.792595635026
8246 1585.152939269552 16287.450880825712
8247 2927.757862512496 15405.643671935375
8248 2863.9693382708174 15110.582878317848
8250 2879.735356834869 15399.372161461117
8251 3215.159684716576 16035.856193375892
8252 2871.4225603933546 15416.693428041192
8253 2388.808004183825 15759.40411245389
8254 4083.998158818648 16934.648409280115
8256 3170.0983506457887 16647.390543007466
8257 2817.4691869204994 15397.305674682095
8258 3612.7125285307443 15963.497487755152
8259 2198.173982410669 15395.525478646854
8261 4366.054685599029 15493.32783134031
8262 2839.3943606453527 15652.717958655785
8264 2822.8924718884346 15426.419962054724
8265 2998.316449954992 16301.359043740898
8266 2453.2667071190344 16726.625482528845
8267 1881.7805659888104 17391.803625272387
8269 1768.7367474227347 15385.02297212547
8270 2264.614047672135 15386.043420332342
8271 4040.3711653117466 15667.776498209092
8272 2849.834923015628 15365.264671644649
8273 1953.076601472789 15381.732063792568
8275 2257.1135319208183 15385.927082977956
8276 2323.180100922905 16366.978766282904
8277 1851.984960464542 17130.375761752544
8278 2187.5187484476687 15422.594332621293
8280 1486.1157022300852 15709.252706413039
8281 2824.1775229647965 16371.13554883877
8282 2410.7491489624476 15748.319507033888
8283 4599.226040626497 16165.298950714658
8284 3250.0183657042535 15375.109477981861
8285 2863.921111628953 15416.461016642426
8286 3041.359162133318 16458.578513515746
8287 2837.061633520584 16368.217103165449
8288 3858.694885611063 15220.398632176622
8289 1982.8614066217083 16349.166734962822
8290 2572.5706826566975 16944.126798314763
8291 2219.92326253156 15396.279581327988
8292 3422.5234379958792 17097.076137717264
8293 3776.980310605107 15231.87259730373
8295 2852.835487537545 15372.84287850548
8296 2626.8603026481856 15410.677256215096
8298 2828.5660584765023 15441.990380969104
8299 1077.6756958595415 16748.842950848368
8300 2418.109546990031 17265.79448716178
8301 2809.473066327486 16299.93339813835
8302 3843.6240604159434 15785.692263172428
8303 1490.0020826681825 16501.90396415834
8304 2825.7357885291362 15434.062982590056
8305 1665.6553031680794 17108.638210597615
8306 2319.8990071398657 16357.328154293486
8307 3680.5518050501223 17461.78675601965
8308 3083.651782259585 16692.642733040462
8309 2010.0470173499232 16358.883210688513
8310 4326.022811723084 17346.575722947196
8311 2788.5679023771713 16360.90761994714
8312 2074.7122890046844 16724.048827434697
8314 2379.69756730854 16646.57993806028
8315 2302.1158218679143 15386.625094625062
8316 2936.6709693773073 16368.996896397506
8317 2568.5291151709393 16937.80796477954
8319 2294.6154100238127 15386.508758882339
8320 3995.6127535640367 15510.889237132476
8321 1925.7357636148372 15378.882805359925
8322 2817.7542877341866 15754.451500249514
8323 3681.9914664783423 15281.161808643104
8324 1317.5049295620197 16601.901647845614
8325 2688.867977418085 14704.685201669563
8326 3632.828707457551 16391.275451365455
8327 2564.157953686786 16371.494434362741
8328 1864.1659645263303 15661.674212067188
8329 2844.6071656525214 16368.002034770205
8330 2780.8086054783766 17268.61431834678
8332 2889.811773036701 15399.431178695344
8333 1812.2882355949819 16349.871716679425
8334 2511.721375605169 15379.983073560601
8336 2487.5958372479236 16369.595442422331
8337 2385.902649789406 16368.046117104643
8338 3555.4140903147872 15371.3683822153
8339 1840.1248703141769 15397.71012862922
8340 1404.3011274241424 16163.145186394973
8341 2853.2373869986945 15357.732601608319
8342 2844.5845939052306 15087.5048716102
8343 3652.805988161407 15250.630549230826
8344 2161.389620235985 16354.431297946407
8345 2201.8079444093805 16355.169967631571
8346 3407.2834794396645 15428.319463106978
8347 1852.5459547007479 16116.866164517536
8348 1872.684584783319 16344.752357636013
8349 2781.0668864851204 16360.984207816162
8350 3611.7956742121546 15918.93068502227
8351 1839.435013476631 16852.459698029324
8352 1892.275955456355 16542.62423532804
8353 2193.909663757644 15422.717258038598
8354 3658.378413080177 16408.656036478686
8355 3604.469907689958 16410.445048766258
8356 2853.034923597204 15365.344649779046
8357 3035.3416876079227 15617.796936025057
8358 2830.701876478141 15464.342587571717
8359 1175.0857562760216 15437.38160510235
8360 3545.673085522718 16210.842584688873
8362 1267.1680640956538 15685.5408064597
8363 1849.589152330469 15408.78126821927
8364 3906.3855298442927 15357.846863000888
8365 2842.3625053737283 15103.704766824207
8366 3173.7433302522018 15406.915542402152
8367 1899.8084179926832 16345.651128770276
8368 3399.4249190358323 15964.93669058897
8369 4429.286107071527 16293.868526599525
8370 3312.2887084338345 16921.115716935845
8371 3894.4164105896975 16464.117331559777
8372 3156.874618565499 15406.565611357144
8373 3623.802038497034 15969.392933253428
8374 4400.496412367492 15473.378217946663
8375 3159.5980747085973 16674.704046372364
8376 2823.2951764070253 15626.786984085531
8377 4250.353962755244 16050.516646530754
8378 1831.5811449788278 16444.166643891156
8379 2502.122751777036 15379.87910620061
8380 3184.0711715258626 15597.847699528222
8381 876.7879836475938 15838.291251705676
8384 2714.049907568859 16625.3726833029
8385 3293.5223558929847 16562.332022605835
8386 1965.3635842601805 16786.45345959128
8387 1751.4137288936486 16908.8174855715
8388 2796.06893912966 16360.831031865126
8389 3170.108262293021 14987.44458911323
8390 2644.2221821699864 16356.46166642133
8391 2639.120218791648 16252.07238285712
8392 2021.6825133287257 16757.728633716833
8393 2686.578753707093 16361.948963102848
8394 4349.755188847902 16972.609314108548
8395 856.6421714997172 15129.49530984431
8396 3113.17406163008 15402.644012557348
8397 4160.4523849966245 16951.38534642978
8398 3761.3427654818965 15820.320702486291
8399 2809.970085422754 15397.123404854025
8400 1501.9615536360634 15721.816910658725
8401 1442.9214039303629 16697.610711615875
8402 2701.6713484042334 15304.035795538528
8403 2299.1880806019826 15413.785240619874
8404 3990.9695042252765 15708.845181633995
8405 2566.61761190376 17130.466753525445
8406 3778.793591796867 16311.294499092526
8407 3740.7473706051032 15781.384821901625
8408 3298.2725209156333 15407.354277118524
8409 1268.234595853575 16822.279181376245
8410 1848.9438132016392 16434.252133283197
8411 3381.12634936224 15315.12284443805
8412 3739.332418140917 15588.895408125058
8413 4090.652032805704 16931.816843628632
8414 3985.9026937473473 15259.82566485093
8415 1613.2632047211944 16992.549938921344
8416 3643.9059838933554 16792.5644734898
8417 2769.793540176021 17081.046608836758
8418 4156.298431577276 15613.007703990665
8419 1828.8105117788477 17128.14031371636
8420 2974.02536396487 15995.536897003472
8421 4065.6126395097103 15987.756798682223
8422 3063.9234237863216 15705.754148408396
8423 2982.978704218749 15399.159990324213
8424 3594.4936018328535 17319.247773438616
8425 3159.204823747349 14970.510778805345
8426 2803.124452594363 16276.284807099857
8427 3921.3155431677974 15390.741998777015
8428 1840.7387325743655 17369.147554861418
8429 3625.4707630897788 15582.38599612689
8430 1818.6773936633285 16787.676495278913
8431 2963.782979377738 15799.79681445774
8432 2361.2767579020374 15404.85847806424
8433 1818.7408302132537 15869.998526135594
8434 2758.5011872047126 14908.540102008603
8435 2815.5721092330723 16587.019775894896
8436 3265.9761150218783 15830.405785038542
8437 3775.470109682406 15846.578896161163
8438 3983.469463872636 16179.355295958634
