6431 2779.9008254194455 15399.594332621506
6500 2794.8962752225657 15399.958870270326
6507 2817.389389375507 15400.505675271552
6518 4212.624819510223 15850.248118981954
6596 2764.9054322377597 15399.229796349146
6619 2772.4031017526295 15399.412063827112
6629 2757.407684972998 15399.047526981089
6680 2742.412343086827 15398.682991955717
6690 2749.910009407135 15398.865259356024
6716 2727.417006208671 15398.31845705209
6739 2675.5927569288538 15397.005577414431
6751 2474.6281774330023 15388.95240140497
6761 2683.0910724344735 15397.20451509639
6780 2660.596099177884 15396.607701341081
6816 2836.3755864677582 15129.232735364792
6913 2668.0944479575187 15396.806639905833
6952 2645.5994370892063 15396.209825152648
6994 2578.1145311273567 15394.41938425306
7011 2653.097747012933 15396.408762686515
7050 2593.111105472662 15394.817258113575
7052 2600.6094263757327 15395.016195938735
7062 2817.5491192775694 15394.105675203666
7071 2734.9146727316047 15398.500724457323
7115 2570.6162213836883 15394.220446723972
7118 2719.9193117704344 15398.13618896824
7119 2540.6229211575546 15393.424694982556
7143 2414.6221621521076 15388.263548780893
7145 2810.049427551732 15393.923407257333
7158 2548.121220835286 15393.623632244584
7177 2690.589355409385 15397.403451915277
7195 2555.6195628393943 15393.822570629574
7198 2563.1178742297293 15394.021508202351
7200 2712.421644641693 15397.95392154828
7237 2533.1246461394844 15393.22575837477
7256 2467.1274016030643 15388.866294552367
7263 2422.12287192027 15388.349654875125
7269 2429.6236380522055 15388.435761616396
7271 2787.3985752746535 15399.776602052536
7273 2459.6266386312395 15388.780187847373
7274 2437.124410470357 15388.521868429832
7280 2482.1289463570256 15389.038508178295
7290 2809.8917137551443 15400.32340764516
7335 2630.6028218184483 15395.81195020634
7340 2444.625132447208 15388.607974664217
7360 2354.6179870342976 15387.43943369153
7380 2802.3940298913153 15400.141139818374
7430 2279.6148101181307 15386.276090867888
7445 2399.6206714328155 15388.091335775267
7452 2287.1151940251266 15386.392426177292
7467 2407.12145622955 15388.177442730806
7478 2623.104461900207 15395.613011346071
7499 2242.1130991694836 15385.694417556166
7508 2167.998289946908 15386.009276165452
7522 2377.119045222133 15387.788438168987
7546 2272.1145121293716 15386.159756891126
7559 2152.985819055896 15385.698691319134
7563 2249.613489615137 15385.810752966989
7570 2145.4795638530095 15385.543398487223
7577 2638.1011140122987 15396.010887269817
7594 2615.606111542741 15395.414072739459
7603 2585.612825678321 15394.618321379072
7617 2234.612722713667 15385.578082362335
7619 2096.1979651732195 15384.6906941703
7622 2608.1077452527734 15395.21513371014
7629 2369.6187021588094 15387.672103493092
7648 2122.9607260368357 15385.077518497634
7650 2130.4669640859543 15385.232810974658
7660 2227.112393407275 15385.461747899819
7672 2066.1644464445185 15384.711500210291
7675 2137.9732856428004 15385.388105179329
7683 2088.689602516037 15384.695895668503
7728 2215.4599391514616 15403.962011950001
7730 2081.18121887463 15384.701097181245
7733 2392.1199496489853 15388.0052295431
7748 2160.4920616728105 15385.853983890658
7774 1464.643006351427 15594.87719100989
7780 1451.6064200278952 15609.248120730605
7804 2058.655994850925 15384.716701770107
7806 2384.6194336586186 15387.904773548646
7815 2073.6728375267517 15384.706298692396
7832 2021.1140202224474 15384.742709372898
7835 2028.6223845557668 15384.737507873533
7841 2051.147594539384 15384.721903294396
7856 2452.125875453236 15388.69408114001
7857 2036.1307746308287 15384.732306356334
7860 2837.1736936125562 15144.453145382242
7870 2043.639225612337 15384.727104796944
7886 2835.126862190966 15121.030842246228
7931 1372.4367201752104 15454.3922768655
7937 2081.986296749075 16361.872651292682
7967 2332.9872764485417 16584.14635154224
7970 996.3302164306498 15690.697146321394
7979 2837.562176127081 15151.990528349239
7986 2362.118351437832 15387.555768698423
7987 2836.7852087711053 15136.915717267957
7997 1278.0541317018533 15698.108378173429
8001 2853.550419968584 15108.935275640233
8005 3238.8837752616155 14292.692456500672
8015 3579.447535596888 15113.325289853467
8020 2013.6055593277233 15384.747910939157
8028 2222.9529668568393 15403.9770884645
8034 1352.502620425179 15675.39589170041
8039 2513.9595707929866 15396.317019363814
8041 2832.4824730306923 15426.879938022328
8042 2829.2924066570026 15426.729928115028
8044 2215.2621872137797 15416.762011948824
8047 2006.0971511928997 15384.753112468867
8069 2853.609562617786 15109.074683313353
8071 2837.950659068504 15159.527919598962
8076 2849.2366144151524 15387.759373671068
8077 2845.2936637599933 15106.015230645784
8079 2339.6173749086065 15387.20676548754
8080 2332.1170685452043 15387.090431380882
8083 2833.133518932006 15113.45016925987
8085 2852.436615378624 15387.839337447269
8087 2831.414116861165 15449.3574906805
8089 2341.427965258007 16183.765555395588
8091 2856.6823176202074 15108.234393219478
8094 1893.668312379508 15396.105115534996
8101 1998.5887850607803 15384.758313969476
8111 2838.253411249432 15174.611446288087
8117 1435.781935335608 15613.847994880485
8118 1098.152285195605 16168.918370742897
8120 2831.770234616204 15441.864993496773
8121 2838.3391447649806 15167.065364302558
8125 1953.695581845097 15381.797713225995
8127 1983.571980336073 15384.768717020897
8129 2871.3116364784973 15419.886239427544
8130 1931.2959463098578 15379.42199430559
8131 1968.6286086238572 15383.38151909647
8132 1991.0803685408787 15384.763515504994
8133 2830.672861836781 16231.256578045926
8138 2841.024315291851 15120.363707654917
8139 2526.901174415316 15415.8051719516
8141 2237.9390615444486 15404.007241572523
8145 2863.81980223258 15419.651346934686
8148 2230.446036865011 15403.992165064114
8150 2826.0924085315114 15426.56995557386
8154 3127.126861690626 16672.832112240172
8155 819.9742711083835 16658.3947627162
8156 2847.518462178572 15094.408658775856
8157 1923.9492545793685 15378.768285549959
8158 2838.2772282917754 15108.67715143447
8159 2367.8276714018652 15822.570907776742
8161 1938.762560453905 15380.21390792693
8166 2852.636052299321 15380.341076348277
8168 2828.9357843471084 15434.222502741024
8172 2882.6033034636353 15987.893853114438
8173 2878.923863596085 15416.925834930136
8179 2796.0689505886426 16360.831031748125
8180 1976.0951370676548 15384.173423628388
8183 2855.636616019296 15387.929313359828
8188 1909.01167693832 15378.470698324292
8190 4097.166959820992 16553.092891289656
8194 2189.6216585880284 15548.04762598808
8200 2831.057995740247 15456.850058680237
8202 3325.66834872091 14417.621818534242
8204 2130.8412519774915 17229.98529622855
8205 1493.132496182307 16768.84555295226
8207 2849.6354867004416 15372.762909978179
8209 3295.33595842853 15407.331875553115
8212 2280.548191722656 16366.070222216358
8213 2849.436050750557 15380.2611345774
8214 3633.4221960538202 15215.946178027663
8215 2317.1164419437214 15386.857762952364
8216 1668.5136044266903 16967.004864399314
8218 2968.8453904316175 15672.781106710121
8219 2347.117673110648 15387.32309946761
8220 3398.046346848539 16723.09081997397
8222 1916.4831148293413 15378.616663501633
8226 3801.4907265776883 16298.544370022006
8227 3337.857879570549 16968.461996614555
8229 1866.1283765091664 16355.338801199518
8230 3720.5126985201705 16752.738176988387
8232 2312.3992668940573 16357.191091936758
8233 2829.0162403794 15499.807327938892
8239 4315.733634650993 16865.152165161766
8240 2324.616741385734 15386.974096951666
8241 2309.6161201939804 15386.741428607056
8242 4713.711073931441 16429.948240488702
8243 2832.1263550867234 15434.372439181023
8245 3147.8467237722466 16631.164203873763
8246 2217.1326234485896 16355.450035548109
8247 3724.497460462421 15254.657139275743
8248 2863.9693382708174 15110.582878317848
8250 2534.403571836332 15415.918864439953
8252 2871.4224591038214 15416.69342490302
8256 2640.206496593639 16939.877270485722
8257 2817.4691869204994 15397.305674682095
8258 3639.9933471709937 15636.500797558472
8259 2469.844518758269 15183.195628387028
8262 2821.4773799436316 16360.064323170047
8264 2822.8924718884346 15426.419962054724
8265 3538.244280841891 16198.28915760909
8269 2622.015329071776 15398.438308467123
8270 2264.6142145835174 15386.043422921235
8272 2849.834923015628 15365.264671644649
8273 1961.162108939105 15382.589617614754
8275 2257.1138676379933 15385.927088185124
8276 1675.71970453708 16415.45232342516
8278 1994.1373865779265 15409.32020102657
8280 1418.562527907651 16283.374093324945
8281 2364.5169723647286 16367.778820174328
8284 3054.301901364294 15052.872582088059
8285 2863.921111628953 15416.461016642426
8286 2634.22979472378 16645.927563809208
8287 2822.414155844944 15648.59819583868
8288 4261.273131579572 15957.001305944952
8289 2289.8999965094245 16356.779903959243
8290 2839.8700034961344 16807.387790701792
8291 3227.897713463926 15403.617756779857
8293 4077.541942567578 15641.439475282228
8295 2852.835487537545 15372.84287850548
8296 1893.3337708139502 15402.504885946362
8298 2828.5791627810686 15441.71506173876
8299 765.6006541132358 17198.446075634947
8301 2826.6415432481776 15549.76948600635
8302 4465.962843551868 15428.173828359459
8303 1816.1047778935938 16348.513877856643
8304 2825.7357885291362 15434.062982590056
8305 1430.804522156712 16557.12579909173
8306 2319.8990071398657 16357.328154293486
8307 3295.636651893071 16889.148951155992
8308 2593.724464729199 16965.812089223837
8309 1456.9948392085414 16533.324820829668
8311 2998.9996727619987 16383.238652190292
8312 2407.2847643888904 16360.545116146388
8314 2745.7759567290927 17214.33838366479
8315 2302.1158218679143 15386.625094625062
8316 2837.0616033870992 16368.217104024337
8317 2762.852911133361 16857.17001726718
8319 2294.615511991972 15386.508760463925
8320 3525.394611038729 15384.080948970432
8321 1946.2290747776267 15381.005810961264
8322 2829.989636619521 15479.32767342979
8323 3273.52924530188 15408.765599338329
8324 1709.0221411190164 16390.53284242284
8325 2838.716853683765 15073.69728863163
8326 3107.6217730086464 16585.81381036792
8327 2349.5110645082527 16367.591263192757
8328 1931.7271261004491 16347.002237378576
8329 2805.1786322904504 15820.573151189867
8332 2550.0084970448647 15416.155343884848
8333 2016.7021808568886 16334.294760467672
8334 2716.4803586087833 15394.851085105074
8336 1884.0267878303825 16355.763959123253
8337 2138.4111477745496 16700.873283273875
8338 2971.689950619354 15599.3328455691
8339 1389.6295086421771 15489.365898081094
8340 1793.4863493580024 16311.707177335687
8341 2853.234358309135 15357.846471723373
8342 2844.5845939052306 15087.5048716102
8343 3625.673915912501 15202.082102318438
8344 2297.399783362327 16356.916967167743
8345 2304.8995187609094 16357.054029435885
8346 2678.9518281011633 15411.746992898505
8348 2274.9004764727806 16356.505778523077
8349 2985.5841110399283 16377.403035654239
8350 4168.148483386971 15598.471417098117
8351 1857.6465088490233 17352.631811067575
8353 2193.909663757644 15422.717258038598
8354 3636.206926150463 16372.680393528783
8355 3057.328653628425 16508.832741767255
8356 2853.034923597204 15365.344649779046
8357 2986.9632472791563 15421.285642468461
8358 2830.701876478141 15464.342587571717
8359 999.7757405622374 15626.513366556248
8360 3861.8890670143414 16678.875985333856
8362 1438.3461100244917 16016.817540523183
8363 1922.0727347378088 15381.927156499349
8364 3605.087441667414 15322.568154773531
8365 2842.3625053737283 15103.704766824207
8366 3851.821149598183 15209.556956064205
8367 2282.400232448889 16356.642841167286
8368 3650.103682153228 16389.298722359978
8369 4085.5120672839575 15723.178990696913
8370 2894.377972194546 16369.953645110802
8371 3650.204927786202 16395.615276688655
8372 3845.4427549700167 15191.395487482188
8373 3628.8988118421416 16354.047662626213
8374 3973.961903977029 15718.939399599767
8375 2844.607073640153 16368.002037392811
8376 2830.3457579295778 15471.835101450699
8377 3502.791804309909 16462.433023122743
8378 2267.3982595006296 16356.368670902655
8379 2265.0325966727883 15413.6618887089
8380 3534.473215580261 16014.945003064015
8381 1487.3857467209339 15560.664209810255
8384 3007.6947633592504 16516.721182514742
8385 3516.554811631454 16167.94514467899
8386 2331.6850562880254 16374.084676929826
8387 1836.9377302018752 16901.632775035887
8388 2567.053698691152 16371.566258349336
8389 2855.824411507492 15249.306898734949
8390 3109.3841893608555 16240.324599087144
8391 2357.011406389617 16367.685009035893
8392 2397.2702337927226 16674.66573763404
8393 2788.5677198316184 16360.90762181099
8394 3934.9083458111386 16825.050911868733
8395 1013.1707705982851 15393.637406510254
8396 2865.000939287312 15399.285862468083
8397 3721.647383820748 16509.601400655025
8398 3617.9081169494852 15953.578395990527
8399 2809.9701888353356 15397.123407367526
8400 1420.6476385674516 16249.778709654856
8401 1802.6710518086447 16353.355068922181
8402 2802.4711288804283 15396.941138549177
8403 2245.432117862503 15404.02231814459
8404 3551.8000920773643 16014.325177001918
8405 2179.335493920738 17196.380002638318
8406 3414.2199773658194 15998.052895753528
8407 3607.291600500585 15933.391003778708
8408 3767.2909005827714 15252.417782389453
8409 1387.2856867064559 16727.65044391888
8410 1619.7812296143297 17015.35478275083
8411 3146.1721633514167 14961.699437414027
8412 3810.8069651804767 15799.910843102894
8413 3658.963501805825 16409.589542963695
8414 3572.261087762111 15358.548713019785
8415 1418.2579058362958 16373.914964601896
8416 3807.1150956562374 16646.799573410717
8417 2355.218969090396 16624.996205566356
8418 3820.4344592882217 15227.055398812978
8419 2190.651295619457 16657.828128732628
8420 2821.0706970450638 16251.101085721517
8421 3811.6405648537216 15519.299267421382
8422 3275.309500055001 15825.139325886124
8423 2839.9306534640505 15724.498917759383
8424 3196.1205890303004 16740.12987420099
8425 2854.7189745708806 15300.493154080508
8426 2827.954185986042 15522.152295126303
8427 3441.875876951225 15426.01668513731
8428 2420.9368195035895 17041.956216294795
8429 3501.68308311011 15719.430556106992
8430 2004.8999608616064 16767.226236952396
8431 3091.823395877335 15508.671074180127
8432 2252.925157148581 15404.037394682391
8433 1436.2628676215134 16058.588751549536
8434 2841.650719564077 15080.601070166165
8435 2419.1678433242405 16368.461894633761
8436 3092.442068234995 15593.00797015641
8437 3617.9931633484057 15978.037144329468
8438 4001.9345635148115 15866.603347020036
8439 2988.705278404008 15598.97196067902
8440 3696.8675580838044 16360.991578972971
8441 3165.8516826075997 16684.86221406988
8442 3713.564101078747 15729.994472626428
8443 2799.899637176337 16287.800815991763
8444 2040.5740318642177 15455.809963850046
8446 4153.6052488268315 17162.648311839763
8447 3011.630628077125 15036.116922035748
8448 3412.6500216655727 15358.871807684896
8449 4233.897344592004 17043.119981418895
8450 1608.1145223616004 17497.26528575012
8451 1772.5074738432058 16040.687598140394
8452 3397.7491266602724 15610.34309027762
8453 4062.975687675516 16367.180805598202
8454 3824.9451848129347 15198.571601542108
8455 4320.499388684314 15187.977817567586
8456 4419.305771378941 16174.311071659244
8457 4232.519762714439 16060.312747306843
8458 1889.6725030087114 17340.75727869007
8459 3798.283118028012 15235.50120737211
8460 2860.8076433706915 15991.499598176364
8461 3368.5382758936134 16641.291906507686
8462 1224.935065531989 15502.575963275285
8463 3751.557151790295 15692.987708968556
8464 877.7976368224919 16183.147030726332
8465 1996.9389626916789 15390.49515753147
8466 2762.5159755816853 14920.626090977306
8467 1958.491157918682 17299.969401188708
8468 3052.3188006117907 15250.56880092846
8469 3364.0765638761163 15674.977526815714
8470 1354.3120420061723 16592.432585852814
8471 2392.306602416352 17519.097460609097
8472 3232.2576660324535 15849.093391458704
8473 2336.2067346424637 16438.969555611133
8474 3721.283494889177 15477.275421716531
8475 1029.924578544082 17329.874169514973
8476 1882.5146003123577 15580.891592608192
8477 1909.5309489370184 15581.164026375836
8478 3486.8345943437657 15747.386908123108
8479 3950.797147592502 15384.734131359675
8480 1086.4958209077822 16888.09270988821
8481 3605.95795128975 15950.896081420642
8482 2852.6607882978224 15379.411073143961
8483 1950.4728925888546 16713.835585608544
8484 4126.276174051664 16125.8981887288
8485 3356.132267555154 16096.625896604808
