1002 1579.1050382111594 16939.385839548955
1005 2817.2047959634306 15546.085143717362
1007 2849.436050633243 15380.261138988059
1008 2855.8360495697025 15380.43117897418
1010 2802.3940416574223 15400.141140104406
1012 2707.0813224961157 16371.770785869458
1017 1432.1345503302625 16412.273414351526
1019 2347.962409539221 16367.37163784987
1021 2787.3986208841816 15399.7766031613
1022 1534.0836036972803 15527.269744643729
1024 1847.8458681542095 16494.081757108215
1025 2852.8354874332626 15372.842882426185
1026 2315.9864737850075 17443.24050749582
1027 1907.1552648020813 15843.813379006157
1029 2767.284706232373 15412.686297594902
1030 2474.627365114986 15388.952392079782
1031 1518.4450650326112 15535.08361480144
1033 2919.8295432957593 17478.807533253595
1034 2809.4913744855617 16291.475276514735
1035 2809.8917362039156 15400.323408190889
1036 2467.0619588645122 15388.86554328765
1037 2855.636614654518 15387.929364671609
1038 2372.051091207645 16367.872988191517
1041 2838.803059468143 16353.630839284446
1042 3001.8973852848394 16392.39012750335
1044 2722.901033174458 15418.54624173912
1045 2754.0064238051996 15401.548912024384
1046 2794.8962851767083 15399.95887051231
1047 3116.037008273763 16663.8419367636
1048 3436.603011064334 16066.995280849047
1049 3654.964843067885 16403.209700557636
1050 1453.9520011435015 16680.84800999742
1052 2022.7326650873804 15384.741588039427
1053 4157.988992070809 17157.761516422706
1054 2849.8349219516017 15365.264711649019
1056 2849.6354866932566 15372.762910248326
1059 2460.9020513913397 17039.9237676281
1061 2552.610257447282 16930.73670174902
1062 3957.0646328777334 15446.35470036806
1063 2364.5136677686924 16367.778778870592
1064 2296.657973545974 15393.924097576788
1065 2303.6398366146086 17119.519268307664
1066 4459.678998269056 15915.819669788154
1067 3256.1362638266864 16172.109078792146
1068 3559.1477432415113 16438.890113740632
1069 2756.3596495439087 15418.954097802727
1070 2850.0343568809403 15357.76652541944
1071 3186.333457685025 15877.91162775298
1072 3700.591930850249 16469.97627458375
1073 902.0428430945942 15884.906948205693
1074 2307.3848250230385 16933.742819467043
1075 2832.1263593166655 15434.372350185655
1077 2908.232284677449 15602.557023855827
1079 2379.8561421746012 16367.97054255573
1080 2469.8114319919396 17042.22307516133
1081 3376.334578341922 15458.308156715178
1082 3650.168698380492 16395.557472831402
1083 2817.549110243624 15394.10567498411
1084 2388.810837908131 16368.082466187325
1085 3776.9723083530484 15231.876901186539
1086 2917.5000325092537 15399.593347909271
1087 2865.174418072891 16370.618111099639
1088 3011.736827204768 16293.984217559457
1089 3654.9579932253646 14932.434928435978
1090 3389.3506784364413 16523.993967671275
1091 2853.234359007591 15357.8464454634
1092 2842.2411840140117 15123.327976697696
1093 2053.1957355369163 16736.22568119901
1094 3640.528553565063 16373.61078006898
1095 4156.559357839613 15772.955419454025
1096 2832.4824765571966 15426.879863826865
1097 3697.22723105869 16470.63915447094
1098 3418.8196254211502 16005.452356767697
1099 2795.7667656257213 15402.533068327366
1101 3102.8787645408265 16682.271675446453
1102 1549.9498462467648 16478.672909260316
1103 2326.230496014731 15400.213152831755
1104 2853.0349227045167 15365.344683341556
1105 1902.8796378723694 15402.64645139441
1106 3463.1309187578686 16077.710143484896
1107 2676.330737500156 16372.20188839492
1108 4162.280747475976 16098.89415102077
1109 3102.670040709467 16462.887091338467
1111 1397.4475388199735 16166.942767222205
1112 3459.2274995141875 16071.11711888169
1113 2421.5902191920554 15388.34354016766
1114 2954.396002893961 15398.946559161395
1115 2863.4514922552735 15116.761702257569
1116 1694.2849502110364 16949.78401956883
1117 848.3624164472466 15776.474470860821
1118 885.350910059519 15856.912957357697
1119 2187.3595071798422 15430.119956982273
1120 2202.2126071735947 15392.884066680837
1121 1849.3576789155718 15430.787024912785
1122 2811.6851905594644 16356.115861413398
1123 3790.6816746728105 17122.70032884139
1124 4116.916038105623 16965.36207978737
1125 2957.1009898499565 15398.96675769004
1126 3820.200092912892 16667.8524268112
1127 2850.600642694074 15336.475789137032
1128 2348.8458691373785 16359.644570312801
1129 3446.34713973859 16043.418754000922
1131 2732.536414185923 16866.559318532738
1132 832.8332804288709 15165.066632436123
1133 4284.890229667884 16000.838876819043
1134 2831.7700360966774 15441.869170224762
1135 1191.216585992713 16673.834943254995
1136 4075.3251504776854 15658.838379039214
1137 3293.926039104559 15407.32111998428
1138 1197.9062721110815 16441.26998445829
1139 2187.211957381889 15437.645853331727
1140 3080.3547257631776 15400.749157465836
1141 2593.7241650577707 16965.812256426598
1142 1674.841923956414 17469.208974674777
1143 1835.0900883138415 16357.048617356635
1144 4047.457252327391 15675.319014895858
1145 1839.4350143262325 16852.459664053324
1146 4569.257598265895 15583.58341890621
1147 1137.0724891890216 16476.063548988805
1148 3342.867526182391 16972.900384398716
1149 2751.958307722909 14904.310487099841
1150 1849.0074677869395 15464.080960164356
1151 2060.8131045223704 15384.715207409407
1152 2841.2617581464315 16677.75632587973
1153 3741.245963835871 16336.06068747141
1154 3565.9969471356885 14783.030374673468
1155 3599.980852091228 15939.745145838011
1156 2562.6261285249784 17424.884929436885
1157 2995.577802507865 15424.628461335189
1158 1853.9399606017334 17293.504641576743
1159 2195.398808520202 15504.790733423053
1160 967.2592551339918 16023.076792818183
1162 2949.6010460434063 15398.910754525414
1163 3607.0357503408773 14855.223115382316
1164 3026.7134535565287 15399.484415422734
1165 1376.3411176666555 16852.7390914286
1166 3413.25337494359 17040.975258682458
1167 1006.3228037592012 16186.258762756104
1169 3141.717651359043 14964.186993955682
1170 2188.0242201900483 17185.62429073011
1171 2830.679744469634 16168.634943032122
1172 2856.0354855737382 15372.932952339035
1173 2247.1535104103 17331.664223361866
1174 2965.8997028331178 15655.001487451484
1175 4147.569317709231 17090.82788605423
1176 3244.209358507902 17021.17807795786
1178 2721.8654334399994 15398.18349896074
1179 4556.775323944886 15891.680111643254
1180 1140.7885635117818 14967.384548253813
1181 1459.0636553125707 15581.56766132154
1182 3254.808167030783 15402.659824358067
1183 1272.7338761716446 15284.274629497273
1184 3158.207261842212 15576.587404406419
1185 2821.0766538949897 16196.801420219172
1186 3696.426382115233 17489.931331597276
1187 3344.4166528186624 16969.844666395773
1188 1983.9110456142537 17666.67316324382
1189 1648.457150799123 16626.716093057705
1190 3351.1413512896065 15472.451415310808
1191 3585.2606448990314 16285.279108145298
1192 4604.543099572096 17183.20702626688
1193 1839.69254336673 15891.331619097957
1194 1404.5887832290334 16004.787176869979
1195 2802.7985773806345 15812.647493393692
1196 2640.823731198898 16372.614818227605
1197 3453.919695708416 15489.579946877318
1198 1824.4796521105643 16335.693485171028
1199 2937.3395974194127 16360.187640262431
1200 4401.999921894442 15805.482760477675
1201 3410.528358805705 17454.240372302145
1202 2407.4843891759742 15650.997230490182
1203 2381.9478936228616 17566.63115455536
1204 4194.569905231809 17148.54870767373
1205 3515.7354986139076 17398.473271791034
1206 3648.128469494827 15782.590876100543
1207 4263.190262756012 15541.607239348199
1208 2723.406670584346 16893.45543080106
1209 1934.4116943749077 15597.464730992633
1210 2508.852221150787 15443.506069614634
1211 3826.392384491934 16701.302813777715
1213 3017.7318064428437 15204.3642204703
1214 4547.5140176431105 15750.399242496884
600 3528.3076435670887 15207.582096198743
655 3112.1806421561337 16453.87275674952
696 2838.1222480450915 15162.85710889603
704 3352.0579316026574 15532.906473457457
715 4074.303349614738 15617.575071856545
716 2526.9011753526115 15415.805171965805
739 1307.3027768334068 17608.915767327082
740 1284.2557706700868 15283.235478702956
744 2925.0484444014337 14481.683555595064
764 3569.131553362057 15996.416005652187
768 3091.6162393224527 16534.53954974455
775 2833.3322340012996 15112.4714975436
781 3435.674014488495 16026.359655314607
782 3456.084445009177 15624.996776386779
788 1311.5006296506197 15269.294801995806
791 2865.0009059874783 15399.285862273047
798 2637.1041736338957 15414.274432983038
801 3362.7170616697913 15543.632882352496
821 880.8587649536623 15749.915543249683
823 2872.500768641995 15399.329788718927
831 2850.570084108799 15110.090982737722
833 3019.635477441162 16422.14184636979
837 2822.8924764962057 15426.419865110072
839 3072.7442880702733 15596.235497464055
842 2711.4558817673615 17345.312111751846
846 2836.5367635019734 15132.095353236706
856 1494.6774266437737 16753.001128229473
858 2534.4034965622186 15415.918863299237
863 3104.0870023294233 15591.829736263035
870 3925.2167600632683 16211.419567021552
878 1139.6003193707295 17089.557206788908
881 4314.833304430493 15185.717562567965
888 1513.7489584976709 17469.0405151358
890 2541.927273931395 15416.032879782622
897 2817.3894306919083 15400.505676275949
898 4021.276679483246 15550.743638922906
900 2408.9389550637197 17065.79805246179
901 1744.1020681229695 15274.71639870797
905 2849.236614518043 15387.75936980268
913 1543.1807131559592 15507.593349607441
917 2371.731106624914 16639.89147286048
918 862.9761340698309 15800.586421995027
921 1891.2637517364828 15577.779516824234
923 3830.389058207992 15199.503262425738
928 2557.2450592644473 15413.063919358134
929 2894.688421480821 15417.455041549923
930 3168.632448478152 15578.586389184888
931 3701.952785064571 15272.236057190466
933 3003.611994714832 15175.245275879968
935 2128.3018976433527 16362.851756672657
940 2852.6360511836647 15380.341118293773
941 3930.2524697160907 15738.499344394562
943 3190.436982419676 15608.332215024977
945 2533.682203696939 15412.706750887994
947 2855.636614690626 15387.929363314044
948 2337.33394443742 16135.97297218297
950 2895.000342707585 15399.461567975168
951 1632.4379043278313 15424.906940650737
952 3670.192642631882 15289.335950380462
953 2027.9309088517284 17285.47304468871
955 2196.167238491759 16364.286420566796
957 2415.6330044210313 17073.034399325763
958 1727.9188764219957 16932.030936527357
962 2902.500226271624 15399.505494543515
964 2880.000613372565 15399.373715059828
965 1438.3693353506053 16532.406106913026
966 4373.066114978956 15482.530939230934
968 4465.456173967956 17267.358025110152
970 2855.8360512198387 15380.431116933749
973 2482.1290181894233 15389.03850900291
975 1466.6985155366147 15592.592775726824
976 2187.518749230975 15422.594295602814
977 2772.4031342136877 15399.412064616237
980 2649.914536100755 15420.68764828744
981 4047.290442512403 16915.097096834837
982 2779.900854761228 15399.5943333348
983 2418.2809192978193 16732.28855077074
984 2910.000119353713 15399.549421167609
985 3509.3850425507435 15784.006795251009
986 2695.950980836614 15418.217724201542
989 2852.4366162893584 15387.83930320625
991 3471.26742102237 16048.719700888249
992 3616.00729997924 15338.428640229266
993 3585.0975495133716 15129.332751606322
994 2357.011514672434 16367.685010389307
995 2887.50047760287 15399.417641514938
997 2662.7991456263417 15417.81360775928
998 2827.1621903846744 15538.81539245521
999 2794.0857519875917 16360.851280865963
