6131 3680.181416584012 15886.518237017252
6265 3876.526635536087 16746.908077741886
6431 2779.9008254194455 15399.594332621506
6500 2794.8962752225657 15399.958870270326
6507 2817.389389375507 15400.505675271552
6518 3761.995654488161 15239.93185404108
6565 3360.9108758358107 17130.824465232345
6596 2764.9054322377597 15399.229796349146
6619 2772.4031017526295 15399.412063827112
6629 2757.407684972998 15399.047526981089
6680 2742.412343086827 15398.682991955717
6690 2749.910009407135 15398.865259356024
6716 2727.417006208671 15398.31845705209
6733 3349.4501401229963 15265.377781259533
6739 2675.5927569288538 15397.005577414431
6751 2474.6281774330023 15388.95240140497
6761 2683.0910724344735 15397.20451509639
6780 2660.596099177884 15396.607701341081
6816 2836.3755864677582 15129.232735364792
6913 2668.0944479575187 15396.806639905833
6952 2645.5994370892063 15396.209825152648
6994 2578.1145311273567 15394.41938425306
7011 2653.097747012933 15396.408762686515
7050 2593.111105472662 15394.817258113575
7052 2600.6094263757327 15395.016195938735
7062 2817.5491192775694 15394.105675203666
7071 2734.9146727316047 15398.500724457323
7115 2570.6162213836883 15394.220446723972
7118 2719.9193117704344 15398.13618896824
7119 2540.6229211575546 15393.424694982556
7143 2414.6221621521076 15388.263548780893
7145 2810.049427551732 15393.923407257333
7158 2548.121220835286 15393.623632244584
7177 2690.589355409385 15397.403451915277
7195 2555.6195628393943 15393.822570629574
7198 2563.1178742297293 15394.021508202351
7200 2712.421644641693 15397.95392154828
7237 2533.1246461394844 15393.22575837477
7256 2467.1274016030643 15388.866294552367
7263 2422.12287192027 15388.349654875125
7269 2429.6236380522055 15388.435761616396
7271 2787.3985752746535 15399.776602052536
7273 2459.6266386312395 15388.780187847373
7274 2437.124410470357 15388.521868429832
7280 2482.1289463570256 15389.038508178295
7290 2809.8917137551443 15400.32340764516
7335 2630.6028218184483 15395.81195020634
7340 2444.625132447208 15388.607974664217
7360 2354.6179870342976 15387.43943369153
7380 2802.3940298913153 15400.141139818374
7430 2279.6145713089236 15386.276087163818
7445 2399.6206714328155 15388.091335775267
7452 2287.1148780945005 15386.392421277023
7467 2407.12145622955 15388.177442730806
7478 2623.104461900207 15395.613011346071
7499 2242.1070999686485 15385.694324505079
7508 2167.998289946908 15386.009276165452
7522 2377.119045222133 15387.788438168987
7546 2272.1141448646736 15386.159751194637
7559 2152.985819055896 15385.698691319134
7563 2249.6112079137815 15385.810717576474
7570 2145.4795638530095 15385.543398487223
7577 2638.1011140122987 15396.010887269817
7594 2615.606111542741 15395.414072739459
7603 2585.612825678321 15394.618321379072
7617 2234.5971807121214 15385.577841296867
7619 2096.1979651732195 15384.6906941703
7622 2608.1077452527734 15395.21513371014
7629 2369.6187021588094 15387.672103493092
7648 2122.9607260368357 15385.077518497634
7650 2130.4669640859543 15385.232810974658
7660 2227.06794992315 15385.461058555575
7672 2066.1632405482055 15384.71150104569
7675 2137.9732856428004 15385.388105179329
7683 2088.689602516037 15384.695895668503
7728 2215.4599391514616 15403.962011950001
7730 2081.18121887463 15384.701097181245
7733 2392.1199496489853 15388.0052295431
7748 2160.4920616728105 15385.853983890658
7774 2088.7790412487293 15408.288513041598
7780 2058.1824588267905 15408.069388399817
7804 2058.651698728258 15384.716704746292
7806 2384.6194336586186 15387.904773548646
7815 2073.6727094331322 15384.706298781135
7819 2116.9350928132126 16170.361104939268
7832 2019.5605545429837 15384.743785552793
7835 2028.0108749848189 15384.737931503301
7841 2051.1354368952825 15384.721911716733
7856 2452.125875453236 15388.69408114001
7857 2035.871538336089 15384.73248594504
7860 2837.1736936125562 15144.453145382242
7870 2043.5809264587951 15384.727145184303
7882 2421.592433185277 15541.630398873021
7886 2835.126862190966 15121.030842246228
7931 1893.6683125203638 15396.10511553713
7933 3726.6212440906215 15707.987727822843
7937 2350.6739144053413 15856.08892104616
7958 4299.886113840205 15165.62980378525
7967 2402.0794201878266 15749.494112367016
7970 1372.2917570886889 15670.012805349821
7976 2306.0491588158006 17561.182930165178
7979 2837.562176127081 15151.990528349239
7982 3381.810673717087 14502.851954494068
7986 2362.118351437832 15387.555768698423
7987 2836.7852087711053 15136.915717267957
7997 2005.2587692780062 15409.741975195979
8001 2853.550419968584 15108.935275640233
8005 3485.725774034864 14661.907400631404
8008 968.7998917031986 17373.41094456726
8014 2452.6382017540764 15688.228835387288
8015 3579.9877256952755 15120.588983763546
8020 2011.1948152733833 15384.749581007778
8028 2222.9529668568393 15403.9770884645
8034 1993.867001370623 15406.10597050927
8039 1967.453496628773 15403.317228607553
8041 2832.4824730306923 15426.879938022328
8042 2829.2924066570026 15426.729928115028
8044 2779.7865536202657 15412.838693444364
8047 2000.3561089058405 15384.75708963706
8061 3525.12417746538 16658.022504737317
8069 2853.609562617786 15109.074683313353
8071 2837.950659068504 15159.527919598962
8076 2849.2366144151524 15387.759373671068
8077 2845.2936637599933 15106.015230645784
8079 2339.6173749086065 15387.20676548754
8080 2332.1170685452043 15387.090431380882
8081 4181.595627115605 15587.351303374646
8083 2833.133518932006 15113.45016925987
8085 2852.436615378624 15387.839337447269
8087 2831.414116861165 15449.3574906805
8089 2537.930717966198 15415.972315356743
8091 2856.6823176202074 15108.234393219478
8094 2122.736465459756 15408.531707144566
8097 2788.216445598941 15808.573775991767
8099 3538.762577816769 17021.500094548195
8101 1988.5167744140806 15384.765291462132
8110 3916.1658931700035 15742.573013166199
8111 2836.552451946335 15274.28928541168
8117 2019.811749532798 15407.091445117072
8118 1377.4417157435253 16022.946167841787
8120 2831.770234616204 15441.864993496773
8121 2838.3391447649806 15167.065364302558
8124 3224.924683417523 15333.595075453177
8125 1915.8394788847982 15378.604089157021
8127 1961.7283150315047 15382.649669776069
8129 2871.3116364784973 15419.886239427544
8130 1837.2391805771979 15383.07176166992
8131 1936.5391548112898 15379.978092176954
8132 1974.7990831873253 15384.035963368353
8133 2864.2419480612766 15399.28141708174
8138 2841.024315291851 15120.363707654917
8139 2854.783995141614 15407.20836414252
8141 2237.9390615444486 15404.007241572523
8142 2307.0400673487416 15464.055721535857
8145 2863.81980223258 15419.651346934686
8148 2230.446036865011 15403.992165064114
8150 2826.0924085315114 15426.56995557386
8154 3872.936940394809 16257.186056304881
8155 1035.773751855476 16772.53433647788
8156 2847.518462178572 15094.408658775856
8157 1829.7397135170168 15382.935095901297
8158 2838.2772282917754 15108.67715143447
8159 2840.6673747642403 15417.044219600233
8160 4359.700623471606 14907.620924598992
8161 1907.1309053790205 15378.433954773962
8162 2511.4679375071196 17320.831461333055
8164 3124.4252986306833 15166.545983492679
8166 2852.636052299321 15380.341076348277
8167 2892.774033757661 17233.555935572447
8168 2828.9357843471084 15434.222502741024
8172 2873.4412314673855 15399.335296978385
8173 3087.860784172878 15426.49658336135
8177 3129.6587657728483 15404.123316266836
8179 2665.173657729455 16362.167516257612
8180 1949.0925666988855 15381.309514649882
8183 2855.636616019296 15387.929313359828
8188 1814.7407532425661 15382.661763887434
8189 4096.4741941571265 16553.46380399056
8190 3659.591981553259 16404.553741751464
8194 2324.918141238623 16402.091547102442
8195 3368.51803400315 17249.643904210225
8200 2831.057995740247 15456.850058680237
8201 4968.056205627555 15951.43466247887
8202 3584.0404092514245 14818.173263989014
8203 1893.3338468646111 15402.504887074196
8204 1802.067080832623 17297.20132412635
8205 1497.941292841201 15865.00390007448
8206 4267.577877022594 17018.878492164906
8207 2849.6354867004416 15372.762909978179
8209 2180.902105467518 15392.649395769668
8212 2484.7407254094146 15618.199203599514
8213 2849.436050750557 15380.2611345774
8214 3583.45881479204 15332.388345792771
8215 2317.1164419437214 15386.857762952364
8216 2399.0638702800397 16713.538880068234
8218 2883.110220515929 15399.39192792534
8219 2347.117673110648 15387.32309946761
8220 3150.517941228405 16629.393439478194
8221 4359.447605556157 16419.907244914004
8222 1822.2402456375653 15382.798430117744
8225 1842.3981365336726 16868.58453413342
8226 4060.4504605218585 15599.368727038087
8227 3147.84671935853 16631.16419676591
8229 2616.7170542246186 16372.462552560542
8230 3368.7980098265757 16635.357767985122
8231 3556.3508617102225 17252.734578454816
8232 2312.3345880486104 16357.189909891154
8233 2814.9049196378082 16360.074272911617
8237 1499.6667939653362 15801.103044771504
8239 4094.749990652044 16403.068855162048
8240 2324.616741385734 15386.974096951666
8241 2309.6161201939804 15386.741428607056
8242 4293.2747423279825 16029.25617887244
8243 2832.1263550867234 15434.372439181023
8244 5067.181835289157 16189.978313697913
8245 3143.8901902249213 16624.792595635026
8246 1459.9115250218092 16284.431967224658
8247 2729.8002500156463 15400.97845073342
8248 2863.9693382708174 15110.582878317848
8249 1845.344549480232 17379.74510620662
8250 2894.016629360922 15399.455806398846
8251 3284.3916985308724 15995.372285711817
8252 2871.780116913447 15416.704505929421
8253 2451.374654276099 15678.745188167515
8254 3947.2076796970077 16834.83515799484
8256 3174.9167835576404 16644.693276921822
8257 2817.4691869204994 15397.305674682095
8258 3529.849758505548 16017.414960219328
8259 2215.4107837740326 15407.1620124585
8261 4389.8520348772045 15472.873905118322
8262 2850.901425705923 15602.738319488642
8263 1843.1603272259654 16701.93904981658
8264 2822.8924718884346 15426.419962054724
8265 2896.9004717213575 16351.870894500082
8266 2562.1217965828205 16659.88893994526
8267 1995.5174630859742 17310.217345588164
8269 1604.1868401809027 15435.76315193587
8270 2264.6137658779908 15386.04341596155
8271 3895.7159229483286 15757.341920810313
8272 2849.834923015628 15365.264671644649
8273 1924.7379200372247 15378.818841028027
8275 2257.1126566938615 15385.927069402678
8276 2349.5143965781144 16367.591304839885
8277 1843.031831530224 16975.181298237603
8278 2187.517587984127 15422.649175268647
8280 1440.1622897517955 15614.766411252755
8281 2837.7006838653074 16371.40172619903
8282 2505.5259751183758 15573.387661565215
8283 4647.543331209108 16246.642749725186
8284 3222.7911978561033 15403.578945043424
8285 2863.921111628953 15416.461016642426
8286 2993.3870022485885 16313.384268141526
8287 2837.1093455990826 16368.215743240135
8288 3794.179393678593 15222.622346576958
8289 1846.7651887670233 16341.736813944979
8290 2572.5706826566975 16944.126798314763
8291 2013.0739425984086 15393.889406171069
8292 3440.820346057819 17060.006037199964
8293 3639.461994845784 15305.88964411798
8294 2485.788474979851 16979.813479808967
8295 2852.835487537545 15372.84287850548
8296 2842.605443396816 15415.10773678404
8298 2825.396043047247 15508.591870865494
8299 1244.1889834742108 16654.696232764494
8300 2496.4933228632326 17301.005938043512
8301 2814.2966172385363 16456.750342685624
8302 3691.1613658341416 15873.153851036945
8303 1411.6684105076479 16548.26653552885
8304 2825.7270969550314 15434.245603304398
8305 1748.3188428082133 17233.170246141988
8306 2319.8989066841204 16357.328152457596
8307 3711.361972694113 17527.68904708703
8308 3163.3979808956797 16650.685476982893
8309 2207.4127597029365 16364.5241493257
8310 4219.955009474949 17409.489030678276
8311 2788.5679023771713 16360.90761994714
8312 1912.322290216171 16817.51937398665
8314 2338.6373915248196 16492.81131317046
8315 2302.1156010015184 15386.625091199297
8316 3051.4524593086694 16493.022280109915
8317 2541.768586290771 16895.96891893797
8319 2294.615265004486 15386.508756633006
8320 4062.0398873011527 15625.126633811931
8321 1923.7589302209674 15381.95997917619
8322 2810.914648811379 15932.300546256189
8323 3764.6697465966618 15236.67584963884
8324 1158.9892384144507 16692.1915013354
8325 2765.8875780814733 14631.714945182859
8326 3773.811367174641 16317.766101994877
8327 2748.977352607769 16371.183431697482
8328 1868.2825476174262 15488.809716292591
8329 2846.1014208895845 16367.959444390852
8330 2691.912881057906 17130.88725299512
8332 2919.492561323963 15399.605018084203
8333 1686.8328334589455 16399.341797575096
8334 2511.721375605169 15379.983073560601
8336 2656.8526278190175 16372.474958395895
8337 2567.6643850332184 16371.581405376293
8338 3709.752171750823 15287.469443839796
8339 1893.5010104538758 15399.304885765157
8340 1328.617331254738 16205.081659367714
8341 2855.72782148362 15253.779412237978
8342 2844.5845939052306 15087.5048716102
8343 3659.004890486992 15261.722549605125
8344 1980.152650629466 16349.052074196272
8345 2034.8000498372078 16351.33582580838
8346 3376.40698595528 15454.604851865946
8347 1855.958254214872 15905.964922132633
8348 1810.1278076121673 16350.640347748955
8349 2781.066782170735 16360.984208881246
8350 3614.3867610189536 15966.898297851956
8351 1839.435013476631 16852.459698029324
8352 1854.2174265506083 16495.235517631052
8353 2193.909663757644 15422.717258038598
8354 3748.9345848160806 16553.191165135344
8355 3663.8581205168666 16417.398885560975
8356 2853.034923597204 15365.344649779046
8357 3056.8677184179805 15697.876040928846
8358 2830.701876478141 15464.342587571717
8359 1258.1144560151527 15388.56242614477
8360 3468.3804502307034 16080.30063791663
8362 1097.098691679043 15678.781969322066
8363 1848.608761451979 15503.731808396156
8364 3996.8280661634662 15513.08644112226
8365 2842.3625053737283 15103.704766824207
8366 3088.716865782149 15400.966563514887
8367 1821.0047561936806 16347.741240538295
8368 3304.6437335659116 15797.79710883061
8369 4463.124411533511 16365.253003557636
8370 3364.968222717941 16953.126571814482
8371 4021.5788818397464 16391.03920906445
8372 3043.7505619269764 15399.797491191372
8373 3611.894986618513 15925.921522942916
8374 4522.031270032445 15404.933020043514
8375 3243.2933800667693 16810.852477056655
8376 2814.0760919571494 15840.934122462886
8377 4287.570584236032 16005.814095743464
8378 1826.306582590562 16537.41389840446
8379 2502.122751777036 15379.87910620061
8380 3138.8001062059334 15581.560076804679
8381 951.5531292598185 15997.041967525593
8384 2589.6385518147304 16649.61388400625
8385 3176.3739397644035 16630.193090747063
8386 1820.5785822896544 16869.847328400017
8387 1717.5430606663372 16860.975135858473
8388 2796.06893912966 16360.831031865126
8389 3210.2832524875494 15050.2405818082
8390 2639.6568208091944 16264.71046730967
8391 2629.597548170342 16172.678930648539
8392 1859.711795400814 16848.332972291326
8393 2643.130651211159 16346.355994490415
8394 4431.885709428553 16924.579104285116
8395 930.2583567168446 15085.939236185479
8396 3181.4611751198145 15408.06505169088
8397 4301.948762126039 16891.346055424827
8398 3760.8633637141256 15819.41438677379
8399 2802.252970971505 15396.935836100001
8400 1588.8481280741896 15690.552552545172
8401 1356.357301650048 16744.349795594702
8402 2685.7890913930896 15265.50518016044
8403 2303.696474665511 15473.45324319053
8404 4070.313391612746 15661.753617753708
8405 2608.675516944424 17206.409672449823
8406 3950.7473838463716 16214.215167904229
8407 3707.0852690949846 15718.10997679495
8408 3258.3627513822203 15385.248025801444
8409 1333.5385303337478 16760.48016956967
8410 1864.33820293596 16355.296277510355
8411 3427.9676666713012 15390.284668000568
8412 3816.4720778682486 15547.801631326221
8413 4117.321443838103 16916.41310681857
8414 4011.3177569802615 15315.289789265205
8415 1733.0138127286523 16929.3416630011
8416 3566.33904019927 16832.88997384989
8417 2854.975765305607 17028.5677059041
8418 4258.403274386031 15555.645572376812
8419 1829.4986847114965 17267.633410392402
8420 3015.404367612025 16060.765627387775
8421 4117.8397304431555 16084.588685344102
8422 3038.884872202881 15634.164773830867
8424 3642.4981390987114 17398.82894543055
8425 3197.5669292760635 15030.388854421324
8426 2801.2464937322566 16342.588337907862
8427 3958.467994469459 15454.642238587152
8428 1854.38 17384.08
