6431 2779.9008254194455 15399.594332621506
6500 2794.8962752225657 15399.958870270326
6507 2817.389389375507 15400.505675271552
6518 4020.3693276048366 15521.05289128695
6565 3389.9031776224324 17110.883863427207
6596 2764.9054322377597 15399.229796349146
6619 2772.4031017526295 15399.412063827112
6629 2757.407684972998 15399.047526981089
6680 2742.412343086827 15398.682991955717
6690 2749.910009407135 15398.865259356024
6716 2727.417006208671 15398.31845705209
6739 2675.5927569288538 15397.005577414431
6751 2474.6281774330023 15388.95240140497
6761 2683.0910724344735 15397.20451509639
6780 2660.596099177884 15396.607701341081
6816 2836.3755864677582 15129.232735364792
6913 2668.0944479575187 15396.806639905833
6952 2645.5994370892063 15396.209825152648
6994 2578.1145311273567 15394.41938425306
7011 2653.097747012933 15396.408762686515
7050 2593.111105472662 15394.817258113575
7052 2600.6094263757327 15395.016195938735
7062 2817.5491192775694 15394.105675203666
7071 2734.9146727316047 15398.500724457323
7115 2570.6162213836883 15394.220446723972
7118 2719.9193117704344 15398.13618896824
7119 2540.6229211575546 15393.424694982556
7143 2414.6221621521076 15388.263548780893
7145 2810.049427551732 15393.923407257333
7158 2548.121220835286 15393.623632244584
7177 2690.589355409385 15397.403451915277
7195 2555.6195628393943 15393.822570629574
7198 2563.1178742297293 15394.021508202351
7200 2712.421644641693 15397.95392154828
7237 2533.1246461394844 15393.22575837477
7256 2467.1274016030643 15388.866294552367
7263 2422.12287192027 15388.349654875125
7269 2429.6236380522055 15388.435761616396
7271 2787.3985752746535 15399.776602052536
7273 2459.6266386312395 15388.780187847373
7274 2437.124410470357 15388.521868429832
7280 2482.1289463570256 15389.038508178295
7290 2809.8917137551443 15400.32340764516
7335 2630.6028218184483 15395.81195020634
7340 2444.625132447208 15388.607974664217
7360 2354.6179870342976 15387.43943369153
7380 2802.3940298913153 15400.141139818374
7430 2279.6148101181307 15386.276090867888
7445 2399.6206714328155 15388.091335775267
7452 2287.1151940251266 15386.392426177292
7467 2407.12145622955 15388.177442730806
7478 2623.104461900207 15395.613011346071
7499 2242.1130991694836 15385.694417556166
7508 2167.998289946908 15386.009276165452
7522 2377.119045222133 15387.788438168987
7546 2272.1145121293716 15386.159756891126
7559 2152.985819055896 15385.698691319134
7563 2249.613489615137 15385.810752966989
7570 2145.4795638530095 15385.543398487223
7577 2638.1011140122987 15396.010887269817
7594 2615.606111542741 15395.414072739459
7603 2585.612825678321 15394.618321379072
7617 2234.612722713667 15385.578082362335
7619 2096.1979651732195 15384.6906941703
7622 2608.1077452527734 15395.21513371014
7629 2369.6187021588094 15387.672103493092
7648 2122.9607260368357 15385.077518497634
7650 2130.4669640859543 15385.232810974658
7660 2227.112393407275 15385.461747899819
7672 2066.1644464445185 15384.711500210291
7675 2137.9732856428004 15385.388105179329
7683 2088.689602516037 15384.695895668503
7728 2215.4599391514616 15403.962011950001
7730 2081.18121887463 15384.701097181245
7733 2392.1199496489853 15388.0052295431
7748 2160.4920616728105 15385.853983890658
7774 1724.8408229489787 15391.120796188807
7780 1693.3059734992587 15391.84522195679
7804 2058.655994850925 15384.716701770107
7806 2384.6194336586186 15387.904773548646
7815 2073.6728375267517 15384.706298692396
7832 2021.1140202224474 15384.742709372898
7835 2028.6223845557668 15384.737507873533
7841 2051.147594539384 15384.721903294396
7856 2452.125875453236 15388.69408114001
7857 2036.1307746308287 15384.732306356334
7860 2837.1736936125562 15144.453145382242
7870 2043.639225612337 15384.727104796944
7886 2835.126862190966 15121.030842246228
7931 1502.781661623057 15552.491329829645
7937 2337.722623281188 16346.623916371387
7967 2338.9356609973493 16274.970618709427
7970 874.8154206530508 15752.349803635712
7979 2837.562176127081 15151.990528349239
7986 2362.118351437832 15387.555768698423
7987 2836.7852087711053 15136.915717267957
7997 1597.2997799219763 15457.012173403555
8001 2853.550419968584 15108.935275640233
8005 3340.1722920630923 14439.575121727965
8014 2346.7455129314585 16223.53527700704
8015 3562.973021157597 15085.747584666371
8020 2013.6055593277233 15384.747910939157
8028 2222.9529668568393 15403.9770884645
8034 1558.40033748525 15490.67883388993
8039 2039.2942617145807 15394.202018023423
8041 2832.4824730306923 15426.879938022328
8042 2829.2924066570026 15426.729928115028
8044 2225.612430506861 15416.78279066115
8047 2006.0971511928997 15384.753112468867
8069 2853.609562617786 15109.074683313353
8071 2837.950659068504 15159.527919598962
8076 2849.2366144151524 15387.759373671068
8077 2845.2936637599933 15106.015230645784
8079 2339.6173749086065 15387.20676548754
8080 2332.1170685452043 15387.090431380882
8081 4428.080790816253 15358.515101628876
8083 2833.133518932006 15113.45016925987
8085 2852.436615378624 15387.839337447269
8087 2831.414116861165 15449.3574906805
8089 2369.0142199217785 15813.539622410477
8091 2856.6823176202074 15108.234393219478
8094 1893.6782419685737 15396.105265879773
8099 3799.0187935979066 16865.43890855199
8101 1998.5887850607803 15384.758313969476
8110 3776.793801741728 15454.009104899731
8111 2838.253411249432 15174.611446288087
8117 1591.148859902615 15454.283362808046
8118 1091.8343780283658 16175.955229347182
8120 2831.770234616204 15441.864993496773
8121 2838.3391447649806 15167.065364302558
8125 1953.6894653063814 15381.797064502192
8127 1983.5718732431055 15384.768717095087
8129 2871.3116364784973 15419.886239427544
8130 1931.2441643066686 15379.41650227495
8131 1968.628234065169 15383.381479370548
8132 1991.0802600023483 15384.763515580185
8133 2838.1460196404523 15772.513209622995
8138 2841.024315291851 15120.363707654917
8139 2531.8013370889803 15412.67824049599
8141 2237.9390615444486 15404.007241572523
8145 2863.81980223258 15419.651346934686
8148 2230.446036865011 15403.992165064114
8150 2826.0924085315114 15426.56995557386
8154 3348.587462959563 16546.08931610633
8155 1008.6951418789461 16582.38880762665
8156 2847.518462178572 15094.408658775856
8157 1923.7806409012342 15378.759231063965
8158 2838.2772282917754 15108.67715143447
8159 2508.2257185702806 15467.969429126964
8161 1938.7386588750123 15380.211372910986
8166 2852.636052299321 15380.341076348277
8168 2828.9357843471084 15434.222502741024
8172 2839.6016987522503 15733.349208129
8173 2878.923863596085 15416.925834930136
8177 3217.401611748728 15321.090092854352
8179 2773.5658735759994 16361.060795654726
8180 1976.0950325836875 15384.173412546756
8183 2855.636616019296 15387.929313359828
8188 1908.395324858574 15378.458657008827
8190 3895.140834080171 16661.085246616538
8194 2332.872258372828 15873.747576288113
8200 2831.057995740247 15456.850058680237
8201 4780.3052579195055 16477.36510676035
8202 3439.8917115208747 14592.933707723796
8204 2022.5400546575404 17276.101138061815
8205 1424.6486377189412 16322.073390114834
8207 2849.6354867004416 15372.762909978179
8209 2821.698409807773 15403.14419337941
8212 2343.0443667108643 16076.343955519293
8213 2849.436050750557 15380.2611345774
8214 3652.2436369530524 15249.624306595284
8215 2317.1164419437214 15386.857762952364
8216 2104.944104742645 16723.455970804218
8218 2846.6581307967035 15598.432584002634
8219 2347.117673110648 15387.32309946761
8220 3231.740707389999 16759.79558465604
8222 1916.210617175611 15378.611339871974
8225 1835.8723941701649 16432.69186154836
8226 4244.479674359864 16053.743318934186
8227 3227.242858223846 16764.705328537017
8229 2233.377169692058 16365.073033352191
8230 3506.6908010304583 16864.251777152294
8231 4246.887675213221 16936.133542486794
8232 2312.3992668940573 16357.191091936758
8233 2812.8319457294333 15876.890230563196
8239 4266.628146426908 16684.568174986016
8240 2324.616741385734 15386.974096951666
8241 2309.6161201939804 15386.741428607056
8242 4552.493634428536 16486.178690111978
8243 2832.1263550867234 15434.372439181023
8245 3147.846668960462 16631.164115604774
8246 1838.0985364357955 16339.679729718975
8247 3379.066129108209 15407.970611116734
8248 2863.9693382708174 15110.582878317848
8250 2782.8835881245845 15416.076933475877
8252 2871.4224591038214 15416.69342490302
8253 2256.578023822513 15698.662225149683
8256 3017.3694537511265 16732.035391385056
8257 2817.4691869204994 15397.305674682095
8258 3481.0703331470263 15738.024239436902
8259 2259.3292530856693 15180.243121791425
8262 2826.136683317133 15987.181491535594
8264 2822.8924718884346 15426.419962054724
8265 3373.053695864767 16100.014718849647
8266 2351.7562076440518 16637.60312038373
8269 2181.2862290469106 15392.65362573251
8270 2264.6142145835174 15386.043422921235
8271 4252.884207025806 15547.778266723839
8272 2849.834923015628 15365.264671644649
8273 1961.160008167471 15382.58939480564
8275 2257.1138676379933 15385.927088185124
8276 1966.149311142567 16357.71469323461
8277 1942.4640839079052 17243.916550496924
8278 2187.5187484476687 15422.594332621293
8280 1438.3789262062792 15946.285214285183
8281 2575.4513893579865 16371.774548658383
8282 2346.0307810250197 16092.506934698336
8284 3170.467531729383 15243.088258978829
8285 2863.921111628953 15416.461016642426
8286 2873.642488086039 16593.643833613223
8287 2809.857066804218 16122.53036708383
8288 4036.9781736939963 15557.433869559827
8289 2289.8634808882634 16356.77923661385
8290 2572.5706826566975 16944.126798314763
8291 2735.7643246351477 15404.320308801432
8292 3267.8608638178566 17183.041480215765
8293 3933.7173323744287 15354.260013440742
8295 2852.835487537545 15372.84287850548
8296 2136.3706575124934 15404.52517846724
8298 2828.5791627810686 15441.71506173876
8299 708.2325248018418 16976.969479302792
8301 2810.812579253117 15935.250379634985
8302 4106.358082966613 15632.767751740948
8303 1797.9019407813778 16355.248363016746
8304 2825.7357885291362 15434.062982590056
8305 1542.679545287402 16901.859707456857
8306 2319.8990071398657 16357.328154293486
8307 3508.192177737713 17177.631002944563
8308 2770.6126039271185 16866.786206060948
8309 1769.322951483493 16376.842869287018
8310 4456.068463978137 17534.544320299174
8311 2788.5679023771713 16360.90761994714
8312 2329.4138640304054 16548.056270128982
8314 2569.6594438793654 16945.510932876576
8315 2302.1158218679143 15386.625094625062
8316 2837.0617254102394 16368.217100546342
8317 2568.529396728194 16937.808404983352
8319 2294.615511991972 15386.508760463925
8320 3822.9555976667066 15222.488459750912
8321 1946.2134802608105 15381.004156997358
8322 2829.989203656958 15479.336782694181
8323 3492.9775746171263 15383.214272273248
8324 1423.3911757060741 16541.47081109137
8325 2755.390554397557 14909.614610880053
8326 3318.2762102101465 16564.40600827681
8327 2349.516643221307 16367.5913329204
8328 1855.317272898476 16106.18250423728
8329 2809.5033458893417 16285.944649744259
8330 2922.313299800138 17213.56591582942
8332 2846.443970799542 15415.248231904205
8333 1817.677109587132 16348.252885732494
8334 2511.721375605169 15379.983073560601
8336 2262.250156046162 16365.683404279684
8337 2334.77518886871 16539.073012522174
8338 3209.013268630686 15549.766634987678
8339 1528.3574594675017 15524.067353963486
8340 1452.930917995219 16284.263701402822
8341 2853.234358309135 15357.846471723373
8342 2844.5845939052306 15087.5048716102
8343 3639.467052129219 15226.762535880922
8344 2297.399783362327 16356.916967167743
8345 2304.8995187609094 16357.054029435885
8346 3117.2729466230444 15420.692751844428
8347 1781.456857175477 16310.7395380602
8348 2241.1377666301423 16355.888744275373
8349 2781.0668864851204 16360.984207816162
8350 3911.378306196719 15748.81786531081
8351 1841.580519042841 17061.988810246003
8353 2193.909663757644 15422.717258038598
8354 3650.1236717271304 16395.485633004264
8355 3228.016233688668 16614.96922584029
8356 2853.034923597204 15365.344649779046
8357 3091.8588647341703 15519.353067512358
8358 2830.701876478141 15464.342587571717
8359 982.3304843363666 15525.50771743156
8360 3680.876165468573 16438.516350117672
8362 1473.5783884876735 15698.865177378622
8363 1850.1960340547598 15407.070946916185
8364 3790.801775035763 15222.623405682943
8365 2842.3625053737283 15103.704766824207
8366 3520.0604452970433 15366.513694570553
8367 2265.8905514463418 16356.341116612452
8368 3535.034017433536 16192.867550690875
8369 4244.248136118538 15956.583726640254
8370 3144.4994244885393 16654.582749119894
8371 3710.665070301124 16492.079167801214
8372 3478.9260002795045 15389.578610523555
8373 3465.579520836313 16075.57032882656
8374 4102.382767343326 15643.297329269544
8375 2979.7755483963792 16386.251309740775
8376 2830.3457579295778 15471.835101450699
8377 3903.0526843595376 16240.554609218776
8378 2018.0055691576122 16350.64828883341
8379 2502.122751777036 15379.87910620061
8380 3369.4363351752563 15909.664638269427
8381 1002.5794216279942 15692.291312995
8384 2918.1254030389173 16564.611542875547
8385 3613.132233040692 16382.869712137086
8386 2289.0204065817506 16600.3666622181
8387 1811.8571092169689 16881.674111256783
8388 2797.2104459003517 16361.501895581427
8389 2958.072199145335 15064.521982470555
8390 2828.0828369481032 16354.520743831534
8391 2543.682808740378 16370.986583521613
8392 2315.522421116305 16588.58867956996
8393 2766.0648501453884 16361.13738360072
8394 4149.2946683850905 17019.28391906223
8395 913.6142277992907 15231.062925888431
8396 2915.6444317380215 15399.582479717332
8397 3950.530999079034 16843.845583313796
8398 3763.897090343752 15830.26307601244
8399 2809.9701888353356 15397.123407367526
8400 1493.445655295259 15899.301640562731
8401 1457.2099736915418 16521.234739912314
8402 2774.9446940572407 15396.272093258336
8403 2245.432117862503 15404.02231814459
8404 3656.759254509658 15900.033515963292
8405 2469.4353513667984 17035.07063977589
8406 3583.519756568203 16282.281146323154
8407 3759.729359919787 15817.270536821747
8408 3694.864358310697 15276.051639791696
8409 1202.2422840904774 16863.22670980587
8410 1833.2231699139838 16844.82916230484
8411 3261.6144896774103 15128.787709281798
8412 3701.1355735335487 15707.576901040957
8413 3899.552748217846 16781.41392410114
8414 3885.000197811207 15192.17989602217
8415 1496.208461452707 16786.31571403227
8416 3819.2165601755046 16701.42401635287
8417 2614.270303602897 17036.56607449733
8418 4001.4948826230134 15521.523733510501
8419 1854.1928416318153 16858.97734356666
8420 2838.2361419632944 15991.352512235819
8421 3945.2935861570286 15757.405705738956
8422 3144.7523478690396 15866.939758793615
8423 2858.623445173531 15403.547554975949
8424 3399.5688659556813 17035.911892154392
8425 2923.896300046439 15082.590164675576
8426 2811.640768725826 15911.315516075621
8427 3795.7259930515133 15240.542095058425
8428 2079.0401077916044 17234.451614675094
8429 3652.837124069901 15623.571785608994
8430 1737.2300524395625 16897.14798253123
8431 2971.198625175918 15599.196143390713
8432 2252.925157148581 15404.037394682391
8433 1598.3339696536461 15936.517999268746
8434 2840.729581128873 15078.433507373882
8435 2789.9216838785023 16370.60941970335
8436 3241.454660557174 15698.530023642548
8437 3745.9713884941207 15848.555481085727
8438 4119.02444921848 16086.785218831381
8439 2965.0733436261253 15711.845302124284
8440 3981.2566324643667 16206.208511898287
8441 3355.247241351184 16958.47196712013
8442 3868.819773293034 15626.932708242823
8443 2819.8365385171965 16672.46618475791
8444 2033.6368560936828 15823.334415319336
8446 4186.2068951276715 17151.42716785021
8447 3131.016312968804 15177.493953833004
8448 3288.6424015508687 15183.68966926547
8449 4459.577978449152 16953.137156121
8450 1776.1617651275249 17423.373402358007
8451 1827.2268647308842 16263.478877878793
8452 3346.540945468703 15524.274355311189
8453 3989.757795850027 16212.210671530227
8454 3728.2718798100236 15044.441629713512
8455 4413.838756006954 15094.774605591334
8456 4315.400237173595 16046.886767791055
8457 4236.445481627502 15910.916733643091
8458 1905.6050215640053 17347.99801368885
8459 3759.094136355576 15237.856461565723
8460 3022.0944956982794 15963.38700070761
8461 3354.8503287928606 16746.129718177548
