6431 2779.9008254194455 15399.594332621506
6500 2794.8962752225657 15399.958870270326
6507 2817.389389375507 15400.505675271552
6596 2764.9054322377597 15399.229796349146
6619 2772.4031017526295 15399.412063827112
6629 2757.407684972998 15399.047526981089
6680 2742.412343086827 15398.682991955717
6690 2749.910009407135 15398.865259356024
6716 2727.417006208671 15398.31845705209
6739 2675.5927569288538 15397.005577414431
6751 2474.6281774330023 15388.95240140497
6761 2683.0910724344735 15397.20451509639
6780 2660.596099177884 15396.607701341081
6913 2668.0944479575187 15396.806639905833
6952 2645.5994370892063 15396.209825152648
6994 2578.1145311273567 15394.41938425306
7011 2653.097747012933 15396.408762686515
7050 2593.111105472662 15394.817258113575
7052 2600.6094263757327 15395.016195938735
7062 2817.5491192775694 15394.105675203666
7071 2734.9146727316047 15398.500724457323
7115 2570.6162213836883 15394.220446723972
7118 2719.9193117704344 15398.13618896824
7119 2540.6229211575546 15393.424694982556
7143 2414.6221621521076 15388.263548780893
7145 2810.049427551732 15393.923407257333
7158 2548.121220835286 15393.623632244584
7177 2690.589355409385 15397.403451915277
7195 2555.6195628393943 15393.822570629574
7198 2563.1178742297293 15394.021508202351
7200 2712.421644641693 15397.95392154828
7237 2533.1246461394844 15393.22575837477
7256 2467.1274016030643 15388.866294552367
7263 2422.12287192027 15388.349654875125
7269 2429.6236380522055 15388.435761616396
7271 2787.3985752746535 15399.776602052536
7273 2459.6266386312395 15388.780187847373
7274 2437.124410470357 15388.521868429832
7280 2482.1289463570256 15389.038508178295
7290 2809.8917137551443 15400.32340764516
7335 2630.6028218184483 15395.81195020634
7340 2444.625132447208 15388.607974664217
7360 2354.6179870342976 15387.43943369153
7380 2802.3940298913153 15400.141139818374
7430 2279.6148101181307 15386.276090867888
7445 2399.6206714328155 15388.091335775267
7452 2287.1151940251266 15386.392426177292
7467 2407.12145622955 15388.177442730806
7478 2623.104461900207 15395.613011346071
7499 2242.1130991694836 15385.694417556166
7508 2167.998289946908 15386.009276165452
7522 2377.119045222133 15387.788438168987
7546 2272.1145121293716 15386.159756891126
7559 2152.985819055896 15385.698691319134
7563 2249.613489615137 15385.810752966989
7570 2145.4795638530095 15385.543398487223
7577 2638.1011140122987 15396.010887269817
7594 2615.606111542741 15395.414072739459
7603 2585.612825678321 15394.618321379072
7617 2234.612722713667 15385.578082362335
7619 2096.1979651732195 15384.6906941703
7622 2608.1077452527734 15395.21513371014
7629 2369.6187021588094 15387.672103493092
7648 2122.9608278764103 15385.077520604536
7650 2130.467065325604 15385.23281306915
7660 2227.112393407275 15385.461747899819
7672 2066.1644464445185 15384.711500210291
7675 2137.9732856428004 15385.388105179329
7683 2088.689602516037 15384.695895668503
7730 2081.18121887463 15384.701097181245
7733 2392.1199496489853 15388.0052295431
7748 2160.4920616728105 15385.853983890658
7774 992.748407696494 15620.880711230307
7780 1072.116775311279 15390.427989020429
7804 2058.655994850925 15384.716701770107
7806 2384.6194336586186 15387.904773548646
7815 2073.6728375267517 15384.706298692396
7832 2021.1140202224474 15384.742709372898
7835 2028.6223845557668 15384.737507873533
7841 2051.147594539384 15384.721903294396
7856 2452.125875453236 15388.69408114001
7857 2036.1307746308287 15384.732306356334
7860 2886.425343285527 15208.996861505471
7870 2043.639225612337 15384.727104796944
7937 1445.6472850483424 16536.203132952338
7979 2853.630324430356 15109.123621871553
7986 2362.118351437832 15387.555768698423
7997 1029.452280576526 16284.814490559018
8001 2650.1052685297595 14737.30470718248
8020 2013.6055593277233 15384.747910939157
8028 2215.4600343207753 15403.96201214149
8041 2832.4824730306923 15426.879938022328
8042 2829.2924066570026 15426.729928115028
8044 1864.726605598066 15634.312051052864
8047 2006.0971511928997 15384.753112468867
8069 2835.8077579050387 15749.221964882567
8071 2814.0496826357953 15015.652113106406
8076 2344.9155658224386 16014.985287184594
8077 2646.2315001360294 15417.602721182351
8079 2339.6173749086065 15387.20676548754
8080 2332.1170685452043 15387.090431380882
8083 2971.567834170547 15141.528222180454
8085 2846.782896984119 16356.592084412567
8087 2831.414116861165 15449.3574906805
8089 1590.8470847783738 16454.734126389252
8091 2874.6566614908124 15599.46316740584
8094 1220.5243694616645 15590.182357616606
8101 1998.5887850607803 15384.758313969476
8111 2842.6298170129194 15082.905018323165
8120 2831.770234616204 15441.864993496773
8125 1953.695581845097 15381.797713225995
8127 1983.571980336073 15384.768717020897
8129 2871.3116364784973 15419.886239427544
8130 1931.2960513957755 15379.422005451066
8131 1968.6286086238572 15383.38151909647
8132 1991.0803685408787 15384.763515504994
8139 1867.0027595877561 15549.098109149758
8141 2230.446136011629 15403.992165263604
8145 2863.81980223258 15419.651346934686
8148 2222.9531104115313 15403.977088753341
8150 2826.0924085315114 15426.56995557386
8156 2942.2640704218393 15399.340389863384
8157 1923.9493678901936 15378.768292813475
8158 2712.2312618260594 15418.416178651823
8159 1953.2896346678758 16813.557462543857
8161 1938.762560453905 15380.21390792693
8166 3309.3495041146516 15805.727913193474
8168 2828.9357843471084 15434.222502741024
8173 2878.923863596085 15416.925834930136
8179 3380.543880121091 16517.671079664975
8180 1976.0951370676548 15384.173423628388
8183 3811.116141922489 15206.253143016878
8188 1909.0118904702354 15378.470702495943
8194 2001.6256693059775 15406.400672550426
8200 2831.057995740247 15456.850058680237
8207 2396.162594428792 15759.904287298918
8212 1459.1288993229284 16532.069791395224
8213 2350.148837234558 15870.577945664676
8215 2317.1164419437214 15386.857762952364
8219 2347.117673110648 15387.32309946761
8222 1916.4832370831402 15378.616665890035
8229 1633.8882646688185 15998.709871377036
8232 2715.600485602279 16358.452242981799
8233 2829.6335174338346 15486.820200713462
8240 2324.616741385734 15386.974096951666
8241 2309.6161201939804 15386.741428607056
8243 2832.1263550867234 15434.372439181023
8245 2593.7388484583075 16965.804063769865
8246 2304.897554830858 16357.053993543857
8248 2853.5504305265695 15108.935300526913
8250 2336.2550584296087 16435.59042639787
8252 2871.4224591038214 15416.69342490302
8256 1551.0964545309075 17570.656335656495
8257 2817.4691869204994 15397.305674682095
8264 2822.8924718884346 15426.419962054724
8269 3303.8137170272507 15194.432470327758
8270 2264.6142145835174 15386.043422921235
8272 2474.889185534047 15646.384028125676
8273 1961.162108939105 15382.589617614754
8275 2257.1138676379933 15385.927088185124
8276 1334.7838562634884 16205.323637888136
8278 854.1089085695983 15767.590630826746
8280 817.135780116629 16907.140883193544
8281 2035.930819989323 16360.89904490084
8285 2863.921111628953 15416.461016642426
8286 1851.3979373465468 16865.494518309122
8287 2828.565160907056 15509.297760887974
8289 2593.0933954956413 16362.042396808163
8290 4167.160979277414 16078.066728987877
8295 2361.8496516761593 15827.099184673203
8296 887.4759275417917 15853.86586416503
8298 2828.5791627810686 15441.71506173876
8301 2828.9212787511583 15501.805261830412
8303 2282.079929682588 16356.636987437612
8304 2825.7357885291362 15434.062982590056
8305 1405.2931009763813 15561.148902765717
8306 2450.561521195239 16765.23876543065
8307 3626.5202929200395 16356.331827249436
8308 2275.1031517824163 16630.565392041775
8309 1047.2468865578383 16880.234715708793
8311 3564.9263102091913 16416.210884869968
8315 2302.1158218679143 15386.625094625062
8316 2814.595344835411 15825.927596536696
8319 2294.615511991972 15386.508760463925
8320 2893.9257522583634 15417.40963578305
8321 1946.2290747776267 15381.005810961264
8322 2829.989636619521 15479.32767342979
8324 2264.3162679043894 16356.312345614344
8325 2852.731038961274 15376.769847963089
8326 2336.27303753573 16367.283870175605
8327 1862.6044825143244 16355.255094806396
8328 2297.392094778684 16356.916826654156
8333 1952.0385738073053 15404.863299728688
8334 2794.972106942574 15396.758870654854
8336 1077.9000239130023 16748.716115625124
8337 1554.2884684538096 16927.877410424484
8340 2289.8516462925663 16356.77902032935
8341 2829.4770160422404 15970.845117082365
8342 2920.59659568756 15399.612229502234
8344 2628.8866537038434 16359.106416582646
8345 2681.13239442452 16358.804221583247
8346 1676.6147028005798 15398.583874051154
8348 2327.222446862251 16357.880118667572
8349 3444.369109900691 17054.319281877943
8351 2332.910145313008 17515.327970909293
8353 2193.909663757644 15422.717258038598
8354 3164.3892958935703 15575.13669945764
8356 2456.9311209453044 15415.231765137016
8357 2886.4252491174843 15417.158244369495
8358 2830.701876478141 15464.342587571717
8359 2194.0431067093027 15392.794104269618
8362 1820.265854066594 16333.66142180152
8363 1922.0727347378088 15381.927156499349
8364 3169.9736114355 14987.235466819422
8365 2853.07400926406 15478.676606004132
8367 2531.8953406605738 16358.390345956936
8368 4027.837174632694 17163.695953504455
8370 2210.789636926395 16364.595536041907
8371 3173.888717568275 15587.244119937886
8373 4184.68287737314 17073.98256401793
8375 2813.339641501281 15862.217707633035
8376 2830.3457579295778 15471.835101450699
8377 2595.278942916473 16968.609564723152
8378 2314.1787652335047 16357.223613361262
8379 1628.7966308099815 15427.903246613821
8381 3158.670782544873 15406.499993400561
8385 3148.2698638004695 15580.921518169785
8386 2750.0149622546746 15954.410666063157
8387 1445.2374399604366 17672.44972662533
8388 2092.2503169069632 16362.089631255432
8389 2215.6482700034603 15413.562688241765
8391 1968.1503145115537 16357.762224963682
8392 2796.883945430843 16831.115638149233
8393 3388.8135068306774 16305.103537323024
8394 3461.6355445252902 16075.184399133364
8395 1291.6888538387711 15683.730284616498
8396 2865.000939287312 15399.285862468083
8397 3060.716829051624 16514.43515123568
8398 3896.467390468249 16772.304371671256
8399 2809.9701888353356 15397.123407367526
8400 1496.4349040038894 16804.067889362617
8401 2273.693526042535 16356.483720763074
8402 2802.4711288804283 15396.941138549177
8403 2237.9391563229246 15404.007241763224
8404 2839.836336482047 16371.340812395872
8405 2553.9068714198256 16967.6860077107
8406 2940.358017112467 15417.198455805777
8407 3088.1019803124004 16534.951169130905
8408 3453.3539828191224 16065.850882023447
8409 1816.104821018108 16348.513862513923
8413 2962.734684733427 16380.254424583603
8414 2222.271688044784 15399.069388805661
8415 1329.4957477994933 15461.6527175415
8416 3601.8434227256107 15925.401842407937
8417 2409.9693615541355 15647.825586284462
8418 2436.516071076638 15407.827565340467
8419 2810.172283729542 16356.263032795616
8420 2169.2673610260254 16363.717760887579
8421 2914.034846212466 15418.606837407615
8422 3745.7711578077847 15840.080752133174
8423 3174.4019270791628 16671.949224950316
8424 2395.980361523969 16368.17207717398
8425 2215.2635142138947 15416.762014612852
8426 2829.277396172566 15494.312771666087
8427 2886.295364523927 15420.356026280453
8428 3535.6648026298285 16432.035553382226
8430 2708.9875717113073 17157.342294200615
8431 2878.8034940170865 15420.121132650702
8432 2245.432183671408 15404.022318277004
8433 2023.4820980450804 16220.837411633036
8434 2852.4368528153223 15387.830410502595
8435 2061.9116966988827 16361.448277031517
8436 2893.7863837288546 15420.609559974211
8437 2845.4725615866228 16604.719595626626
8438 3377.398340979079 15457.710969620788
8439 2901.4175012595124 15417.855659561917
8440 3244.1939883457403 17024.915936370737
8441 2362.987016818104 16367.759697449665
8442 3598.909284724819 16302.403076486067
8443 2828.222541896636 15449.207606416048
8444 2067.358291419678 15391.335440053257
8446 4030.3321613639196 17205.077612854016
8447 2400.6588725761135 15405.326632462442
8448 4063.4865842645386 15665.80541109182
8449 3560.4669081237766 16434.522277522676
8450 2555.4686275676468 16970.484990932237
8451 1036.035421208708 16361.758620496521
8452 3039.6671208259872 15422.154366516423
8453 3492.5519950842327 16127.403468224875
8454 2840.1996903301297 15631.04911308201
8455 4092.6936048711505 15648.806480796908
8456 4133.020442249769 15899.625170522648
8457 3198.928453237494 16631.25200597917
8458 2552.354713357338 16964.887335757434
8459 2256.4908146213347 15402.646342968048
8460 2350.219186698986 16367.600113924213
8461 2610.0385276570573 16956.709598477515
8462 1315.134186565459 15676.107040622686
8463 3157.7058568332704 15424.413202729414
8464 1343.1500385397085 16197.02907060865
8465 3492.128530508981 15381.857107230215
8466 2849.8531037084613 15364.581129292777
8467 2545.9459640994132 16968.838715886086
8468 3690.269594773033 15274.895973673662
8469 3523.699239767294 16173.724975395713
8470 1668.9450915801622 16406.443069881527
8471 3073.0813089597164 17454.94510273814
8472 3018.504282737414 16298.428304775058
8473 2795.152196084865 16357.639882945556
8474 3559.863232740466 15346.902515953243
8475 902.7197480177607 16852.256952060412
8476 2086.2207638065615 16353.057540952555
8477 1905.5744444188488 15375.207075673186
8478 3310.6135885262524 16143.22751528387
8479 3625.456852753998 15333.296564501215
8480 1469.6146485394818 16513.92224933852
8481 3050.9884144818107 16488.953959043836
8482 3524.06263560079 15364.358859766366
8483 2312.8139014325798 16586.467897715098
8484 3122.7410654343967 16610.813284651234
8485 2840.1063582082697 16160.71726891911
8486 2558.356342126114 15396.938071866733
8487 2905.377998530387 16369.705579073601
8488 2250.6046103521257 16356.06175665564
8489 3414.4394624082743 16088.183447190162
8490 4415.625308774096 15968.671855365377
8491 3094.973372042219 16181.748709369489
8492 2872.6082213381483 15399.33041806579
8493 2984.761542029586 15399.173303031881
8494 2348.0885703475547 16173.2569107613
8495 2542.931800540147 16978.215709309225
8496 4284.639844445271 16023.231766505436
8497 1827.9582155713297 16820.979587489
8498 1642.0291025767126 15399.273541755241
8499 2844.4891031611105 15106.320467769909
8500 2517.3355402893035 16986.478766318047
8501 2546.945953381704 16932.305797087924
8502 2196.281306260525 15565.427153160681
8503 2967.694341953021 15399.045859781609
8504 1153.0894269854532 15686.357644866577
8505 2836.5220624647372 15131.810122001018
8506 1842.3289633570846 15490.488073651626
8507 3840.6631896197205 15204.489398437967
8508 3059.3464245725995 16276.650329641123
8509 2855.6525741494324 15387.32933304527
8510 1830.8370088826966 16841.43804614783
8511 3170.8323435969314 15346.981715337222
8512 1019.7318802131774 16769.095226918704
8513 1212.9497779111543 16269.173175255195
8514 1869.3764275353371 16344.719109824475
8515 1893.9023240652136 16835.720945480047
8516 3443.9610766058313 17077.338237560685
8517 3051.7961530301422 16476.077581045905
8518 2209.728005159516 17266.91302481819
8519 868.1571839807486 17282.82550396084
8520 4036.4900998320277 16167.343676996337
8521 1833.0704331230072 17276.72173441589
8522 1828.4184554791102 16791.752119288878
8523 3034.1455217054936 16465.35439256464
8524 1868.3166831309657 16855.641138614563
8525 1528.384073753177 16034.034895481209
8526 3576.0533541280906 17578.277236058904
8527 1563.5842513099292 16470.692148844646
8528 1787.2180277718523 15804.453228014403
8529 3800.007650296484 15234.559900750826
8530 873.7167632012265 15114.46455850207
8531 3736.831916281866 15253.461199123978
8532 3776.7312741692467 16316.125757254153
8533 3316.76655103675 14398.328182758729
8534 3244.8007039258896 15345.649754197875
8535 3212.381908572441 16766.54621388979
8536 3981.515376873626 16200.862494230614
8537 3545.882744534294 17279.250578459516
8538 1525.8083157524056 16781.768730155807
8539 1851.0306938545293 16347.689124904882
8540 3121.6914226099125 16224.683200135489
8541 2337.1788171655976 15840.973607430298
8542 1264.1403202602453 15291.050146517797
8543 1292.3335722911847 16781.1283016126
8544 1856.6621708969867 16031.977582540503
8545 4255.3712658660725 17030.051030166356
8546 2635.2372374724105 16236.018829057368
8547 2677.8622870101212 15094.812514149
8548 2699.476449346602 17348.699844509207
8549 4472.068904925779 17023.76817705916
8550 4261.041474846879 15536.032339931762
8551 3944.875224198966 16138.134503653855
8552 2712.440283612447 16629.20446512399
8553 4658.545306670671 16563.468313265606
8554 4007.6926997080177 15877.70285169901
8555 3568.1394444579673 14786.4824227366
8556 3494.251074524536 15378.761955870867
8557 4427.474845230006 15458.175291147209
8558 3089.3327424326485 15925.203834651387
8559 925.3119829307504 15253.540768600413
8560 3391.310947676147 15331.090667857214
8561 1431.397551520786 16182.525106989719
8562 3171.857045298929 15245.39751947245
8563 3663.4458442485457 15641.809532244366
8564 2864.729968083648 17019.107597305265
8565 1853.2254435766204 16524.832068663487
