6431 2779.9008254194455 15399.594332621506
6500 2794.8962752225657 15399.958870270326
6507 2817.389389375507 15400.505675271552
6518 4598.638201314423 15628.881774817217
6596 2764.9054322377597 15399.229796349146
6619 2772.4031017526295 15399.412063827112
6629 2757.407684972998 15399.047526981089
6680 2742.412343086827 15398.682991955717
6690 2749.910009407135 15398.865259356024
6716 2727.417006208671 15398.31845705209
6739 2675.5927569288538 15397.005577414431
6751 2474.6281774330023 15388.95240140497
6761 2683.0910724344735 15397.20451509639
6780 2660.596099177884 15396.607701341081
6816 2841.441132845547 15080.10788439139
6913 2668.0944479575187 15396.806639905833
6952 2645.5994370892063 15396.209825152648
6994 2578.1145311273567 15394.41938425306
7011 2653.097747012933 15396.408762686515
7050 2593.111105472662 15394.817258113575
7052 2600.6094263757327 15395.016195938735
7062 2817.5491192775694 15394.105675203666
7071 2734.9146727316047 15398.500724457323
7115 2570.6162213836883 15394.220446723972
7118 2719.9193117704344 15398.13618896824
7119 2540.6229211575546 15393.424694982556
7143 2414.6221621521076 15388.263548780893
7145 2810.049427551732 15393.923407257333
7158 2548.121220835286 15393.623632244584
7177 2690.589355409385 15397.403451915277
7195 2555.6195628393943 15393.822570629574
7198 2563.1178742297293 15394.021508202351
7200 2712.421644641693 15397.95392154828
7237 2533.1246461394844 15393.22575837477
7256 2467.1274016030643 15388.866294552367
7263 2422.12287192027 15388.349654875125
7269 2429.6236380522055 15388.435761616396
7271 2787.3985752746535 15399.776602052536
7273 2459.6266386312395 15388.780187847373
7274 2437.124410470357 15388.521868429832
7280 2482.1289463570256 15389.038508178295
7290 2809.8917137551443 15400.32340764516
7335 2630.6028218184483 15395.81195020634
7340 2444.625132447208 15388.607974664217
7360 2354.6179870342976 15387.43943369153
7380 2802.3940298913153 15400.141139818374
7430 2279.6148101181307 15386.276090867888
7445 2399.6206714328155 15388.091335775267
7452 2287.1151940251266 15386.392426177292
7467 2407.12145622955 15388.177442730806
7478 2623.104461900207 15395.613011346071
7499 2242.1130991694836 15385.694417556166
7508 2167.998289946908 15386.009276165452
7522 2377.119045222133 15387.788438168987
7546 2272.1145121293716 15386.159756891126
7559 2152.985819055896 15385.698691319134
7563 2249.613489615137 15385.810752966989
7570 2145.4795638530095 15385.543398487223
7577 2638.1011140122987 15396.010887269817
7594 2615.606111542741 15395.414072739459
7603 2585.612825678321 15394.618321379072
7617 2234.612722713667 15385.578082362335
7619 2096.1979651732195 15384.6906941703
7622 2608.1077452527734 15395.21513371014
7629 2369.6187021588094 15387.672103493092
7648 2122.9607260368357 15385.077518497634
7650 2130.4669640859543 15385.232810974658
7660 2227.112393407275 15385.461747899819
7672 2066.1644464445185 15384.711500210291
7675 2137.9732856428004 15385.388105179329
7683 2088.689602516037 15384.695895668503
7730 2081.18121887463 15384.701097181245
7733 2392.1199496489853 15388.0052295431
7748 2160.4920616728105 15385.853983890658
7774 864.0222276411574 15747.44539430641
7780 1233.1273803279719 15300.134700295797
7804 2058.655994850925 15384.716701770107
7806 2384.6194336586186 15387.904773548646
7815 2073.6728375267517 15384.706298692396
7832 2021.1140202224474 15384.742709372898
7835 2028.6223845557668 15384.737507873533
7841 2051.147594539384 15384.721903294396
7856 2452.125875453236 15388.69408114001
7857 2036.1307746308287 15384.732306356334
7860 2834.1384888065068 15118.14625622047
7870 2043.639225612337 15384.727104796944
7886 2859.0420784855223 15116.017950895119
7931 990.250394178927 15521.764794183551
7937 1488.0286526375435 16515.073999752083
7967 1843.8127316660743 17002.679545026887
7979 2836.7329851354066 15135.902468209188
7986 2362.118351437832 15387.555768698423
7987 2840.4439501015754 15107.855132639466
7997 961.7421747972869 16011.274671440162
8001 2743.9242212236422 14891.931116694368
8020 2013.6055593277233 15384.747910939157
8028 2215.4600343207753 15403.96201214149
8034 1094.3558366923355 15679.074885127478
8041 2832.4824730306923 15426.879938022328
8042 2829.2924066570026 15426.729928115028
8044 1893.3337966336262 15402.504886329269
8047 2006.0971511928997 15384.753112468867
8069 2849.492133073591 15378.152598707116
8071 2837.4249185215576 15149.327440309797
8076 2485.513854160817 15631.939014425503
8077 2853.2258892310597 15358.16488497632
8079 2339.6173749086065 15387.20676548754
8080 2332.1170685452043 15387.090431380882
8083 2857.03179852511 15175.952701614642
8085 2831.613950695234 16073.543813434298
8087 2831.414116861165 15449.3574906805
8089 1857.7803264236575 16355.32361886547
8091 2852.175150703282 15394.0327788941
8094 1397.399040848521 15536.049668404909
8101 1998.5887850607803 15384.758313969476
8111 2838.3411119887187 15168.73549675586
8117 1188.5293841058262 15600.767986155804
8120 2831.770234616204 15441.864993496773
8121 2837.9765207742066 15160.02969142336
8125 1953.695581845097 15381.797713225995
8127 1983.571980336073 15384.768717020897
8129 2871.3116364784973 15419.886239427544
8130 1931.2960513957755 15379.422005451066
8131 1968.6286086238572 15383.38151909647
8132 1991.0803685408787 15384.763515504994
8139 1967.817708455951 15406.575807337302
8141 2230.446136011629 15403.992165263604
8145 2863.81980223258 15419.651346934686
8148 2222.9531104115313 15403.977088753341
8150 2826.0924085315114 15426.56995557386
8154 2831.852112529399 17005.477805345112
8156 2855.4194922531974 15268.056317772991
8157 1923.9493678901936 15378.768292813475
8158 2854.046748595803 15327.302907059226
8159 2315.0273845750216 16604.202549875572
8161 1938.762560453905 15380.21390792693
8166 3143.8642376254807 15579.349748492092
8168 2828.9357843471084 15434.222502741024
8173 2878.923863596085 15416.925834930136
8179 3144.6325507951697 16619.91574771158
8180 1976.0951370676548 15384.173423628388
8183 3460.460146407963 15396.980539678854
8188 1909.0118904702354 15378.470702495943
8194 2187.5187491839697 15422.594297824244
8200 2831.057995740247 15456.850058680237
8207 2516.789172535488 15416.89259842053
8212 1525.4316901410803 16493.077471777946
8213 2506.5738479907727 15532.470845580303
8215 2317.1164419437214 15386.857762952364
8216 1059.1933968716967 17315.03447804976
8219 2347.117673110648 15387.32309946761
8222 1916.4832370831402 15378.616665890035
8226 3229.42064233604 16768.27489192091
8229 1831.0301026923942 15939.118766432457
8232 2344.3898715293976 16356.54721696105
8233 2829.6335174338346 15486.820200713462
8240 2324.616741385734 15386.974096951666
8241 2309.6161201939804 15386.741428607056
8243 2832.1263550867234 15434.372439181023
8245 2914.401244602944 16786.46520017499
8246 2259.9009331895377 16356.231652662065
8248 2861.9536325281133 15111.421527228547
8250 2350.0507243007396 15961.70173303967
8252 2871.4224591038214 15416.69342490302
8256 1933.7759934670098 17332.601426691737
8257 2817.4691869204994 15397.305674682095
8264 2822.8924718884346 15426.419962054724
8269 3263.206970023823 15330.542144628651
8270 2264.6142145835174 15386.043422921235
8272 2561.0556728947495 15416.32275449257
8273 1961.162108939105 15382.589617614754
8275 2257.1138676379933 15385.927088185124
8276 1413.4033131954789 16352.034527713737
8278 1279.3559674342744 15698.033718944933
8280 1108.9369225604507 16731.16783350892
8281 2347.335191823136 16367.541650873285
8285 2863.921111628953 15416.461016642426
8286 2155.0395938133083 16691.42993050915
8287 2828.565160907056 15509.297760887974
8288 4065.9347189271007 16353.697199319065
8289 2294.3101088138446 16356.860501468764
8290 3739.68670428992 16312.654283427106
8293 3715.96992611717 15029.52444706313
8295 2508.61503285447 15452.767679615075
8296 1076.2393224343243 15691.832617794136
8298 2828.5791627810686 15441.71506173876
8301 2828.9212787511583 15501.805261830412
8303 2237.4015982097876 16355.820463504035
8304 2825.7357885291362 15434.062982590056
8305 1486.1231469448574 15828.579509421406
8306 2336.841935973908 16394.551940556226
8307 3395.1317746964655 16505.866413179974
8308 2444.235593479541 16784.7206615791
8309 1223.6693404291243 16666.298051914313
8311 3229.2701845112238 16597.550249480715
8314 3219.530726892545 17517.57304870707
8315 2302.1158218679143 15386.625094625062
8316 2809.5392040582824 16269.378660263465
8317 3428.273404532145 17046.233382681807
8319 2294.615511991972 15386.508760463925
8320 2893.9257522583634 15417.40963578305
8321 1946.2290747776267 15381.005810961264
8322 2829.989636619521 15479.32767342979
8324 2222.389274790743 16355.546104078196
8325 2856.6877994455945 15145.34705216699
8326 2473.984193814982 16369.257828960515
8327 2259.5862289566116 16365.627089230436
8328 2252.4011370707594 16356.094589284225
8329 2640.5100144604053 15772.184584269773
8333 2039.4893944994521 15545.580004979769
8334 2794.972106942574 15396.758870654854
8336 1452.0192901302817 16536.297956891154
8337 1763.4622010965657 16913.270010712156
8340 2244.9013274914805 16355.957525660386
8341 2840.1206741649335 15526.448890641068
8342 2856.2568723168147 15229.28219295592
8344 2308.9713759507817 16357.12844512555
8345 2324.9747720385026 16357.170336708223
8346 1901.0023171105436 15399.416435738318
8348 2275.1444699234053 16356.510237653163
8349 3206.787857752624 16725.028452645744
8351 2268.3934367066463 17361.886246059345
8353 2193.909663757644 15422.717258038598
8354 3333.3707550364884 15852.717381417777
8356 2805.562660874034 15413.152900748202
8357 2886.4252491174843 15417.158244369495
8358 2830.701876478141 15464.342587571717
8359 1685.9932116459033 15385.06631903259
8360 4285.340341468167 16457.322471521406
8362 1820.261965419047 16333.657825158642
8363 1922.0727347378088 15381.927156499349
8364 3291.7603240810427 15175.789054680248
8365 2860.1392490329763 15198.144845881456
8367 2283.2092881502285 16356.657627156868
8368 4138.8349249978155 16994.101656924417
8370 2389.4786845232984 16368.090813519355
8371 3368.762660713115 15915.129587145122
8372 4343.291755704262 14933.770852524103
8373 4001.757663150641 16885.026903068323
8374 3964.851344470608 16169.725562253043
8375 2809.471429904586 16300.68940340425
8376 2830.3457579295778 15471.835101450699
8377 2887.804879933193 16804.694435908197
8378 2267.4007488239513 16356.368716396566
8379 1893.50100601037 15399.304885699079
8380 4062.4278823098152 15654.30450606075
8381 2599.9057771689595 15397.917257778536
8385 3313.962254148059 15819.8245455829
8386 2800.100812484005 16194.811607900145
8387 1797.919487747868 17408.36186069891
8388 2368.69626704763 16367.831056660338
8389 2639.20468773698 15411.105506376141
8391 2333.303217529075 16367.214664643534
8392 2572.570683425295 16944.126799516438
8393 3108.3822400318327 16456.006900257307
8394 3640.0457226348026 16378.971635023554
8395 1019.4856275021206 15671.057100086806
8396 2865.000939287312 15399.285862468083
8397 3223.0417268797505 16617.753859092212
8398 3650.06757971171 16389.239571925194
8399 2809.9701888353356 15397.123407367526
8400 1584.0637623688956 16964.319726068185
8401 2229.901753675328 16355.683399241367
8402 2802.4711288804283 15396.941138549177
8403 2237.9391563229246 15404.007241763224
8404 3050.93674384207 16485.965989779324
8405 2553.9068714198256 16967.6860077107
8406 3091.6674215458092 15494.43079699268
8407 3035.824225605924 16289.192910445501
8408 3255.731509269582 15715.881314374994
8409 1712.8302326975688 16389.021064387893
8412 4184.629558746853 15405.500607090984
8413 3168.197596541519 16647.734363514734
8414 2663.200044849877 15408.222433152345
8415 1428.9790760396406 15631.777173392577
8416 3462.018352691218 16053.662841617022
8417 2328.7896638872517 15751.006877287398
8418 2933.48446520357 15416.97400241043
8419 2519.101890693387 16361.496155440125
8420 2379.2283509449294 16367.962695870996
8421 3356.441228865181 15428.061474158794
8422 3611.5446894439824 15973.741147624165
8423 3003.16689566835 16394.519449850723
8424 2773.678969587059 16370.837131636386
8425 2558.795459140638 15413.087420497472
8426 2829.277396172566 15494.312771666087
8427 2886.295364523927 15420.356026280453
8428 3183.97804102856 16622.376009459233
8430 2568.6853239756974 16943.987976292177
8431 2878.8034940170865 15420.121132650702
8432 2245.432183671408 15404.022318277004
8433 1870.941078219308 16344.734834956978
8434 2856.848301954488 15159.626984338842
8435 2359.3686541779375 16367.7144719837
8436 2893.7863837288546 15420.609559974211
8437 3049.81818272211 16472.76302812217
8438 3689.098880624731 15299.06498390635
8439 2939.234303484529 15420.106159830486
8440 3267.046426626121 16832.551342484883
8441 2708.5928852097068 16371.749594776562
8442 3498.1277672532874 16043.36544692062
8443 2827.452899410397 15465.377665336893
8444 1893.6683249363662 15396.10511572512
8446 4071.1690324324773 17191.02199105766
8447 2825.603809375457 15414.288158390227
8448 3920.4537384432947 15330.594082398498
8449 3778.9688524237363 16601.514219434288
8450 2526.039313432231 16984.868119200724
8451 1247.983880168204 16253.419598130493
8452 3413.6666848647637 15429.118012048395
8453 3654.2238131298877 16402.0273905551
8454 3181.138953986908 15565.003105153823
8455 4304.456463806987 15529.084479808895
8456 4308.258772518651 16018.654662013068
8457 3531.005149159287 16446.994381767578
8458 2552.354713357338 16964.887335757434
8459 2735.8404319579067 15409.714118391437
8460 2621.7974786506766 16372.512823626828
8461 2978.0261750638033 16751.58185476011
8462 1023.2472850071637 15681.674311507471
8463 3641.327125956004 15324.677379462626
8464 1134.2112196465537 16312.802295195017
8465 3068.6918772403496 15406.770018824745
8466 2856.519692608146 15130.390561748676
8467 2545.9459640994132 16968.838715886086
8468 3266.0686257178613 15407.108609720704
8469 3568.343119719409 16005.374307264634
8470 1367.3100862575518 16573.532845561625
8471 2815.364444876745 17327.144069168393
8472 3387.510519392461 16102.460028909458
8473 2466.851952507507 16361.110420918429
8474 3788.705057071685 15223.750911408348
8475 1046.9067500199035 16887.208485382034
8476 1857.9568604898657 16284.552953693445
8477 1999.238398029414 15406.309995423391
8478 3623.824629466827 15969.193721974345
8479 3858.2119569106408 15272.69916916496
8480 1447.9174350757744 16694.91317403257
8481 3063.413193524255 16274.48183432905
8482 3175.5000678817896 15406.56424222626
8483 2004.5954478524923 16763.730020912306
8484 3400.3041516651633 16518.056732231642
8485 3031.5591930226933 16112.71569514502
8486 2079.5754655754686 15391.481222157321
8487 3146.9113597645596 16659.01722289243
8488 2213.983027062478 16355.392474740764
8489 3318.8762712926823 15821.859442868954
8490 4547.80756459541 16076.414252092178
8491 2977.378004106109 15994.855216553744
8492 3066.6780273376044 15400.393578994057
8493 3202.2665138002803 15408.223202765415
8494 2387.6798799228895 15779.43916872742
8495 2343.035053406963 17058.963332565447
8496 4284.95364840693 15816.980632362554
8497 1827.4469209901772 16895.950779701103
8498 1281.4551086518063 15681.524929907442
8499 2835.092600850777 15172.013508622209
8500 2108.4318764149752 17222.111087199835
8501 2733.780848179802 17103.286458988612
8502 2339.3088943138555 15946.051817825075
8503 3230.400436303791 15426.177325980663
8504 1299.257287487378 15777.813603442732
8505 2831.865730743238 15173.68948906085
8506 1679.6162684088627 15546.957143952752
8507 3518.687966513806 15367.25265619548
8508 3428.468272972124 16080.74596773463
8509 2891.303174398758 15212.338331104078
8510 1833.3365952040608 16840.29000045929
8511 3323.5713243715277 15294.951541151884
8512 1078.0603201367492 16954.423555286663
8513 1038.40793908241 16358.777446546736
8514 1864.8129961050408 16116.267638837879
8515 1833.1768855556502 16990.025170591744
8516 3370.180014885883 17245.447037120986
8517 3119.2835207463468 16244.690482987155
8518 2327.132806961067 17468.632182158028
8519 670.5634088265139 17003.97360143726
8520 4287.506037782898 16049.439497078929
8521 1885.1407665687905 17469.13750487225
8522 1833.0382068375507 16852.231191771196
8523 3000.1843632802425 16308.366511652488
8524 2241.185509720633 16646.15974707638
8525 1744.9464590766186 15965.13972419641
8526 3601.9472937406017 17415.088102446924
8527 1822.2189450434366 16357.380622390589
8528 1576.057224389662 15865.310231389554
8529 3677.730731249636 15281.51860113926
8530 908.0314916919739 15228.62761952809
8531 3444.0 15403.32
8532 4103.425953739197 16134.662407503825
8533 3133.2393298752945 14323.038618327586
8534 3323.5623558595944 15291.06143801353
8535 3393.4805436191987 16729.146058530994
8536 4271.65978612074 16046.115432009941
8537 3378.732105783227 17367.575757840204
8538 1712.06864866852 16681.81378524412
8539 1823.2038392857141 16532.950201863354
8540 3076.875614203455 16158.709649712093
