6431 2779.9008254194455 15399.594332621506
6500 2794.8962752225657 15399.958870270326
6507 2817.389389375507 15400.505675271552
6596 2764.9054322377597 15399.229796349146
6619 2772.4031017526295 15399.412063827112
6629 2757.407684972998 15399.047526981089
6680 2742.412343086827 15398.682991955717
6690 2749.910009407135 15398.865259356024
6716 2727.417006208671 15398.31845705209
6739 2675.5927569288538 15397.005577414431
6751 2474.6281774330023 15388.95240140497
6761 2683.0910724344735 15397.20451509639
6780 2660.596099177884 15396.607701341081
6913 2668.0944479575187 15396.806639905833
6952 2645.5994370892063 15396.209825152648
6994 2578.1145311273567 15394.41938425306
7011 2653.097747012933 15396.408762686515
7050 2593.111105472662 15394.817258113575
7052 2600.6094263757327 15395.016195938735
7062 2817.5491192775694 15394.105675203666
7071 2734.9146727316047 15398.500724457323
7115 2570.6162213836883 15394.220446723972
7118 2719.9193117704344 15398.13618896824
7119 2540.6229211575546 15393.424694982556
7143 2414.6221621521076 15388.263548780893
7145 2810.049427551732 15393.923407257333
7158 2548.121220835286 15393.623632244584
7177 2690.589355409385 15397.403451915277
7195 2555.6195628393943 15393.822570629574
7198 2563.1178742297293 15394.021508202351
7200 2712.421644641693 15397.95392154828
7237 2533.1246461394844 15393.22575837477
7256 2467.1274016030643 15388.866294552367
7263 2422.12287192027 15388.349654875125
7269 2429.6236380522055 15388.435761616396
7271 2787.3985752746535 15399.776602052536
7273 2459.6266386312395 15388.780187847373
7274 2437.124410470357 15388.521868429832
7280 2482.1289463570256 15389.038508178295
7290 2809.8917137551443 15400.32340764516
7335 2630.6028218184483 15395.81195020634
7340 2444.625132447208 15388.607974664217
7360 2354.6179870342976 15387.43943369153
7380 2802.3940298913153 15400.141139818374
7430 2279.6148101181307 15386.276090867888
7445 2399.6206714328155 15388.091335775267
7452 2287.1151940251266 15386.392426177292
7467 2407.12145622955 15388.177442730806
7478 2623.104461900207 15395.613011346071
7499 2242.1130991694836 15385.694417556166
7508 2167.998289946908 15386.009276165452
7522 2377.119045222133 15387.788438168987
7546 2272.1145121293716 15386.159756891126
7559 2152.985819055896 15385.698691319134
7563 2249.613489615137 15385.810752966989
7570 2145.4795638530095 15385.543398487223
7577 2638.1011140122987 15396.010887269817
7594 2615.606111542741 15395.414072739459
7603 2585.612825678321 15394.618321379072
7617 2234.612722713667 15385.578082362335
7619 2096.1979651732195 15384.6906941703
7622 2608.1077452527734 15395.21513371014
7629 2369.6187021588094 15387.672103493092
7648 2122.9608278764103 15385.077520604536
7650 2130.467065325604 15385.23281306915
7660 2227.112393407275 15385.461747899819
7672 2066.1644464445185 15384.711500210291
7675 2137.9732856428004 15385.388105179329
7683 2088.689602516037 15384.695895668503
7730 2081.18121887463 15384.701097181245
7733 2392.1199496489853 15388.0052295431
7748 2160.4920616728105 15385.853983890658
7804 2058.655994850925 15384.716701770107
7806 2384.6194336586186 15387.904773548646
7815 2073.6728375267517 15384.706298692396
7832 2021.1140202224474 15384.742709372898
7835 2028.6223845557668 15384.737507873533
7841 2051.147594539384 15384.721903294396
7856 2452.125875453236 15388.69408114001
7857 2036.1307746308287 15384.732306356334
7870 2043.639225612337 15384.727104796944
7937 1088.1700551545355 16507.712006723177
7979 2853.630324430356 15109.123621871553
7986 2362.118351437832 15387.555768698423
8001 3109.3382263830395 14333.319696752493
8020 2013.6055593277233 15384.747910939157
8028 2215.4600343207753 15403.96201214149
8041 3281.8944078534682 15407.22933669152
8042 2832.7760148995153 15113.481321187586
8047 2006.0971511928997 15384.753112468867
8069 3146.629234547655 16623.13115939516
8071 2948.4314172436757 14460.330214248004
8076 2667.324699400013 17110.466862161014
8077 2344.3831180748016 16029.677696134837
8079 2339.6173749086065 15387.20676548754
8080 2332.1170685452043 15387.090431380882
8085 3150.586668460627 16629.504116166576
8087 3183.3847561505722 15406.479597712017
8101 1998.5887850607803 15384.758313969476
8111 2907.253581133743 14497.955574843238
8120 3206.418408023586 15403.454504729822
8125 1953.695581845097 15381.797713225995
8127 1983.571980336073 15384.768717020897
8129 2871.3116364784973 15419.886239427544
8130 1931.2960513957755 15379.422005451066
8131 1968.6286086238572 15383.38151909647
8132 1991.0803685408787 15384.763515504994
8141 2230.446136011629 15403.992165263604
8145 2863.81980223258 15419.651346934686
8148 2222.9531104115313 15403.977088753341
8150 2835.125024050359 15121.025477598825
8156 3838.7081840312417 15203.852464177207
8157 1923.9493678901936 15378.768292813475
8159 1739.4660168624382 17438.979582619922
8161 1938.762560453905 15380.21390792693
8166 3634.9292320793884 16364.432573204676
8168 2836.5218446817003 15131.805896549184
8173 2878.923863596085 15416.925834930136
8179 3952.645911339738 16630.31822595208
8180 1976.0951370676548 15384.173423628388
8183 3468.6048295231294 14636.137728419655
8188 1909.0118904702354 15378.470702495943
8194 1340.9778912769864 15686.271843166704
8207 1836.444588132086 16356.170704654252
8213 2645.868022657561 17077.18546995475
8215 2317.1164419437214 15386.857762952364
8219 2347.117673110648 15387.32309946761
8222 1916.4832370831402 15378.616665890035
8232 3612.342596533266 15962.80733894938
8233 3132.6993568166595 15404.396172702183
8240 2324.616741385734 15386.974096951666
8241 2309.6161201939804 15386.741428607056
8243 3249.216645227827 15406.980016578356
8246 2334.8143991379034 16536.331162722738
8248 2853.5504305265695 15108.935300526913
8250 1841.8408475121469 16944.966695356772
8252 2871.4224591038214 15416.69342490302
8256 784.6497032387717 17218.310496083188
8257 2817.4691869204994 15397.305674682095
8264 2353.1308107810332 15964.849320786816
8270 2264.6142145835174 15386.043422921235
8272 2169.9401093239785 16682.96293754463
8273 1961.162108939105 15382.589617614754
8275 2257.1138676379933 15385.927088185124
8285 2863.921111628953 15416.461016642426
8287 3092.969668553673 15401.077131508946
8289 3111.112749923998 16572.00775098046
8290 4688.847441456252 15519.600806326842
8295 1799.380859761008 16365.002619195413
8298 2836.9103272962357 15139.343281456597
8301 3105.5561295901753 15401.960394881977
8303 2371.3773990745885 16356.744078461628
8304 2490.134982345841 15084.060942019118
8305 1001.5665676924513 15372.931469983887
8306 2667.0510845031813 17092.32979057931
8307 3133.987553069939 15587.150629578011
8308 1230.9596754288425 17201.79804764343
8311 4064.237511546932 16570.72360140659
8315 2302.1158218679143 15386.625094625062
8316 3078.6379469045696 15400.704523184671
8319 2294.615511991972 15386.508760463925
8320 2893.9257522583634 15417.40963578305
8321 1946.2290747776267 15381.005810961264
8322 3147.3626009070167 15405.712022303616
8324 2319.5699256829444 16357.322140127853
8325 2852.6360519721084 15380.341088650533
8326 1463.470685059518 16529.5164102319
8328 2335.6226357866 16479.813736580956
8334 2794.972106942574 15396.758870654854
8340 2422.653899735139 16360.784129341097
8341 3120.1510819118344 16586.56309592303
8342 3278.010001323563 15154.089648391864
8344 2825.5008128146387 16354.771915981151
8345 2986.5720831978133 16015.322021408105
8346 962.6123218614171 16013.13608737773
8348 2827.6107596980796 16357.775310615241
8353 2193.909663757644 15422.717258038598
8354 2946.6448181400838 15399.24411702616
8356 1460.1789296910054 15599.838397226496
8357 2886.4252491174843 15417.158244369495
8358 3163.184849929772 15407.131878642505
8359 3691.737918633574 15277.73455043605
8362 2246.5305940165304 16355.98730150626
8363 1922.0727347378088 15381.927156499349
8371 2923.8926953470586 15419.193727748156
8375 3059.627318301342 15400.210268646335
8378 2741.1222579622017 16358.191621710508
8379 994.9762915241436 16116.317605013484
8381 4049.9581931337216 15596.413848450264
8388 1404.786254277388 16563.89443432583
8389 1404.7564448696473 15559.44259990307
8391 1142.9342089845477 16711.945746272297
8392 4140.986049291435 16092.176318195612
8394 4031.8389874851646 15570.017858973348
8395 1427.5954485266457 16357.580404433153
8396 2865.000939287312 15399.285862468083
8399 2809.9701888353356 15397.123407367526
8401 2344.437228260451 16356.545697065965
8402 2802.4711288804283 15396.941138549177
8403 2237.9391563229246 15404.007241763224
8404 1968.764891723778 16357.776823598546
8405 2914.7500097931907 16343.928390225585
8406 3241.7043364526503 15361.369734792157
8407 3147.846724481331 16631.164205015673
8409 2238.1204627898883 16355.833601195513
8413 2349.5110045743254 16367.59126244365
8416 4590.201144277019 15349.408270311014
8418 1374.5472056960793 15672.477253686895
8420 1456.937114492036 16533.35876842928
8421 2908.90921639058 15418.30168132432
8423 3971.81584040926 17554.804744436624
8424 1490.49180407178 16513.625433457903
8425 1852.823339862334 16059.492319605033
8426 3119.7466727431024 15403.233825265923
8427 2886.295364523927 15420.356026280453
8431 2878.8034940170865 15420.121132650702
8432 2245.432183671408 15404.022318277004
8434 2852.4366162679553 15387.839304010944
8436 2893.7863837288546 15420.609559974211
8437 1958.0929668593449 16803.3559501961
8439 2901.4175012595124 15417.855659561917
8441 1470.8786144237722 16525.159846263643
8442 3832.7567455960293 16681.989424356812
8443 2837.2988130290432 15146.880726865089
8444 3575.8357089696224 15340.122503532524
8446 3905.874659250758 17247.91457694182
8447 2252.9252296393315 15404.037394828247
8449 2595.281108776672 16968.608356209803
8450 2810.256891894288 15956.84655121679
8452 2916.400971490559 15418.747705466283
8457 2593.724155175947 16965.8122619402
8458 3134.228840252137 16226.834250251577
8459 1180.4001396986803 15694.499980106692
8460 1790.9206267909242 16898.77655822366
8461 2515.0370095145636 16871.992755103507
8462 2417.3580198941477 15395.253244597614
8463 3238.12344310903 15408.495767994313
8464 1894.0716732187266 16345.408294216273
8465 4159.036095056597 15770.822847342923
8466 2849.2366143464355 15387.759376254624
8467 2800.194057517311 16151.71098135641
8468 3491.2470227473264 14670.217360131028
8469 3804.7563112680127 16636.943960037792
8470 1946.4172405455877 15387.09357550187
8472 3139.933672376402 16618.42101267767
8473 3004.5438768638155 15399.321020585901
8474 3074.8805748111417 15001.511173860561
8476 2290.0791216654725 16356.783177581425
8477 2510.715329803569 15203.819596404044
8478 3132.020604071106 16605.677794250565
8479 2901.268804176549 15421.0537550335
8480 2221.5658831725236 16355.531056090931
8481 2536.5875332302376 16675.611401917235
8482 4253.473310941666 15547.451248975936
8483 2807.425818247048 16356.530201343789
8484 2635.696439882091 15987.8367824103
8485 2357.0113851713395 16367.685008770688
8486 3825.8994278564855 15205.55363359291
8487 2005.6063274281987 16358.651953129902
8488 2305.943895147398 16357.07311605544
8489 3128.0640951550213 16599.306225678018
8490 3958.606705708671 16560.30334132208
8491 3124.1075871533235 16592.934658578
8492 2872.500838326138 15399.329789127065
8493 2880.0007826451897 15399.373716051252
8494 2806.949558762681 16359.782690582513
8495 3475.513923253596 16455.331789760014
8496 3187.8324821275173 16687.828388240225
8497 1849.306114421496 15435.689167610955
8498 2548.999482129888 15396.717560914476
8499 2845.2936762201807 15106.015225918592
8500 2880.8498425264333 16352.357116175745
8501 1848.342766701598 16467.004579394215
8502 2193.7572739782554 15430.190218374004
8504 1584.7703158050435 15451.843826764667
8505 2838.2772367382386 15108.67714823002
8506 979.6576631706846 15716.032557261899
8507 3280.203428654142 15756.686040833883
8508 3135.9771204816343 16612.04937489218
8509 2855.636615079082 15387.929348709216
8510 1848.7639652717626 15487.230301550397
8512 1808.6074701822554 16351.181249178715
8513 1820.005641407601 16333.42074892095
8514 2272.381607909596 16356.45974465387
8515 2633.15427528492 16921.30935407897
8516 3528.9957789171444 16188.958414912522
8517 3143.890221471213 16624.792645954105
8518 2552.3547595868777 16964.887307254136
8519 1920.6188194895901 16812.66015490401
8520 3170.342106127649 16647.254093376137
8521 1833.7307288666543 16377.840689886929
8523 2837.061676801157 16368.217101931834
8524 1433.1700786926895 16546.372304280132
8525 1865.457093048241 16344.679719528123
8526 3193.2230482536756 16729.32341580067
8527 1237.5222796825349 16259.216382227274
8528 1638.2242136914792 15420.145542429605
8529 2829.717417923715 15828.523881711906
8530 930.1814662307692 15254.94865727694
8531 3744.321238997776 15794.98595517113
8532 2851.335636478254 16371.012825488764
8533 3799.9418260199136 15163.347987228624
8534 2949.6009849186203 15398.910754068986
8536 3155.2991522740062 16647.072563433332
8537 2596.3322988556292 17007.75919043938
8538 1826.9030264458006 16880.33340071222
8539 2256.9916871309647 16356.178484404498
8540 3911.9391052700157 15697.934967661942
8541 2193.6132787318206 15437.6634073985
8542 1009.7312133533956 15643.3983037342
8543 1816.1044969523246 16348.513977809147
8544 2229.960573194036 16355.684474204178
8545 3638.1618972083807 16395.64722110939
8546 2822.889327141087 15426.486125592794
8547 2511.8688471789305 15372.217913873274
8548 2478.3543256402286 16831.770532568757
8549 4391.107730892023 17065.61729834171
8550 4038.4710557406056 16173.547705044695
8551 4063.602048370712 15653.587338770863
8552 2864.2627335858037 16789.463321076666
8553 4987.7612108766225 15993.448580849425
8554 3249.6583411406928 16175.54339823586
8555 3636.347961051425 15323.740629542366
8556 2957.101063535978 15398.966758240262
8557 3734.690962511434 15273.85702886855
8559 868.8346140247598 15120.922146459436
8560 2965.176079640686 15399.027055552873
8561 2203.1032731543783 16355.193640559528
8562 2853.035195674239 15365.334420456224
8563 3599.0741452786515 15347.62507886606
8564 3084.1867821983155 16884.79853481675
8565 1591.1576304719727 16985.729553626457
8566 4004.6469343355266 16891.14001138552
8567 3661.684394438766 16413.930715176582
8568 2887.5006754071223 15399.41764267347
8569 3616.0145630954476 17231.086849136158
8570 2193.4805368450784 15445.136775622095
8571 2404.223762413609 16691.819529101336
8572 2545.946007195788 16968.838689314573
8573 1839.4350133923708 16852.459701398937
8574 3583.2057622994744 17603.601465862735
8575 3661.1064478124244 16363.836219489524
8576 3088.9901202819105 15427.186003660468
8577 3140.3369805561633 16612.998264300924
8578 3729.842206947879 16522.67620486388
8579 2688.435040974601 16372.03219419894
8580 2212.9000823081797 16355.372683260612
8581 2193.347794833381 15452.610150880637
8582 1525.4474789735023 16286.011695335612
8583 1441.388738648525 15633.354315398603
8584 2719.7680339534536 16895.485621343316
8585 3310.20634501888 16911.89787325772
8586 3757.1721372521843 15812.436071786731
8587 1893.3337688434503 15402.50488591714
8588 2850.262151664891 15349.202089300565
8589 965.2008529215836 17361.00897202583
8590 2144.4092984462113 15382.320873500801
8591 3089.6372981531063 16556.076809191574
8592 2258.5979554912633 17137.90093001864
8593 4287.334062788595 16035.087649231304
8594 3383.416298200848 17415.258505060894
8595 4647.759603881248 16247.006852110933
8596 2152.065494112771 15382.479516594014
8597 2988.785382778024 15421.315676938795
8598 2997.5720413986382 15421.460508449863
8599 2851.374003345626 15100.551640757221
8600 3440.3185678933933 15675.93891650438
8601 3609.6877694187588 15983.004123172577
8602 3928.551418518491 15167.976317199567
8603 1055.689311133999 16356.311369273888
8604 3396.5243156750735 15608.425797486074
8605 1020.4873401346154 16265.637531080962
8606 3761.4942285963025 16304.145373565629
8607 1993.7102282641063 16349.625962080081
8608 2849.4406028523276 15380.089988495192
8609 2520.465013874311 16988.30502732614
8610 3379.574976205666 16106.667116826973
8611 2852.8354889652146 15372.842824829158
8612 1840.1078341966877 17389.726479683282
8613 637.5374098465982 17657.466919393017
8614 2962.7956832490877 15866.887671016393
8615 969.0231184993341 16035.198745365693
8616 4513.433953492996 16013.300245215543
8617 4447.285761990386 15890.414289587194
8618 2968.2004163515307 15716.866041277162
8619 2856.1552492782107 15368.43017761116
8620 3327.5495073393718 15409.177692879273
8621 3094.4847900976547 15587.342779502156
8622 4558.345531383081 15285.664912919578
8623 1081.7514755504521 15500.504572719692
8624 1047.7429680243772 16889.043973422933
8625 3787.13140171526 15875.031201883321
8626 2288.703648628844 15180.412503342404
8627 3543.104086180727 16206.496569554678
8628 4023.04193027284 16174.642799912444
8629 3143.7787838498757 15198.692990203948
8630 2011.5655854067309 15190.14833372169
8631 4008.3828488442723 16182.59915685109
8632 3446.648693319294 15401.144144220552
8633 2179.9555884023866 16778.456097385213
8634 2980.053629408607 14431.631509489187
8635 4389.387727773442 14983.661336591882
8636 1384.7350090697655 16575.231421042237
8637 4022.7464994743823 16157.559169448234
8638 1474.1184028909877 16411.18000900631
8639 4574.465906749328 15375.274895873117
8640 4637.598977886358 16576.117107996906
8641 3069.9698859329787 15599.723005288839
8642 2657.2844310038536 15806.703949421139
8643 3625.1078697975004 14877.68353787777
8644 3137.677860900065 17085.22178708499
8645 3038.681513973995 16499.019801225528
