6431 2851.0351582751973 15507.868689271401
6500 2845.7837957787206 15583.05722050845
6507 3135.368001819726 15583.058078508842
6596 2856.7878628089456 15425.434417621558
6619 2854.269204773228 15461.563905264893
6629 2847.0934165158187 15402.193500876028
6680 2817.86763928063 15400.517301471382
6690 2833.8991049534075 15400.809046395942
6716 2788.213546076748 15399.796413898393
6739 2724.3406304222635 15398.243670712847
6751 2474.6281774330023 15388.95240140497
6761 2736.21295440946 15398.53228553462
6780 2704.3501907991467 15397.755604868667
6913 2713.1936943741393 15397.9726899879
6952 2684.400666037976 15397.239259902153
6994 2588.8095990448164 15394.703134919233
7011 2693.069414128379 15397.467750567414
7050 2613.8802094043835 15395.368282858994
7052 2625.3357706832116 15395.672210161683
7062 2837.6872981217207 15154.418159853702
7071 2804.779952523582 15400.199141321365
7115 2577.567762526418 15394.40487794455
7118 2774.4863881843444 15399.462708279103
7119 2540.635580359136 15393.425030843619
7143 2414.6221621521076 15388.263548780893
7145 2983.24038119747 15142.674337954013
7158 2548.4493146631908 15393.632336896388
7177 2747.0372084961446 15398.795421898436
7195 2556.180879045373 15393.837462900348
7198 2566.043590926244 15394.099130342582
7200 2760.497380416995 15399.122637119664
7237 2533.1246461394844 15393.22575837477
7256 2467.1274016030643 15388.866294552367
7263 2422.12287192027 15388.349654875125
7269 2429.6236380522055 15388.435761616396
7271 3013.5567030402904 15399.38832066189
7273 2459.6266386312395 15388.780187847373
7274 2437.124410470357 15388.521868429832
7280 2482.1289463570256 15389.038508178295
7290 3154.0263316674836 15406.310011903406
7335 2665.7893729631974 15396.745484000114
7340 2444.625132447208 15388.607974664217
7360 2354.6179870342976 15387.43943369153
7380 3146.5146286506965 15405.635927003788
7430 2279.6148101181307 15386.276090867888
7445 2399.6206714328155 15388.091335775267
7452 2287.1151940251266 15386.392426177292
7467 2407.12145622955 15388.177442730806
7478 2657.089611357096 15396.514670771967
7499 2242.1130991694836 15385.694417556166
7508 2167.998289946908 15386.009276165452
7522 2377.119045222133 15387.788438168987
7546 2272.1145121293716 15386.159756891126
7559 2152.985819055896 15385.698691319134
7563 2249.613489615137 15385.810752966989
7570 2145.4795638530095 15385.543398487223
7577 2674.8339078108547 15396.985444401305
7594 2646.3647071877954 15396.230128520701
7603 2600.7995920775516 15395.021241221755
7617 2234.612722713667 15385.578082362335
7619 2096.1979651732195 15384.6906941703
7622 2636.59671905394 15395.9709741926
7629 2369.6187021588094 15387.672103493092
7648 2122.9608278764103 15385.077520604536
7650 2130.467065325604 15385.23281306915
7660 2227.112393407275 15385.461747899819
7672 2066.1644464445185 15384.711500210291
7675 2137.9732856428004 15385.388105179329
7683 2088.689602516037 15384.695895668503
7730 2081.18121887463 15384.701097181245
7733 2392.1199496489853 15388.0052295431
7748 2160.4920616728105 15385.853983890658
7804 2058.655994850925 15384.716701770107
7806 2384.6194336586186 15387.904773548646
7815 2073.6728375267517 15384.706298692396
7832 2021.1140202224474 15384.742709372898
7835 2028.6223845557668 15384.737507873533
7841 2051.147594539384 15384.721903294396
7856 2452.125875453236 15388.69408114001
7857 2036.1307746308287 15384.732306356334
7870 2043.639225612337 15384.727104796944
7979 2853.630324430356 15109.123621871553
7986 2362.118351437832 15387.555768698423
8001 3390.5613485225667 14510.909341186712
8020 2013.6055593277233 15384.747910939157
8028 2215.4600343207753 15403.96201214149
8042 2832.775975085058 15113.481166120751
8047 2006.0971511928997 15384.753112468867
8069 3229.4815038635797 16756.09266696904
8077 2143.7381262927306 16715.859642302436
8079 2339.6173749086065 15387.20676548754
8080 2332.1170685452043 15387.090431380882
8085 3340.186558715747 16935.54708384449
8087 3868.123654059183 15230.674093102632
8101 1998.5887850607803 15384.758313969476
8125 1953.695581845097 15381.797713225995
8127 1983.571980336073 15384.768717020897
8129 2871.3116364784973 15419.886239427544
8130 1931.2960513957755 15379.422005451066
8131 1968.6286086238572 15383.38151909647
8132 1991.0803685408787 15384.763515504994
8141 2230.446136011629 15403.992165263604
8145 2863.81980223258 15419.651346934686
8148 2222.9531104115313 15403.977088753341
8150 2835.1249451965555 15121.02524746254
8156 4115.0708031865115 15691.04671997195
8157 1923.9493678901936 15378.768292813475
8161 1938.762560453905 15380.21390792693
8166 3590.5367938243585 16294.365097617432
8168 2836.5218446817003 15131.805896549184
8173 2878.923863596085 15416.925834930136
8179 4315.94817879394 16441.86920680303
8180 1976.0951370676548 15384.173423628388
8183 3210.524124018665 14301.408378532113
8188 1909.0118904702354 15378.470702495943
8194 556.108331071605 15929.12135604039
8207 1301.2415334936723 16622.43868491595
8215 2317.1164419437214 15386.857762952364
8219 2347.117673110648 15387.32309946761
8222 1916.4832370831402 15378.616665890035
8232 3873.6093888300493 15629.934397632385
8233 3341.1568889217265 15252.204620118235
8240 2324.616741385734 15386.974096951666
8241 2309.6161201939804 15386.741428607056
8243 4055.8795491269484 15076.753114868163
8246 2568.5294021610534 16937.808413477414
8248 2853.5504305265695 15108.935300526913
8252 2871.4224591038214 15416.69342490302
8257 2832.002874284758 16037.861800087727
8264 2549.6708626131917 16908.32382054649
8270 2264.6142145835174 15386.043422921235
8272 1826.3718650651865 16879.650133482577
8273 1961.162108939105 15382.589617614754
8275 2257.1138676379933 15385.927088185124
8285 2863.921111628953 15416.461016642426
8287 3187.446047524995 15271.291690320135
8289 3122.024494330738 16589.580042414207
8295 1254.8112050384364 16648.690421976913
8298 2836.9103272962357 15139.343281456597
8301 3347.3265212500505 15274.657715642752
8303 3026.123059569492 16286.078630322894
8307 3148.5388421474713 15874.572221082599
8315 2302.1158218679143 15386.625094625062
8319 2294.615511991972 15386.508760463925
8320 2893.9257522583634 15417.40963578305
8321 1946.2290747776267 15381.005810961264
8322 3658.823543381476 15293.640726460493
8324 2998.9554646350493 16383.2063746467
8325 2852.6360519721084 15380.341088650533
8328 2569.8806482370182 16945.856767749385
8334 2861.6570640142227 15599.504275637832
8340 3038.0476312349388 16446.771638656857
8341 3126.8067101861825 16597.281330822232
8344 3608.1456763544106 15975.558323771964
8348 3191.507026111508 16614.605071243335
8353 2193.909663757644 15422.717258038598
8354 3161.497850618728 15406.980490766986
8356 1210.2159479816366 15509.398994896219
8357 2886.4252491174843 15417.158244369495
8358 3774.303218803785 15229.680241778708
8359 4077.1601650669545 15641.514340649263
8362 2336.0788567342483 16447.91165226612
8363 1922.0727347378088 15381.927156499349
8371 2923.8926953470586 15419.193727748156
8375 3583.8554820495506 15335.808390286413
8378 3396.8348969775593 16087.658300951865
8388 1101.5571778885935 16809.61011229906
8389 1004.5275386984941 15515.017462812391
8391 932.4976534613693 16578.821804412997
8394 3514.5907419002156 14706.401569168162
8396 2865.000939287312 15399.285862468083
8399 2526.901313149393 15415.805174053998
8401 2978.3578594999253 16312.2441324977
8402 2889.235416576785 15599.417065451737
8403 2237.9391563229246 15404.007241763224
8404 1432.7039942224667 16547.84527466143
8405 3609.0312592485457 15956.629675248665
8407 3172.617725749603 16849.357285523227
8409 2386.192818525768 16360.192596264687
8413 2349.5110045743254 16367.59126244365
8418 1297.865240595943 15707.830735931568
8420 1046.8353338352304 16879.33070320878
8421 2908.90921639058 15418.30168132432
8424 1012.7014752806482 16772.211920868
8426 3732.3654611935353 15255.865417847815
8427 2886.295364523927 15420.356026280453
8431 2878.8034940170865 15420.121132650702
8432 2245.432183671408 15404.022318277004
8434 2852.4366162679553 15387.839304010944
8436 2893.7863837288546 15420.609559974211
8439 2901.4175012595124 15417.855659561917
8442 4335.749469176712 17328.714538493998
8443 2837.2988130290432 15146.880726865089
8444 3991.649500881131 15326.51245419406
8446 3424.8533912040034 17483.912696983833
8447 2252.9252296393315 15404.037394828247
8449 2187.991982478312 17222.911635947392
8450 2832.482475197584 15426.879892432276
8452 2916.400971490559 15418.747705466283
8457 2546.323728809512 16931.340148864612
8458 3747.824661660315 15801.610570108198
8459 1001.1102234595021 16151.493595620426
8460 1417.0961268265137 16715.193072437247
8462 3243.7695382081815 15406.938610579566
8464 2266.801424250077 16356.357763372082
8465 4560.292770444791 15784.47383612751
8466 2849.2366143464355 15387.759376254624
8467 2829.292176680751 15426.734759877316
8468 3230.051724974278 14295.37926524568
8469 4241.31085198606 17034.863619137086
8470 2988.999473748681 15406.377472265849
8472 3147.8466359627037 16631.16406246513
8473 3168.9693543729895 15407.650968266818
8476 2860.6416626560804 16356.172191346677
8478 3139.924317146959 16618.405947000534
8479 2901.268804176549 15421.0537550335
8480 2319.7791135931334 16357.325963165324
8481 2011.8191948777737 16772.34217125805
8482 4382.448569989823 15432.705395050823
8485 2357.0113851713395 16367.685008770688
8486 4048.3149334508507 15363.276211351695
8487 1458.270313435815 16532.57472120159
8488 2567.1864701722734 16947.590152528388
8489 3135.917782488654 16611.95381688909
8491 3131.6619910434797 16605.100283231386
8492 2872.500838326138 15399.329789127065
8493 2880.0007826451897 15399.373716051252
8494 3175.717236953559 16626.903963391775
8496 3713.96371545787 17505.579716229484
8497 2016.9563400682052 15390.734015990438
8498 3479.568540189721 15389.20282088728
8499 2845.2936762201807 15106.015225918592
8502 2193.7572739782554 15430.190218374004
8504 1901.5405671761396 15378.324739557414
8505 2838.2773313485845 15108.677112336403
8506 979.0825998790641 16147.648911926311
8507 3258.132081661412 15942.536366738172
8508 3143.889459766911 16624.791419304223
8509 2855.636615079082 15387.929348709216
8510 1868.2669460078625 15489.544678602579
8512 1837.5352116554752 15989.654785164774
8513 2244.565106864283 16355.951381022034
8514 2653.446302650667 16359.086944285002
8516 3681.6644427127367 15878.829613626862
8517 3067.982999316282 16701.094493590095
8518 2323.890703587975 16480.796408356262
8520 2866.661128642476 16370.57869884556
8521 1849.1914878669459 15446.586505740124
8523 2819.314104917281 15721.093925356627
8524 1199.8098163143877 16280.112898797794
8525 2255.674801052309 16356.154417503036
8526 2843.4698633201237 16368.034451011135
8527 1003.5172464980313 16189.1195123426
8528 825.0631369223363 15780.266936536007
8529 2936.9742809621516 16756.028413310105
8530 937.7484100651402 15560.541222855622
8532 2372.0121591326597 16367.87250158434
8533 4079.369471072975 15626.626255476702
8534 2895.000561359914 15399.461569255807
8536 2586.8238847934063 16372.056623895833
8537 2332.206419829565 16031.185290825639
8538 2163.0307880275213 16978.855065343534
8539 2464.5014409609084 16357.89278807868
8541 2193.6132787318206 15437.6634073985
8542 1401.3957685548974 15651.896410217883
8543 2213.593981789245 16355.38536469958
8544 2342.3256520698055 16359.03049821114
8545 3051.938047237086 16499.91927640162
8546 2822.8924741175865 15426.419915154745
8547 2716.343493756527 15394.847758528806
8548 2313.1787469108554 15800.31156125617
8549 4336.142557197813 17092.43936667317
8550 4210.194538146409 16594.06053409434
8551 4435.0338169741135 15320.473850182034
8552 3681.2090069739943 16348.947664877522
8553 4329.768588395927 16838.37051130943
8555 2946.3062643317053 15420.525769663675
8556 2902.5004152289316 15399.505495650232
8557 3095.3091364898764 15595.504790990806
8559 1014.0453131578881 15401.819780921083
8560 2910.0003444951953 15399.549422486254
8561 2293.2410147949886 16356.840963119304
8562 2853.034924745647 15365.344606600856
8563 2938.8536617325362 15420.083574719296
8565 1417.0898688274606 16185.8199876452
8566 3522.27448947287 16177.605899616321
8567 3429.3329903519248 16022.256106904306
8568 2887.5006754071223 15399.41764267347
8569 2946.886733599798 17502.2702917932
8570 2193.4805368450784 15445.136775622095
8571 2572.5706853315737 16944.12680249683
8572 2815.2373416418855 16578.337339297763
8573 2188.0655243432784 16659.338584689245
8574 3124.1315314267276 17660.64011778533
8575 4398.651974329426 15934.223106874388
8576 2916.2335538058637 15421.942139734054
8577 3233.3795262900776 16595.2978161705
8578 3444.697931792456 16046.814242052316
8579 2364.5117928971213 16367.778755436804
8580 2306.9040997064894 16357.090664383182
8581 2193.347794833381 15452.610150880637
8582 2235.7911183344136 16355.791030995713
8583 1478.5284591686664 16284.88072386034
8584 2563.2913105762036 16951.702211077387
8585 3706.3140161029705 16562.77010093203
8586 4331.039815510927 15503.01551082471
8587 1366.2633356080585 15676.470956213801
8588 2849.635485401348 15372.762958820405
8589 1519.4768299940552 17598.304266504063
8590 2144.4092984462113 15382.320873500801
8591 2832.2177284261534 16367.817677321353
8592 2828.1545247246545 16648.628055257323
8593 3890.188468653831 15767.190794974547
8594 2870.1762400420366 17429.65522760962
8595 4291.596364054496 16031.486679959731
8596 2152.065494112771 15382.479516594014
8597 2908.7512133963182 15421.49794942624
8598 2931.3844158138486 15419.63974982822
8599 2851.374003345626 15100.551640757221
8600 3364.409864207122 15428.101909423305
8601 3091.0739628403576 16539.73725476218
8602 4173.866867649337 15804.361942608748
8603 1430.387516613774 16198.200009739912
8604 3207.4476090738776 15425.644430877112
8605 1407.0586753963544 16161.617226093553
8606 4553.078083563985 15866.824032390054
8607 2278.370733728142 16356.569199604646
8608 2849.436049957572 15380.26116439138
8609 3060.4667852596876 16695.765474960474
8610 2941.3376943057992 16372.701412902697
8611 2852.8354889652146 15372.842824829158
8612 1498.780848896039 16809.02877152723
8613 1546.2906941028634 17012.254455615042
8614 3091.6351161582006 15546.56631718584
8615 1427.2897207122785 15620.559177071353
8616 3768.1228537334714 16320.961793886094
8617 4287.68219233785 16006.02126040253
8619 2855.836049643474 15380.431176200582
8620 2917.522029480173 15399.593476744798
8621 2835.464186011856 15851.857803243938
8622 4099.141736888608 15645.118128463724
8623 1237.8610265082475 15400.471028865382
8624 1411.6117952206712 16548.29878335195
8625 3793.962923519279 15486.177795793848
8626 2615.0744276821915 15392.197578855461
8627 3210.773201603082 15647.997465373859
8628 3864.900989626468 16730.150354233403
8629 2856.8467316820943 15159.487276969629
8630 1928.2470163329217 15385.457963249115
8631 3462.3817334063715 16076.444740732482
8632 3679.1496192686927 15304.135888819503
8633 2496.0476942495707 16999.45804552694
8634 3331.8321814350516 14421.147166399052
8635 4250.95791122556 14988.754318221489
8636 1343.9012106410166 16586.866440075053
8637 3777.990493703286 16089.200036113216
8638 1826.3284006894344 16314.390929929707
8639 3918.1782515650607 15751.463117912313
8640 4955.209698282897 15929.882905608622
8641 2831.283975543385 16103.817569229686
8642 2822.315718128884 15438.554504233509
8643 3709.006603216131 15013.445337925714
8644 3243.0108597642975 16804.172887781653
8645 3108.679996241942 16568.09004038405
8646 3090.483457801802 14992.797973914408
8647 3554.819122857158 16433.963122938625
8648 3227.2359370924514 16615.406020869756
8649 2763.123789875864 17310.94793848566
8650 2439.893602569828 16734.19726342938
8651 2550.496163112556 16371.155577087122
8652 2736.6798158784977 17223.80456845259
8653 1429.9735197625537 16056.189533402388
8654 3431.7183966299053 16705.57655718327
8655 2689.2143454426364 17167.98417341569
8656 1901.0432488810525 17346.89031348712
8657 2857.977789616427 15602.715942118126
8658 3155.252774762484 16667.64567522702
8659 1427.2785372748351 15951.325612716248
8660 3272.103769088649 16163.643785758111
8661 2647.131236637121 15569.126984639186
8662 2838.3486159988356 15168.232728078034
8663 2810.6628578699524 16609.567204879804
8664 3713.9741714659817 15598.606240390176
8665 1613.6516172079498 16977.456391637814
8666 2439.994803912303 15701.02736836951
8667 3109.6872146031706 16595.40857126814
8668 3946.443389475103 15150.704232654934
8669 4726.437251843928 15276.161880328566
8670 2938.3462058784407 16160.982240471638
8671 2868.1384717930346 15111.999763007681
8672 4302.629527414934 16076.766739016632
8673 2850.4710934241884 15602.739680315337
8674 3176.418987459579 15585.244522373692
8675 2399.738025547973 17515.218152697846
8676 1667.1895024458477 15988.643730292777
8677 2655.2663895944324 14736.478531838167
8678 1187.7887238287458 16283.114942421984
8679 1020.4139890997302 15674.857580377022
8680 3262.4237201773867 16799.0573736462
8681 2981.6533631070956 15052.015559096748
8682 2187.2543030065303 15435.241327612517
8683 3637.8318669403247 15910.955177332866
8684 3970.366984958591 15419.652509061463
8685 1835.0938750925466 17376.52937546273
8686 2572.4659166119286 15180.009489022172
8687 3278.012196512888 15154.093114108771
8688 1756.646212664895 16457.81351385473
8689 919.9815974445484 17334.787400331308
8690 2492.264483622286 16699.143961337977
8691 3640.3787947860387 15858.660419697153
8692 3218.7400024368862 15544.450010951126
8693 3828.466312423859 15204.292395175435
8694 2797.2466341334616 15419.452504682537
8695 1273.6109208058328 16903.335557212315
8696 4449.561604734315 15092.990985525641
8697 2822.774778441073 15563.664198455037
8698 4548.485391550999 15752.426260824748
8699 3347.213117965819 15261.82445185494
8700 2354.6990331811044 16356.465246550793
