6431 2808.30413782798 15400.284813858152
6500 2828.4599312539194 15400.711182475214
6507 2847.1541652296046 15598.74006733531
6596 2789.598658969717 15399.830085832478
6619 2798.971571632119 15400.05794025428
6629 2780.9929182259666 15399.62088127121
6680 2762.8782759182573 15399.180516413686
6690 2772.662801653425 15399.418377101638
6716 2739.160218885565 15398.603933192855
6739 2679.1928515168 15397.101091463102
6751 2474.6281774330023 15388.95240140497
6761 2690.8985113908498 15397.411654127396
6780 2660.596099177884 15396.607701341081
6913 2669.051950671571 15396.832043394157
6952 2645.5994370892063 15396.209825152648
6994 2578.1145311273567 15394.41938425306
7011 2653.097747012933 15396.408762686515
7050 2593.111105472662 15394.817258113575
7052 2600.6094263757327 15395.016195938735
7062 2837.687861729188 15154.429095031392
7071 2751.1774969416065 15398.896071831261
7115 2570.6162213836883 15394.220446723972
7118 2727.020114255518 15398.308808654652
7119 2540.6229211575546 15393.424694982556
7143 2414.6221621521076 15388.263548780893
7145 2856.0776088847933 15237.582823685401
7158 2548.121220835286 15393.623632244584
7177 2705.581881555539 15397.787034219004
7195 2555.6195628393943 15393.822570629574
7198 2563.1178742297293 15394.021508202351
7200 2717.515177256689 15398.077744736516
7237 2533.1246461394844 15393.22575837477
7256 2467.1274016030643 15388.866294552367
7263 2422.12287192027 15388.349654875125
7269 2429.6236380522055 15388.435761616396
7271 2818.490475737393 15400.531807802094
7273 2459.6266386312395 15388.780187847373
7274 2437.124410470357 15388.521868429832
7280 2482.1289463570256 15389.038508178295
7290 2998.6874471937467 15399.277289778925
7335 2630.6028218184483 15395.81195020634
7340 2444.625132447208 15388.607974664217
7360 2354.6179870342976 15387.43943369153
7380 2851.7852557768338 15400.21869872073
7430 2279.6148101181307 15386.276090867888
7445 2399.6206714328155 15388.091335775267
7452 2287.1151940251266 15386.392426177292
7467 2407.12145622955 15388.177442730806
7478 2623.104461900207 15395.613011346071
7499 2242.1130991694836 15385.694417556166
7508 2167.998289946908 15386.009276165452
7522 2377.119045222133 15387.788438168987
7546 2272.1145121293716 15386.159756891126
7559 2152.985819055896 15385.698691319134
7563 2249.613489615137 15385.810752966989
7570 2145.4795638530095 15385.543398487223
7577 2638.1011140122987 15396.010887269817
7594 2615.606111542741 15395.414072739459
7603 2585.612825678321 15394.618321379072
7617 2234.612722713667 15385.578082362335
7619 2096.1979651732195 15384.6906941703
7622 2608.1077452527734 15395.21513371014
7629 2369.6187021588094 15387.672103493092
7648 2122.9608278764103 15385.077520604536
7650 2130.467065325604 15385.23281306915
7660 2227.112393407275 15385.461747899819
7672 2066.1644464445185 15384.711500210291
7675 2137.9732856428004 15385.388105179329
7683 2088.689602516037 15384.695895668503
7730 2081.18121887463 15384.701097181245
7733 2392.1199496489853 15388.0052295431
7748 2160.4920616728105 15385.853983890658
7804 2058.655994850925 15384.716701770107
7806 2384.6194336586186 15387.904773548646
7815 2073.6728375267517 15384.706298692396
7832 2021.1140202224474 15384.742709372898
7835 2028.6223845557668 15384.737507873533
7841 2051.147594539384 15384.721903294396
7856 2452.125875453236 15388.69408114001
7857 2036.1307746308287 15384.732306356334
7870 2043.639225612337 15384.727104796944
7979 2853.630324430356 15109.123621871553
7986 2362.118351437832 15387.555768698423
8001 3279.990001746419 14342.44897956493
8020 2013.6055593277233 15384.747910939157
8028 2215.4600343207753 15403.96201214149
8042 2832.7760148995153 15113.481321187586
8047 2006.0971511928997 15384.753112468867
8069 3150.4521832039545 16629.28754433088
8077 2334.3602040555916 16568.09158469805
8079 2339.6173749086065 15387.20676548754
8080 2332.1170685452043 15387.090431380882
8085 3159.419239688813 16642.738336635244
8087 3590.7503207015116 15332.099418166903
8101 1998.5887850607803 15384.758313969476
8111 3136.0497034245714 14321.785298532153
8120 3194.461140309887 15282.958226636589
8125 1953.695581845097 15381.797713225995
8127 1983.571980336073 15384.768717020897
8129 2871.3116364784973 15419.886239427544
8130 1931.2960513957755 15379.422005451066
8131 1968.6286086238572 15383.38151909647
8132 1991.0803685408787 15384.763515504994
8141 2230.446136011629 15403.992165263604
8145 2863.81980223258 15419.651346934686
8148 2222.9531104115313 15403.977088753341
8150 2835.125024050359 15121.025477598825
8156 3940.0764152043616 15365.605195307782
8157 1923.9493678901936 15378.768292813475
8161 1938.762560453905 15380.21390792693
8166 3634.9292320793884 16364.432573204676
8168 2836.5218446817003 15131.805896549184
8173 2878.923863596085 15416.925834930136
8179 4145.888783862615 16527.006807219946
8180 1976.0951370676548 15384.173423628388
8183 3330.6478642734546 14425.158859468824
8188 1909.0118904702354 15378.470702495943
8194 889.1159532270559 15753.493852763035
8207 1464.3011087778339 16529.028042447637
8213 2731.5444472846375 17333.39836248793
8215 2317.1164419437214 15386.857762952364
8219 2347.117673110648 15387.32309946761
8222 1916.4832370831402 15378.616665890035
8232 3812.9076151623226 15798.767639449308
8233 3236.959091959679 15352.218519056918
8240 2324.616741385734 15386.974096951666
8241 2309.6161201939804 15386.741428607056
8243 3683.070373635535 15278.771708096812
8246 2554.5336359819044 16915.926577532417
8248 2853.5504305265695 15108.935300526913
8250 1859.5981353077082 17360.42682135581
8252 2871.4224591038214 15416.69342490302
8257 2840.3031648157853 15569.730136326518
8264 2341.41242967133 16522.56861946139
8270 2264.6142145835174 15386.043422921235
8272 1851.4044286070955 16865.490737836524
8273 1961.162108939105 15382.589617614754
8275 2257.1138676379933 15385.927088185124
8285 2863.921111628953 15416.461016642426
8287 3241.081778688804 15403.717961401544
8289 3116.194533251171 16580.191463345745
8295 1456.9516056088646 16533.350246280334
8298 2836.9103272962357 15139.343281456597
8301 3255.765282337814 15396.483344040884
8303 2786.447794886214 16357.728769879983
8305 879.2674822023129 15205.27813805577
8307 3066.2273897838977 15710.870633358867
8308 1460.9350676512413 17064.30960973802
8315 2302.1158218679143 15386.625094625062
8316 3201.047990874802 15409.814067248777
8319 2294.615511991972 15386.508760463925
8320 2893.9257522583634 15417.40963578305
8321 1946.2290747776267 15381.005810961264
8322 3452.238740185551 15399.78261526061
8324 2729.843321403507 16361.50721746576
8325 2852.6360519721084 15380.341088650533
8326 1517.7943971155062 16812.37727399347
8328 2550.4782896368783 16915.52277121396
8334 2837.7067468134437 15400.87755510365
8340 2798.2995641158636 16360.623097973415
8341 3120.1510819118344 16586.56309592303
8344 3199.503502105664 16192.089514987698
8345 2963.9219379590295 15790.325366847812
8346 999.8020255616252 16164.3643675932
8348 3103.822335257721 16554.195954236406
8353 2193.909663757644 15422.717258038598
8354 3147.8595856228326 15405.756620697819
8356 1366.7943644935183 15448.136926036297
8357 2886.4252491174843 15417.158244369495
8358 3479.7621692432026 15389.089576884186
8359 3900.294534913562 15294.624299813517
8362 2304.8994641056233 16357.054028437025
8363 1922.0727347378088 15381.927156499349
8371 2923.8926953470586 15419.193727748156
8375 3180.1634308440575 15406.455110917235
8378 2997.6148847730647 16301.744571001078
8379 864.4020609125951 16188.29456155731
8381 3792.091754570543 15145.622393795007
8388 1040.2282591906564 16770.015755214514
8389 1240.4597408255572 15398.943037945195
8391 1035.3774592024156 16667.92490363017
8392 4621.727780035022 15829.240685626151
8394 3769.110304061431 15108.746663850729
8396 2865.000939287312 15399.285862468083
8399 2805.1686193587047 15413.148097434772
8401 2765.1885827032097 16357.945863067227
8402 2853.7526401600044 15422.875628198897
8403 2237.9391563229246 15404.007241763224
8404 1745.0335180920572 16386.861771356784
8405 3317.7376627972285 16129.155223246844
8406 3336.3793196123092 15237.347497197805
8407 3159.886428267567 16653.36651918698
8409 2297.3996624243105 16356.916964957527
8413 2349.5110045743254 16367.59126244365
8416 4477.336916868709 15148.62033196116
8418 1253.2526758196348 15811.273504409914
8420 1155.417769362886 16704.887533342513
8421 2908.90921639058 15418.30168132432
8424 1289.4569370472257 16629.10170319677
8425 1843.527742314459 16686.867129788596
8426 3345.6945049153323 15407.71603569888
8427 2886.295364523927 15420.356026280453
8431 2878.8034940170865 15420.121132650702
8432 2245.432183671408 15404.022318277004
8434 2852.4366162679553 15387.839304010944
8436 2893.7863837288546 15420.609559974211
8437 1833.9692410014545 16642.47785262716
8439 2901.4175012595124 15417.855659561917
8441 1416.3836947010814 16306.377681135693
8442 4127.901816497862 16974.61945993263
8443 2837.2988130290432 15146.880726865089
8444 3850.7382919461543 15208.61301765043
8446 3722.5759114197267 17346.50572012122
8447 2252.9252296393315 15404.037394828247
8449 2510.0842297359836 17019.374303561384
8450 2832.47625301875 15427.010803224359
8452 2916.400971490559 15418.747705466283
8457 2593.724155175947 16965.8122619402
8458 3611.062834698812 15960.419802570423
8459 877.8967114874564 15833.034044158669
8460 1552.4751845445658 16915.092805228138
8462 2855.957135085865 15403.951560822892
8464 2249.774190100474 16356.046580215785
8465 4374.2910594669465 15965.155803464893
8466 2849.2366143464355 15387.759376254624
8467 2816.6826422101044 15708.78543298309
8468 3343.04071670911 14443.91679588214
8469 4101.7504878275895 16947.168796074668
8470 2489.4159437196417 15396.046745326714
8472 3143.445054706667 16624.075748652296
8473 3163.260972227247 15407.138709702138
8476 2576.5960630324316 16361.920605455525
8478 3132.3895492526613 16606.27194418771
8479 2901.268804176549 15421.0537550335
8480 2282.3981479300173 16356.642803071423
8481 2320.641983396142 16604.69007749865
8482 4432.333619900944 15365.842510902628
8483 2958.3284895090983 16284.791969286876
8484 2643.4068944830024 15586.934522109868
8485 2357.0113851713395 16367.685008770688
8486 3923.376875447443 15329.261636877582
8487 1775.7429829737375 16374.194735600697
8488 2392.8218322098346 16673.597562983014
8489 3128.0640951550213 16599.306225678018
8491 3124.1075871533235 16592.934658578
8492 2872.500838326138 15399.329789127065
8493 2880.0007826451897 15399.373716051252
8494 3088.522608672238 16529.5576410547
8496 3476.7363993507565 17109.601080702196
8497 1849.58947065081 15408.751006083221
8498 3072.5946743312547 15406.789243110888
8499 2845.2936762201807 15106.015225918592
8500 2955.70099974787 16205.466515353679
8502 2193.7572739782554 15430.190218374004
8504 1901.5404032450601 15378.324736354787
8505 2838.2773313485845 15108.677112336403
8506 917.3740939588898 15917.14494782461
8507 3281.8313727344494 15899.36608764054
8508 3137.736078514544 16614.882003848823
8509 2855.636615079082 15387.929348709216
8510 1849.510569088387 15416.25203416539
8512 1822.1097067883468 16345.438937707931
8513 2208.4104242770145 16355.290632004102
8514 2321.4875320147976 16357.282258263038
8516 3516.961674901573 16024.298524686057
8517 3147.82286568408 16631.125782768697
8518 2516.5239190591797 16891.002516513247
8519 1902.4157461946045 16573.933672344272
8520 3127.6571057605047 16618.941867672685
8521 1839.9905681978116 15884.804405966826
8523 2809.6831870333995 16202.860471475258
8524 1396.6445405556321 16171.046566094776
8525 2239.4867625272514 16355.85857116192
8526 2999.5970751697328 16410.479190691425
8527 1060.6323424787124 16357.231286951315
8528 1251.8530156141576 15698.505430966847
8529 2822.097815995534 16377.091195575556
8530 988.1732727482689 15409.66430048934
8532 2485.145171992876 16369.534657875294
8533 3868.1792045231437 15237.321368669214
8534 2895.000561359914 15399.461569255807
8536 2898.164174378326 16369.868260935973
8537 2326.3085190760867 16540.764130316566
8538 1864.7142680998825 17149.276451301746
8539 2312.3992121008555 16357.19109093538
8541 2193.6132787318206 15437.6634073985
8542 1277.7014563333917 15685.027762379383
8543 1844.268629453352 16345.599661949786
8544 2289.8997660104897 16356.779899746733
8545 3244.5374796992005 16605.720950026964
8546 2822.8924741175865 15426.419915154745
8547 2511.7213753051956 15379.983099058374
8548 2327.2074881739786 16292.397446779341
8549 4362.560177192902 17079.548018187583
8550 4073.260813355036 16366.738529996266
8551 4434.919466738169 15442.72082730826
8552 3293.7213436223437 16558.578839809546
8553 4774.809058326756 16481.61616019013
8554 3044.511693086428 16110.37965381461
8555 3096.2541260649914 15422.841016847095
8556 2902.5004152289316 15399.505495650232
8557 3294.1464710322266 15503.69331472068
8559 922.1038955418915 15243.30286099386
8560 2910.0003444951953 15399.549422486254
8561 2267.1972200164137 16356.364996782671
8562 2853.034924745647 15365.344606600856
8563 3045.064137557977 15422.243326167902
8565 1441.4045139218508 16611.867426324952
8566 3693.016275923828 16463.92059409856
8567 3505.2730889320214 16148.889882950616
8568 2887.5006754071223 15399.41764267347
8569 3192.0519094983983 17410.890227693846
8570 2193.4805368450784 15445.136775622095
8571 2569.880644071175 16945.85676123643
8572 2609.410277062585 16934.3908041274
8573 1875.4922394664782 16839.090476735728
8574 3467.4470528997563 17480.70165061269
8575 4091.8184185930463 16119.228876330097
8576 2916.2335538058637 15421.942139734054
8577 3144.1589492566586 16619.15307113929
8578 3575.867499308811 16269.103290678644
8579 2364.511902682835 16367.778756809003
8580 2274.8423776663103 16356.504716731724
8581 2193.347794833381 15452.610150880637
8582 1901.277653624219 16345.713321040172
8583 1440.2896459685178 15975.972059373316
8584 2600.274428205656 16962.157513279337
8585 3385.0336462459627 16730.031234809197
8586 4034.071445629755 15671.624295417534
8587 1662.3807424405825 15406.498679983726
8588 2849.635485401348 15372.762958820405
8589 1285.3861173709645 17586.821193913867
8590 2144.4092984462113 15382.320873500801
8591 2837.0721410607475 16368.216803671688
8592 2585.679678600518 16947.46487175047
8593 4091.868603486412 15686.003450309745
8594 3145.2835251855504 17430.832149096594
8595 4515.491761558754 16017.078623693908
8596 2152.065494112771 15382.479516594014
8597 2908.7512133963182 15421.49794942624
8598 2931.3844158138486 15419.63974982822
8599 2851.374003345626 15100.551640757221
8600 3322.3974594282126 15491.088204758504
8601 3170.1090504360263 16217.717053131646
8602 3967.5282492850456 15414.587365054895
8603 1309.8906938058021 16215.458109347705
8604 3386.9307929549163 15448.69883933594
8605 1215.3903997626383 16267.820824058614
8606 4180.36353552584 16074.585983630925
8607 2258.832051184371 16356.212118187286
8608 2849.436049957572 15380.26116439138
8609 2626.098715544163 16928.853599788286
8610 3015.972098093707 16415.99733931198
8611 2852.8354889652146 15372.842824829158
8612 1638.7969880644325 17068.176349592024
8613 1093.9955073832903 17279.577055603804
8614 2966.513548873932 15613.214216509303
8615 911.4567763004612 15728.262447231351
8616 4230.384522317418 16065.138211756122
8617 4254.519841508767 15832.48872702959
8618 2992.2211651235903 16018.245041875358
8619 2855.836049643474 15380.431176200582
8620 3086.7842606478644 15400.91631799811
8621 2869.688928364937 15602.678908340009
8622 4439.980642518324 15451.167432228336
8623 1289.010764419756 15370.020516008357
8624 1090.2176444471322 16730.622713712473
8625 3930.2648144907007 15733.126307316188
8626 2512.722390875284 15214.559890956269
8627 3441.317879201207 16041.411827167458
8628 3653.9367356750554 16395.52981573484
8629 3027.7889963173516 15027.54722655465
8630 1878.3816965067767 15225.032812266296
8631 3633.5765119522034 16367.981901944275
8632 3796.2245857710823 15221.522372842364
8633 2309.5044028859843 17001.296020281596
8634 3194.7738232959146 14302.921428061703
8635 4397.7828912451005 15005.638462468742
8636 1018.3683043985938 16772.43976935528
8637 4049.279385810561 15957.474051878822
8638 1680.2148745169943 16316.733375446798
8639 4149.937822306115 15616.58107128765
8640 4973.71142193803 16325.786219428514
8641 2842.8370513564723 15646.3043689207
8642 2806.3847450957 15792.058028592579
8643 3574.608105339329 14796.904899364397
8644 3299.1150352021796 16988.329862088125
8645 2928.292075528058 16558.735329742056
8646 3234.7572239001984 15087.84894147377
8647 3784.807720506286 16610.90855336922
8648 3622.061477232819 16397.167393874064
8649 2561.166551478234 17425.695290323045
8650 2590.4789406948967 16649.40249671556
8651 2864.928258540369 16370.625132144725
8652 2920.5569479555015 17218.61431677129
8653 1494.4988717785593 15777.219575117244
8654 3494.5359609021903 16862.6637761073
8655 2701.396365760216 17347.56106159358
8656 2363.7284147063738 17095.18914960841
8657 3051.2842929401368 15600.810906734952
8658 3226.3906416149025 16763.308476945807
8659 1418.0339114943902 16410.316467456953
8660 3488.811057424241 16121.084881239552
8661 2645.8396666115405 15472.321626080384
8662 2553.9840456651064 15178.695775786147
8663 2624.223531197878 16642.97870853055
8664 3538.073690710032 15694.892844800886
8665 1610.9995001379573 16892.38330614722
8666 2513.476195986743 15290.596101104054
8667 2984.026381168396 16731.915816135122
8668 3965.660420175488 15129.729949864075
8669 4551.90567466913 15041.599833216706
8670 2917.0909952380744 16252.844426299043
8671 2969.3222119660422 15124.44634078965
8672 4459.029545244414 16356.812381691872
8674 3308.402267764153 15496.073930791197
