6431 2779.9008254194455 15399.594332621506
6500 2794.8962752225657 15399.958870270326
6507 2817.389389375507 15400.505675271552
6596 2764.9054322377597 15399.229796349146
6619 2772.4031017526295 15399.412063827112
6629 2757.407684972998 15399.047526981089
6680 2742.412343086827 15398.682991955717
6690 2749.910009407135 15398.865259356024
6716 2727.417006208671 15398.31845705209
6739 2675.5927569288538 15397.005577414431
6751 2474.6281774330023 15388.95240140497
6761 2683.0910724344735 15397.20451509639
6780 2660.596099177884 15396.607701341081
6913 2668.0944479575187 15396.806639905833
6952 2645.5994370892063 15396.209825152648
6994 2578.1145311273567 15394.41938425306
7011 2653.097747012933 15396.408762686515
7050 2593.111105472662 15394.817258113575
7052 2600.6094263757327 15395.016195938735
7062 2817.5491192775694 15394.105675203666
7071 2734.9146727316047 15398.500724457323
7115 2570.6162213836883 15394.220446723972
7118 2719.9193117704344 15398.13618896824
7119 2540.6229211575546 15393.424694982556
7143 2414.6221621521076 15388.263548780893
7145 2810.049427551732 15393.923407257333
7158 2548.121220835286 15393.623632244584
7177 2690.589355409385 15397.403451915277
7195 2555.6195628393943 15393.822570629574
7198 2563.1178742297293 15394.021508202351
7200 2712.421644641693 15397.95392154828
7237 2533.1246461394844 15393.22575837477
7256 2467.1274016030643 15388.866294552367
7263 2422.12287192027 15388.349654875125
7269 2429.6236380522055 15388.435761616396
7271 2787.3985752746535 15399.776602052536
7273 2459.6266386312395 15388.780187847373
7274 2437.124410470357 15388.521868429832
7280 2482.1289463570256 15389.038508178295
7290 2809.8917137551443 15400.32340764516
7335 2630.6028218184483 15395.81195020634
7340 2444.625132447208 15388.607974664217
7360 2354.6179870342976 15387.43943369153
7380 2802.3940298913153 15400.141139818374
7430 2279.6148101181307 15386.276090867888
7445 2399.6206714328155 15388.091335775267
7452 2287.1151940251266 15386.392426177292
7467 2407.12145622955 15388.177442730806
7478 2623.104461900207 15395.613011346071
7499 2242.1130991694836 15385.694417556166
7508 2167.998289946908 15386.009276165452
7522 2377.119045222133 15387.788438168987
7546 2272.1145121293716 15386.159756891126
7559 2152.985819055896 15385.698691319134
7563 2249.613489615137 15385.810752966989
7570 2145.4795638530095 15385.543398487223
7577 2638.1011140122987 15396.010887269817
7594 2615.606111542741 15395.414072739459
7603 2585.612825678321 15394.618321379072
7617 2234.612722713667 15385.578082362335
7619 2096.1979651732195 15384.6906941703
7622 2608.1077452527734 15395.21513371014
7629 2369.6187021588094 15387.672103493092
7648 2122.9608278764103 15385.077520604536
7650 2130.467065325604 15385.23281306915
7660 2227.112393407275 15385.461747899819
7672 2066.1644464445185 15384.711500210291
7675 2137.9732856428004 15385.388105179329
7683 2088.689602516037 15384.695895668503
7730 2081.18121887463 15384.701097181245
7733 2392.1199496489853 15388.0052295431
7748 2160.4920616728105 15385.853983890658
7780 1026.753927719475 15401.091946117898
7804 2058.655994850925 15384.716701770107
7806 2384.6194336586186 15387.904773548646
7815 2073.6728375267517 15384.706298692396
7832 2021.1140202224474 15384.742709372898
7835 2028.6223845557668 15384.737507873533
7841 2051.147594539384 15384.721903294396
7856 2452.125875453236 15388.69408114001
7857 2036.1307746308287 15384.732306356334
7870 2043.639225612337 15384.727104796944
7937 1417.987758580881 16409.824040432984
7979 2853.630324430356 15109.123621871553
7986 2362.118351437832 15387.555768698423
7997 1120.5008713279233 16235.34984423973
8001 2725.974679665269 14665.167095847324
8020 2013.6055593277233 15384.747910939157
8028 2215.4600343207753 15403.96201214149
8041 2860.932825443971 15399.515711266597
8042 2834.635218460944 15361.680891991482
8044 1852.9736094158472 15893.506701717059
8047 2006.0971511928997 15384.753112468867
8069 2831.6587375161903 16069.434821369638
8071 2746.3379709455144 14895.624933647647
8076 2338.52896878195 16289.85338797651
8077 2526.919261301044 15415.805446043058
8079 2339.6173749086065 15387.20676548754
8080 2332.1170685452043 15387.090431380882
8083 3043.5442388909014 15234.991100498471
8085 2998.129163066271 16382.603069626877
8087 2832.2234778971497 15432.329035353781
8089 1457.4051798606524 16533.083501668563
8091 3075.1659524897896 15595.997236932457
8101 1998.5887850607803 15384.758313969476
8111 2787.835297388767 14959.754052812837
8120 2833.044677494961 15414.280455957312
8125 1953.695581845097 15381.797713225995
8127 1983.571980336073 15384.768717020897
8129 2871.3116364784973 15419.886239427544
8130 1931.2960513957755 15379.422005451066
8131 1968.6286086238572 15383.38151909647
8132 1991.0803685408787 15384.763515504994
8139 1861.3702054145228 15777.527019687921
8141 2230.446136011629 15403.992165263604
8145 2863.81980223258 15419.651346934686
8148 2222.9531104115313 15403.977088753341
8150 2831.2656758199555 15368.539871240691
8156 3118.814164671554 15403.150143894549
8157 1923.9493678901936 15378.768292813475
8158 2649.0574396262277 15470.343452656742
8159 1854.6514307766263 16871.00086225824
8161 1938.762560453905 15380.21390792693
8166 3431.75384178349 16020.093954175058
8168 2833.8902372557095 15389.486892928158
8173 2878.923863596085 15416.925834930136
8179 3575.7453394339223 16410.35993714824
8180 1976.0951370676548 15384.173423628388
8183 3773.9854688235587 15125.459635935778
8188 1909.0118904702354 15378.470702495943
8194 1893.6352580407392 15399.306882125979
8200 2831.569295298024 15446.092632400654
8207 2346.883172113049 15960.690989945027
8212 1421.1366950082306 16443.43986458346
8213 2342.6822084280693 16103.669929700824
8215 2317.1164419437214 15386.857762952364
8219 2347.117673110648 15387.32309946761
8222 1916.4832370831402 15378.616665890035
8229 1524.62059230795 16035.351349440274
8232 2856.7070707735297 16353.0884731085
8233 2829.6335174338346 15486.820200713462
8240 2324.616741385734 15386.974096951666
8241 2309.6161201939804 15386.741428607056
8243 2837.9944185262234 15401.131508061553
8245 2568.4579247440697 16976.350386981692
8246 2312.3986567107245 16357.191080785284
8248 2853.5504305265695 15108.935300526913
8250 2326.098642480001 16596.99109443473
8252 2871.4224591038214 15416.69342490302
8256 1409.7949247745587 17687.7633021565
8257 2817.4691869204994 15397.305674682095
8264 2757.206487429657 15418.96442064342
8269 3234.6139418914913 15087.628828863739
8270 2264.6142145835174 15386.043422921235
8272 2357.8483188311443 15841.661550557008
8273 1961.162108939105 15382.589617614754
8275 2257.1138676379933 15385.927088185124
8276 1219.528969618633 16269.186494713387
8278 907.7814519724136 15896.973887325912
8280 826.1339405080519 16973.875499049365
8281 2020.2689721685028 16275.557923208295
8285 2863.921111628953 15416.461016642426
8286 1851.3950569398758 16865.49619584131
8287 2828.565160907056 15509.297760887974
8289 2794.031403170663 16360.851835785474
8290 4404.987797824594 15948.38712455244
8295 2344.36527640395 16030.170020735091
8296 986.6059719655688 16071.932977295022
8298 2830.0268568611486 15410.071402443942
8301 2828.9212787511583 15501.805261830412
8303 2289.863537705586 16356.779237652221
8304 2827.0981991065246 15392.603001124784
8305 1345.5851078719504 15358.200881637673
8306 2565.3977600571957 16944.79337728037
8307 3543.3038170735704 16213.138507201611
8308 2088.5235303235127 16732.725159807727
8309 1108.141500166422 17011.703384878227
8311 3656.2410651706996 16399.20677325967
8315 2302.1158218679143 15386.625094625062
8316 2825.2914349475273 15578.390263334742
8319 2294.615511991972 15386.508760463925
8320 2893.9257522583634 15417.40963578305
8321 1946.2290747776267 15381.005810961264
8322 2830.0025194743084 15479.056626137582
8324 2273.9535003205465 16356.48847195259
8325 2852.6360519721084 15380.341088650533
8326 2174.9100195254023 16363.837045905746
8327 1861.2433033111342 16354.886313949566
8328 2304.8964790821356 16357.053973883889
8334 2794.972106942574 15396.758870654854
8336 837.8449250386957 16893.860366858502
8337 1453.0339564728629 16980.33277794462
8340 2297.393985579572 16356.916861209704
8341 2830.673949544224 16221.360071878533
8342 3087.3888632850358 15400.932036973192
8344 2790.468136468493 16357.687715265145
8345 2808.0610466304906 16356.468408087678
8346 1490.0698933669132 15571.403326984702
8348 2484.2610922931044 16361.238943677336
8349 3546.1915513053486 17151.539166938943
8353 2193.909663757644 15422.717258038598
8354 3091.3819225940347 15576.015347942142
8356 2249.2954286796435 15413.630276767995
8357 2886.4252491174843 15417.158244369495
8358 2830.9348950694616 15459.440020613114
8359 2477.8307901537755 15395.919169797013
8362 1914.5538212469778 16346.27529692904
8363 1922.0727347378088 15381.927156499349
8365 2869.4738481201402 15599.479556859036
8367 2639.5370747282905 16337.18809314751
8368 3840.3230340888235 17274.938430620987
8370 2027.4145207529389 16360.719011516001
8371 3099.0151687505268 15595.901713864401
8375 2823.786237920513 15614.62989364351
8376 2830.41816098969 15470.31178587233
8377 2567.119844408769 16984.022005323397
8378 2319.898959622532 16357.328153425078
8379 1441.121788869678 15631.648501789328
8381 3461.9900176020155 15396.458052956561
8388 1978.5931695341578 16358.010283994152
8389 2175.2764190589082 15409.38185117968
8391 1869.990411000794 16355.430539764264
8392 3037.786542144411 16701.38827530674
8393 3449.657562656388 16403.56057272463
8394 3535.7295509129585 16014.273342631985
8395 1432.3867765710754 15627.520741111666
8396 2865.000939287312 15399.285862468083
8397 2981.282383051575 16531.819843756195
8398 4086.2437508684907 16936.12843807343
8399 2809.9701888353356 15397.123407367526
8400 1386.2857019513192 16851.40839839893
8401 2281.7413795087605 16356.630800225366
8402 2802.4711288804283 15396.941138549177
8403 2237.9391563229246 15404.007241763224
8404 2680.6220297335854 16372.141727363201
8405 2578.1041491091046 16955.071760174756
8406 3043.537641019041 15399.791955491988
8407 3147.812306033877 16631.108777490357
8408 3305.980869389538 16145.683586184945
8409 1871.3167900991507 16344.73861095577
8413 2821.6315544542977 16371.079332654781
8414 1976.5774963868616 15396.302973904898
8415 1217.5820366774697 15505.984452147828
8416 3748.896786635631 15838.18779067656
8417 2422.965985680988 15605.68090259732
8418 2162.944616095152 15404.817561718914
8419 2926.6408755026778 16338.056357776455
8420 2004.4517596970954 16358.624527588576
8421 2908.90921639058 15418.30168132432
8422 3946.2170800887097 15725.284743745831
8423 3309.6581917970843 16894.05474366794
8424 2293.973920815791 16366.35404026754
8425 2173.3162209170605 15412.408727333059
8426 2829.277396172566 15494.312771666087
8427 2886.295364523927 15420.356026280453
8428 3661.7137021677045 16363.497347827019
8430 2811.6503031134193 17283.09070925694
8431 2878.8034940170865 15420.121132650702
8432 2245.432183671408 15404.022318277004
8433 1930.2624496676883 16184.307429622
8434 2852.4366162679553 15387.839304010944
8435 1951.1251278768143 16357.357809573346
8436 2893.7863837288546 15420.609559974211
8437 2657.935003012615 16645.327108519756
8438 3353.0332128637965 15528.48307382873
8439 2901.4175012595124 15417.855659561917
8440 3139.3497227020966 17087.95374548732
8441 2261.10415947672 16365.65917807113
8442 3634.927935453158 16364.430340301009
8443 2829.1781016134964 15429.131457814197
8444 2338.4102336410806 15394.383872811324
8446 4008.871216553711 17212.464244487433
8447 2252.9413283389326 15404.037427219997
8448 3881.7650954675623 15771.923953987194
8449 3322.632982227369 16561.397610411186
8450 2581.6226333949303 16956.848865523265
8451 1027.8175187273243 16303.735130227542
8452 2916.4096756774366 15418.748223672956
8453 3429.834942116685 16023.058387819236
8454 2829.1730354904057 15847.813326516947
8455 3978.671743838158 15716.144052258098
8456 4034.2986699918697 15928.98908074005
8457 3161.051197197595 16651.837384192448
8458 2580.3870123443376 16950.286998606098
8459 1971.7787901328425 15402.75229547257
8460 2335.375214334262 16497.115134235883
8461 2593.9292698858594 16965.69781744178
8462 1492.7250766145924 15554.954615353352
8463 2939.9360860919496 15416.701329157842
8464 1428.4276095242483 16172.404265577698
8465 3702.527804614369 15271.926533700169
8466 2849.2366143464355 15387.759376254624
8467 2563.391125373513 16959.087934411717
8468 3811.8584834274734 15189.96546988309
8469 3628.5387570558387 16353.4276168231
8470 1828.3773029454965 16336.845684383972
8471 3340.3581796308404 17342.139150282506
8472 3056.2465431982623 16483.46869299335
8473 2806.46127476053 16213.018136664698
8474 3442.7980880297814 15403.363065249747
8475 810.7906925907665 16900.153445316504
8476 2253.6422657548924 16356.117271672798
8477 2038.2046042041623 15381.530929942448
8478 3065.0779881373223 16273.594127317188
8479 3357.8518187798136 15428.068631918419
8480 1678.4552512446644 16402.667622208315
8481 3043.093524038678 16496.499411999248
8482 3730.933651491506 15256.63613727217
8483 2330.6917858812553 16450.168431866736
8484 3003.2164327808587 16422.238787603026
8485 2821.0686312597345 16269.931751891212
8486 2823.548599327701 15403.187796367278
8487 2779.1406086089496 16370.760563129616
8488 2264.185511881196 16356.309955967756
8489 3198.5517390332693 16202.63794780484
8490 4219.7939370055465 16074.604687687648
8491 3122.6513344807067 16226.225727620733
8492 2872.500838326138 15399.329789127065
8493 2917.756625552215 15399.594850766181
8494 2352.54465173064 16356.429229215502
8495 2562.2578667970847 16966.883159385572
8496 4112.503315063323 16126.086775915499
8497 1828.3119627815333 16595.1774498688
8498 1835.3161688917814 15386.238272946845
8499 2845.293581928418 15106.015261691344
8500 2548.107881887766 16967.505763285684
8501 2380.25325489944 16677.284580395586
8502 2193.7572570695534 15430.191047550754
8503 3150.7550782475273 15406.016456297135
8504 894.0274689173236 15744.611186456566
8505 2838.2767766485626 15108.677322780513
8506 1834.0511940324034 15400.72870990897
8507 3763.876884790776 15254.281264870428
8508 3041.519036365888 16458.846667113074
8509 2855.636615079082 15387.929348709216
8510 1833.4765792817316 16673.8103134631
8512 1167.6743198792992 16687.244516419705
8513 1327.3358861530114 16205.79170947876
8514 2055.127821005711 16352.159682613448
8515 2087.3968089528166 16724.22438379788
8516 3265.0556843562026 16841.53034909812
8517 3139.1979053691343 16617.236132259186
8518 2194.5386374371333 17178.217569843047
8519 990.3246590081036 17359.418366535927
8520 3826.2557907462788 16282.96576379633
8521 1828.0863587443716 17038.722706409066
8522 1822.644049891261 16570.644429419124
8523 2893.0348377553833 16366.784939821513
8524 1857.8771760463037 16861.721047163337
8525 1435.5100259636918 16074.281771652137
8526 3667.26004014389 17553.77849447206
8527 1440.6058241270484 16534.63796527792
8528 1842.3227848666033 15749.828759883656
8529 3596.9146743152332 15348.797892943187
8530 973.6342185225935 15057.55469774237
8531 3857.137030171756 15217.61897268422
8532 3564.063782123422 16428.904347397314
8533 3404.842933383083 14534.00713354436
8534 3248.027346606342 15408.571052179987
8535 3125.9380657109577 16673.473350235417
8536 3705.419840469854 16352.512247889536
8537 3416.7446264269365 17320.46061209899
8538 1544.3056441994613 16867.47009510285
8539 1974.4943359335487 16348.81255956215
8540 3249.4294960356983 16165.51464822274
8541 2241.238074087472 15669.475595216809
8542 1158.4006117382519 15340.352991347121
8543 1398.7867759602948 16721.440590615686
8544 1857.8743307927648 16289.217304505466
8545 4162.722525219467 17042.716383024104
8546 2635.3902227434833 16006.246520968525
8547 2563.0820837626097 15088.09353089183
8548 2774.412819212121 17301.486460012125
8549 4458.086292004921 17031.103018268925
8550 4156.616696874585 15612.828903697062
8551 3956.2338339611865 16162.079168104343
8552 2628.754087374437 16642.86387023008
8553 4863.977059158526 16408.421081784953
8554 3936.7685679201163 15743.377345011053
8555 3642.196077316698 14905.804418317994
8556 3486.1216304021136 15387.22397305901
8557 4245.2397114173655 15563.04081447057
8558 3136.980440915245 15858.478951583085
8559 843.7448713020318 15178.160807414632
8560 3331.3640689865088 15289.572432857096
8561 1433.4109995030867 16283.793178550766
8562 3108.467240229117 15140.53783192201
8563 3708.1096668306404 15717.203187356195
8564 2943.1405956543235 16974.721785770522
8565 1838.75 16619.19116612937
8566 4208.39217373418 17054.896692958006
8567 4282.73261075057 16247.175223640637
8568 2933.9651922601884 15399.703712254384
8569 4304.046288312005 17280.806156505652
8570 2210.5293436877355 15586.812073860405
8571 1890.5420788500376 16741.935955091394
8572 2381.880781212188 16889.838598696864
8573 1853.2820038167204 16145.862344971341
8574 3621.577406973083 18192.693309677346
8575 3331.024378437562 16758.842393216266
8576 2963.1614748838783 15842.038114939602
8578 4195.035082504895 16575.801334208554
8579 2955.682495107632 16243.289999999999
8580 2033.8462630480167 15993.777929714684
