6431 2834.8333404324426 15400.825855557023
6500 2853.7012473495197 15423.649648614195
6507 2944.7737722259235 15599.241438197696
6596 2807.2326169281923 15400.258765309118
6619 2821.0444968096676 15400.57776083275
6629 2795.3139396414754 15399.969023644
6680 2773.809383273305 15399.446250368086
6690 2783.1809340846453 15399.674071683447
6716 2753.5767155947356 15398.954396558982
6739 2707.4253422269157 15397.832462014954
6751 2474.6281774330023 15388.95240140497
6761 2717.230109468668 15398.070814771589
6780 2684.415731955409 15397.239659615754
6913 2697.498944332634 15397.580779958833
6952 2660.608050392963 15396.608018418567
6994 2578.1145311273567 15394.41938425306
7011 2673.1017460153244 15396.939488445982
7050 2593.111105472662 15394.817258113575
7052 2600.6094263757327 15395.016195938735
7062 2837.6872981217207 15154.418159853702
7071 2763.3279384713196 15399.191447658297
7115 2570.6162213836883 15394.220446723972
7118 2744.7342976740774 15398.739438402941
7119 2540.6229211575546 15393.424694982556
7143 2414.6221621521076 15388.263548780893
7145 2912.698237541937 15209.7588087741
7158 2548.121220835286 15393.623632244584
7177 2726.481020446244 15398.295703346555
7195 2555.6195628393943 15393.822570629574
7198 2563.1178742297293 15394.021508202351
7200 2735.4156141865706 15398.512902286102
7237 2533.1246461394844 15393.22575837477
7256 2467.1274016030643 15388.866294552367
7263 2422.12287192027 15388.349654875125
7269 2429.6236380522055 15388.435761616396
7271 2850.8414073827166 15400.291233131924
7273 2459.6266386312395 15388.780187847373
7274 2437.124410470357 15388.521868429832
7280 2482.1289463570256 15389.038508178295
7290 3149.747598596356 15405.9260471292
7335 2635.35129304665 15395.937931816248
7340 2444.625132447208 15388.607974664217
7360 2354.6179870342976 15387.43943369153
7380 2966.236743259962 15399.03497568145
7430 2279.6148101181307 15386.276090867888
7445 2399.6206714328155 15388.091335775267
7452 2287.1151940251266 15386.392426177292
7467 2407.12145622955 15388.177442730806
7478 2624.9748712024284 15395.662635143659
7499 2242.1130991694836 15385.694417556166
7508 2167.998289946908 15386.009276165452
7522 2377.119045222133 15387.788438168987
7546 2272.1145121293716 15386.159756891126
7559 2152.985819055896 15385.698691319134
7563 2249.613489615137 15385.810752966989
7570 2145.4795638530095 15385.543398487223
7577 2647.7356301179716 15396.266500453794
7594 2616.553703571135 15395.43921328755
7603 2585.612825678321 15394.618321379072
7617 2234.612722713667 15385.578082362335
7619 2096.1979651732195 15384.6906941703
7622 2608.1983064352335 15395.217536387341
7629 2369.6187021588094 15387.672103493092
7648 2122.9608278764103 15385.077520604536
7650 2130.467065325604 15385.23281306915
7660 2227.112393407275 15385.461747899819
7672 2066.1644464445185 15384.711500210291
7675 2137.9732856428004 15385.388105179329
7683 2088.689602516037 15384.695895668503
7730 2081.18121887463 15384.701097181245
7733 2392.1199496489853 15388.0052295431
7748 2160.4920616728105 15385.853983890658
7804 2058.655994850925 15384.716701770107
7806 2384.6194336586186 15387.904773548646
7815 2073.6728375267517 15384.706298692396
7832 2021.1140202224474 15384.742709372898
7835 2028.6223845557668 15384.737507873533
7841 2051.147594539384 15384.721903294396
7856 2452.125875453236 15388.69408114001
7857 2036.1307746308287 15384.732306356334
7870 2043.639225612337 15384.727104796944
7979 2853.630324430356 15109.123621871553
7986 2362.118351437832 15387.555768698423
8001 3329.211361193791 14417.180918638574
8020 2013.6055593277233 15384.747910939157
8028 2215.4600343207753 15403.96201214149
8042 2832.775975085058 15113.481166120751
8047 2006.0971511928997 15384.753112468867
8069 3153.762732098788 16634.266798254965
8077 2277.956223898422 16628.944267041425
8079 2339.6173749086065 15387.20676548754
8080 2332.1170685452043 15387.090431380882
8085 3229.5904611957326 16756.271252044553
8087 3754.836117376652 15243.782496141368
8101 1998.5887850607803 15384.758313969476
8120 3207.843218379103 15298.995388307376
8125 1953.695581845097 15381.797713225995
8127 1983.571980336073 15384.768717020897
8129 2871.3116364784973 15419.886239427544
8130 1931.2960513957755 15379.422005451066
8131 1968.6286086238572 15383.38151909647
8132 1991.0803685408787 15384.763515504994
8141 2230.446136011629 15403.992165263604
8145 2863.81980223258 15419.651346934686
8148 2222.9531104115313 15403.977088753341
8150 2835.1249451965555 15121.02524746254
8156 4015.1747834413745 15511.679641467637
8157 1923.9493678901936 15378.768292813475
8161 1938.762560453905 15380.21390792693
8166 3634.9292320793884 16364.432573204676
8168 2836.5218446817003 15131.805896549184
8173 2878.923863596085 15416.925834930136
8179 4218.620055011668 16490.59731667489
8180 1976.0951370676548 15384.173423628388
8183 3276.264961161257 14342.614537346173
8188 1909.0118904702354 15378.470702495943
8194 721.7546449120738 15833.029782434898
8207 1449.8723562102734 16537.58146444519
8213 2644.347841867849 17383.221181925517
8215 2317.1164419437214 15386.857762952364
8219 2347.117673110648 15387.32309946761
8222 1916.4832370831402 15378.616665890035
8232 3930.2749979687865 15732.780069061266
8233 3299.4537671309818 15307.706052435304
8240 2324.616741385734 15386.974096951666
8241 2309.6161201939804 15386.741428607056
8243 3848.724759936351 15189.627825344562
8246 2568.5294021610534 16937.808413477414
8248 2853.5504305265695 15108.935300526913
8250 1840.6101638616447 17380.62709280868
8252 2871.4224591038214 15416.69342490302
8257 2834.71056710756 15778.743859337637
8264 2408.7945038139123 16687.049112008463
8270 2264.6142145835174 15386.043422921235
8272 1851.3950500134576 16865.496199875215
8273 1961.162108939105 15382.589617614754
8275 2257.1138676379933 15385.927088185124
8285 2863.921111628953 15416.461016642426
8287 3239.7423411668524 15358.140939400568
8289 3119.0562242666088 16584.799935340885
8295 1430.8161318216792 16548.97390075924
8298 2836.9103272962357 15139.343281456597
8301 3248.454583426036 15339.64016652851
8303 2887.069504007401 16352.168703983885
8307 3103.7503676682827 15784.39477909675
8315 2302.1158218679143 15386.625094625062
8316 3242.131917926035 15408.526238279335
8319 2294.615511991972 15386.508760463925
8320 2893.9257522583634 15417.40963578305
8321 1946.2290747776267 15381.005810961264
8322 3585.228783736521 15335.069643823186
8324 2821.163611701589 16358.401696069537
8325 2852.6360519721084 15380.341088650533
8328 2569.8806482370182 16945.856767749385
8334 2853.2886503721693 15475.603394114329
8340 2885.036426035236 16355.433078482707
8341 3123.7377125598982 16592.33901191443
8344 3404.5302093408923 16083.659911847619
8348 3142.633565540109 16616.696629743386
8353 2193.909663757644 15422.717258038598
8354 3161.4970220836135 15406.980416415936
8356 1303.1871553062501 15471.335334266463
8357 2886.4252491174843 15417.158244369495
8358 3610.5792388941886 15317.796832927947
8359 3994.1583926443977 15473.288310924521
8362 2313.5295899764483 16357.211749284941
8363 1922.0727347378088 15381.927156499349
8371 2923.8926953470586 15419.193727748156
8375 3307.8174700176664 15407.427090757801
8378 3168.308194646366 16208.694314895827
8379 958.776951001662 16152.029031827844
8381 3674.149305587658 14956.373508223784
8388 1028.972538024001 16835.445812958777
8389 1138.0959228420293 15463.684285645364
8391 1042.73019405094 16593.15791722966
8392 4815.400328100915 15723.729471397932
8394 3653.1055384090287 14922.60695918974
8396 2865.000939287312 15399.285862468083
8399 2624.4876231399444 15410.882345658069
8401 2827.3598885994793 16354.591070242675
8402 2847.728405813038 15555.21447066834
8403 2237.9391563229246 15404.007241763224
8404 1569.9837213850085 16466.94628408415
8405 3496.416368444459 16035.278910763564
8406 3383.4613960915976 15209.94195186668
8407 3233.58374173378 16775.098546795827
8409 2304.8555156083567 16357.05322525126
8413 2349.5110045743254 16367.59126244365
8418 1287.1674549085665 15803.731829973349
8420 1022.1713623022422 16780.59038571385
8421 2908.90921639058 15418.30168132432
8424 1140.0382565051607 16713.583119634906
8426 3541.9868019666887 15354.708239833302
8427 2886.295364523927 15420.356026280453
8431 2878.8034940170865 15420.121132650702
8432 2245.432183671408 15404.022318277004
8434 2852.4366162679553 15387.839304010944
8436 2893.7863837288546 15420.609559974211
8439 2901.4175012595124 15417.855659561917
8441 1425.33680366117 16064.182517898393
8442 4219.542564676656 17130.29223668734
8443 2837.2988130290432 15146.880726865089
8444 3918.7926479452453 15321.082064389466
8446 3563.8760674800214 17434.704761289937
8447 2252.9252296393315 15404.037394828247
8449 2321.52160842327 17126.55564126028
8450 2832.482475197584 15426.879892432276
8452 2916.400971490559 15418.747705466283
8457 2593.724155175947 16965.8122619402
8458 3654.961013920802 15890.560100352588
8459 956.9993461073042 16001.12882681616
8460 1476.7480255651474 16748.760749533885
8462 3028.010367578596 15406.569631009486
8464 2252.3996724084586 16356.094562516622
8465 4549.5339363050925 15868.771876648607
8466 2849.2366143464355 15387.759376254624
8467 2824.132855928672 15535.131219330045
8468 3288.6228990105274 14361.388899657963
8469 4165.2801070460955 17040.744778136348
8470 2710.9812720058862 15400.534948237593
8472 3143.8901718481106 16624.79256604098
8473 3168.9693543729895 15407.650968266818
8476 2753.635184467957 16361.264294624587
8478 3135.974215286271 16612.04469636071
8479 2901.268804176549 15421.0537550335
8480 2287.8461744441 16356.742369100253
8481 2216.632218480442 16656.430851494097
8482 4389.583996318687 15350.506190953487
8483 2955.650834048162 16251.627420654027
8485 2357.0113851713395 16367.685008770688
8486 3981.8536402238274 15332.067751710527
8487 1602.5747842230178 16447.869436726516
8488 2512.9554177906653 16862.79605218967
8489 3132.0035263037507 16605.65029218547
8491 3127.978342917269 16599.16813013099
8492 2872.500838326138 15399.329789127065
8493 2880.0007826451897 15399.373716051252
8494 3138.373407920043 16609.83617396595
8496 3593.7734739630932 17298.303331639294
8497 1866.7300369272016 15394.5022298206
8498 3243.417539037554 15406.935934869838
8499 2845.2936762201807 15106.015225918592
8500 2930.1665491255953 16160.949116563872
8502 2193.7572739782554 15430.190218374004
8504 1901.5405671761396 15378.324739557414
8505 2838.2773313485845 15108.677112336403
8506 977.9570058772314 16048.46275107119
8507 3277.249221293874 15976.68957029271
8508 3139.9336552466807 16618.42098509194
8509 2855.636615079082 15387.929348709216
8510 1852.931531589459 15402.820416672508
8512 1831.09325193966 16225.698323895936
8513 2237.3084946616573 16355.81876197954
8514 2404.9424216975144 16357.305224526834
8516 3611.7175990914593 15961.641337519353
8517 3147.846700403446 16631.164166240607
8518 2408.8318710557296 16723.160869621574
8519 1853.3558443875097 16522.42308526232
8520 3037.224614324072 16476.258961806172
8521 1847.1342760539653 15689.434939020259
8523 2810.146798831534 15988.678085761429
8524 1311.7685319366412 16218.07645388631
8525 2244.880529474293 16355.957145563854
8526 2849.523699791078 16367.861900040294
8527 1031.6783408144709 16340.727978855486
8528 1053.9299749971947 15695.010954351857
8529 2834.3894275231537 16595.601645580966
8530 912.8590420301349 15462.784304000452
8532 2372.028608802238 16367.87270718672
8533 3954.7934340943602 15391.864688393238
8534 2895.000561359914 15399.461569255807
8536 2807.9935598161146 16370.778199308992
8537 2329.828343662359 16316.109000386594
8538 1976.1062386216906 17085.80275640908
8539 2324.438289640763 16357.187554893286
8541 2193.6132787318206 15437.6634073985
8542 1418.0517129640264 15632.499844849517
8543 1989.1177977058362 16349.431565977351
8544 2296.7594218060963 16356.905264167215
8545 3142.934050074844 16641.05069524261
8546 2822.8924741175865 15426.419915154745
8547 2548.1493444454054 15390.42199060313
8548 2331.891872913332 16057.070405052193
8549 4351.4613845620215 17084.96403990341
8550 4131.722720028134 16465.508919327338
8551 4450.851742756559 15397.748299365467
8552 3465.4185116719655 16466.644506131546
8553 4561.767082372289 16623.057582577592
8554 2959.2105716466826 16159.586200394728
8555 2948.270185418847 15420.642297542941
8556 2902.5004152289316 15399.505495650232
8557 3122.313819910752 15591.209646134435
8559 971.2526165209069 15314.165393256337
8560 2910.0003444951953 15399.549422486254
8561 2268.4184199981455 16356.387314961976
8562 2853.034924745647 15365.344606600856
8563 2939.134745040528 15420.100252600088
8565 1422.442266873297 16423.01567092546
8566 3635.2419504988848 16371.098935672024
8567 3459.2531248383357 16071.160401035624
8568 2887.5006754071223 15399.41764267347
8569 3018.7481530541104 17483.273293549842
8570 2193.4805368450784 15445.136775622095
8571 2572.5706853315737 16944.12680249683
8572 2763.9565109022965 16834.638565771584
8573 2001.0448964388554 16765.739382932636
8574 3319.1081812718135 17553.064272427127
8575 4284.244998153399 16014.553158104978
8576 2916.2335538058637 15421.942139734054
8577 3147.6502625861312 16624.775398489157
8578 3475.9163698234693 16099.305260016397
8579 2364.5117928971213 16367.778755436804
8580 2277.5893917005096 16356.554920099461
8581 2193.347794833381 15452.610150880637
8582 2124.2720751612283 16353.752952025461
8583 1429.7166467207346 16208.61135320777
8584 2600.274428205656 16962.157513279337
8585 3513.9534011204328 16663.709686830527
8586 4118.574207514522 15622.335152832737
8587 1532.5765835537018 15528.944625685592
8588 2849.635485401348 15372.762958820405
8589 1401.0867621509633 17675.867571613224
8590 2144.4092984462113 15382.320873500801
8591 2837.0616043431155 16368.217103997087
8592 2729.784036711935 16864.42160785548
8593 4048.9426634326173 15674.437405306846
8594 2968.628683748216 17502.784918595404
8595 4460.514556326921 15944.744700969293
8596 2152.065494112771 15382.479516594014
8597 2908.7512133963182 15421.49794942624
8598 2931.3844158138486 15419.63974982822
8599 2851.374003345626 15100.551640757221
8600 3396.5974508326954 15442.53679416253
8601 2986.0029026086104 16344.37192516917
8602 4055.962623296714 15591.35089665785
8603 1402.740318511657 16164.01003229445
8604 3394.8805206560037 15428.256526744903
8605 1327.1106085076199 16205.91653606471
8606 4345.637391032014 15980.795716729985
8607 2260.047337975175 16356.234328299395
8608 2849.436049957572 15380.26116439138
8609 2798.492376276553 16833.878878485706
8610 3045.7947380634296 16483.857484987184
8611 2852.8354889652146 15372.842824829158
8612 1588.2251083132514 16993.84903434754
8613 1293.4440701746478 17151.479225698826
8614 3030.2649265491723 15599.115918426109
8615 1118.8704944370736 15675.272231954874
8616 4023.2290482159356 16178.180445862185
8617 4245.821889044469 15928.32102790264
8618 3057.5795638858217 16121.654445390526
8619 2855.836049643474 15380.431176200582
8620 2973.6043417188666 15399.089990604232
8621 2843.061534789438 15640.264803309858
8622 4270.787504292359 15548.60006099088
8623 1336.597806500707 15351.48859337549
8624 1240.8821359796789 16645.545660349635
8625 3881.5936916379846 15644.099311768356
8626 2511.8875191984257 15371.308476688435
8627 3360.236745835961 15899.417096311348
8628 3713.2815361390117 16490.224741542068
8629 2922.108662006831 15083.533058585812
8630 1875.493231069284 15359.212723175062
8631 3569.6586622651967 16258.411130769799
8632 3834.1263252961467 15216.130684229518
8633 2356.556809035112 17077.34649197176
8634 3261.6464369036075 14314.577311153138
8635 4357.781213971766 14933.30531262001
8636 1106.8822133757028 16721.61815940411
8637 3976.0689994829313 15984.170986367966
8638 1762.7901945510257 16300.546916941656
8639 4067.996292422216 15663.128844354529
8640 5059.383766154803 16160.344473424271
8641 2836.648085093326 15812.81406326999
8642 2812.2950187103716 15661.13164577033
8643 3634.1066378088476 14892.770500518182
8644 3329.365938425866 16953.888601432343
8645 3035.933800717249 16496.901152395774
8646 3172.0435140134305 14990.450171746099
8647 3665.066146950217 16419.326286415166
8648 3486.4746279473493 16471.338566244194
8649 2652.96707270649 17374.78025140643
8650 2572.7529200949202 16657.16564777752
8651 2784.2294180386216 16370.68922144304
8652 2821.3419879210965 17281.224448134824
8653 1494.2415472781427 15894.782872299018
8654 3450.5130029179636 16784.60293795626
8655 2774.40869217468 17301.318902292005
8656 2162.4692371575743 17205.652826814257
8657 2930.425978451128 15602.48684141256
8658 3222.72056078047 16777.238264915934
8659 1415.6790394740913 16210.542704583733
8660 3437.6564793119187 16075.874771023091
8661 2649.4035772052057 15430.840501455896
8662 2734.1441122348474 15188.954001184622
8663 2736.811596296628 16618.470170360233
8664 3619.558549523845 15648.207700220571
8665 1572.3118981105733 16925.34930775836
8666 2505.769867413794 15438.832277159885
8667 3072.5873822315734 16681.448891173033
8668 4039.88060391722 15092.17354019309
8669 4637.473045602621 15128.941702845981
8670 2955.6896202994676 16228.72610788803
8671 2943.9550265687067 15078.569516134894
8672 4420.350270990892 16283.828573603407
8673 2901.2214000451613 15602.57919416321
8674 3247.119963952076 15528.937549260034
8675 2384.0434698411605 17570.288382565206
8676 1788.833989132057 15951.87360861429
8677 2747.6183266754215 14649.096481836972
8678 1073.563046846829 16346.407513064492
8679 970.2135755118379 15599.387139649984
8680 3325.744200527296 16765.28157350693
8681 3132.432872152417 14969.371942002248
8682 2189.9335289905644 15569.563565059038
8683 3755.2600811600205 15843.195631212553
8685 1851.3371852340147 17418.826308503627
