6431 2779.9008254194455 15399.594332621506
6500 2794.8962752225657 15399.958870270326
6507 2823.288207799215 15400.61813063275
6596 2764.9054322377597 15399.229796349146
6619 2772.4031017526295 15399.412063827112
6629 2757.407684972998 15399.047526981089
6680 2742.412343086827 15398.682991955717
6690 2749.910009407135 15398.865259356024
6716 2727.417006208671 15398.31845705209
6739 2675.5927569288538 15397.005577414431
6751 2474.6281774330023 15388.95240140497
6761 2683.0910724344735 15397.20451509639
6780 2660.596099177884 15396.607701341081
6913 2668.0944479575187 15396.806639905833
6952 2645.5994370892063 15396.209825152648
6994 2578.1145311273567 15394.41938425306
7011 2653.097747012933 15396.408762686515
7050 2593.111105472662 15394.817258113575
7052 2600.6094263757327 15395.016195938735
7062 2822.935284254336 15393.696650510983
7071 2734.9146727316047 15398.500724457323
7115 2570.6162213836883 15394.220446723972
7118 2719.9193117704344 15398.13618896824
7119 2540.6229211575546 15393.424694982556
7143 2414.6221621521076 15388.263548780893
7145 2811.5752515715035 15393.960489956291
7158 2548.121220835286 15393.623632244584
7177 2690.589355409385 15397.403451915277
7195 2555.6195628393943 15393.822570629574
7198 2563.1178742297293 15394.021508202351
7200 2712.421644641693 15397.95392154828
7237 2533.1246461394844 15393.22575837477
7256 2467.1274016030643 15388.866294552367
7263 2422.12287192027 15388.349654875125
7269 2429.6236380522055 15388.435761616396
7271 2787.3985752746535 15399.776602052536
7273 2459.6266386312395 15388.780187847373
7274 2437.124410470357 15388.521868429832
7280 2482.1289463570256 15389.038508178295
7290 2811.768295302201 15400.369027125334
7335 2630.6028218184483 15395.81195020634
7340 2444.625132447208 15388.607974664217
7360 2354.6179870342976 15387.43943369153
7380 2802.3940298913153 15400.141139818374
7430 2279.6148101181307 15386.276090867888
7445 2399.6206714328155 15388.091335775267
7452 2287.1151940251266 15386.392426177292
7467 2407.12145622955 15388.177442730806
7478 2623.104461900207 15395.613011346071
7499 2242.1130991694836 15385.694417556166
7508 2167.998289946908 15386.009276165452
7522 2377.119045222133 15387.788438168987
7546 2272.1145121293716 15386.159756891126
7559 2152.985819055896 15385.698691319134
7563 2249.613489615137 15385.810752966989
7570 2145.4795638530095 15385.543398487223
7577 2638.1011140122987 15396.010887269817
7594 2615.606111542741 15395.414072739459
7603 2585.612825678321 15394.618321379072
7617 2234.612722713667 15385.578082362335
7619 2096.1979651732195 15384.6906941703
7622 2608.1077452527734 15395.21513371014
7629 2369.6187021588094 15387.672103493092
7648 2122.9608278764103 15385.077520604536
7650 2130.467065325604 15385.23281306915
7660 2227.112393407275 15385.461747899819
7672 2066.1644464445185 15384.711500210291
7675 2137.9732856428004 15385.388105179329
7683 2088.689602516037 15384.695895668503
7730 2081.18121887463 15384.701097181245
7733 2392.1199496489853 15388.0052295431
7748 2160.4920616728105 15385.853983890658
7804 2058.655994850925 15384.716701770107
7806 2384.6194336586186 15387.904773548646
7815 2073.6728375267517 15384.706298692396
7832 2021.1140202224474 15384.742709372898
7835 2028.6223845557668 15384.737507873533
7841 2051.147594539384 15384.721903294396
7856 2452.125875453236 15388.69408114001
7857 2036.1307746308287 15384.732306356334
7870 2043.639225612337 15384.727104796944
7937 1068.6284195554 16518.88910695147
7979 2853.630324430356 15109.123621871553
7986 2362.118351437832 15387.555768698423
8001 3129.326228008966 14324.783713043507
8020 2013.6055593277233 15384.747910939157
8028 2215.4600343207753 15403.96201214149
8041 3328.513172944218 15407.584967916846
8042 2832.7760148995153 15113.481321187586
8047 2006.0971511928997 15384.753112468867
8069 3146.629234547655 16623.13115939516
8071 2968.307423367799 14442.291766192393
8076 2697.1620289854677 17156.73209715271
8077 2342.9075500604117 16086.667199347994
8079 2339.6173749086065 15387.20676548754
8080 2332.1170685452043 15387.090431380882
8085 3150.586668460627 16629.504116166576
8087 3209.533198592707 15406.678364208115
8101 1998.5887850607803 15384.758313969476
8111 2927.9228558500117 14479.048639294544
8120 3236.8990471518705 15403.68617082526
8125 1953.695581845097 15381.797713225995
8127 1983.571980336073 15384.768717020897
8129 2871.3116364784973 15419.886239427544
8130 1931.2960513957755 15379.422005451066
8131 1968.6286086238572 15383.38151909647
8132 1991.0803685408787 15384.763515504994
8141 2230.446136011629 15403.992165263604
8145 2863.81980223258 15419.651346934686
8148 2222.9531104115313 15403.977088753341
8150 2835.125024050359 15121.025477598825
8156 3839.804205521808 15204.136261656544
8157 1923.9493678901936 15378.768292813475
8161 1938.762560453905 15380.21390792693
8166 3634.9292320793884 16364.432573204676
8168 2836.5218446817003 15131.805896549184
8173 2878.923863596085 15416.925834930136
8179 3971.769329832643 16620.086597024943
8180 1976.0951370676548 15384.173423628388
8183 3454.293190061639 14614.603307551906
8188 1909.0118904702354 15378.470702495943
8194 1295.3909370670112 15696.795419662694
8207 1807.9358332678585 16361.974233491237
8213 2673.4423980609595 17119.956007706645
8215 2317.1164419437214 15386.857762952364
8219 2347.117673110648 15387.32309946761
8222 1916.4832370831402 15378.616665890035
8232 3605.3865068298237 15949.82998896508
8233 3145.8874771554933 15405.579647708435
8240 2324.616741385734 15386.974096951666
8241 2309.6161201939804 15386.741428607056
8243 3290.0864766854866 15407.291829884358
8246 2337.848412073253 16577.992349523473
8248 2853.5504305265695 15108.935300526913
8250 1843.433330734538 16985.367109995932
8252 2871.4224591038214 15416.69342490302
8256 792.9596995890861 17223.641133488294
8257 2824.2657943214767 15397.434776491064
8264 2351.281746155406 16015.872569125699
8270 2264.6142145835174 15386.043422921235
8272 2127.5829387435942 16707.000383087285
8273 1961.162108939105 15382.589617614754
8275 2257.1138676379933 15385.927088185124
8285 2863.921111628953 15416.461016642426
8287 3102.2351684452283 15401.662378605904
8289 3116.050044799112 16579.958778901007
8290 4675.102302240204 15495.79389501789
8295 1762.4655734167347 16379.671399627723
8298 2836.9103272962357 15139.343281456597
8301 3115.1689893756497 15402.823033302193
8303 2406.3241674204587 16357.328324799526
8304 2467.330260076191 15082.940551796599
8305 993.9015388484468 15353.479406931065
8307 3108.533993896708 15594.151108995125
8308 1223.404316568586 17203.47447604207
8311 4081.490194311711 16561.48636651478
8315 2302.1158218679143 15386.625094625062
8316 3087.739003791249 15400.941140224739
8319 2294.615511991972 15386.508760463925
8320 2893.9257522583634 15417.40963578305
8321 1946.2290747776267 15381.005810961264
8322 3159.434684626296 15406.795346461122
8324 2335.68743050514 16358.52487876224
8325 2852.6360519721084 15380.341088650533
8326 1461.8527019847033 16530.46793749659
8328 2334.939385075906 16527.59129237507
8334 2794.972106942574 15396.758870654854
8340 2468.539657330488 16361.122880378387
8341 3120.1510819118344 16586.56309592303
8342 3261.76416694461 15129.015747303109
8344 2849.6346541578278 16353.30271780982
8345 2973.9347381632947 15995.39410424889
8346 978.987493219702 16050.957615163488
8348 2854.665768517495 16356.35324906644
8353 2193.909663757644 15422.717258038598
8354 2964.3725822814813 15399.021055721934
8356 1448.9938492772428 15611.463402741803
8357 2886.4252491174843 15417.158244369495
8358 3175.0165684157923 15406.611969641359
8359 3741.864616919189 15250.752179809013
8362 2251.4064320919 16356.076410440135
8363 1922.0727347378088 15381.927156499349
8371 2923.8926953470586 15419.193727748156
8375 3074.386289504253 15400.59398496895
8378 2775.4262063402193 16357.841319289873
8379 997.9439470605553 16132.48906771027
8381 4034.063849808391 15567.410093070299
8388 1383.1569152130944 16576.12367630644
8389 1392.7614115053148 15521.304284676085
8391 1100.1898894798205 16736.113411542414
8392 4189.236248115878 16066.167061056467
8394 4011.2370522237115 15532.533660545103
8395 1431.7158932414322 16407.22888851746
8396 2865.000939287312 15399.285862468083
8399 2811.7614759100516 15397.166945595036
8401 2371.0531013935724 16356.738656794862
8402 2802.4711288804283 15396.941138549177
8403 2237.9391563229246 15404.007241763224
8404 1919.38738794647 16356.603912963716
8405 2939.25602756046 16331.826653056563
8406 3236.957662027891 15351.759510953012
8407 3147.846724481331 16631.164205015673
8409 2240.117465779193 16355.870097651008
8413 2349.5110045743254 16367.59126244365
8416 4584.376907998786 15338.708276763962
8418 1335.0863609535522 15688.359887100994
8420 1450.940961847116 16536.94261692669
8421 2908.90921639058 15418.30168132432
8423 4011.2938582620377 17532.150179280747
8424 1478.1704543892154 16520.8715538551
8425 1852.7944354503475 16123.090649212796
8426 3129.378388067381 15404.098155743714
8427 2886.295364523927 15420.356026280453
8431 2878.8034940170865 15420.121132650702
8432 2245.432183671408 15404.022318277004
8434 2852.4366162679553 15387.839304010944
8436 2893.7863837288546 15420.609559974211
8437 1909.8092966459187 16831.476080477743
8439 2901.4175012595124 15417.855659561917
8441 1470.0833011518753 16525.62756578059
8442 3862.876352107107 16727.174279568826
8443 2837.2988130290432 15146.880726865089
8444 3624.0871997112745 15314.166358230328
8446 3901.481734239197 17249.426575557936
8447 2252.9252296393315 15404.037394828247
8449 2595.2742400618663 16968.612188836458
8450 2812.3190930362334 15891.711789689813
8452 2916.400971490559 15418.747705466283
8457 2593.724155175947 16965.8122619402
8458 3193.1828921217175 16195.453882023276
8459 1118.6980595429143 15691.148698448216
8460 1759.4467248208557 16915.389510033365
8461 2541.9954201881283 16914.14091969901
8462 2460.9841676260053 15395.73365505347
8463 3219.9709967431018 15408.357782790501
8464 1931.2994491245884 16346.984133950276
8465 4185.006946051904 15817.947609372395
8466 2849.2366143464355 15387.759376254624
8467 2800.291215023358 16106.801893595239
8468 3475.679196779658 14646.786428103549
8469 3832.9900843514347 16682.364806126174
8470 1991.1220675337297 15390.425747109352
8472 3139.933672376402 16618.42101267767
8473 3040.748458362568 15399.71963896697
8476 2300.876917119457 16356.980513921602
8477 2514.4773281469033 15239.982128883754
8478 3132.020604071106 16605.677794250565
8479 2901.268804176549 15421.0537550335
8480 2222.7181217449793 16355.552113958149
8481 2494.680790990673 16701.415050612042
8482 4293.3947481337755 15524.674694997448
8483 2828.3728251693046 16354.492534581303
8484 2636.248882270678 15948.167642176513
8485 2357.0113851713395 16367.685008770688
8486 3828.4485219204107 15204.180260771898
8487 1956.9357373174048 16357.495834485228
8488 2316.127726885694 16357.259231831831
8489 3128.0640951550213 16599.306225678018
8490 3970.246275803649 16581.33070869701
8491 3124.1075871533235 16592.934658578
8492 2872.500838326138 15399.329789127065
8493 2880.0007826451897 15399.373716051252
8494 2827.3446780448676 16357.801162306147
8495 3470.243486222431 16444.18371391169
8496 3201.8270245998506 16716.89784818265
8497 1849.5352100753673 15413.909460334953
8498 2600.7938857909344 15397.938187628723
8499 2845.2936762201807 15106.015225918592
8500 2906.454941380239 16348.024720306055
8501 1847.2796011473117 16514.89476945553
8502 2193.7572739782554 15430.190218374004
8504 1623.4444951882813 15410.488365863488
8505 2838.2772367382386 15108.67714823002
8506 937.4265287761978 15733.435769171043
8507 3297.992511312312 15786.609079412965
8508 3135.9771204816343 16612.04937489218
8509 2855.636615079082 15387.929348709216
8510 1849.189356186138 15446.78916075874
8512 1809.0319383430906 16351.030233074944
8513 1834.1806785115848 16338.610139608867
8514 2286.934734987954 16356.725711984704
8515 2663.8926057126314 16904.3744667741
8516 3499.757250376997 16139.573420375027
8517 3143.890221471213 16624.792645954105
8518 2552.3547595868777 16964.887307254136
8519 1958.2187752807515 16790.638124164925
8520 3170.111572629421 16647.383141595288
8521 1834.875438046771 16327.812157316854
8523 2837.061676801157 16368.217101931834
8524 1425.5792512424262 16493.788673734798
8525 1897.095406657843 16345.536287876448
8526 3171.1587911703127 16693.48291745257
8527 1220.134618323867 16268.850904113502
8528 1600.7918790017018 15453.131103485637
8529 2828.156942566821 15883.817185508395
8530 943.531968800087 15274.19667616622
8531 3731.1068011053744 15769.998800871133
8532 2838.005752059852 16371.393024941248
8533 3813.500948450367 15186.442069099774
8534 2949.6009849186203 15398.910754068986
8536 3139.7305209679653 16638.0460058734
8537 2565.137771650608 16960.113235259894
8538 1833.1992019327668 16893.405517787567
8539 2267.061922805509 16356.362524143091
8540 3896.803940041238 15671.08374206886
8541 2193.6132787318206 15437.6634073985
8542 1018.1827729383772 15665.723539216482
8543 1816.1048140440605 16348.51386499513
8544 2231.1283488728454 16355.705816021551
8545 3620.4323535787144 16401.710838258685
8546 2822.892407592315 15426.421314805286
8547 2511.72229996187 15379.904503241072
8548 2447.1029896174555 16783.274374560806
8549 4388.070896016231 17067.09922202311
8550 4006.770779366582 16190.750873807969
8551 4080.5027548132507 15643.728991238908
8552 2907.3013884872903 16771.14913611233
8553 5014.716523778348 16050.90543795138
8554 3201.0702071130117 16201.30276300658
8555 3585.423228240963 15351.4028133091
8556 2957.1008934034294 15398.966756969858
8557 3695.9224923135857 15295.01643602465
8559 850.9976246324732 15133.661249571862
8560 2964.603054890078 15399.02277669422
8561 2205.720486344005 16355.241471737152
8562 2853.0349413055856 15365.343983994253
8563 3558.6413690434692 15369.609742886587
8565 1582.2260274204114 16968.407156502788
8566 3963.437114062 16859.076793492128
8567 3651.6360444838115 16397.89861707697
8568 2887.5006754071223 15399.41764267347
8569 3576.1355331424893 17254.996660015186
8570 2193.4805368450784 15445.136775622095
8571 2431.1742705256315 16734.842042423046
8572 2545.946007195788 16968.838689314573
8573 1839.4350133923708 16852.459701398937
8574 3575.5380669967553 17586.222425866483
8575 3687.981314712225 16348.8389934561
8576 3074.3203884240434 15425.926384493023
8577 3142.6634246562357 16616.74471414871
8578 3715.3525960974375 16499.558094565095
8579 2639.7500596490486 16372.619197581309
8580 2214.4863632457204 16355.401673518487
8581 2193.347794833381 15452.610150880637
8582 1569.466150009223 16287.072754614512
8583 1448.9670105586126 15649.79652321522
8584 2679.273308355168 16918.079800773856
8585 3280.901411965983 16866.770769144154
8586 3763.3947315761047 15822.745586689165
8587 1893.3337688434503 15402.50488591714
8588 2849.739326224527 15368.858839150842
8589 974.9020490618046 17368.71377926435
8590 2144.4092984462113 15382.320873500801
8591 3065.5765180402127 16516.292748090647
8592 2304.6486493766474 17107.884623483387
8593 4267.579135658879 15999.093546515141
8594 3370.7522021862906 17393.809405504708
8595 4635.650293609735 16226.620417172122
8596 2152.065494112771 15382.479516594014
8597 2948.080832228564 15423.833996472042
8598 2960.4970639037933 15420.849397304519
8599 2851.374003345626 15100.551640757221
8600 3421.1175615311067 15646.801240693789
8601 3586.7885525423594 15995.39411077228
8602 3890.8121444855315 15188.949979534309
8603 1081.000918666076 16342.286180278483
8604 3382.8035033643914 15586.947532794338
8605 1029.912913939055 16314.625671130614
8606 3802.6689866044476 16281.27458969207
8607 2049.431287107384 16351.928809873956
8608 2849.436384586066 15380.248583311552
8609 2541.48211096079 16975.34665811785
8610 3339.984470655738 16127.656321173386
8611 2852.8354889652146 15372.842824829158
8612 1833.1287660145545 17379.22205147982
8613 681.2454915788898 17617.706696857127
8614 2963.1777190348575 15840.947436230992
8615 950.6449492558453 15995.099191639463
8616 4493.09386935985 15975.95345013993
8617 4435.086706144063 15867.535516343161
8618 2967.754778067093 15747.240845228047
8619 2855.838104630104 15380.353914546842
8620 3300.15691601658 15408.96872851057
8621 3094.4811101044593 15587.770864227792
8622 4569.681244920257 15305.904175700847
8623 1101.7742722149378 15486.017024404247
8624 1040.2652585644041 16872.630494863923
8625 3774.5437573960303 15851.61200967305
8626 2308.5070246338164 15180.719945528364
8627 3544.6054213529233 16212.263005302051
8628 3992.5212643493287 16191.208183853856
8629 3131.7681221124985 15178.742742529934
8630 1993.0504100945082 15190.069231329513
8631 3964.8293435537057 16206.436314988332
8632 3458.5994683000104 15397.616004683781
8633 2194.108083201061 16802.916563507668
8634 2998.159799232011 14415.196488987089
8635 4401.469982442351 15005.708254998972
8636 1359.376819085981 16589.568957690037
8637 4049.592027029831 16142.661698041024
8638 1494.366269354234 16401.901136791133
8639 4558.355566242347 15384.387240481572
8640 4654.209005814766 16566.087412840592
8641 3052.830555131551 15600.730473365353
8642 2671.802467304752 15806.9124118747
8643 3620.5302022656106 14870.338239686585
8644 3145.8686020599544 17080.263499909724
8645 3032.5302560845585 16502.53374699748
8646 3215.3109204765183 15052.093146384395
8647 4007.3329786782147 16893.123716788305
8648 3489.625709951456 16449.654405339807
