6431 2812.4896139493158 15400.386562298145
6500 2832.152211985987 15400.777615556566
6507 2860.114248075122 15599.509154437783
6596 2792.3942445751954 15399.898046194927
6619 2803.0016610520697 15400.15591126155
6629 2783.3162410188556 15399.677360979354
6680 2765.4111812791625 15399.242091049797
6690 2773.7699467250472 15399.445291670163
6716 2746.411192678877 15398.780203526387
6739 2686.8395149537623 15397.30396496152
6751 2474.6281774330023 15388.95240140497
6761 2700.9351230936472 15397.6684617617
6780 2662.3796702687428 15396.65502123555
6913 2673.4891647628506 15396.949767046226
6952 2645.5994370892063 15396.209825152648
6994 2578.1145311273567 15394.41938425306
7011 2653.698030321784 15396.424688792837
7050 2593.111105472662 15394.817258113575
7052 2600.6094263757327 15395.016195938735
7062 2837.6873588442218 15154.419337998736
7071 2756.418805503734 15399.023487435665
7115 2570.6162213836883 15394.220446723972
7118 2734.6604642051193 15398.494544677471
7119 2540.6229211575546 15393.424694982556
7143 2414.6221621521076 15388.263548780893
7145 2856.6142323177232 15222.273475321696
7158 2548.121220835286 15393.623632244584
7177 2710.7916910456556 15397.914297565045
7195 2555.6195628393943 15393.822570629574
7198 2563.1178742297293 15394.021508202351
7200 2722.2974369093213 15398.19400091507
7237 2533.1246461394844 15393.22575837477
7256 2467.1274016030643 15388.866294552367
7263 2422.12287192027 15388.349654875125
7269 2429.6236380522055 15388.435761616396
7271 2821.560223394022 15400.58704000425
7273 2459.6266386312395 15388.780187847373
7274 2437.124410470357 15388.521868429832
7280 2482.1289463570256 15389.038508178295
7290 3043.9318729996917 15399.802205071297
7335 2630.6028218184483 15395.81195020634
7340 2444.625132447208 15388.607974664217
7360 2354.6179870342976 15387.43943369153
7380 2868.740481881837 15399.308254527772
7430 2279.6148101181307 15386.276090867888
7445 2399.6206714328155 15388.091335775267
7452 2287.1151940251266 15386.392426177292
7467 2407.12145622955 15388.177442730806
7478 2623.104461900207 15395.613011346071
7499 2242.1130991694836 15385.694417556166
7508 2167.998289946908 15386.009276165452
7522 2377.119045222133 15387.788438168987
7546 2272.1145121293716 15386.159756891126
7559 2152.985819055896 15385.698691319134
7563 2249.613489615137 15385.810752966989
7570 2145.4795638530095 15385.543398487223
7577 2638.1011140122987 15396.010887269817
7594 2615.606111542741 15395.414072739459
7603 2585.612825678321 15394.618321379072
7617 2234.612722713667 15385.578082362335
7619 2096.1979651732195 15384.6906941703
7622 2608.1077452527734 15395.21513371014
7629 2369.6187021588094 15387.672103493092
7648 2122.9608278764103 15385.077520604536
7650 2130.467065325604 15385.23281306915
7660 2227.112393407275 15385.461747899819
7672 2066.1644464445185 15384.711500210291
7675 2137.9732856428004 15385.388105179329
7683 2088.689602516037 15384.695895668503
7730 2081.18121887463 15384.701097181245
7733 2392.1199496489853 15388.0052295431
7748 2160.4920616728105 15385.853983890658
7804 2058.655994850925 15384.716701770107
7806 2384.6194336586186 15387.904773548646
7815 2073.6728375267517 15384.706298692396
7832 2021.1140202224474 15384.742709372898
7835 2028.6223845557668 15384.737507873533
7841 2051.147594539384 15384.721903294396
7856 2452.125875453236 15388.69408114001
7857 2036.1307746308287 15384.732306356334
7870 2043.639225612337 15384.727104796944
7979 2853.630324430356 15109.123621871553
7986 2362.118351437832 15387.555768698423
8001 3292.6186242326794 14361.637222496494
8020 2013.6055593277233 15384.747910939157
8028 2215.4600343207753 15403.96201214149
8042 2832.775975085058 15113.481166120751
8047 2006.0971511928997 15384.753112468867
8069 3150.5864290021145 16629.50373054832
8077 2333.4253023230435 16582.684263953124
8079 2339.6173749086065 15387.20676548754
8080 2332.1170685452043 15387.090431380882
8085 3170.773819876121 16659.86861328921
8087 3631.316254104105 15310.277331726533
8101 1998.5887850607803 15384.758313969476
8120 3186.1965380530137 15269.218459635733
8125 1953.695581845097 15381.797713225995
8127 1983.571980336073 15384.768717020897
8129 2871.3116364784973 15419.886239427544
8130 1931.2960513957755 15379.422005451066
8131 1968.6286086238572 15383.38151909647
8132 1991.0803685408787 15384.763515504994
8141 2230.446136011629 15403.992165263604
8145 2863.81980223258 15419.651346934686
8148 2222.9531104115313 15403.977088753341
8150 2835.1249824109796 15121.025356073527
8156 3960.2013352012837 15401.513983371677
8157 1923.9493678901936 15378.768292813475
8161 1938.762560453905 15380.21390792693
8166 3634.9292320793884 16364.432573204676
8168 2836.5218446817003 15131.805896549184
8173 2878.923863596085 15416.925834930136
8179 4159.817024243997 16519.65753157682
8180 1976.0951370676548 15384.173423628388
8183 3317.1991556465423 14404.80237220839
8188 1909.0118904702354 15378.470702495943
8194 846.4759652793306 15770.829893478009
8207 1463.482487885989 16529.509469052253
8213 2710.0345545574264 17346.155045807373
8215 2317.1164419437214 15386.857762952364
8219 2347.117673110648 15387.32309946761
8222 1916.4832370831402 15378.616665890035
8232 3852.619248456657 15777.156002734806
8233 3243.79367523776 15342.514619722173
8240 2324.616741385734 15386.974096951666
8241 2309.6161201939804 15386.741428607056
8243 3724.1342661804574 15256.664769186998
8246 2566.2885934107635 16934.30499617033
8248 2853.5504305265695 15108.935300526913
8250 1861.5855880586366 17366.586100012693
8252 2871.4224591038214 15416.69342490302
8257 2837.32019669344 15622.30597940133
8264 2340.6806708207823 16573.733096304386
8270 2264.6142145835174 15386.043422921235
8272 1851.3962112705055 16865.495523565827
8273 1961.162108939105 15382.589617614754
8275 2257.1138676379933 15385.927088185124
8285 2863.921111628953 15416.461016642426
8287 3254.85831001322 15402.594843146133
8289 3116.194533251171 16580.191463345745
8295 1456.9372900134333 16533.358665206077
8298 2836.9103272962357 15139.343281456597
8301 3253.0294312109095 15380.191445081704
8303 2801.957435708904 16357.062150437227
8305 862.7600289601703 15192.67664125513
8307 3075.68439850415 15730.097661997133
8308 1500.8792448631343 17043.332440667855
8315 2302.1158218679143 15386.625094625062
8316 3228.936920607827 15410.026035227203
8319 2294.615511991972 15386.508760463925
8320 2893.9257522583634 15417.40963578305
8321 1946.2290747776267 15381.005810961264
8322 3486.0992704232485 15385.383321584524
8324 2768.278365266304 16361.114782874552
8325 2852.6360519721084 15380.341088650533
8326 1537.557670774533 16853.503934391312
8328 2563.556937551657 16935.97016468354
8334 2845.409316992582 15401.213454748982
8340 2808.6260500389762 16359.619807746521
8341 3120.1510819118344 16586.56309592303
8344 3250.984692454337 16164.686840214019
8345 2964.2743247442418 15766.306605692229
8348 3120.948354396067 16581.775285195617
8353 2193.909663757644 15422.717258038598
8354 3159.2827784085325 15406.781714707133
8356 1358.2183823401203 15451.081636566358
8357 2886.4252491174843 15417.158244369495
8358 3512.043655188143 15370.830045626706
8359 3924.762524728246 15338.282189006792
8362 2305.5545587319275 16357.066000693454
8363 1922.0727347378088 15381.927156499349
8371 2923.8926953470586 15419.193727748156
8375 3202.481461665226 15406.624760669642
8378 3034.543877571536 16281.45118446837
8379 884.4055415069728 16180.607804841582
8381 3762.00310003616 15097.342538763374
8388 1022.2021918344162 16780.56995878456
8389 1214.0650838594572 15414.462556930805
8391 1040.3654996484495 16643.99749089752
8392 4669.593505563114 15803.163831312935
8394 3739.750463868313 15061.636254621368
8396 2865.000939287312 15399.285862468083
8399 2771.647883294606 15412.739484140388
8401 2783.3087735205045 16357.760824696841
8402 2852.2357248447706 15444.77604785252
8403 2237.9391563229246 15404.007241763224
8404 1702.1573651165104 16404.547320906975
8405 3362.8644293698335 16105.295389014676
8406 3351.110270078969 15226.767086316479
8407 3172.6078640873025 16675.154177228153
8409 2297.3996624243105 16356.916964957527
8413 2349.5110045743254 16367.59126244365
8416 4465.268980243445 15127.269752510403
8418 1244.1836392213736 15810.62135553944
8420 1114.3869734727928 16728.086371277663
8421 2908.90921639058 15418.30168132432
8424 1252.4752224159436 16650.011188028435
8425 1841.980652806611 16750.331070352466
8426 3399.3914335423106 15408.12566269107
8427 2886.295364523927 15420.356026280453
8431 2878.8034940170865 15420.121132650702
8432 2245.432183671408 15404.022318277004
8434 2852.4366162679553 15387.839304010944
8436 2893.7863837288546 15420.609559974211
8437 1831.637366910718 16586.61668283055
8439 2901.4175012595124 15417.855659561917
8441 1416.6404297601337 16247.398350896785
8442 4144.39117571639 17004.002589585558
8443 2837.2988130290432 15146.880726865089
8444 3862.184329931202 15226.624798470973
8446 3683.150787373917 17370.26814818
8447 2252.9252296393315 15404.037394828247
8449 2470.920306573473 17041.59245711424
8450 2832.48118552483 15426.907026348903
8452 2916.400971490559 15418.747705466283
8457 2593.724155175947 16965.8122619402
8458 3600.9859327336053 15941.62023425904
8459 894.3676415672604 15868.70673365313
8460 1532.3202014955239 16879.95318952194
8462 2898.4558487255304 15404.95311816351
8464 2251.4790875957424 16356.077738264066
8465 4413.355430925565 15943.789232729738
8466 2849.2366143464355 15387.759376254624
8467 2818.5126968357517 15665.834045904096
8468 3329.2755845759307 14423.08176418821
8469 4115.85844541566 16959.43844541566
8470 2545.5789265131557 15396.665211214004
8472 3143.8688119709764 16624.758168059136
8473 3168.859324063374 15407.641094371373
8476 2620.8661997116064 16362.247429191404
8478 3134.9146422484655 16610.33835816934
8479 2901.268804176549 15421.0537550335
8480 2282.400138411112 16356.642839448687
8481 2302.581441877921 16611.274375626504
8482 4421.564312345605 15347.28753902827
8483 2955.4607748667227 16267.705845229133
8485 2357.0113851713395 16367.685008770688
8486 3935.806207736636 15351.439119210125
8487 1738.1340305887297 16389.707670991964
8488 2422.6385650793663 16721.2490997314
8489 3129.007710147255 16600.82582483895
8491 3124.344926193132 16593.31686976447
8492 2872.500838326138 15399.329789127065
8493 2880.0007826451897 15399.373716051252
8494 3105.482412265682 16556.869302482166
8496 3507.0133975123126 17156.44106558451
8497 1849.58947065081 15408.751006083221
8498 3124.949723401964 15406.72458211138
8499 2845.2936762201807 15106.015225918592
8500 2955.713574830108 16179.763047258642
8502 2193.7572739782554 15430.190218374004
8504 1901.5405671761396 15378.324739557414
8505 2838.2773313485845 15108.677112336403
8506 932.9669680908521 15949.933079385011
8507 3268.596247253781 15916.571800112213
8508 3139.7757073810785 16618.16662558513
8509 2855.636615079082 15387.929348709216
8510 1849.510569088387 15416.25203416539
8512 1829.2737718366582 16328.877777639727
8513 2227.7354993675767 16355.643809614132
8514 2330.9121152469443 16356.97978008498
8516 3550.822287072346 16006.2044828097
8517 3147.84643016565 16631.16373104921
8518 2494.9166357493496 16857.47210281341
8519 1886.672593729765 16537.618720625447
8520 3110.908802567926 16591.248853795994
8521 1841.2056429781876 15835.966639988168
8523 2809.7990967964224 16149.311727306702
8524 1379.6830886490466 16180.444924864556
8525 2242.4207667078526 16355.912191889367
8526 2961.998587843849 16376.563431888704
8527 1047.462342560548 16364.528798090725
8528 1203.213490869354 15695.962762394718
8529 2824.89216766904 16431.781722597476
8530 968.2920226180587 15419.981184782435
8532 2436.7985134588725 16368.682258193578
8533 3884.5546210811785 15266.539793517313
8534 2895.000561359914 15399.461569255807
8536 2866.2956809684356 16370.586940203675
8537 2327.044336833108 16484.398243356958
8538 1881.9318730462046 17139.654092374276
8539 2315.9555530513544 16357.256085249319
8541 2193.6132787318206 15437.6634073985
8542 1325.8803337047023 15676.974772920701
8543 1869.998132082064 16344.725358111376
8544 2289.8998694709294 16356.779901637536
8545 3204.9952259792803 16627.85594326229
8546 2822.8924741175865 15426.419915154745
8547 2511.7213753051956 15379.983099058374
8548 2328.6677024321825 16232.821698387654
8549 4359.501464670129 17081.040617787985
8550 4085.353169609824 16387.199371931376
8551 4455.96698480127 15430.308188450534
8552 3337.322569151768 16538.12551900826
8553 4724.131877007207 16520.637569991963
8554 3026.201145768431 16116.226652172072
8555 3038.0435571203616 15422.12760512794
8556 2902.5004152289316 15399.505495650232
8557 3248.7639397978814 15528.038953526722
8559 934.3693285959565 15260.986486451708
8560 2910.0003444951953 15399.549422486254
8561 2267.331686153561 16356.36745423387
8562 2853.034924745647 15365.344606600856
8563 2992.8651527608577 15421.382924259642
8565 1434.6682405218164 16565.710167566027
8566 3669.530304647947 16426.44883036148
8567 3485.4520414865674 16115.411374670794
8568 2887.5006754071223 15399.41764267347
8569 3148.6656776791206 17429.390007782757
8570 2193.4805368450784 15445.136775622095
8571 2572.5706853315737 16944.12680249683
8572 2641.9552144768804 16916.460589968527
8573 1898.2620065691603 16825.75438363386
8574 3435.994512649731 17494.12927399932
8575 4139.259428552854 16093.107052656103
8576 2916.2335538058637 15421.942139734054
8577 3146.49528271454 16622.915446571988
8578 3549.817003027071 16224.242059824532
8579 2364.5117928971213 16367.778755436804
8580 2274.895144296876 16356.50568107429
8581 2193.347794833381 15452.610150880637
8582 1946.228750313755 16347.616086449245
8583 1437.5474272622005 16032.807385284457
8584 2600.274428205656 16962.157513279337
8585 3409.1401019418063 16717.202688772286
8586 4056.255213496635 15658.07470204199
8587 1624.605666325492 15431.351878476931
8588 2849.635485401348 15372.762958820405
8589 1328.4865546104838 17615.226802078774
8590 2144.4092984462113 15382.320873500801
8591 2837.061865134687 16368.21709656381
8592 2612.7331671706243 16932.56010061413
8593 4080.763582983172 15665.88295821421
8594 3098.518091924939 17450.76762552763
8595 4494.984553443539 15979.424969262667
8596 2152.065494112771 15382.479516594014
8597 2908.7512133963182 15421.49794942624
8598 2931.3844158138486 15419.63974982822
8599 2851.374003345626 15100.551640757221
8600 3330.6644904019536 15480.275766574003
8601 3118.7619355300144 16244.968604294243
8602 3988.2427503291583 15459.150575439962
8603 1335.0574626900857 16201.51317560304
8604 3405.2345028786995 15437.026325973784
8605 1242.99760635618 16252.523641150776
8606 4221.948030106392 16052.16702696981
8607 2259.737684856095 16356.228669198561
8608 2849.436049957572 15380.26116439138
8609 2660.128756100279 16910.107758977105
8610 3037.1939063803507 16451.592220002498
8611 2852.8354889652146 15372.842824829158
8612 1617.3054380312153 17035.7994820602
8613 1142.3932844110047 17245.43951703441
8614 2967.646704075916 15602.48335980318
8615 950.829880836562 15711.58304383916
8616 4178.150944206588 16093.825558588129
8617 4218.298861722175 15850.945779916296
8618 3008.559482107291 16043.998158685596
8619 2855.836049643474 15380.431176200582
8620 3057.7679416897217 15400.161926987153
8621 2852.8377710592094 15602.732196242585
8622 4397.195982702437 15475.260494240016
8623 1310.7999093281226 15359.922823653598
8624 1127.7523361114966 16709.983906061963
8625 3925.169076991093 15721.406198395342
8626 2514.19627560198 15253.159478204334
8627 3425.7123124394175 16016.469095099092
8628 3663.414543447332 16410.65330249011
8629 3012.6257740466567 15035.589139911257
8630 1877.755893502457 15250.718548910261
8631 3623.71048439112 16351.493091445387
8632 3824.6413730039426 15206.231434528652
8633 2323.382059741623 17025.16335238604
8634 3219.8345379191082 14295.183744841594
8635 4386.322523265103 14984.729088538832
8636 1028.340505332639 16764.057485532292
8637 4040.1049588214996 15951.237290964413
8638 1701.1001609757234 16307.162396470832
8639 4117.6023929548855 15634.746998615012
8640 5014.541502141504 16294.466403031012
8641 2841.7082552129527 15676.673818817255
8642 2807.4216641393114 15769.882926901164
8643 3589.3680341636646 14820.686485077573
8644 3317.3092409836877 16977.444881971824
8645 2952.0656301010627 16544.99450414145
8646 3219.077922738542 15063.762093911244
8647 3750.5428102405067 16555.778688344657
8648 3598.1088037252216 16410.27455070908
8649 2584.645533970788 17412.66703091271
8650 2605.486391285606 16645.627596314782
8651 2843.050285325872 16371.249143064588
8652 2896.4030339826168 17234.960187430483
8653 1493.9389001593754 15809.555768416038
8654 3488.4885726360394 16851.940639401
8655 2725.687043560476 17333.153242226137
8656 2318.0958022334767 17117.463110112512
8657 3022.003930054603 15602.687573475952
8658 3242.233876610288 16789.27681384629
8659 1414.5632870886452 16367.449187532913
8660 3470.7435918206934 16090.568239852746
8661 2646.128278050926 15439.397374221711
8662 2587.6411674715055 15181.088163793336
8663 2643.049168324304 16642.50152557804
8664 3558.6279486927533 15683.114266235543
8665 1593.9075203569087 16902.29263712389
8666 2513.0161150345493 15316.339220670196
8667 2995.6965364465705 16725.504037733663
8668 3983.7048562002205 15119.883968378861
8669 4564.737008537367 15054.697263670194
8670 2934.757643103885 16253.394319977659
8671 2961.8623470382436 15110.95509570746
8672 4455.018950759058 16349.244802829835
8673 2954.0216456957164 15602.412225551197
8674 3303.1405234625454 15498.88620784078
8675 2404.7029353116036 17606.34356162629
8676 1826.9381590175456 15940.355659866138
8677 2777.7012967349347 14620.372082310927
