6431 3492.0386037613503 16120.25536827307
6500 3547.0271121374903 16008.233454510193
6596 3458.5998150803994 16063.724789367954
6619 3470.7106418024086 16084.235948244452
6716 3360.143046182892 15892.536148381585
6739 2787.398564995089 15399.776601802641
6761 2794.8962595529283 15399.958869889399
6780 2772.4031503599103 15399.41206500875
6913 2779.9008630344524 15399.594333535922
6952 2757.407798138515 15399.04752973213
6994 2675.592698954213 15397.005575876306
7011 2764.9054832502507 15399.229797589254
7050 2690.5892873805 15397.403450110403
7052 2712.421568923764 15397.953919707585
7062 2837.6872981217207 15154.418159853702
7071 3405.050525029541 15975.305262518174
7115 2668.0944127312355 15396.806638971246
7118 3307.639148895148 15802.841688760562
7119 2638.10115451591 15396.010888344415
7143 2817.5491759505567 15394.10567658101
7158 2645.599431091854 15396.209824993533
7177 2802.393964946625 15400.141138239576
7195 2653.097753013057 15396.408762845704
7198 2660.5960553213945 15396.607700177527
7200 2817.3894437989065 15400.505676594577
7237 2630.6028544662177 15395.811951072517
7256 2615.606161504162 15395.414074064984
7263 2570.6162857847635 15394.220448432596
7269 2578.114598487433 15394.41938604019
7273 2608.1078471622022 15395.215136413897
7274 2585.6128922240396 15394.618323144596
7280 2623.1045136338985 15395.613012718617
7290 4099.823818234263 15185.622173784664
7335 2742.4124241573536 15398.682993926532
7340 2593.1112085206623 15394.81726084754
7360 2540.6230763039707 15393.424699098741
7430 2429.6237648810898 15388.435763072357
7452 2437.124579950091 15388.521870375414
7467 2810.0494751429537 15393.92340841396
7478 2734.9146920955395 15398.500724928057
7499 2392.116179957843 15388.005186268078
7508 2167.998289946908 15386.009276165452
7546 2422.122980063056 15388.349656116574
7559 2152.985819055896 15385.698691319134
7563 2399.618822349417 15388.091314548297
7570 2145.4795638530095 15385.543398487223
7577 2749.910110417112 15398.865261811565
7594 2727.416940268747 15398.318455449098
7603 2683.0909950168843 15397.204513042425
7617 2384.611394299817 15387.904648853522
7619 2096.1979651732195 15384.6906941703
7622 2719.919241956014 15398.136187271059
7648 2122.9608278764103 15385.077520604536
7650 2130.467065325604 15385.23281306915
7660 2377.098975836495 15387.788126881163
7672 2066.1644464445185 15384.711500210291
7675 2137.9732856428004 15385.388105179329
7683 2088.689602516037 15384.695895668503
7728 2369.530076742862 15387.670728861433
7730 2081.18121887463 15384.701097181245
7733 2563.1179860680377 15394.02151116953
7748 2160.4920616728105 15385.853983890658
7804 2058.655994850925 15384.716701770107
7806 2555.619708763296 15393.822574501079
7815 2073.6728375267517 15384.706298692396
7832 2021.1140202224474 15384.742709372898
7835 2028.6223845557668 15384.737507873533
7841 2051.147594539384 15384.721903294396
7856 2600.609541590486 15395.016198995496
7857 2036.1307746308287 15384.732306356334
7870 2043.639225612337 15384.727104796944
7979 2853.630324430356 15109.123621871553
7986 2548.121432034426 15393.623637847906
8020 2013.6055593277233 15384.747910939157
8028 2361.6405083282402 15387.54835707434
8042 2832.775975085058 15113.481166120751
8047 2006.0971511928997 15384.753112468867
8079 2533.1247987215443 15393.225762422922
8080 2482.1290144897057 15389.038508960439
8101 1998.5887850607803 15384.758313969476
8125 1953.695581845097 15381.797713225995
8127 1983.571980336073 15384.768717020897
8129 2292.2354196840065 15517.714151570071
8130 1931.2960513957755 15379.422005451066
8131 1968.6286086238572 15383.38151909647
8132 1991.0803685408787 15384.763515504994
8141 2343.4470125850908 15387.266165391535
8145 1991.6554141042773 15405.93330609168
8148 2352.3087165991183 15387.40361556623
8150 2835.1249451965555 15121.02524746254
8157 1923.9493678901936 15378.768292813475
8161 1938.762560453905 15380.21390792693
8168 2836.5218446817003 15131.805896549184
8173 2196.890613795549 15345.80160369292
8180 1976.0951370676548 15384.173423628388
8188 1909.0118904702354 15378.470702495943
8215 2467.127520919814 15388.866295922091
8219 2450.3534770266183 15680.23596389891
8222 1916.4832370831402 15378.616665890035
8240 2474.628256308602 15388.95240231044
8241 2459.626773596278 15388.780189396733
8246 3310.8563228640064 17354.13997569697
8248 2853.5504305265695 15108.935300526913
8252 2838.329768777787 15169.495491888278
8270 2414.6221505213375 15388.263548647374
8273 1961.162108939105 15382.589617614754
8275 2407.1212807974543 15388.177440716894
8289 3568.3942894931693 17249.567295947283
8298 2836.9103272962357 15139.343281456597
8303 3850.0479875866386 15588.357920420152
8315 2452.1260533263903 15388.694083181945
8319 2444.625336337269 15388.607977004818
8320 2192.5604695739576 15373.99105071193
8321 1946.2290747776267 15381.005810961264
8325 2852.6360519721084 15380.341088650533
8334 3542.3072009219622 16205.150761412986
8341 3092.19746576893 16898.64305632297
8353 2193.909663757644 15422.717258038598
8354 3125.742350245575 15162.532402423541
8357 2195.9524384936935 15369.297598853513
8358 4704.961024959891 15236.829349274902
8363 1922.0727347378088 15381.927156499349
8371 2534.568390650487 15409.51886448568
8394 2875.981067581613 14530.343116247077
8396 2865.000939287312 15399.285862468083
8399 1383.4245795108227 15668.197419520071
8403 2334.311867641165 15387.124473989245
8405 4574.259588809258 15320.638073829798
8409 3193.5368851695684 16617.13656720569
8424 1031.4828186488612 16586.948428044252
8426 4438.309567707984 15369.756196718512
8427 2402.3705542974776 15516.043291938098
8431 2005.3774658739608 15406.543179243045
8432 2324.7073264431183 15386.975501978504
8434 2852.4366162679553 15387.839304010944
8436 2526.9809798026035 15412.60517296678
8439 2527.070586380514 15409.405172290213
8443 2837.2988130290432 15146.880726865089
8446 2559.7487527232533 16963.562217549323
8447 2310.9631588223624 15386.762321958324
8450 2832.482475197584 15426.879892432276
8457 1854.6250201024604 16871.016242900354
8464 2788.5678890680747 16360.90762008303
8466 2849.2366143464355 15387.759376254624
8467 2826.092409378995 15426.569937767183
8469 4408.109757432578 17057.319144494915
8472 2601.8249563127947 16964.95699999785
8473 3962.3757236967294 15218.22176584177
8476 3493.757350652136 16875.776256920653
8478 3164.5445021726723 17032.954860377762
8479 2640.020969225328 15789.695397840049
8480 3031.038750874851 16435.015795006697
8485 1602.3226194669996 16448.0170388033
8487 1046.718401399194 16364.941016689494
8488 3399.498059811549 17436.123284221674
8489 2942.0239545804916 17011.295922466616
8491 2600.4180922478254 16962.07735540449
8492 2872.500838326138 15399.329789127065
8493 2880.0007826451897 15399.373716051252
8494 4152.525332222118 16500.640662699196
8499 2845.2936762201807 15106.015225918592
8502 2193.7572739782554 15430.190218374004
8504 1901.5405671761396 15378.324739557414
8505 2838.2773313485845 15108.677112336403
8508 2962.8511135471817 17046.206138460195
8509 2855.636615079082 15387.929348709216
8512 2783.2882919369717 15402.238991028258
8513 2796.018926855108 16357.631032130963
8514 3362.327502918173 16105.573283032982
8516 4090.7707014081725 15437.724994554568
8520 2009.524962498629 16358.8379304208
8521 1900.2667509894459 15381.502691622693
8523 2831.7702346718165 15441.864992326724
8526 2837.0616623481956 16368.217102343784
8528 590.9547252972234 16025.651484643122
8530 1429.5141707572275 16134.615439285311
8532 2339.27 15867.930566926108
8534 2895.000561359914 15399.461569255807
8536 1893.9646527265381 16356.000022644746
8537 2187.518747877767 15422.594359554418
8539 2956.496727491987 16281.155314210813
8541 2193.6132787318206 15437.6634073985
8542 1051.5119738865478 16427.66710265371
8543 2781.0185659186827 16357.784211662618
8544 3095.9721581502345 16541.554217076893
8546 2822.8924741175865 15426.419915154745
8547 2875.855013849104 16355.71125703073
8548 1436.8097575259524 15614.433962293235
8549 4210.834456870433 17122.320056775377
8552 4650.3578648316725 16266.718512105272
8555 2553.782774311926 15409.810219845775
8556 2902.5004152289316 15399.505495650232
8559 1591.4456038358903 15444.7057409005
8560 2910.0003444951953 15399.549422486254
8562 2853.034924745647 15365.344606600856
8563 2542.2241924086047 15409.634952460052
8565 1092.9242194186136 14995.257463913207
8566 3131.8375508908157 15903.345920744672
8568 2887.5006754071223 15399.41764267347
8570 2193.4805368450784 15445.136775622095
8571 3468.5450991118223 17291.016759119673
8572 2829.2924087251818 15426.729884662936
8573 2806.6505762615957 16125.54805253063
8576 2645.5495392766334 15619.51573204587
8577 4164.494966511762 16520.654594686675
8578 2866.0136959743686 15419.720132382035
8579 1868.8856908755063 16855.309751795023
8580 3011.605220880461 16402.420354872535
8581 2193.347794833381 15452.610150880637
8582 2788.5188283989214 16357.707621059306
8583 2561.690073922395 16944.93255342307
8584 1851.3950212117284 16865.496216649175
8587 830.0512766814389 16170.889469834185
8588 2849.635485401348 15372.762958820405
8589 2552.354736032305 16964.887321776947
8590 2144.4092984462113 15382.320873500801
8591 2831.0579929853966 15456.850116640579
8594 1857.8808963389738 16861.7188804864
8595 3096.254887112032 16189.85730711029
8596 2152.065494112771 15382.479516594014
8597 2526.9012610510895 15415.805173264493
8598 2837.942040481547 15194.96521151607
8599 2856.6823477149755 15108.234503245949
8600 3255.8761094981464 15398.549110761964
8601 2761.926064498893 16896.10003393965
8602 3572.6304634358103 16618.948639151444
8603 2768.7386589556863 16357.909610671702
8604 2837.409821543447 15225.346704529806
8607 2587.918127542264 16969.14413986097
8608 2849.436049957572 15380.26116439138
8609 3900.413780928455 16661.89195198313
8610 2095.5969278493308 16362.160378146655
8611 2852.8354889652146 15372.842824829158
8612 1304.0630291844138 15366.570248876129
8613 2331.3196805238977 16402.07218154922
8614 2534.4901983441728 15412.718998563629
8615 1837.239193857726 15383.071761911937
8616 2595.274209422391 16968.612205932764
8617 3071.954182409863 16533.01631867558
8619 2855.836049643474 15380.431176200582
8620 2917.5001927695002 15399.59334884791
8621 3114.155350425724 16676.189071324523
8622 3021.895338579466 16419.679747043087
8623 1470.8742243584934 15573.633214615647
8624 1848.3089333114347 15541.686683496984
8625 2836.3348469342613 15286.711175503906
8626 2809.891684903147 15400.323406943773
8628 3517.8187261760163 17395.304173264652
8629 2849.834920272525 15365.26477477754
8630 3599.581850048308 15323.713721993536
8631 3091.030426086985 15436.273843780691
8633 3448.2748675985176 16472.548996086043
8634 3818.4724448863503 15194.90958949452
8635 2518.463959475425 15408.729207073797
8636 2371.0233204592982 16356.738158911865
8637 3305.470143113267 16030.161666682156
8638 1849.5989369818985 15407.851059198141
8639 2987.880722172808 16397.878832998475
8640 4023.373502053625 15907.929496773939
8641 3198.111516111539 16710.808280368652
8642 2822.536356303708 15433.91241357642
8643 2610.1248496685403 15410.333581734263
8644 3459.2215066099197 16071.106996636854
8645 3080.5048950469095 16878.872909374113
8646 2850.2337916109077 15350.268346685645
8647 2547.0817435764957 16371.070888268661
8648 2329.2165322748156 16602.66868644948
8649 3614.1612100909574 16385.95063437786
8650 2187.3595048164625 15430.120068673845
8651 1869.9104793426316 16355.428641071849
8652 2822.3551754989026 15650.058357919062
8654 3469.736081729246 16088.86651672074
8656 1018.0984123338517 16778.81438764235
8657 2821.062766083504 16323.395765818466
8658 2387.911106368398 16368.071220554375
8659 1829.7397270099518 15382.935096147183
8660 2438.6348665182827 16368.705210542761
8661 2831.4141131252545 15449.357569281741
8662 2838.075782007478 15161.955569425512
8663 3612.8974073791223 15918.300726763071
8664 2809.9656428704207 15414.43745516609
8665 2329.5948914980663 16534.189704295044
8666 2494.792792288545 16995.396926796922
8667 2349.512151038966 16367.59127677317
8668 1946.8205594229323 15396.632908264055
8669 3525.5097036188863 16028.550012233189
8670 2292.444898786322 16366.321716953878
8671 2850.0343550161106 15357.76659553173
8672 3326.1212253693625 16913.711159592523
8673 3256.9609888670725 15717.906562604965
8674 3804.841411781118 16637.080864775828
8675 3222.9051460908454 17391.065192537462
8676 2040.8538523423 16351.581178156604
8677 2852.693791095047 15101.95787868904
8678 2092.792431081862 16353.177642206047
8679 2531.9427829859765 15396.515050214957
8680 2511.250586615196 16370.18215789586
8681 2853.2343616093117 15357.846347646111
8682 1857.7902424397837 15983.128314798316
8683 3216.2155533158366 16746.63068853837
8684 3148.1812080104482 15422.835464911159
8685 2858.865725391422 16353.023080988805
8686 2808.3020046909432 15397.082861225126
8687 2853.4337985532825 15350.348085672082
8688 1914.766704345816 17327.2081924075
8689 1054.6110342321256 16516.229614777287
8690 3395.824236523638 16088.183427620708
8691 3822.7931266234245 15212.487295721065
8692 3167.74995311595 15407.54154168644
8693 3986.585248848549 16203.286611202007
8694 1900.121490105541 15384.702691622691
8695 1487.0577150317274 15798.432342633416
8696 3672.4892708711072 15890.956832168009
8697 2832.126355419262 15434.372432184615
8698 4051.345986048293 16159.280502372982
8699 4113.535602132398 15694.8837271842
8700 3054.718368730557 16474.742821012092
8701 2685.4807108629825 16358.759817780008
8702 2422.574610547933 16360.783543989653
8703 1024.5396258078779 16303.619576259536
8704 2838.213223437743 15770.705139701426
8705 3608.729565239924 15936.454798831477
8706 969.9090025715725 15418.732617864523
8707 1848.0456157093167 15575.297789525226
8708 3878.7605835538784 16669.849194609455
8709 2850.79593503284 15329.133352533081
8710 2796.068980952453 16360.8310314381
8711 3091.788256053736 15505.462848676136
8712 3851.515963644645 15260.863875458892
8713 3614.24419101913 16335.191307106972
8714 2791.749363736649 15405.63966252108
8715 1833.457317018623 16391.342038743107
8716 3991.749346516617 16881.568003036802
8717 4017.5346048415995 16184.909539682034
8718 3663.1362429165342 16416.247133028835
8719 4296.023641242374 15533.979580077517
8720 1436.147284687632 16540.73198146882
8721 2471.534562394375 15176.793184625212
8722 3482.4981645407947 16110.422163376144
8723 4455.526377315166 16343.381214844363
8724 1203.929107663939 17188.714046591027
8725 3406.2305728889205 15428.314120340865
8726 3304.021376858605 15408.998208548099
8727 3811.6807473167332 17102.43083316117
8728 2855.678873635809 15256.045897962957
8729 3954.036909874686 15150.149724875919
8730 1801.9973310727232 16353.6225299822
8731 3628.4570028638263 14883.66766003079
8732 2616.83144885655 15417.167989209289
8733 1337.143003717337 16872.044866087144
8734 1849.44113356156 15422.853143454402
8735 1567.4882223425614 15470.324088062416
8736 1930.4895685291622 16346.949851966165
8737 2593.7241384226872 16965.81227128774
8738 3734.473317477189 17148.88127198071
8739 3463.057384125367 16077.585940674231
8740 3184.211314024723 15875.426164032766
8741 3645.4380434645013 15230.884439903344
8742 2188.6312068038606 16354.929154663256
8743 2637.516237198147 15764.705413807182
8744 2136.9140433232074 15382.16556523689
8745 3132.6792935755925 16237.564799325986
8746 2977.3326372250463 16000.747936804171
8747 2242.4175168438082 17323.47031234662
8748 1252.7100388225736 15678.952742250936
8749 1849.5200356360867 15415.352066687472
8751 3056.902568035734 15400.13942826474
8752 2330.2641363867533 16178.701946288393
8753 1437.1984136253332 15645.15345404372
8754 2838.217133746779 15177.042038965814
8755 1934.0741949645485 16812.193743303942
8756 2902.2119212433477 14502.483492407371
8757 2550.9027565906963 16932.53220062907
8758 1824.3042528381097 16789.432354622062
8759 3121.779380613054 16235.96110197234
8760 3292.246689062234 16783.155980331412
8761 1507.7845282330065 16591.9719665891
8762 1891.778910808391 15378.00219239139
8763 1797.7885131247624 15801.406791116573
8764 1000.7415149789847 15362.087824255554
8765 2280.3666178918265 15386.287751842985
8766 862.4990125587503 15799.54883088281
8767 3209.6411202680392 14298.331038839397
8768 4139.341649785996 15195.542228573844
8769 4289.72941759275 15814.54705312321
8770 4521.857181638969 17239.140000725383
8771 1177.7060116622076 16681.530508079104
8772 1107.9184307453384 15198.35461473647
8773 2902.1818531064914 16160.843394036407
8774 4891.048933481483 16387.282246814782
8775 1298.4994689301332 15758.287991333815
8776 2700.6248610185394 15265.414222370337
8777 4046.814791936503 15675.700322965506
8778 3146.4552791425135 15196.937506037626
8779 3782.560553194628 15244.083102099034
8780 1321.2668569905527 15539.722020661551
8781 3111.0366089971135 15914.04189748856
8782 2424.9162669097 16748.80660995381
8783 1861.2405978916618 15785.093858892971
8784 4180.655504001247 15366.959577798483
8785 1712.369143651599 15380.79620536205
8786 1005.8794783101142 16204.859461982396
8787 968.435116462732 15597.770880659431
8788 863.180064167533 17288.380070972336
8789 3707.3656196497773 15605.513096752364
8790 3303.535435665472 15188.982456751712
8791 3881.258430977606 16252.590505536904
8792 2040.1241645532698 15493.043244132119
8793 2327.598219012448 15818.146723284735
8794 3404.9450338369415 15994.107831972486
8795 2320.8863479184156 15802.15491344006
8796 3122.3190309139163 16652.831599384986
8797 1942.3662381728668 16665.23526575321
8798 1439.9522751712445 16592.87066433496
8799 2973.0712179373813 15131.058218151038
8800 2734.5113988413964 16890.920209945092
8801 3614.8272509500957 15913.50812099327
8802 3076.1266129437618 16157.50587339145
8803 1494.318954806207 15735.199994308316
8804 3505.0407541251875 15370.972490113187
