6596 4417.568989730003 16271.759532573455
6739 2787.398564995089 15399.776601802641
6761 2794.8962595529283 15399.958869889399
6780 2772.4031503599103 15399.41206500875
6913 2779.9008630344524 15399.594333535922
6952 2757.407798138515 15399.04752973213
6994 2675.592698954213 15397.005575876306
7011 2764.9054832502507 15399.229797589254
7050 2690.5892873805 15397.403450110403
7052 2712.421568923764 15397.953919707585
7062 2837.6872981217207 15154.418159853702
7115 2668.0944127312355 15396.806638971246
7118 3694.80445981464 16460.74136038665
7119 2638.10115451591 15396.010888344415
7143 2817.5491759505567 15394.10567658101
7158 2645.599431091854 15396.209824993533
7177 2802.393964946625 15400.141138239576
7195 2653.097753013057 15396.408762845704
7198 2660.5960553213945 15396.607700177527
7200 2817.3894437989065 15400.505676594577
7237 2630.6028544662177 15395.811951072517
7256 2615.606161504162 15395.414074064984
7263 2570.6162857847635 15394.220448432596
7269 2578.114598487433 15394.41938604019
7273 2608.1078471622022 15395.215136413897
7274 2585.6128922240396 15394.618323144596
7280 2623.1045136338985 15395.613012718617
7335 2742.4124241573536 15398.682993926532
7340 2593.1112085206623 15394.81726084754
7360 2540.6230763039707 15393.424699098741
7430 2429.6238707317434 15388.435764287493
7452 2437.124579950091 15388.521870375414
7467 2810.0494751429537 15393.92340841396
7478 2734.9146920955395 15398.500724928057
7499 2392.120143858131 15388.005231772568
7508 2264.6142507151 15386.043423481657
7546 2422.1231064140798 15388.349657567049
7559 2249.613650853435 15385.810755467888
7563 2399.6209025479297 15388.091338428407
7570 2234.6129776649427 15385.578086316778
7577 2749.910110417112 15398.865261811565
7594 2727.416940268747 15398.318455449098
7603 2683.0909950168843 15397.204513042425
7617 2384.619595553179 15387.904776059724
7619 2137.9731943836805 15385.388103291318
7622 2719.919241956014 15398.136187271059
7648 2145.4794552656617 15385.543396240719
7650 2160.492012931093 15385.853982882267
7660 2377.1192225886703 15387.788440920045
7672 2088.689576972617 15384.695895686198
7675 2167.998274769733 15386.00927585146
7683 2130.4669715180457 15385.232811128417
7728 2369.6188727718527 15387.6721061394
7730 2122.9607163055675 15385.077518296308
7733 2563.1179860680377 15394.02151116953
7748 2257.113948260842 15385.927089435632
7804 2081.1812114070763 15384.701097186418
7806 2555.619708763296 15393.822574501079
7815 2096.197954166624 15384.690694177925
7832 2043.639266592669 15384.727104768554
7835 2051.147638035535 15384.721903264264
7841 2073.672829527637 15384.706298697938
7856 2600.609541590486 15395.016198995496
7857 2058.656044011359 15384.716701736052
7870 2066.164452617191 15384.711500206016
7979 2853.630324430356 15109.123621871553
7986 2548.121432034426 15393.623637847906
8020 2036.130853480141 15384.732306301712
8028 2362.1185731519063 15387.555772137337
8042 2832.775975085058 15113.481166120751
8047 2028.6224891804668 15384.737507801054
8079 2533.1247987215443 15393.225762422922
8080 2482.1290144897057 15389.038508960439
8101 2021.1141163276857 15384.74270930632
8125 1976.095258745134 15384.173436533576
8127 2006.0973226140027 15384.753112350112
8130 1953.6956532267477 15381.797720796776
8131 1991.080475817655 15384.763515430677
8132 2013.60573475306 15384.747910817629
8141 2347.1179223612953 15387.323103333632
8148 2354.6182583120494 15387.439437899206
8150 2835.1249451965555 15121.02524746254
8157 1946.229095897698 15381.005813201271
8161 1961.1621675217025 15382.589623828058
8168 2836.5218446817003 15131.805896549184
8180 1998.588898080786 15384.758313891181
8188 1923.949363837992 15378.768292553717
8215 2467.127520919814 15388.866295922091
8222 1938.7625922359189 15380.21391129775
8240 2474.628256308602 15388.95240231044
8241 2459.626773596278 15388.780189396733
8248 2853.5504305265695 15108.935300526913
8252 2838.329768777787 15169.495491888278
8270 2414.622392419771 15388.263551424301
8273 1983.5720920163042 15384.768716943528
8275 2407.1216106261368 15388.177444503237
8298 2836.9103272962357 15139.343281456597
8315 2452.1260533263903 15388.694083181945
8319 2444.625336337269 15388.607977004818
8321 1968.6287218179227 15383.3815311019
8325 3248.6695910949484 15704.24863880025
8353 2309.6162772532434 15386.741431043136
8363 1931.2960608506328 15379.422006453855
8371 2215.4599574106646 15403.962011986741
8396 1856.3522042503707 15883.280326681948
8403 2339.617605652427 15387.20676906651
8432 2332.117274944294 15387.090434582253
8436 1798.1526290208678 15227.835948061977
8443 2837.2988130290432 15146.880726865089
8447 2324.6169777643267 15386.974100618036
8450 3142.0189728408436 15405.232496025683
8464 3905.339032644668 16804.23609931837
8466 2346.034394899557 15984.112221387226
8467 2837.415075743875 15225.046770720268
8491 1835.6031544069776 17336.39399491302
8492 867.6393548700989 15762.142018708559
8493 1952.7089478100065 16806.491571751732
8499 2845.2936762201807 15106.015225918592
8502 2302.115933968141 15386.625096363803
8504 1916.4832621771563 15378.616666380283
8505 2838.2773313485845 15108.677112336403
8509 3815.45402326792 15196.089442276741
8521 2199.2995379483677 15205.519317290893
8523 2982.597381502928 15399.157142932369
8526 2831.5621162934276 15446.243674214656
8537 881.500613729423 15848.53975858394
8541 2294.6155816794035 15386.508761544817
8547 3663.9893194800397 17894.253110970047
8549 2835.6547557731033 16834.67482983934
8559 1822.2402267193215 15382.798429772989
8560 1893.5010961081239 15399.3048870389
8562 3209.4743121309357 15639.686771687744
8568 3258.2615826398082 16816.73452781116
8570 2287.115245258402 15386.392426971948
8572 2837.5481917581724 15217.447899336967
8573 2833.789472915134 15404.49324038939
8578 2863.8198488657845 15419.651348396783
8581 2279.6149457324423 15386.276092971344
8588 2348.488543390316 15916.392236823674
8589 4389.938893490517 15782.86285141099
8590 2227.112592052329 15385.46175098092
8591 2873.169428237818 15399.334652221285
8596 2242.1133317980866 15385.694421164371
8598 2837.942464145596 15194.941026832988
8599 2856.6823477149755 15108.234503245949
8604 2837.811060761236 15202.442133460589
8608 2994.9944205123443 16384.27415653681
8614 1166.6212814233618 15690.422018949384
8615 1899.5726013696506 15378.286292543315
8619 3817.549136961977 15210.05251134103
8620 1900.8605059621439 15402.616507617508
8622 1829.234028551325 16878.0329178432
8623 1807.241193215459 15382.525096424637
8624 1899.5851675461379 15384.692289574366
8625 2837.679657273123 15209.94324601087
8626 2809.891684903147 15400.323406943773
8629 1993.373398883971 15406.087221716109
8631 2863.9210663410886 15416.461015239309
8636 4073.657966996133 15651.38220320562
8638 1923.2628435212196 15381.950322589162
8639 1857.2467748899892 16355.332139958758
8640 1906.7584803915856 15396.303314913019
8642 2539.4548701665394 15415.995412594408
8644 3793.1357642570356 15809.527762453346
8646 2388.8929217595687 15777.223052235164
8647 1829.8402445920492 16356.591521146684
8651 1395.9874887063374 16167.751782562718
8652 2850.823465922773 15400.292611926698
8654 3752.0349832594684 15832.539371301618
8658 1430.0264276327634 16471.243736204022
8659 1837.2392041270527 15383.071762099078
8661 2922.783581160587 15399.624841875206
8662 2838.075782007478 15161.955569425512
8663 3285.2052067972536 14356.19669100108
8664 1421.0974710574021 16013.648218010692
8665 2830.794543671598 15462.392927168165
8667 1870.2224086875256 15297.088713401205
8671 2007.5509458818822 15406.625735810754
8673 4606.275922397148 15702.958935855828
8674 2991.5210788501386 17753.918006109885
8677 2852.693791095047 15101.95787868904
8678 4057.074826680405 15661.325644642484
8679 4572.82890364418 15364.40789586436
8680 1829.5514854943215 16313.129134141167
8681 3188.331732834947 15604.86486070613
8686 2808.3020046909432 15397.082861225126
8687 2840.9974119840863 16356.767373113727
8694 2102.912921976704 15267.128069466597
8695 2538.6712943957477 15396.589144477266
8697 3028.540849091746 15399.515042163548
8701 2832.1673663404467 15433.509587782359
8702 3543.3083885999695 15576.389047528884
8703 2248.0689881879302 15173.82591090077
8705 3711.1578524012743 16486.836035667064
8706 1777.243216700106 15381.978431377012
8707 1872.1781744135465 15391.876364423078
8709 2201.5856556427466 15416.127115524867
8710 4336.05492354771 16819.955448737597
8712 2871.311727637615 15419.88624228567
8713 3613.9120257125 15965.735281601474
8715 1850.41603293314 15406.820305336887
8721 2792.96053033797 15396.709978167937
8722 3169.7457936294463 15580.42020750541
8728 2830.676467273008 16198.452516535297
8730 3598.7768041376585 15936.993308167897
8731 3744.074553620068 16540.402862729723
8732 2035.3214423645338 15177.85688951034
8734 1868.7374682340173 15472.201483988028
8735 1814.7407088127543 15382.661763077771
8736 3590.663406124665 15915.893553964092
8737 3726.3016425484625 16511.000580382304
8738 4269.960508747177 16468.677984121092
8739 3141.930268971994 15583.686479891643
8743 1367.811593065282 15518.79596391585
8744 2152.9857459566133 15385.698689806823
8745 1610.3990160250685 17502.963284758578
8747 2659.937089188792 16372.431716321431
8748 1799.7417139733425 15382.388430434017
8749 1899.579075097144 15381.489305651841
8751 3142.4280228052785 16622.43791877813
8753 1792.242242940211 15382.251764592993
8754 2838.217133746779 15177.042038965814
8755 3032.7594018745162 16802.031361146495
8756 3716.2867201747254 15025.163145691617
8759 2554.433135422048 17433.08857814692
8761 2796.018979736723 16357.63103159095
8762 1909.0119086324871 15378.470702850767
8763 1859.2432192116207 15398.961690251674
8764 1754.744657597128 15381.56843119326
8765 2317.1166336710608 15386.857765926166
8767 3409.8008932463194 15360.3359950997
8768 1502.093192831581 15878.708156060577
8769 3668.1326366051817 17426.24243908644
8770 3459.2511466229 16071.157059753987
8771 1849.3172869590562 15434.627014778805
8772 1747.2451776622836 15381.431765190016
8773 1871.9428586812835 16355.47691810406
8774 3284.1079834051666 16583.570142992696
8775 1762.2441904576713 15381.705098160988
8776 1893.3337885035282 15402.504886208699
8777 2596.9487158354045 16964.013106592236
8778 3159.9089548356333 15572.455491136636
8781 2595.2742219215265 16968.61219895846
8783 3114.6771465773113 16147.813409514223
8785 1829.7397312411442 15382.93509622429
8786 1769.743657376368 15381.841763927034
8787 1784.7427323643324 15382.115098031367
8788 1841.5345453549 15798.875139882295
8789 3651.696782983318 16391.908867347178
8791 3340.705654519962 15865.149414440613
8792 1907.0776834767987 15381.635269985196
8793 3119.3218034867305 16579.15592657595
8794 4535.108997830816 15725.048111018437
8795 2272.1145787013643 15386.159757923697
8796 3570.5506246932146 15995.65734350319
8799 2840.035137117941 15123.853289246716
8800 2327.2459958301165 16468.950548433437
8801 3681.0129808201527 16345.396514165566
8803 1849.4627254217226 15420.800444566696
8804 3149.1315108411027 16664.2178021674
8806 2871.422430029419 15416.693424002231
8808 2362.153724259087 16624.585403286877
8809 2518.188718228093 16893.58596969708
8810 3427.302629047152 16019.010934280976
8812 2063.275110057101 16352.489881112446
8813 1885.0705319490994 16355.788752166303
8816 3376.288804898147 16993.669633329064
8817 2222.9530418077557 15403.977088615307
8818 2335.421094296665 16030.0148404322
8819 2785.3940588975393 15396.526070875982
8820 2832.897599279038 15417.59523124869
8821 2508.9494704891376 15439.708726075392
8822 1736.0430837098563 15381.227624980063
8824 3351.8741217256625 16121.3529332159
8825 1899.4125359527072 16356.129431377154
8826 1251.4192660290862 16493.808451509638
8827 1864.2256806442595 17395.3387124458
8828 3638.0897301486166 16369.614998637655
8829 2922.1936335385944 16367.484809098218
8830 2814.394283875579 16370.919530311287
8831 3414.51783854481 15646.704541235056
8832 2332.888447801106 15905.702269822837
8833 3411.1502843802787 15992.78019639728
8834 2635.86288626049 16359.14851400795
8835 2958.4899305701956 16378.67011493113
8836 787.6627298530019 17204.068352603776
8837 2389.9750529026205 16770.23943204581
8838 2800.4595304684967 15396.89224553222
8839 2788.5678923712576 16360.907620049304
8840 2798.5307009913877 16360.600641411715
8841 2530.281844710934 16912.352212916077
8842 4136.640077772039 16120.258534905764
8843 3917.2826064952483 16232.69612173407
8844 2820.6421313719675 15692.295752160631
8845 1893.6745847595116 15396.10521050565
8846 3150.308040837246 17428.689708264283
8847 2852.436616002786 15387.839313980558
8848 1015.1435207000459 16778.9737131799
8850 2837.277395158614 15232.906208706774
8851 3818.5555563837574 15926.735660647351
8852 2867.125339760041 16352.77287250851
8853 1848.9497016608263 15469.572680744624
8854 1938.7074105398117 16347.297710565103
8855 3528.7440752921457 16182.244872894347
8856 3705.7230120926824 15008.155385610173
8857 3628.8613914259663 16353.983221399814
8858 2511.7783037024237 15376.767189695427
8859 1975.949167187418 16348.87414209939
8860 4503.902386699024 16657.360454307236
8861 2469.962344286073 16369.158516132855
8862 3654.1073579210297 16401.841586782244
8863 892.511645288797 15736.00498273736
8865 2459.6131126445543 16361.056980272771
8866 1298.645059517049 16612.644148419968
8868 2024.7342796833068 16254.733438025529
8869 3469.4404402973223 16058.887184068728
8870 2502.1227511814536 15379.879133448496
8871 2849.2286282910222 15388.059629229008
8872 1278.8915155383847 15681.724074625256
8873 3624.8950709308183 15333.601669613374
8874 3650.1236541850885 16395.485605016012
8876 2397.8949180371533 16360.388179107644
8877 2964.675343077191 14449.909286963124
8878 2552.354753515078 16964.887310997765
8879 3011.0432668047442 16407.73031704391
8880 2578.2678354135437 16655.777140729217
8881 2075.020234553026 16744.019288326534
8882 1437.7171432484604 15629.982018508892
8883 3669.7418932110872 15274.372511875934
8884 1148.429638549003 15675.775314825007
8885 2872.5007219433733 15399.329788445415
8886 794.0859410881006 16215.316577381482
8887 4305.672873744428 16002.609383816924
8888 2204.745222091803 17258.29213450407
8889 3631.80409959278 16365.43100403174
8890 3410.4179950078915 15428.429095951153
8891 2770.284688884078 15396.15882924371
8892 1205.5575480579284 16273.269217778672
8894 1439.892036552697 16537.11081600834
8895 1849.1100781199661 15454.325982367767
8896 2849.428063288828 15380.56144042525
8897 2905.8927575559023 17484.58768267791
8898 3465.518298750124 14625.705998452408
8899 4106.568575749142 16955.256657123376
8900 2884.461935939863 15399.399844877576
8901 2863.4852888264822 15116.670029058167
8902 3047.5007199391935 15422.283488637317
8903 1489.480498894205 15788.009638825017
8904 3973.004088143352 15237.016425762638
8905 4036.5552732502724 15301.514174513854
8906 3681.34922335079 15283.326612870607
8907 2796.2146243793477 17289.824635043125
8908 3566.5012470203656 14783.842915917761
8909 2363.1933041509205 16649.898816492954
8910 3984.7506608677313 16209.668415902794
8911 2657.507687954471 16907.892154988807
8912 2149.1413768954217 16354.20745378074
8913 2865.000871722909 15399.28586207236
8915 3239.249869135039 15426.382782998124
8916 2777.882286718527 15396.343493079965
8917 3630.9042349149977 15990.062523401582
8918 3608.6531038132466 15983.563945549531
8919 2280.7868346211976 16356.613355331596
8920 4173.468693260799 15603.361513041824
8921 2049.2776755737355 16738.44302717326
8922 1581.0250732043526 15455.848727098906
8923 3407.6166965045877 15435.506478446528
8924 2200.3778118873556 16652.14646826662
8925 956.1209486443182 16006.813432778707
8926 1830.0888760386842 16282.654680079844
8928 3958.9603697019284 16853.98645046544
8929 4083.523937448035 16938.155912341233
8930 2007.9370040954173 15190.132831332052
8931 3382.5717674318735 15428.19406841031
8932 3627.249179488855 15983.49832261128
8933 1015.7261572044881 16215.181509241553
8934 2473.404857192608 15176.790496132451
8935 877.1391730305033 15116.192417696097
8936 2502.2626861472936 15372.327992355347
8937 3073.8067738504033 16505.859613181794
8938 2921.24014821287 16356.160498895237
8939 2306.0858173026527 16357.075709769948
8940 2959.106476364596 15398.981732947765
8941 1805.5166659658396 15616.513867735395
8942 3398.091996563205 15335.781810371718
8943 4117.359021167478 16965.89697248329
8944 1697.46116593272 15757.0380353459
8945 1582.0861918998698 17518.824809188907
8946 2608.354497526616 16647.313616588657
8947 1425.0683753685378 15559.992339375176
8948 3667.959935049918 15506.979596840156
8949 2921.1576218519995 14485.243875385768
8951 2479.1214267497558 15637.73421059603
8952 3829.5222115254296 15221.833652562325
8953 3775.7201487962084 15831.511435627135
8954 2897.5089045655486 16776.139193453433
8955 3361.2996118960014 16746.30998343517
8956 3521.7085636746906 17411.221137181557
8957 4715.017330910505 15287.413562754406
8958 3932.7710966139375 16948.193903560492
8959 2340.5599504890706 17535.135082739158
8960 3237.406842217977 14289.758164360093
8961 2702.373170059719 15250.870518640366
8962 4167.9852376496165 15233.349103056466
8963 3003.3630396160934 15326.910336517698
8964 3677.1543796893015 17455.763345478077
8965 4054.3190521743268 16922.376731170192
8966 3357.4180892772115 15226.60809573368
8967 4616.830177397835 15900.219714152918
8968 3992.957619148708 16878.44023793485
8969 4116.0228214203125 15262.01458131823
8970 2968.0163842662105 15729.409708882647
8971 2963.1569837253032 15842.339664158197
8972 4587.094160713255 15368.132092040229
8973 2327.681524121306 17490.882193399695
8974 4203.84 16589.92
