6596 4295.404902006409 16049.792973827245
6739 2787.398564995089 15399.776601802641
6761 2794.8962595529283 15399.958869889399
6780 2772.4031503599103 15399.41206500875
6913 2779.9008630344524 15399.594333535922
6952 2757.407798138515 15399.04752973213
6994 2675.592698954213 15397.005575876306
7011 2764.9054832502507 15399.229797589254
7050 2690.5892873805 15397.403450110403
7052 2712.421568923764 15397.953919707585
7062 2837.6872981217207 15154.418159853702
7115 2668.0944127312355 15396.806638971246
7118 3795.803688758555 16622.541503522752
7119 2638.10115451591 15396.010888344415
7143 2817.5491759505567 15394.10567658101
7158 2645.599431091854 15396.209824993533
7177 2802.393964946625 15400.141138239576
7195 2653.097753013057 15396.408762845704
7198 2660.5960553213945 15396.607700177527
7200 2817.3894437989065 15400.505676594577
7237 2630.6028544662177 15395.811951072517
7256 2615.606161504162 15395.414074064984
7263 2570.6162857847635 15394.220448432596
7269 2578.114598487433 15394.41938604019
7273 2608.1078471622022 15395.215136413897
7274 2585.6128922240396 15394.618323144596
7280 2623.1045136338985 15395.613012718617
7335 2742.4124241573536 15398.682993926532
7340 2593.1112085206623 15394.81726084754
7360 2540.6230763039707 15393.424699098741
7430 2429.6238707317434 15388.435764287493
7452 2437.124579950091 15388.521870375414
7467 2810.0494751429537 15393.92340841396
7478 2734.9146920955395 15398.500724928057
7499 2392.120143858131 15388.005231772568
7508 2264.6142507151 15386.043423481657
7546 2422.1231064140798 15388.349657567049
7559 2249.613650853435 15385.810755467888
7563 2399.6209025479297 15388.091338428407
7570 2234.6129776649427 15385.578086316778
7577 2749.910110417112 15398.865261811565
7594 2727.416940268747 15398.318455449098
7603 2683.0909950168843 15397.204513042425
7617 2384.619595553179 15387.904776059724
7619 2137.9731943836805 15385.388103291318
7622 2719.919241956014 15398.136187271059
7648 2145.4794552656617 15385.543396240719
7650 2160.492012931093 15385.853982882267
7660 2377.1192225886703 15387.788440920045
7672 2088.689576972617 15384.695895686198
7675 2167.998274769733 15386.00927585146
7683 2130.4669715180457 15385.232811128417
7728 2369.6188727718527 15387.6721061394
7730 2122.9607163055675 15385.077518296308
7733 2563.1179860680377 15394.02151116953
7748 2257.113948260842 15385.927089435632
7804 2081.1812114070763 15384.701097186418
7806 2555.619708763296 15393.822574501079
7815 2096.197954166624 15384.690694177925
7832 2043.639266592669 15384.727104768554
7835 2051.147638035535 15384.721903264264
7841 2073.672829527637 15384.706298697938
7856 2600.609541590486 15395.016198995496
7857 2058.656044011359 15384.716701736052
7870 2066.164452617191 15384.711500206016
7979 2859.869978963703 15143.724844501443
7986 2548.121432034426 15393.623637847906
8020 2036.130853480141 15384.732306301712
8028 2362.1185731519063 15387.555772137337
8042 2832.775975085058 15113.481166120751
8047 2028.6224891804668 15384.737507801054
8079 2533.1247987215443 15393.225762422922
8080 2482.1290144897057 15389.038508960439
8101 2021.1141163276857 15384.74270930632
8125 1976.095258745134 15384.173436533576
8127 2006.0973226140027 15384.753112350112
8130 1953.6956532267477 15381.797720796776
8131 1991.080475817655 15384.763515430677
8132 2013.60573475306 15384.747910817629
8141 2347.1179223612953 15387.323103333632
8148 2354.6182583120494 15387.439437899206
8150 2835.1249451965555 15121.02524746254
8157 1946.229095897698 15381.005813201271
8161 1961.1621675217025 15382.589623828058
8168 2836.5218446817003 15131.805896549184
8180 1998.588898080786 15384.758313891181
8188 1923.949363837992 15378.768292553717
8215 2467.127520919814 15388.866295922091
8222 1938.7625922359189 15380.21391129775
8240 2474.628256308602 15388.95240231044
8241 2459.626773596278 15388.780189396733
8248 2840.4504865373883 15077.776760213077
8252 2838.329768777787 15169.495491888278
8270 2414.622392419771 15388.263551424301
8273 1983.5720920163042 15384.768716943528
8275 2407.1216106261368 15388.177444503237
8298 2836.9103272962357 15139.343281456597
8315 2452.1260533263903 15388.694083181945
8319 2444.625336337269 15388.607977004818
8321 1968.6287218179227 15383.3815311019
8325 3399.0172136677193 15964.18524755511
8353 2309.6162772532434 15386.741431043136
8363 1931.2960608506328 15379.422006453855
8371 2215.4599574106646 15403.962011986741
8396 1852.2037886203145 16185.674447082441
8403 2339.617605652427 15387.20676906651
8432 2332.117274944294 15387.090434582253
8443 2837.2988130290432 15146.880726865089
8447 2324.6169777643267 15386.974100618036
8450 3241.4759783534787 15403.7209574902
8466 2339.405039115026 16257.793879249237
8467 2837.41684856917 15224.945569738036
8491 1828.769248768643 17126.270247183227
8492 891.9495532099509 15863.525682041649
8493 1830.6814794502684 16851.31989513874
8499 2847.0564921482132 15105.474039266652
8502 2302.115933968141 15386.625096363803
8504 1916.4832621771563 15378.616666380283
8505 2838.2773313485845 15108.677112336403
8509 3752.6031008789673 15089.635131479434
8521 2309.2665533662266 15178.558020399101
8523 3164.0264160165984 15407.207399065755
8526 2836.224139417722 15401.684005015351
8541 2294.6155816794035 15386.508761544817
8547 3637.5350458537887 18006.492213684003
8549 2878.1468556811824 16906.885629620312
8559 1822.2402267193215 15382.798429772989
8560 1893.5010961081239 15399.3048870389
8562 3340.550522682764 15858.595462174177
8568 3452.2486135531562 17073.239387077363
8570 2287.115245258402 15386.392426971948
8572 2837.548253911784 15217.444351324331
8573 2936.5754478528156 15399.678746596113
8578 2863.8198488657845 15419.651348396783
8581 2279.6149457324423 15386.276092971344
8588 2341.243762022208 16190.506412861854
8589 4470.24658778387 15733.737600575832
8590 2227.112592052329 15385.46175098092
8591 3071.9152881941695 15400.529741769147
8596 2242.1133317980866 15385.694421164371
8598 2837.942464145596 15194.941026832988
8599 2857.0665027286827 15109.638973976063
8604 2837.811060761236 15202.442133460589
8608 3115.1006116734393 16578.429810208258
8615 1899.5726013696506 15378.286292543315
8619 3909.9517918383162 15311.85560716345
8620 1900.85539928207 15402.616431885315
8622 1654.9113433654904 16970.566693217665
8623 1807.241193215459 15382.525096424637
8624 2095.025337915409 15391.665578610664
8625 2837.679657273123 15209.94324601087
8626 2809.891684903147 15400.323406943773
8629 1901.4081913509501 15399.422471388198
8631 2863.9210663410886 15416.461015239309
8636 4239.634658700835 15558.79350962023
8638 1923.2628435212196 15381.950322589162
8639 1696.0609497230478 16407.061969471204
8640 1901.1487107879777 15396.218376901126
8642 2261.6475447662415 15416.855133238194
8644 3988.4470951385247 15699.491130343375
8646 2345.8483652677123 15989.245539050895
8647 1620.3840286527802 16438.97099246448
8652 3036.1416773150295 15399.64243034606
8654 3927.192388785377 15736.572237128928
8658 1419.5199893582037 16200.007632765835
8659 1837.2392041270527 15383.071762099078
8661 3132.480992019065 15404.376577090863
8662 2838.075782007478 15161.955569425512
8664 1359.3592104361974 16032.625494867623
8665 2833.131408543156 15412.325754958627
8671 1914.0999517791174 15399.611207244485
8673 4587.4289557276425 15716.775290717109
8677 2852.693791095047 15101.95787868904
8678 4151.207361054641 15607.874469947461
8679 4559.48630164446 15294.252003362742
8680 1826.606643890141 16094.613805140312
8681 3298.685432815071 15787.774643554621
8686 2808.3020046909432 15397.082861225126
8687 2997.3233555072143 16382.014727835262
8695 2775.627812316535 15402.058458279396
8697 3184.0717018002274 15406.484819506015
8701 2851.173738085059 15400.265693636422
8702 3638.228601247072 15523.534248117594
8703 2342.1238339548236 15138.629051463462
8705 3814.4520710786906 16652.541932464977
8706 1777.243216700106 15381.978431377012
8707 1915.6385215988885 15381.801911175959
8709 2017.1017969327465 15410.191117473252
8710 4291.623478989335 16776.521219802908
8712 2871.311727637615 15419.88624228567
8713 3667.556861407164 15887.047084283562
8715 1892.6143386844399 15384.736257887707
8721 2792.96053033797 15396.709978167937
8722 3092.6126177505275 15593.266636921633
8728 2840.9280238665374 16356.76947543583
8730 3520.643258735321 15802.284354346091
8731 3622.3414232220184 16611.110776774283
8732 2125.2543113427328 15178.925066186957
8734 1862.4732800158902 15713.126528454999
8735 1814.7407088127543 15382.661763077771
8736 3510.6080953367573 15785.991849363014
8739 3091.6027469608875 15550.331189687138
8743 1258.2313019122746 15573.585629027188
8744 2152.9857459566133 15385.698689806823
8745 1494.056148978346 17639.783653695074
8747 2635.8552840485086 16250.546559163762
8748 1799.7417139733425 15382.388430434017
8749 1899.579075097144 15381.489305651841
8751 3223.9176737132193 16759.25508358052
8753 1792.242242940211 15382.251764592993
8754 2838.217133746779 15177.042038965814
8756 3773.680875655693 15118.625051728584
8759 2439.6752360126493 17496.72256037979
8761 2796.018979736723 16357.63103159095
8762 1909.0119086324871 15378.470702850767
8763 1900.121490105541 15384.702691622691
8764 1754.744657597128 15381.56843119326
8765 2317.1166336710608 15386.857765926166
8767 3332.6412525215114 15238.790701805006
8768 1431.0150284930646 16102.146883600035
8769 3694.681472876898 17543.667841492126
8770 3420.70161974905 16008.460391079527
8771 1877.3438884428854 15389.587577548626
8772 1747.2451776622836 15381.431765190016
8773 1734.0478499183014 16391.39313822031
8774 3145.2214413802203 16642.788577586645
8775 1762.2441904576713 15381.705098160988
8776 1893.3337885035282 15402.504886208699
8777 2591.849638545636 16966.84700399904
8778 3235.4356014729356 15682.449078960353
8781 2593.437865950863 16969.893512617844
8783 3132.075232920709 16137.00067941802
8785 1829.7397312411442 15382.93509622429
8786 1769.743657376368 15381.841763927034
8787 1784.7427323643324 15382.115098031367
8788 1848.6723882445322 15496.683917528755
8789 3765.3924841459466 16573.6177326902
8791 3189.483843989846 15612.931238177449
8792 1907.0776834767987 15381.635269985196
8793 3175.4841392501085 16623.387617459903
8794 4622.711454845217 15694.079166730213
8795 2272.1145787013643 15386.159757923697
8796 3599.5156358650906 15928.534225808564
8799 2840.035137117941 15123.853289246716
8800 2332.9569525524857 16195.843595197444
8803 1885.2209133719796 15386.58286553434
8804 3003.0367171777916 16743.396376746143
8806 2871.422430029419 15416.693424002231
8808 2509.091047230971 16862.6965321161
8809 2369.1444117412584 16659.45192891576
8810 3311.865395353235 15816.274101623529
8812 2281.1195912079897 16356.619436662482
8813 1833.3940828006262 16276.707568478758
8816 3556.4496625936213 17235.812947166967
8817 2222.9530418077557 15403.977088615307
8818 2314.5067142240773 15795.214157536731
8819 2785.3940588975393 15396.526070875982
8820 2847.322113133762 15423.179654543805
8821 2483.5313907165328 15635.992391497488
8822 1739.745693424335 15381.295099108354
8824 3143.8991115659205 16231.612449394213
8825 1827.620394427389 16356.732965872317
8826 1139.4185266572072 16558.113435558036
8828 3730.38308698693 16517.513233138154
8829 2837.0617153779936 16368.21710083229
8830 2620.7184097008108 16372.502146182946
8831 3506.1121245920117 15597.119977597322
8832 2238.1789233855584 15676.52650119566
8833 3266.2423662016645 15739.477825161364
8834 2788.4323225668177 16357.708504432907
8835 2807.2305888534092 16370.761352550739
8836 877.3414615175659 17117.038816065604
8837 2416.4156907961155 16856.486530288723
8838 2800.4595304684967 15396.89224553222
8839 2802.4072619958224 16360.2240064365
8840 2926.50946270624 16356.4316324233
8841 2403.2177000977354 16708.106277983665
8842 3988.0023312821136 16208.950175091968
8843 3653.2506192484966 16381.818339187146
8844 2830.7074346930085 15464.225646170587
8845 1893.668266917396 15396.10511484665
8846 2950.443084682857 17508.584972833363
8847 2852.436616002786 15387.839313980558
8850 2837.285444006479 15232.446743630151
8851 3889.299612486042 16050.244944398395
8852 3016.3112378084575 16291.470466831226
8853 1849.5081888363702 15416.478320396878
8854 2191.597686908851 16354.983368908155
8855 3633.3174337663013 16361.656915672793
8856 3763.1521459053356 15100.731436518177
8857 3686.9958730344374 16448.281405343758
8858 2511.721375357119 15379.983094644878
8859 2245.1221247273975 16355.96156086541
8860 4323.831542511055 16849.699647883997
8861 2349.566836121846 16367.59196027524
8862 3606.4558683689784 16409.358385810516
8863 1117.199806958692 15672.062164736884
8865 2739.8426572697294 16361.405120918218
8866 1424.1768373130326 16540.999316255926
8869 3248.135535844893 16176.350724919099
8870 2502.1227511814536 15379.879133448496
8871 2849.2286282910222 15388.059629229008
8872 1490.7270099436266 15552.402571966444
8873 3455.7376340232436 15421.869868617707
8874 3604.844754169657 16319.004655542163
8876 2664.1785720844678 16362.177676413268
8877 2871.213800593318 14534.624709922891
8878 2554.509466234397 16963.68710079032
8879 3134.250988446368 16609.269608977014
8880 2440.1645683127504 16734.06009404915
8881 1890.9300328903366 16849.873488075773
8882 1491.3299438844588 15777.734634394605
8883 3768.963151519321 15236.184497615108
8884 1402.6107742008153 15639.925989114203
8885 2872.5007219433733 15399.329788445415
8886 895.328697259373 16176.410353281062
8887 4447.75078035053 15932.076612364594
8888 2190.7381552543184 17180.389902916497
8889 3550.8665873410705 16226.049535724489
8890 3281.07689031349 15427.353879698276
8891 2770.284688884078 15396.15882924371
8892 1318.8052516679115 16210.51854323488
8894 1610.1866207757425 16432.844168739808
8895 1849.5893954841597 15408.758152039984
8896 2849.428063288828 15380.56144042525
8897 2776.6226530849567 17285.660744671306
8898 3536.5837274916535 14735.638613019726
8899 3975.0496765469397 16868.36635054315
8900 2880.000661948226 15399.373715344333
8901 2855.8676387686237 15247.305299590855
8902 2878.932884463945 15416.926114416485
8903 1441.8472112455502 15640.666547272416
8904 3920.8586899245156 15172.25198866228
8906 3844.0638381784656 15205.417079452243
8907 2888.6699000769977 17236.333313764124
8908 3630.5845010871244 14887.09554115096
8909 2324.85428216266 16406.983347310732
8910 3870.245201219605 16262.328560635111
8911 2828.0308350006376 16711.514498989953
8912 2304.783898211623 16357.051916399372
8913 2865.000871722909 15399.28586207236
8915 2985.937957423049 15421.26874249709
8916 2777.882286718527 15396.343493079965
8917 3614.4164064572833 15966.53618803352
8918 3444.970293789831 16071.997297257694
8919 2312.3984353995047 16357.191076740684
8920 4036.744521794567 15681.677150989633
8921 2284.2281898935375 16603.16599420419
8922 1732.2138000208777 15381.157842421591
8923 3338.9428446498036 15427.972682067813
8924 2326.005250700227 16563.995413917753
8925 871.4673590764065 15826.720545631222
8926 1830.552059534486 16047.65854391737
8927 2856.61 15107.97
8928 3821.0682505422533 16669.2492322473
8929 3927.3662326375133 16815.977450615446
8930 1898.5760927628633 15189.665608659223
8931 3183.2444521059842 15425.082506905417
8932 3605.0609111160197 15949.222554370135
8933 1097.8188002105476 16169.098141931448
8934 2512.3961732533385 15346.534032131516
8935 839.1750783708648 15170.637178221321
8936 2502.262476796805 15372.338188955606
8937 3149.2051852647896 16627.279408722025
8938 3064.474589760477 16490.831112725227
8939 2319.8989172853717 16357.32815265134
8940 2887.569753032435 15399.418047258821
8941 1834.6016853464587 15609.633258184405
8942 3463.9254524317653 15395.797056786203
8943 4002.162149043566 16889.304940411417
8944 1801.5692425925529 15723.483360618084
8945 1669.3556049163572 17464.457876046803
8946 2508.5103991690607 16692.89961056705
8947 1437.507801778421 15596.90435619924
8948 3770.7561618004797 15449.648140867315
8949 3018.9551128990556 14397.640420974722
8951 2362.4244410883166 15832.907363878925
8952 3869.1729220177267 15239.094444781984
8953 3832.434808002168 15791.781873358845
8954 3113.6302177567586 16657.836232572536
8955 3262.4013289164886 16799.069312506068
8956 3557.221153690192 17526.02613958077
8957 4643.180978291934 15336.269938282561
8958 3845.462248924041 16995.978672957193
8959 2330.703593552584 17474.73562153439
8960 3302.3687077279205 14376.451741729552
8961 2701.0025786839424 15364.300670420023
8962 4096.437482624232 15186.133519564784
8963 3035.105087151408 15390.389439911596
8964 3556.8257205125547 17256.802548202493
8965 3899.7296209252013 16781.639131810087
8966 3289.8492297371718 15172.78116334711
8967 4678.903922066339 16030.365206665796
8968 4015.045440696563 16895.774080300664
8969 4022.0606125556837 15312.4944579833
8970 2965.9021450651035 15873.341521028233
8971 2964.611749434388 15743.307664242871
8972 4485.604860077281 15425.53655726959
8973 2337.2585621221597 17529.366965412766
8974 4163.523518799574 16524.389113341364
8975 1102.5692832736477 16245.11573298259
8976 1670.876084487645 16947.387575381617
8977 912.394466397906 15914.125825062933
8978 3691.892299367231 17466.994529213436
8979 3015.9306052275397 15599.393464683326
8980 4210.294119679179 16494.685513956316
8981 1959.1326405099194 16802.750450275
8982 2812.0573189110432 15667.001898657665
8983 3358.9947588277864 17367.559804981887
8984 1052.1662450571725 16835.544094803954
8985 2423.032596490075 15603.342863198377
8986 2399.6154155019694 17547.661597882216
8987 4003.791966147635 16603.086666828327
8988 4210.197673442011 17143.16979411507
