6431 3854.817965978857 16249.457997398964
6500 3686.2642039664897 15736.698738265393
6596 3701.364532049995 16471.20909384873
6619 3746.3390105622198 16542.995345575426
6716 3634.92636502646 16364.427635889015
6739 2787.398564995089 15399.776601802641
6761 2794.8962595529283 15399.958869889399
6780 2772.4031503599103 15399.41206500875
6913 2779.9008630344524 15399.594333535922
6952 2757.407798138515 15399.04752973213
6994 2675.592698954213 15397.005575876306
7011 2764.9054832502507 15399.229797589254
7050 2690.5892873805 15397.403450110403
7052 2712.421568923764 15397.953919707585
7062 2837.6872981217207 15154.418159853702
7071 3671.8726658447167 16350.497167136775
7115 2668.0944127312355 15396.806638971246
7118 3605.4342002206877 16313.6395511082
7119 2638.10115451591 15396.010888344415
7143 2817.5491759505567 15394.10567658101
7158 2645.599431091854 15396.209824993533
7177 2802.393964946625 15400.141138239576
7195 2653.097753013057 15396.408762845704
7198 2660.5960553213945 15396.607700177527
7200 2817.3894437989065 15400.505676594577
7237 2630.6028544662177 15395.811951072517
7256 2615.606161504162 15395.414074064984
7263 2570.6162857847635 15394.220448432596
7269 2578.114598487433 15394.41938604019
7273 2608.1078471622022 15395.215136413897
7274 2585.6128922240396 15394.618323144596
7280 2623.1045136338985 15395.613012718617
7335 2742.4124241573536 15398.682993926532
7340 2593.1112085206623 15394.81726084754
7360 2540.6230763039707 15393.424699098741
7430 2429.6238707317434 15388.435764287493
7452 2437.124579950091 15388.521870375414
7467 2810.0494751429537 15393.92340841396
7478 2734.9146920955395 15398.500724928057
7499 2392.120143858131 15388.005231772568
7508 2264.6142507151 15386.043423481657
7546 2422.1231064140798 15388.349657567049
7559 2249.613445093306 15385.81075227643
7563 2399.6209025479297 15388.091338428407
7570 2233.996846850199 15385.568529770093
7577 2749.910110417112 15398.865261811565
7594 2727.416940268747 15398.318455449098
7603 2683.0909950168843 15397.204513042425
7617 2384.619595553179 15387.904776059724
7619 2123.8744050296004 15385.096421105445
7622 2719.919241956014 15398.136187271059
7648 2133.7253037921328 15385.300220992918
7650 2159.317555589951 15385.82968517302
7660 2377.1192225886703 15387.788440920045
7672 2073.6727678183884 15384.706298740688
7675 2167.9964865143425 15386.009238855217
7683 2098.310837940511 15384.701668465763
7728 2369.6188727718527 15387.6721061394
7730 2088.689566234039 15384.695895693638
7733 2563.1179860680377 15394.02151116953
7748 2257.1138458055425 15385.92708784649
7804 2066.163017123535 15384.711501200469
7806 2555.619708763296 15393.822574501079
7815 2081.1811838649373 15384.701097205498
7832 2026.8183260357425 15384.738757654288
7835 2035.0787075502199 15384.733035187011
7841 2058.647610524035 15384.716707578438
7856 2600.609541590486 15395.016198995496
7857 2043.269424774003 15384.727360980414
7870 2051.0897155031944 15384.721943390716
7979 2853.630324430356 15109.123621871553
7986 2548.121432034426 15393.623637847906
8020 2017.8025108647398 15384.745003456277
8028 2362.1185731519063 15387.555772137337
8042 2832.775975085058 15113.481166120751
8047 2008.4226218353685 15384.75150147431
8079 2533.1247987215443 15393.225762422922
8080 2482.1290144897057 15389.038508960439
8101 1999.0768295896924 15384.757975871431
8125 1953.695581845097 15381.797713225995
8127 1983.592739297618 15384.768702639905
8130 1931.2960513957755 15379.422005451066
8131 1968.6286086238572 15383.38151909647
8132 1991.2757406573594 15384.76338015888
8141 2347.1179223612953 15387.323103333632
8145 1412.4781146550893 15562.662969746229
8148 2354.6182583120494 15387.439437899206
8150 2835.1249451965555 15121.02524746254
8157 1923.9493678901936 15378.768292813475
8161 1938.762560453905 15380.21390792693
8168 2836.5218446817003 15131.805896549184
8180 1976.0951370676548 15384.173423628388
8188 1909.0118904702354 15378.470702495943
8215 2467.127520919814 15388.866295922091
8219 2314.739003377226 16604.36640902472
8222 1916.4832370831402 15378.616665890035
8240 2474.628256308602 15388.95240231044
8241 2459.626773596278 15388.780189396733
8246 3409.073393443411 17323.34405039244
8248 2853.5504305265695 15108.935300526913
8252 2838.329768777787 15169.495491888278
8270 2414.622392419771 15388.263551424301
8273 1961.162108939105 15382.589617614754
8275 2407.1216106261368 15388.177444503237
8298 2836.9103272962357 15139.343281456597
8315 2452.1260533263903 15388.694083181945
8319 2444.625336337269 15388.607977004818
8321 1946.2290747776267 15381.005810961264
8325 2852.6360519721084 15380.341088650533
8334 3777.6481733764394 16593.33397014102
8353 2309.6162772532434 15386.741431043136
8363 1922.0727347378088 15381.927156499349
8371 2215.4599574106646 15403.962011986741
8396 2074.644895143845 15411.387472610355
8399 586.9758560299111 16009.231472231013
8403 2339.617605652427 15387.20676906651
8409 3793.104920534804 16515.86300925654
8431 1205.0070711539142 15696.07792737822
8432 2332.117274944294 15387.090434582253
8434 2852.4366162679553 15387.839304010944
8436 1993.0231790951354 15406.073919112172
8439 2215.4105406945414 15407.162011969696
8443 2837.2988130290432 15146.880726865089
8446 2334.0126932815174 16918.049674946673
8447 2324.6169777643267 15386.974100618036
8450 2832.482475197584 15426.879892432276
8464 3149.9555802367286 16628.4878268088
8466 2849.2366143464355 15387.759376254624
8467 2826.092409378995 15426.569937767183
8469 4331.604271792394 17094.6539726331
8472 2781.822025578431 17287.88208677218
8480 3617.449176538361 16387.80643760359
8487 878.4994693186184 16186.307352082495
8491 2593.7309691830264 16965.808460040163
8492 2239.3702746012736 15413.610339674846
8493 2509.112412291898 15433.346256032095
8499 2845.2936762201807 15106.015225918592
8502 2302.115933968141 15386.625096363803
8504 1901.5405671761396 15378.324739557414
8505 2838.2773313485845 15108.677112336403
8509 2855.636615079082 15387.929348709216
8512 3705.3800209523915 15266.761204957254
8513 3415.5642661028915 16077.926752457879
8520 1855.89655064739 16106.703679649174
8521 1900.2667509894459 15381.502691622693
8523 2831.7702346718165 15441.864992326724
8526 2812.177033490642 15895.817342770455
8530 1589.1498568867225 16744.146729536395
8534 2626.2853420399492 15417.311254965594
8537 1992.6513344538198 15409.26384307026
8541 2294.6155816794035 15386.508761544817
8543 3293.6460747918836 16141.978818552638
8544 3584.1880176298782 17262.118257058348
8546 2822.8924741175865 15426.419915154745
8547 3318.1933731882596 16907.307530626356
8548 1058.6232644193128 15511.10289172434
8549 3895.827693373295 16776.670902524875
8555 2230.405486672661 15407.19216504299
8556 2731.3455245968407 15412.248203772097
8559 1814.7407125186294 15382.661763145305
8560 2822.8804816727384 15413.752194593824
8562 2853.034924745647 15365.344606600856
8563 2222.9080131246656 15407.17708850522
8568 2835.386841408667 15854.596349769245
8570 2287.115245258402 15386.392426971948
8571 4225.961820667587 17140.95166299581
8572 2829.2924087251818 15426.729884662936
8573 2830.345753416067 15471.835196412168
8578 2863.8198488657845 15419.651348396783
8580 3460.80528543386 17070.545167360495
8581 2279.6149457324423 15386.276092971344
8582 3381.303723228011 16095.7281066939
8583 2612.570846323461 17213.443372367354
8588 2849.635485401348 15372.762958820405
8589 2997.504796983497 16724.467982242782
8590 2219.479532064991 15385.343357788473
8591 2831.0579929853966 15456.850116640579
8594 1119.7898166241755 17272.39789777402
8596 2242.0585641826888 15385.693571686856
8597 2347.355218326382 15947.665306128194
8598 2837.942464145596 15194.941026832988
8599 2856.6823477149755 15108.234503245949
8603 2955.7084332828085 16190.272369938675
8604 2837.811060761236 15202.442133460589
8607 3226.833606097978 17389.408476727258
8608 2849.436049957572 15380.26116439138
8610 1840.6292452302337 15869.896856991052
8611 2852.8354889652146 15372.842824829158
8614 2011.351998462258 15406.77011342342
8615 1837.239193857726 15383.071761911937
8619 2855.836049643474 15380.431176200582
8620 2851.4648184441016 15408.941872370639
8621 2333.0174996464793 17120.017916802077
8622 2612.371639589339 16647.36840996754
8623 1799.7416995580072 15382.38843017132
8624 1849.3622322591893 15430.354146813881
8625 2837.679657273123 15209.94324601087
8626 2809.891684903147 15400.323406943773
8629 2849.834920272525 15365.26477477754
8630 3640.814538791217 15229.173659943574
8631 2863.9210663410886 15416.461015239309
8633 4059.804115912268 15976.987477844938
8634 3214.4376143335976 15546.801692456991
8635 1893.3338085940995 15402.504886506642
8636 2897.455438387289 16351.85053931899
8638 1849.5989369818985 15407.851059198141
8639 2387.0128037423156 16368.059992781242
8640 3695.7916368632345 15303.968739934924
8641 3777.3533087925084 17603.604553625857
8642 2822.536356303708 15433.91241357642
8643 1900.8554769343866 15402.616433036901
8644 3459.2215066099197 16071.106996636854
8646 2850.2337916109077 15350.268346685645
8647 2379.5124574627066 16367.966246883132
8648 1850.9183996448635 16873.125948075744
8650 1893.5138379783198 15399.305076519926
8651 1408.642347054433 16284.496722573336
8652 2830.701875198234 15464.342614500169
8654 3466.8647845830696 16084.016785870408
8656 789.1600035098339 16621.98091020187
8658 2345.2087761785615 16367.49209914094
8659 1829.7397270099518 15382.935096147183
8660 2359.5545597705586 16367.71679559465
8661 2831.4141131252545 15449.357569281741
8662 2838.075782007478 15161.955569425512
8663 4033.695282122497 15573.405246589
8664 1908.8341332544749 15402.734756710368
8665 2801.2874442093234 16352.149143817664
8667 2332.950512342665 16356.54023024938
8668 1414.0462453417322 15588.964329420302
8669 3147.4893131772715 16630.588629254133
8670 1834.0369697661004 16240.223244672168
8671 2850.0343550161106 15357.76659553173
8673 3614.8480066842894 15969.828663640501
8674 4138.996831365415 17099.458534523183
8675 4083.292643612087 16949.658316182507
8676 2504.346457032132 16361.387223633823
8677 2852.693791095047 15101.95787868904
8678 2745.7082992496 16358.144790326949
8679 3506.0388974667962 15374.063090521286
8680 2370.7221367277234 16367.856377754262
8681 2853.2343616093117 15357.846347646111
8683 3334.487464481425 17325.10458861491
8684 2068.3584422351237 15403.567570221183
8686 2808.3020046909432 15397.082861225126
8687 2853.4337985532825 15350.348085672082
8688 2934.043737419264 16764.702348176714
8689 848.6578597200378 15777.116968226572
8690 3905.3255385719194 15748.47248860942
8691 3431.217690644555 15395.642466142152
8693 4223.4060613637785 16615.25002377845
8694 1900.121490105541 15384.702691622691
8695 1837.1097510040095 15386.271011918829
8696 3116.1359793698066 16221.814905576459
8697 2832.126355419262 15434.372432184615
8698 3200.4101325899824 16634.09293368635
8699 4001.10348254053 16233.283481383614
8700 3642.9961009841236 16383.27049088571
8701 2815.164401049383 15810.751794889311
8702 2916.528364868731 16343.050190188282
8703 964.7840765286295 15705.790171809536
8705 3630.946539266503 16357.574028178602
8706 1226.3184147965335 15680.37940549229
8707 1849.2833308100396 15437.855164127372
8709 2850.433228614726 15342.770082461522
8710 3165.022402410299 16629.121957850373
8711 3168.393669501005 15407.599307481205
8712 3213.794143661749 15425.791778180888
8713 3474.508061599101 16096.926573487352
8714 3757.6180283042586 15238.649999499261
8715 1849.1249456936018 15452.91254917416
8716 3587.806115417464 16289.662630797791
8717 4194.304306932987 16568.580131386676
8718 3100.1184971207754 16573.407280530584
8719 3609.644838678525 15938.16234204188
8720 839.629935226243 17033.85574281722
8721 2511.721376046871 15379.983036015983
8722 3470.6864042717507 16090.471647892304
8723 3909.3611573612006 15363.106340456057
8725 2505.8340643785596 15408.590245097723
8728 2853.6332353827725 15342.849828002207
8729 3420.24653255314 15633.672947852492
8730 2406.728574367034 16357.335085747356
8731 3885.4725679262315 15268.1776731286
8732 2001.3339122045552 15406.389590569082
8733 1510.826848523038 16489.62787422597
8734 1849.44113356156 15422.853143454402
8735 1807.241175202988 15382.52509609639
8736 2463.9643757649874 16357.888823016254
8737 2602.1712217313157 16945.682662847674
8738 4306.697733186143 16757.596487141738
8739 3463.0431592944055 16077.561914389928
8741 3836.9151525644643 15214.676338777272
8742 2777.545474212214 16361.020162607594
8743 2580.297577082412 15416.614349278205
8744 2147.100505276198 15385.576933262842
8745 3112.1960691975783 16677.245909998568
8747 2553.90689964526 16967.685990307935
8748 1792.242216206181 15382.25176410581
8749 1849.5200356360867 15415.352066687472
8751 2859.4215682861295 15401.890946498537
8752 2193.909663108747 15422.71728985952
8753 1784.7426619945325 15382.11509674899
8754 2838.217133746779 15177.042038965814
8755 2502.6644260464345 16834.831085661768
8756 3250.432779149568 14297.539000809313
8757 2082.5566952617696 16361.88470943814
8758 1554.2442596407236 16766.50883471608
8759 3137.766526525157 16663.4531742603
8760 3171.7000685956914 17068.365933965088
8761 1813.9685066131428 16426.391602458698
8762 1892.9299332632568 15378.107103292225
8763 1849.2044292422102 15445.356192723508
8764 1015.2108025812639 15653.55703556705
8765 2317.1166336710608 15386.857765926166
8766 1074.3730438290465 15774.891549566053
8767 3526.424441118254 14719.334851255882
8768 3490.678786501171 15402.824396942799
8769 3943.0435174557565 16222.125624062895
8770 4083.7451685100446 16938.301439750794
8771 1791.8399740095206 16357.654909189607
8772 929.0678248286047 15450.268533512495
8773 2409.7413370811823 16368.344073901113
8774 4846.631015378862 15734.395354477027
8775 946.2195793418169 15717.010730684256
8776 2502.122750376624 15379.879170269445
8777 3451.3145649753815 16068.632067855508
8778 2948.8356270428103 15069.4204658289
8780 1261.7098878407214 15685.645771387679
8781 3414.0575894269737 16088.38590002393
8782 2279.743048098177 15726.990812498458
8783 2194.265408851785 16355.032123164252
8784 4002.0203356081734 15127.123737274364
8785 1822.2402167971106 15382.798429592172
8786 1022.4518353686619 15687.095001007272
8787 1567.2551670422345 15470.573301090699
8788 1233.2231454437176 17186.00448953837
8789 3736.356502012058 15854.103554420164
8790 3801.3990379197016 15218.739376821943
8791 3478.3296808863947 16103.381434831288
8792 1894.416809807681 15387.795254431267
8793 2348.2639134977467 16011.009545669041
8794 3596.370321176817 15981.853649502316
8795 2272.1145787013643 15386.159757923697
8796 3525.0786218577327 16182.34218661239
8797 1852.3108999419396 17142.129954156197
8798 2008.767120665322 16350.26331547386
8799 2840.035137117941 15123.853289246716
8800 2600.3604658585623 16962.10950825797
8801 3576.2027956514316 16001.121703873825
8802 3139.88862225633 15902.797879536114
8803 1841.1744245618374 15709.198865757351
8804 4034.7534748448165 15553.459291801102
8806 2871.422430029419 15416.693424002231
8808 2513.7403682146382 15275.712826478883
8809 3339.1870484250494 17345.799505477233
8810 3970.557664487757 16864.890665017763
8812 1125.5141484545134 16317.621351709711
8813 2775.5452702702805 17289.897746906703
8814 4385.746120995909 14910.82812677282
8815 2119.3403911045607 16353.662822471999
8816 2018.858659288642 17267.180380408656
8817 2370.618126865436 15404.979353036673
8818 2552.3546836866417 16964.887354051203
8819 2485.3981695503558 15181.287413436454
8820 2829.9895850486255 15479.328758449527
8821 3220.621765182429 15066.133774716598
8822 894.7601552086377 16176.628827481392
8823 3178.901651899933 15589.333480439258
8824 3831.451557179023 15203.038539314075
8825 3053.227232150626 16692.54142423785
8826 1842.6015739685763 16095.142216633547
8827 1883.1580008881874 15580.898080681225
8828 3415.9708967868564 15994.707096459246
8829 3941.5885419940437 15750.260126515155
8830 4197.91545392062 16082.97063794823
8831 2966.0128153976775 15865.745136896068
8832 2510.2910165982375 16990.822139698474
8833 3845.6441288010806 16707.52721782184
8834 1839.435986502241 16852.420786227925
8835 4309.034507864304 16088.340155906832
8836 1791.0950585781297 17391.969159041433
8837 3682.7616189796545 16141.813974406945
8838 2701.2794218837466 15339.35348711943
8839 1676.8034409857762 16403.323375993583
8840 2381.093057501364 15791.472690868633
8841 2943.5890176273483 17202.325984704312
8842 4510.270414369235 15200.385795804372
8843 4209.626303287806 15011.727669568714
8844 2375.5727210828886 16789.8722204297
8845 2502.5226199608487 15359.667686612778
8846 4513.544723774161 17639.212411403987
8847 3267.6508809144184 15137.984341070232
8848 773.8390501290295 16055.61360747142
8850 2737.0703977282856 15581.079001142032
8851 3418.7492218939915 15406.214211533788
8852 1897.9886180254277 17332.636475239644
8853 1473.3927389476119 16411.5125548088
8854 1290.8475795902325 16894.846193392717
8855 3671.882540604547 15509.935288210925
8856 3101.1880685855895 14337.160647958144
8857 2856.5396669663864 15988.379143348944
8858 1895.7014592511744 15176.19855467408
8859 1025.2502436924426 16834.06953650876
8860 4419.642965424698 15940.313640498267
8861 2968.8939218877135 15669.528616761596
