1138 2744.888385951663 15413.101047211507
1209 2809.8917343491435 15400.3234081458
1226 3439.8985818576475 14587.156552907772
1352 3062.938317220133 14363.529469340681
1357 2772.40329266301 15399.412068468122
1364 3464.0062462036876 16072.913326721906
1370 2817.3894044309477 15400.505675637547
1378 3199.6089902345548 15623.43854785131
1400 3404.3473814674708 16719.730119110856
1402 3599.620483533294 15939.072838679964
1403 3161.4369866275165 15406.97502895662
1417 1542.5786452970603 16847.303525949486
1422 2393.0717604142874 15514.729363551543
1426 2749.910243002957 15398.86526503471
1427 3111.308576676174 16572.32311070953
1428 3454.2105673017563 15399.11491681832
1439 3487.996782015068 15384.27356142865
1441 2215.46003775456 15403.962012148399
1446 3224.4028346957416 16747.76854137873
1460 3307.139347643754 15407.421917701622
1467 3250.1778537178384 15403.787095522286
1474 2802.394071631483 15400.141140833071
1480 2764.905601538919 15399.229800464838
1490 3153.0871657558087 15406.225733071045
1491 3143.774977295794 15405.390076281998
1492 3489.8197296838152 16116.508054884984
1495 3421.518885824551 15405.860453835494
1498 2727.417173936609 15398.318461129536
1511 2347.9472856988004 16367.55591445904
1516 2799.7814214121263 14982.076972870136
1519 3662.631913420553 16359.31440909634
1523 1241.6113169443859 15494.845704289572
1524 3189.519476090288 14307.893527536831
1525 2273.2101046190382 15413.678315228468
1528 3087.000852672761 16527.107041647465
1535 2451.8543630794466 15415.204834395809
1537 2215.378156014263 15410.36204642377
1539 2787.3987112255686 15399.776605357487
1540 3543.8981140066635 15691.555105386424
1542 2247.998127666182 15410.427610329903
1544 2215.3116005407005 15413.56201195902
1546 1077.4667183945112 15503.60482027036
1547 2757.4079385430136 15399.047533145347
1553 4049.9787403382556 15574.116479940622
1554 1809.0797408065341 17302.017599515584
1558 3424.224464649683 16073.427020429443
1559 2357.011380405418 16367.68500871112
1560 2215.3506971664942 15416.762189637675
1564 3541.669050980507 14743.801005625126
1566 3549.2080120907485 15374.750257212603
1567 2501.718520561102 15585.492699806991
1568 2831.7702384838676 15441.864912123528
1569 1191.6190337661703 16872.833156507422
1573 2573.8123568565948 16958.369394848607
1575 4038.3823638310064 16909.829443923125
1578 2779.9010438392424 15399.594337931267
1580 2301.308912364149 15761.080773118796
1581 3450.21 16056.393740361473
1582 2576.208181983813 16956.149156918596
1587 2880.0006273850304 15399.373715141897
1588 2794.896382525953 15399.958872878859
1592 2831.4141183213205 15449.357459959729
1594 3480.390908107289 15729.313573637062
1597 2832.4824745642036 15426.879905758198
1599 2887.5004827198986 15399.417641544907
1601 3118.048753749059 15403.081457480335
1605 2829.292409302942 15426.729872524284
1607 3168.9685773901642 15407.650898541966
1610 2872.5007130214 15399.32978839316
1613 1706.8381826187665 15397.350314623052
1622 3376.88840113996 15407.953998320058
1623 1753.1754852362833 16925.939410038365
1624 2863.3086052330677 15399.41545693393
1625 2484.4881840569474 17017.174724746896
1636 2658.0820816607807 15396.541001984822
1637 3164.8703658073127 14979.309765852679
1638 4145.752460730285 17012.971705021366
1639 2501.6569909778264 15474.656560913594
1643 3199.38678231929 16613.930091835548
1645 2712.42177333425 15397.95392467678
1646 1729.7474318005027 16393.166974080825
1647 2187.687643673013 15218.98367838741
1648 3631.597145248782 16358.694428529152
1651 2852.4366158531157 15387.839319607732
1654 2849.2366150487364 15387.759349850123
1655 1014.2143621043657 15704.105784539106
1656 2668.093577728007 15396.806616817788
1657 3605.137308677662 15165.251662138387
1658 2690.589331267831 15397.403451274778
1659 2734.9148820551345 15398.500729545953
1661 2804.611108349918 15393.791237655081
1662 2895.0003292351603 15399.46156789626
1664 2577.6275001157283 16952.344779782783
1667 2826.0924079889414 15426.569966973922
1668 4451.549546146685 15444.684579307852
1669 2837.061641972444 16368.21710292455
1670 2497.8052576257714 15397.405020391272
1672 2796.018651418321 16357.631034943648
1674 3969.3994995830585 16184.50945788894
1675 2844.610518846892 16371.204641558663
1677 2379.5124047852637 16367.966246224723
1678 2852.8521121703166 15372.2178395871
1680 2595.274223576168 16968.612198035196
1682 3213.1669750710817 15406.705986236457
1683 2822.8924752061143 15426.419892252794
1684 2843.491252344256 15084.932091671537
1686 2642.7225630317116 15396.133498855648
1687 1670.3259341590212 15403.781137301345
1690 1845.9343371363607 16341.553902578527
1691 3337.2490954495083 15859.290839744928
1693 2321.9910822273737 16357.266097023108
1700 4000.9358548010364 15691.86313783068
1701 4346.617752682603 15980.26060998725
1702 4175.847275829616 17059.01107713709
1704 2312.3992226956348 16357.191091129005
1705 4199.567447723003 17064.013033179657
1706 2849.4360497943 15380.26117052996
1708 2719.9195098968744 15398.13619378467
1709 4163.730761576292 17038.0665955326
1711 2052.853154624454 15391.162356708877
1712 2304.8994500618137 16357.054028180366
1715 4147.495639449908 15756.508230655425
1716 3837.8108720279224 15785.214932201075
1717 2884.241470809793 16916.763719529692
1718 3986.691437596966 15455.613389700908
1720 2800.5371627281943 15993.11755246097
1721 2899.6869571323045 16355.092163078662
1722 4329.285965983422 17323.988279646786
1723 3363.2383762511395 15904.948829980334
1724 1893.5870651750395 17335.013001136846
1726 2364.5117136847675 16367.77875444674
1727 2855.636614923341 15387.929354564629
1729 3317.7250319548493 16935.61232168118
1730 2832.126356874391 15434.372401569599
1731 2506.8137839296296 15523.101947007777
1732 2742.4125595980386 15398.682997219079
1733 1864.4605128710791 16865.28839993275
1735 851.9134803281363 15776.528585713593
1737 2556.0182217919537 15413.045322814862
1739 2394.662993480915 16368.155611554163
1740 2855.636614928921 15387.929354354843
1741 2021.9367134422157 15410.374479825752
1744 2387.0144416563917 16368.060013253325
1746 1836.216545661338 16356.185235096542
1747 1102.8103206978785 15671.972904548138
1748 3562.030105735229 16417.77715672455
1749 2683.0910526921502 15397.204514572606
1750 2910.000031740362 15399.549420654459
1751 2378.521314078625 15414.68203714477
1753 4505.646605689279 16131.332168369458
1755 2562.431995546312 16946.092511816038
1757 2569.7290994220916 16978.16224810051
1758 2413.521305890976 15415.001488545931
1761 3614.287275021322 15319.438076581268
1762 3171.479006781825 16700.09988736884
1763 2855.836050369255 15380.431148913263
1764 2423.617856276457 15411.854917055762
1766 2568.974969528581 16958.140620580278
1767 2851.810328357622 16602.8243578215
1770 2500.4688264883193 15404.333906893606
1771 3614.840663171807 15969.978471295139
1772 3803.9087321608736 15170.104475759825
1774 3171.4611817263226 16646.62765637581
1776 3132.4026209203994 15404.3695442284
1777 2832.9642602127165 17378.29950263467
1778 3335.449514332232 15512.856753901531
1780 1891.5874014838816 17352.195374267005
1781 2849.6354847730067 15372.762982444252
1783 2523.4259277948763 16683.71552609306
1784 2837.597716575659 15214.620796074074
1785 3107.6356680935764 16585.836785637435
1786 2844.6070896105216 16368.00203693761
1788 1882.3310589040698 16344.911317803138
1789 1645.4089038414552 15397.631353353461
1790 2537.7574512076458 16901.57579216899
1791 2806.7073300860575 16099.323950911286
1792 2644.5810874575086 15417.580944903953
1793 3901.2898026068237 16224.347968952115
1794 2516.3963233504583 15396.34385284483
1795 3609.817603733195 16327.568337011411
1796 2852.6526778038365 15379.71600465481
1798 3745.574258921036 15848.784636572778
1799 3630.007383372708 15981.873260747116
1800 2297.3992779232403 16356.916957930533
1801 2009.9030904784047 15390.64985270091
1802 1762.1978051205015 16369.42258307827
1803 2902.5001742968525 15399.5054942391
1804 2680.863574543513 16358.806966697424
1805 1420.0416644801633 16354.987705986732
1806 2552.354706084076 16964.887340241836
1807 3827.557418056862 15226.277128629048
1808 2159.607281368722 16363.513548143259
1809 2837.1603279037613 16371.41713841374
1810 1387.3880851886222 17097.620173899224
1811 3407.5731339913123 16514.116643222824
1813 3424.1026514812506 17052.34134197411
1814 2852.198566052092 16370.988212720851
1815 2327.383006221626 16285.236429835357
1816 3368.5657209536184 16520.690992259646
1817 2851.7274034968436 16353.239322158597
1818 2372.0120777730626 16367.872500567437
1819 2606.2493760642087 17023.685158648568
1820 3206.411053991166 16404.596075750327
1821 2830.990369827499 15458.272866034384
1822 3643.1974041246885 15226.875153889383
1823 2593.725380593668 16965.811578213925
1824 2329.295783342972 16337.835287702019
1825 2849.834919205081 15365.264814910388
1826 2525.9178540511953 15409.377200364055
1827 1498.968058624064 15879.867139227548
1828 2917.4999049095213 15399.593347161925
1829 3663.750714163214 15263.652200964236
1830 2289.710625096987 16356.776443080433
1831 2601.061677055063 15416.929011653683
1832 3689.463953546959 15870.45151707291
1833 3098.3550672680467 15422.824952472212
1834 2167.9982988359493 15386.009276349354
1835 1083.297164689899 15685.035207471545
1836 1869.334174888553 15367.8147122749
1837 2810.5396013934856 16397.444115613835
1838 1534.9366597445057 15505.124608249766
1839 2726.1813233486478 16371.503016700026
1840 2675.5927434900177 15397.005577057886
1841 3423.342798883005 15428.700871736171
1842 816.053597498182 16907.834873408778
1843 2853.0515486676195 15364.719594406513
1844 1591.580472263862 16998.96327072651
1845 2244.7436498689503 16365.313319166855
1846 2788.2537303895574 16360.910827747708
1847 4044.661032072084 17150.127913262335
1848 4390.675056256583 17065.828436192405
1849 3365.302610487355 16998.106098577035
1850 1982.507598008429 17286.9493523826
1851 3387.2410899659244 16306.056920373941
1852 1037.5376152569795 16759.08790749228
1853 3387.146762512749 15949.009825826357
1854 3791.838416282247 15876.28785605556
1855 1905.6743498242208 16821.413026108912
1856 2856.0547709237962 15372.207878016707
1859 1575.8705148551994 16955.53741607486
1860 1058.538902598405 16747.740045257025
1861 3757.8626551475054 15240.336348911402
1862 2067.5431204311185 17256.83559743995
1863 1411.9937985909617 15637.251254802335
1864 2344.792733363427 16596.839979290464
1867 2553.9068381205334 16967.68602824182
1868 2129.1868011382885 16709.77130124819
1869 2190.1960836309368 17173.327855792133
1870 2637.79010027001 17068.282156163157
1871 3146.4955592908755 14961.518841720015
1872 1869.0776723181082 15357.728328292236
1873 2131.5279559035657 17209.55189397278
1874 3103.1557849738256 15401.744992854481
1876 3518.5685042135037 16528.093518069585
1877 4285.170529646208 16776.63037710104
1878 2486.752441515383 15389.384096519749
1879 4029.4630519869675 16171.157674561784
1880 3999.984086471774 15128.25584806801
1881 2856.254207006047 15364.709648440894
1882 1448.8006854194768 15604.707375983191
1883 964.1383987131451 16407.50628029332
1884 3926.752929662922 15736.811397045494
1885 2061.611115380487 17247.571295074526
1886 1157.9608589397415 16299.642594483099
1887 4189.1263214345445 17070.367465085405
1888 2769.2939184773895 17280.216156368566
1889 4304.438405839392 17281.477023525975
1890 3379.682260268846 15928.548934722636
1891 2949.6010065143605 15398.910754230244
1892 2392.9719104456285 15424.029604204876
1893 3809.1569313967984 15658.338969066794
1894 3643.7275330737816 16596.098278167432
1895 1830.0063705864718 16515.017677736716
1896 1439.3674492557366 15599.9346008119
1897 3507.5261639634864 16467.141588927097
1899 3667.011890752734 17084.55908240346
1900 1382.545684666691 15511.027698215119
1901 1991.4374742869104 16783.93630191966
1902 3895.3878609544595 15344.919654272553
1903 3472.1550026189707 16459.22481350065
1904 3567.7714550940937 17592.150343537007
1906 1608.9078008805711 16291.225414324308
1907 2504.7498217287402 16361.390201468701
1908 3288.190789626998 17462.136705484398
1909 3996.816908813684 16974.269824305586
1910 1848.6703326163451 15496.911617881777
1911 4165.342932770223 16528.178720852153
1912 1657.9648765692023 16330.452785703743
1913 3036.3280660520504 17405.00841751402
1914 2511.8453269966967 15373.36348510207
1915 1244.278399638222 15812.47225342778
1916 1887.818018644646 15580.945072456921
1917 2702.5817419538166 15239.136859798138
1918 1531.1030843224742 15810.651869142426
1919 3853.7010912881005 16713.687291896615
1920 2969.5105971865974 15627.073687208187
1921 3448.589575506695 17485.246813692556
1922 3091.774508319301 15504.207696324222
1924 4827.3372939116825 17574.650708377325
