6739 3162.8593502097788 15571.672257708444
6761 3414.6366543320705 15992.416866462807
6780 3025.7200437505367 15599.495674966207
6913 2653.28809790821 15806.64656663292
6952 2845.4939554775656 15587.20712761385
6994 2757.4078720194943 15399.047531528167
7011 2831.1017789875286 15892.938937158537
7050 2772.403374520958 15399.412070458078
7052 2779.9010380429854 15399.594337790359
7115 2749.908387858233 15398.865219936357
7119 2719.7988661670524 15398.133260949564
7158 2727.3759334279393 15398.317458577545
7177 3656.355638071965 15256.982112147705
7195 2734.901416878679 15398.500402209072
7198 2742.4072139629197 15398.68286726731
7237 2712.1314988112044 15397.946868136727
7256 2683.090982787139 15397.204512717959
7263 2637.6580989364443 15395.999133644325
7269 2645.488056163333 15396.206870107186
7273 2675.592618959831 15397.005573753977
7274 2653.0677375254295 15396.407966505309
7280 2690.5892898372094 15397.403450175583
7335 2817.3894423205224 15400.505676558638
7340 2660.5908196545774 15396.607561270137
7360 2809.891765006014 15400.323408891063
7430 2444.625353308624 15388.607977199645
7452 2452.1260768747547 15388.694083452274
7478 2802.394100156958 15400.141141526523
7499 2407.1216737432032 15388.177445227804
7508 2270.2497655342913 15386.130833588695
7546 2437.1246347686138 15388.521871004716
7559 2253.510924786616 15385.871204449495
7563 2414.622407691114 15388.263551599613
7570 2236.7581756739664 15385.611359583481
7577 2846.9704233110656 15566.067195283124
7594 2794.8964084535532 15399.958873509157
7603 2764.9056000042697 15399.22980042753
7617 2399.6208967338353 15388.091338361663
7619 2137.9731943836805 15385.388103291318
7622 2787.398742782472 15399.776606124631
7648 2145.4794552656617 15385.543396240719
7650 2166.626304038029 15385.980891895086
7660 2392.120016762986 15388.00523031355
7672 2088.689576972617 15384.695895686198
7675 2181.096775902747 15385.829048094294
7683 2130.4669715180457 15385.232811128417
7728 2384.618151726077 15387.904753665127
7730 2122.9607163055675 15385.077518296308
7733 2629.621027557245 15395.78590223939
7748 2262.343298227817 15386.008199689977
7804 2081.1812114070763 15384.701097186418
7806 2621.1042426374743 15395.559943562615
7815 2096.197954166624 15384.690694177925
7832 2043.639266592669 15384.727104768554
7835 2051.147638035535 15384.721903264264
7841 2073.672829527637 15384.706298697938
7856 2668.093863558359 15396.806624401148
7857 2058.656044011359 15384.716701736052
7870 2066.164452617191 15384.711500206016
7986 2612.2635771764512 15395.325392016675
8020 2036.130853480141 15384.732306301712
8028 2377.106932920784 15387.78825030016
8047 2028.6224891804668 15384.737507801054
8079 2600.8823638456356 15395.023437238136
8080 2588.086361064579 15394.683946704603
8101 2021.1141163276857 15384.74270930632
8125 1976.095258745134 15384.173436533576
8127 2006.0973226140027 15384.753112350112
8130 1953.6956532267477 15381.797720796776
8131 1991.080475817655 15384.763515430677
8132 2013.60573475306 15384.747910817629
8141 2362.047885694309 15387.554675733827
8148 2369.583951954956 15387.671564497254
8157 1946.229095897698 15381.005813201271
8161 1961.1621675217025 15382.589623828058
8180 1998.588898080786 15384.758313891181
8188 1923.949363837992 15378.768292553717
8215 2492.398194036461 15389.904802309104
8222 1938.7625922359189 15380.21391129775
8240 2575.79273274719 15394.357784659474
8241 2479.3737482435745 15389.006879258404
8248 3270.612547781564 14328.200642903275
8270 2429.6239255222085 15388.435764916474
8273 1983.5720920163042 15384.768716943528
8275 2422.1231720955852 15388.349658321054
8315 2467.930534523058 15388.875514298368
8319 2459.626849587194 15388.780190269088
8321 1968.6287218179227 15383.3815311019
8325 4155.856057624013 17024.432377491976
8353 2322.3382024606785 15386.938755489933
8363 1931.2960608506328 15379.422006453855
8371 2215.4599574106646 15403.962011986741
8403 2354.4799155463998 15387.437292122584
8432 2346.740720620517 15387.317252715615
8443 2893.3737406962496 14510.421067294252
8447 2338.735305959225 15387.193084085973
8467 2845.2936616794236 15106.015231435118
8499 2852.835486499664 15372.842917526847
8502 2313.1202349990444 15386.795779462303
8504 1916.4832621771563 15378.616666380283
8505 2855.6366149563532 15387.929353323456
8523 3598.582983111242 15166.871165298011
8541 2304.312563309095 15386.659167360327
8559 1822.2402267193215 15382.798429772989
8570 2295.8014011155738 15386.527154292804
8572 2818.0363324586738 14578.07860238228
8578 2566.9136500615127 15416.411527182609
8581 2287.7900902292304 15386.402894209286
8590 2228.2625427983758 15385.479587384696
8596 2245.2887150685915 15385.743673202644
8598 2870.574626648682 14530.896964357305
8599 2849.62749953911 15373.06320453195
8615 1899.5726013696506 15378.286292543315
8623 1807.241193215459 15382.525096424637
8624 3762.441896632383 15237.873871324684
8625 2853.5469386385366 15108.927069647978
8626 3982.6887480606533 15446.4867603296
8631 2837.5700707028723 15216.19894903106
8638 1923.2628435212196 15381.950322589162
8640 981.344816086982 15525.973540992532
8642 1675.3938169333142 15551.77109757789
8646 1860.9180690562252 17364.483056273915
8659 1837.2392041270527 15383.071762099078
8662 2850.0263710021136 15358.066771754658
8665 3171.8893387688395 14990.210726699921
8677 2849.8269361213606 15365.564956157568
8681 4121.71913067591 16951.610356040957
8686 3896.9019681159803 15167.313893715314
8687 3360.5654310808172 17370.21656607766
8697 4394.133615903988 15460.40018854717
8706 1777.243216700106 15381.978431377012
8707 1915.6385215988885 15381.801911175959
8712 2767.8387712984018 15415.893539168694
8715 1892.6183318269386 15384.735260546535
8721 2916.1910456104833 16343.21676759976
8722 2825.3453743403984 15417.44045627075
8734 2565.839020302041 16939.53801391622
8735 1814.7407088127543 15382.661763077771
8744 2154.931101116657 15385.738936201822
8748 1799.7417139733425 15382.388430434017
8749 1899.579075097144 15381.489305651841
8753 1792.242242940211 15382.251764592993
8754 2855.836049763635 15380.431171682869
8756 4287.682275676579 16006.02141509416
8761 3168.6324093039234 15578.586324660047
8762 1909.0119086324871 15378.470702850767
8763 1900.121490105541 15384.702691622691
8764 1754.744657597128 15381.56843119326
8765 2330.646476736495 15387.067621648048
8770 2874.9330836114 15419.999783149533
8771 1878.331537511294 15389.14997720693
8772 1747.2451776622836 15381.431765190016
8774 1638.6798886377264 16431.03867057666
8775 1762.2441904576713 15381.705098160988
8785 1829.7397312411442 15382.93509622429
8786 1769.743657376368 15381.841763927034
8787 1784.7427323643324 15382.115098031367
8788 1849.4411344628875 15422.853057766857
8792 1907.0776834767987 15381.635269985196
8795 2279.076581501947 15386.267742629534
8800 2322.712090338919 15180.940475424428
8803 1885.341034502392 15386.5528636626
8806 2834.246639477822 15377.345116125176
8808 2491.8964929847234 17292.930991934154
8809 1031.2863041517805 16685.117762729507
8810 3235.3907422115617 15350.9533456958
8812 2569.880643298558 16945.856760028506
8817 2222.9530418077557 15403.977088615307
8819 3772.3750173051885 15234.349480374332
8820 3340.7210668048556 16936.376888432722
8822 1739.745693424335 15381.295099108354
8825 1006.6011471153705 16209.668063150684
8830 1413.7434714651674 16189.610729607613
8832 1164.60872415812 15673.337723725039
8833 2845.7820221530314 15417.009545144583
8834 2832.1263581346834 15434.372375053828
8835 1461.3141488436465 16417.047740173522
8838 3336.489609196579 15244.807497798278
8840 4110.507206106434 16545.950408573586
8845 855.700278200516 15130.190471175509
8846 1851.396420941561 16865.495401454617
8847 2852.436616002786 15387.839313980558
8853 1849.5200357707229 15415.352053887864
8854 3159.0630688841948 16632.09708670886
8856 2460.0523121677356 15408.08652573137
8857 4438.88057407041 16311.97229797765
8858 2829.071458668971 16013.180374778743
8861 1415.8223166599432 16135.828599429498
8866 2788.5135095150536 16357.707675374275
8870 1686.7462839790321 15399.348425038566
8871 2849.2286282910222 15388.059629229008
8872 1724.746745414584 15381.021767317996
8873 2829.3171862394825 15415.287595171798
8876 4022.6575415599655 16900.21965908129
8877 2856.6823556805934 15108.23453236825
8878 2831.7702402048285 15441.864875915577
8879 2233.1986028892807 17301.127865649087
8882 1958.5951836021572 17563.39627618578
8884 1717.2472439370567 15380.885100922173
8885 2872.5007219433733 15399.329788445415
8886 1829.1832423827086 15386.126326185225
8888 2800.3882742375877 16316.970485991995
8890 1656.477939577198 15401.849958123921
8891 3625.6571691215486 15313.321817398393
8892 2167.3704211563045 17198.41454993431
8894 3134.5541966095575 16609.75789590989
8895 1849.5989375228176 15407.851007773947
8896 2849.428063288828 15380.56144042525
8897 2331.601595251141 15835.94408571436
8898 4240.4948703709515 15918.433125596664
8899 3462.742970975343 16077.054884821842
8900 2880.000661948226 15399.373715344333
8901 2852.636051381734 15380.341110846928
8902 2805.972929909037 15413.157901872928
8903 2319.461924868747 16357.320166346677
8904 2859.7482949903338 15416.537255724965
8906 4142.294309383922 16483.362367770107
8908 3048.4669540424065 15418.628123009952
8909 1988.3184283257326 15405.572598582909
8910 2355.219140178166 16367.662607722756
8911 2832.482475451342 15426.879887093357
8912 3509.9677813679637 16028.036393057324
8913 2865.000871722909 15399.28586207236
8915 4040.737427866435 15349.988592316284
8916 3740.5896316868448 15247.8059460837
8917 2208.7793120737438 15398.920944488498
8918 2605.3800351781642 17016.237317987656
8919 2572.5706487014827 16944.126745227106
8920 2816.8955988704647 16611.68235214375
8921 3601.4492468249446 15979.13836059315
8922 1732.2462217337065 15381.15843325535
8924 3614.884876839885 15969.076512466352
8925 1702.2482447311543 15380.611768198847
8927 2853.034923546422 15365.344651688314
8928 4066.726353553426 15640.345390987155
8929 3456.590184974908 16066.618530233018
8931 851.5119528160803 15775.655388072857
8932 3361.2117679932458 14471.420667676039
8934 3093.621929615699 15593.91311872792
8935 1456.573280648639 15665.80593886774
8936 1687.6539182083438 15392.73207840759
8937 4450.04820676378 16299.188367383518
8938 3954.780654711545 17206.96432450834
8939 1999.1767992280272 15406.307655679939
8940 2887.500573400686 15399.417642076021
8941 1849.3622325586218 15430.354118347375
8942 4284.137898973961 15999.442416085709
8943 3470.425606999706 16090.031151311307
8944 1849.283331082831 15437.855138193585
8945 2737.660295180188 17207.672429152404
8946 2334.669596956319 17475.176937281252
8947 1709.7477756428245 15380.748435131061
8948 1872.2658607725089 15440.328982520465
8949 3756.6335770002174 15090.062259121292
8951 3580.489688196009 15990.343733742713
8953 3398.942413484259 15343.0555873069
8954 2343.579687925647 16367.454136598064
8955 2837.061693213443 16368.217101464039
8956 2852.1526529009584 16367.786967654265
8957 3092.2194366832855 16259.121678885904
8958 3593.51693216832 16393.47645434044
8959 2333.2597955911715 16306.746706392814
8960 3893.7428545669277 15282.934228958922
8961 3155.788519423434 15574.14518812789
8962 2858.154589717229 15419.779405259902
8963 2895.00043808371 15399.461568533783
8965 3172.524635086514 15584.99730596214
8966 2853.550432872308 15108.935306056153
8967 3856.9159475909496 15600.464957394819
8968 3369.7338776053707 16534.627084918597
8969 2872.8850492576735 15416.73873916619
8970 2335.5496989731214 16484.91397668443
8971 3407.4586778700086 16333.083619281473
8973 3305.5128113336186 16552.11564057265
8975 1434.691312465755 16091.993273657501
8976 2780.2732487672693 16357.791822634957
8977 1694.7680955524295 15380.9161706098
8978 2844.6072031249632 16368.002033702138
8980 3425.4847303329007 15428.499590943893
8981 2567.1906056796483 16947.596618687752
8982 2080.5813461380753 16361.8429508316
8983 2859.706800402889 16367.571653697307
8984 1809.5383817278926 15385.767740682937
8985 2796.0189665384296 16357.631031725728
8986 2799.950140718126 16264.456577520323
8988 4040.26054037906 17201.660369151545
8989 1837.159647800933 15386.27192270503
8990 1885.5073334526435 15402.283933739645
8991 2405.2188144767774 15407.483213420723
8992 4050.36274224078 17198.183297452284
8993 1492.3814635681883 15550.633293114763
8994 2335.7328795505723 16210.055775203251
8995 1687.3092649576424 15381.70834128938
8996 4244.2474974591805 16043.78948263128
8997 2876.8995348341996 15415.811990447488
8998 1849.2044289458884 15445.356220894284
8999 3987.159390711664 16202.299979068306
9000 1269.5842227989867 15682.2902274839
9001 1753.5420002692504 16383.352193824781
9002 3542.0341082453338 16019.609218776397
9003 1412.7134611970043 16342.867223221188
9004 3181.609549762408 15599.961293503355
9005 2577.358933222151 16989.399422730527
9006 3392.8280372936 16522.10909537443
9007 1996.3654259719879 16781.118328016008
9008 3567.3215471364806 16254.386414304206
9009 3185.912084007321 15600.879689601754
9010 3222.623127853692 16744.851536396207
9011 2746.078348488658 15413.125483942178
9012 4073.5830127647655 16147.211143001958
9013 3896.816461461191 15322.348217396067
9014 3348.662166029251 17356.374160142565
9015 3155.0509142684914 15577.96401923092
9016 4236.8365278386 15501.170909262246
9017 2479.1392528999045 16369.385691356567
9018 1672.4573296903004 15387.044390829764
9019 3323.338180574772 15499.853279048171
9020 3783.1975676067273 15134.828938400116
9021 3710.6161356575176 16485.971632611407
9023 2910.0002373235243 15399.549421858554
9024 1848.1128124678423 15566.720476966579
9025 2916.3783531358295 17500.273841525388
9026 3650.7727960985685 16396.52130808011
9027 1440.1226214514109 16595.098967180376
9028 3081.09826149849 15426.038104959423
9029 2295.99682412431 16596.291448168777
9030 3768.137112670492 16317.280782630545
9031 2902.5003571890006 15399.505495310294
9032 4043.260310225708 15597.527041948926
9033 2835.160863829371 15408.552657058375
9034 2821.073566142421 16224.94782875926
9035 3609.8105609225668 15173.695414856622
9036 4096.994170249591 15646.324623638762
9037 3594.009395377059 16416.168752839843
9038 3882.1091553563983 15645.013793531783
9039 2808.3331577466192 17316.54696823559
9040 4078.5044611060243 15631.623442863678
9041 4143.855733776785 16116.316583364607
9042 2459.96708182008 15671.87009332357
9043 3378.5676497038767 17013.018276998082
9044 1456.8110752513687 15627.019138155129
9045 2206.91212021406 16355.263249577614
9046 2917.578112756234 15399.593805222677
9047 4552.433541377446 16084.908091437792
9048 2838.2772731095815 15108.677134431327
9049 4262.362722145693 15994.04849171242
9050 3250.3599590087597 16829.124121936096
9051 2812.996052273584 16486.52760175692
9052 1097.8322341167602 16726.508236673795
9053 2585.429371505849 16984.200077106558
9054 1144.984166396426 17504.521939377955
9055 928.6587434653126 15252.753279507417
9056 2979.840827836666 15602.035494871505
9057 1854.4533062579449 17307.40295970241
9058 1361.4613396947202 16186.882758916463
9060 1900.9237160934217 16345.698338978773
9061 1045.3627452451333 16634.76999263212
9062 3786.0113238484755 16612.845067700746
9063 2929.7620386504295 16368.275292193517
9064 3291.059094625657 16153.594477328663
9065 2810.7651506991033 15397.14272935727
9066 3621.708463615694 16176.68145906863
9067 2375.7036460486597 15794.64897473108
9068 1848.993985906254 15465.362658048614
9069 3977.28247509263 16870.131453119553
9070 2971.3284067543495 15601.410518145343
9071 3244.5643583111387 14290.341175561702
9072 3593.952456502952 15346.766863088369
9073 1464.703897872327 15580.231784680032
9074 1023.8513772126793 15694.898317086521
9075 2820.8804606310473 16509.45841070855
9076 2368.235442227344 15181.64721344795
9077 4192.08505636536 17068.56678964814
9078 3556.957235643445 16436.442673586633
9079 2758.5404869695026 16859.54566104788
9080 1519.1072255088668 15543.914281221712
9081 2007.9578644730966 15406.641192038604
9082 2304.3261798389167 17108.069029404243
9083 4264.638397406299 15552.111049855244
9084 4236.924357237982 15905.063545092324
9085 3760.494258378258 15818.716588000498
9086 973.4210411567553 15416.020762852118
9087 4011.095920390699 15696.899908422125
9088 3242.4601996227607 15356.460958434307
9089 3370.1179759230286 17374.8568623603
9090 4127.679962965918 16980.766514005267
9091 2123.6707071171736 17226.57242546796
9092 2873.7391614213216 15109.045666022374
9093 2831.414122976489 15449.357362017867
9094 2646.2385068276044 15426.82268205717
9095 1421.8315066103978 16166.536722463346
9096 2036.0820484182877 15868.628433566268
9097 3875.8980175652446 16037.928266465924
9098 2347.691821555909 16188.922219243485
9099 1428.8289184317312 15933.898438280918
9100 2057.630560278894 17262.180304566722
9101 2020.5586338925739 15582.282012962385
9102 941.418821038464 15075.90332084854
9103 2641.5626990256337 15734.492031827052
9104 4054.1468362305436 16922.28680587212
9105 3219.611639816265 15058.699570124942
9106 1952.8501402113263 15574.298854580202
9107 2084.7215334829425 15190.460877913003
9108 4255.994813311689 15533.763733766235
9109 1396.2035822502216 15532.248697163068
9110 3605.9018870978452 15318.494472871816
9111 4330.625804500961 15793.70529187424
9112 1909.662653922267 17188.65708793062
9113 3265.8600139958935 15961.733168920358
9114 1389.118613582367 16016.69567816082
9115 3632.0405348457753 16398.99732235219
9116 2698.0275371525718 15955.002833028699
9117 2964.051087166653 15395.818489526404
9118 1952.9095972813436 15556.415104673955
9119 4577.3813176703325 16096.501515155785
9120 937.7126131200137 15560.47651031987
9121 787.3578375377576 17204.451064370787
