6739 3171.9023813917042 15577.805654474334
6761 3443.535384888169 16038.924662312582
6780 3098.87266379711 15592.925029043556
6913 2686.5686059299737 15807.124436794855
6952 2850.0201632279163 15599.49203916523
6994 2757.40799509138 15399.04753452003
7011 2829.4722355825297 15971.41497600019
7050 2772.403374520958 15399.412070458078
7052 2779.9010380429854 15399.594337790359
7115 2749.910200699094 15398.865264006308
7119 2719.908269004675 15398.135920519882
7158 2727.4099929407703 15398.318286560358
7177 3652.4591615527042 15250.009955346377
7195 2734.9129238838723 15398.500681943036
7198 2742.4125120399112 15398.682996062947
7237 2712.3852718223993 15397.953037329253
7256 2683.090982787139 15397.204512717959
7263 2638.0551658331387 15396.00966821945
7269 2645.5966732578995 15396.209751825487
7273 2675.592618959831 15397.005573753977
7274 2653.0974556267797 15396.408754955753
7280 2690.5892898372094 15397.403450175583
7335 2817.3894423205224 15400.505676558638
7340 2660.5958608827045 15396.607695018876
7360 2809.891765006014 15400.323408891063
7430 2445.246957126556 15388.615113041262
7452 2454.3749733119184 15388.719900167562
7478 2802.394100156958 15400.141141526523
7499 2407.1216737432032 15388.177445227804
7508 2272.8568308573176 15386.171270685614
7546 2437.1246347686138 15388.521871004716
7559 2255.5347272028184 15385.902594800067
7563 2414.622407691114 15388.263551599613
7570 2239.1378076614305 15385.64826905731
7577 2845.3939426673846 15588.639101945739
7594 2794.8964084535532 15399.958873509157
7603 2764.905701629994 15399.22980289804
7617 2399.6208967338353 15388.091338361663
7619 2141.5341470069775 15385.461773903657
7622 2787.398742782472 15399.776606124631
7648 2153.7326559395156 15385.71414222128
7650 2188.7769149113838 15385.70146545721
7660 2392.1201499313456 15388.005231842286
7672 2088.689576972617 15384.695895686198
7675 2210.7442209112046 15385.336544089781
7683 2131.0364893156243 15385.24459357242
7728 2384.6195129181456 15387.904774778006
7730 2122.9607163055675 15385.077518296308
7733 2630.4430237368374 15395.807710606137
7748 2264.5118424233383 15386.041835069589
7804 2081.1812114070763 15384.701097186418
7806 2622.5767639870483 15395.599011001656
7815 2096.197954166624 15384.690694177925
7832 2043.639266592669 15384.727104768554
7835 2051.147638035535 15384.721903264264
7841 2073.672829527637 15384.706298697938
7856 2668.094291327026 15396.806635750272
7857 2058.656044011359 15384.716701736052
7870 2066.164452617191 15384.711500206016
7986 2614.470379647241 15395.383940655733
8020 2036.130853480141 15384.732306301712
8028 2377.118946059626 15387.788436630919
8047 2028.6224891804668 15384.737507801054
8079 2606.2991601698664 15395.167150169871
8080 2597.645027318717 15394.937547517451
8101 2021.1141163276857 15384.74270930632
8125 1976.095258745134 15384.173436533576
8127 2006.0973226140027 15384.753112350112
8130 1953.6956532267477 15381.797720796776
8131 1991.080475817655 15384.763515430677
8132 2013.60573475306 15384.747910817629
8141 2362.1109133910395 15387.555653329999
8148 2369.6151490878256 15387.6720483829
8157 1946.229095897698 15381.005813201271
8161 1961.1621675217025 15382.589623828058
8180 1998.588898080786 15384.758313891181
8188 1923.949363837992 15378.768292553717
8215 2518.1975171992417 15392.284264901935
8222 1938.7625922359189 15380.21391129775
8240 2587.9114834414568 15394.679307029339
8241 2500.0285084055954 15390.608543546745
8248 3293.253631311477 14362.60206803721
8270 2429.6239255222085 15388.435764916474
8273 1983.5720920163042 15384.768716943528
8275 2422.1231720955852 15388.349658321054
8315 2482.5710299471407 15389.043583176854
8319 2466.1403993827175 15388.854964037148
8321 1968.6287218179227 15383.3815311019
8325 4179.697658343067 17065.666808648413
8353 2323.8901784033064 15386.96282753794
8363 1931.2960608506328 15379.422006453855
8371 2215.4599574106646 15403.962011986741
8403 2354.591641244018 15387.439025053027
8432 2347.0475081689183 15387.322011168622
8443 2918.639594763483 14487.546282559373
8447 2339.4984892357056 15387.204921501723
8467 2845.2936616794236 15106.015231435118
8499 2852.835486499664 15372.842917526847
8502 2315.897442016179 15386.83885555569
8504 1916.4832621771563 15378.616666380283
8505 2855.6366149563532 15387.929353323456
8523 3574.470950868224 15180.839411981544
8541 2307.4894513512177 15386.708442738482
8559 1822.2402267193215 15382.798429772989
8570 2298.8514099975137 15386.574461701512
8572 2849.837137576544 14549.520445656239
8578 2523.7610022476933 15415.930409070334
8581 2289.558653256371 15386.430325648733
8590 2230.5263993368635 15385.514701114087
8596 2247.2757613686736 15385.774493444513
8598 2901.401035826379 14503.21174905336
8599 2849.62749953911 15373.06320453195
8615 1899.5726013696506 15378.286292543315
8623 1807.241193215459 15382.525096424637
8625 2853.5469386385366 15108.927069647978
8626 4017.910036838331 15516.615245555698
8631 2837.2656518085805 15146.237329005638
8638 1923.2628435212196 15381.950322589162
8640 947.7256812564264 15541.861833136847
8642 1637.3202297575342 15564.755427407672
8646 1858.5270746094104 17367.52088351576
8659 1837.2392041270527 15383.071762099078
8662 2850.0263710021136 15358.066771754658
8665 3156.5560936616157 14966.397113869212
8677 2849.8269361213606 15365.564956157568
8681 4169.794959458453 16948.107102568552
8686 3958.495645749184 15133.639422914406
8687 3382.7074774999433 17407.763813299116
8706 1777.243216700106 15381.978431377012
8707 1915.6385215988885 15381.801911175959
8712 2698.1627418805765 15411.843710083873
8715 1892.6183318269386 15384.735260546535
8721 2958.1757286585303 16322.48359078591
8722 2784.012336898327 15416.090692772632
8734 2566.528558642413 16940.616050564182
8735 1814.7407088127543 15382.661763077771
8744 2167.040874739684 15385.989468722884
8748 1799.7417139733425 15382.388430434017
8749 1899.579075097144 15381.489305651841
8753 1792.242242940211 15382.251764592993
8754 2855.836049763635 15380.431171682869
8756 4287.682275676579 16006.02141509416
8761 3168.6324093039234 15578.586324660047
8762 1909.0119086324871 15378.470702850767
8763 1900.121490105541 15384.702691622691
8764 1754.744657597128 15381.56843119326
8765 2331.7247567927916 15387.084346397813
8770 2858.218440667454 15419.777223634559
8771 1878.331537511294 15389.14997720693
8772 1747.2451776622836 15381.431765190016
8774 1577.490253548416 16462.552411783076
8775 1762.2441904576713 15381.705098160988
8785 1829.7397312411442 15382.93509622429
8786 1769.743657376368 15381.841763927034
8787 1784.7427323643324 15382.115098031367
8788 1849.4411344628875 15422.853057766857
8792 1907.0776834767987 15381.635269985196
8795 2281.44679357645 15386.304505995045
8800 2354.7140545450366 15181.437297472754
8803 1885.341034502392 15386.5528636626
8806 2835.4120223329255 15330.366717815436
8808 2471.533582350128 17257.160817629305
8809 1040.4107269465937 16643.757523607237
8810 3221.6838812892934 15328.20998319499
8812 2572.8879003666434 16950.72882595763
8817 2222.9530418077557 15403.977088615307
8819 3820.4878303960736 15208.469234462867
8820 3381.0390992078283 16989.373115311628
8822 1739.745693424335 15381.295099108354
8825 999.0709691233651 16159.49321504026
8830 1411.5334069436205 16163.356822893664
8832 1194.2880978177627 15675.00721402507
8833 2812.6034650288098 15413.238727210226
8834 2832.1263581346834 15434.372375053828
8835 1501.0587375385896 16398.834218249398
8838 3318.5671538310453 15217.094111150764
8840 4143.751742059638 16528.150997800443
8845 827.9203087978713 15150.693388572883
8846 1851.3950378675402 16865.496206948927
8847 2852.436616002786 15387.839313980558
8853 1849.5200357707229 15415.352053887864
8854 3179.974938038088 16620.926097994285
8856 2376.852562866549 15407.171110244306
8857 4415.599161040469 16268.042668650367
8858 2828.350218753865 16079.350936220846
8861 1419.1387410656305 16059.306629263976
8866 2788.518873268521 16357.70762060111
8870 1626.2803706117336 15429.97380939899
8871 2849.2286282910222 15388.059629229008
8872 1724.746745414584 15381.021767317996
8873 2783.659151835732 15412.885899899247
8876 4076.3539303814764 16930.27951587092
8877 2856.6823556805934 15108.23453236825
8878 2831.7702402048285 15441.864875915577
8879 2252.5206016342718 17334.557543314462
8884 1717.2472439370567 15380.885100922173
8885 2872.5007219433733 15399.329788445415
8886 1829.731875147974 15386.136340598621
8888 2800.01928797523 16232.494659557513
8890 1595.1552273681393 15449.830837305473
8891 3691.8032645414632 15277.699375817216
8892 2183.925715302011 17215.87223483338
8894 3149.7223565085314 16637.58485833918
8895 1849.5989375228176 15407.851007773947
8896 2849.428063288828 15380.56144042525
8897 2302.8738673025396 15771.087804741144
8898 4269.269933729814 15971.844805333254
8899 3459.4055913892057 16071.417922879498
8900 2880.000661948226 15399.373715344333
8901 2852.636051381734 15380.341110846928
8902 2752.3670406485785 15412.504453244377
8903 2319.8984022963514 16357.3281432396
8904 2833.7898821957792 15416.32297235378
8906 4159.708911626606 16512.77239239624
8908 2975.3994155752935 15417.656759858946
8909 1965.55566020588 15403.112084236678
8910 2349.864165987592 16367.595676564362
8911 2832.482475451342 15426.879887093357
8912 3569.6546217191835 15996.13636349807
8913 2865.000871722909 15399.28586207236
8915 4058.871831933356 15381.78837787778
8916 3793.4852696878675 15215.732804123993
8917 2118.422579711087 15397.872520680967
8918 2586.9472869277292 16992.68767304943
8919 2575.2294747180686 16948.43002410637
8920 2771.2488477144084 16615.198503047042
8921 3614.20577407984 15966.402180712974
8922 1732.2462217337065 15381.15843325535
8924 3604.8583726194224 15948.844696540851
8925 1702.2482447311543 15380.611768198847
8927 2853.034923546422 15365.344651688314
8928 4054.828130096281 15618.634773742997
8929 3445.8242960009284 16048.614535568864
8931 862.1236747687378 15798.732587754064
8932 3338.802625597977 14437.501981860169
8934 3139.4042183979072 15581.296401522332
8935 1481.387255953431 15714.04621677537
8936 1620.2553288199153 15426.645761554812
8937 4475.621821302748 16345.800113083558
8938 3890.934457538724 17244.776029217348
8939 1993.3689201803672 15406.087051598879
8940 2887.500573400686 15399.417642076021
8941 1849.3622325586218 15430.354118347375
8942 4284.137898973961 15999.442416085709
8943 3463.895278546223 16079.001176442342
8944 1849.283331082831 15437.855138193585
8945 2784.0217201400455 17273.59238331556
8946 2350.588677921107 17474.21784945347
8947 1709.7477756428245 15380.748435131061
8948 1868.1772085625387 15493.772039878237
8949 3777.316637560576 15124.812458302607
8951 3605.310402478127 15977.07411436314
8953 3378.8668344844577 15311.580286011163
8954 2320.533904585256 16366.917102133191
8955 2837.061693213443 16368.217101464039
8956 2852.1526529009584 16367.786967654265
8957 3004.9074781233444 16305.67843563208
8958 3629.907837887516 16373.798502010188
8959 2335.3065753076066 16224.47680599555
8960 3926.265948355616 15340.96472658472
8961 3160.699635373931 15572.242871159951
8962 2824.6481699952396 15417.257419330494
8963 2895.00043808371 15399.461568533783
8965 3172.524635086514 15584.99730596214
8966 2853.550432872308 15108.935306056153
8967 3819.705504431425 15534.410031484698
8968 3300.2139297769286 16574.554343930948
8969 2856.7257983392046 15416.639465756645
8970 2334.6153789438536 16550.248013852997
8971 3423.992845548205 16360.69756622762
8973 3308.260781213353 16538.06452093587
8975 1431.6784205858069 16168.89699200141
8976 2780.952750021864 16357.784883756329
8977 1694.7680955524295 15380.9161706098
8978 2844.6072031249632 16368.002033702138
8980 3332.9949435459944 15427.942500619662
8981 2570.042194282775 16952.214637125322
8982 1998.7911206761644 16358.490065066177
8983 2859.698204329175 16367.571898709024
8984 1821.9073599101514 15385.99351659106
8985 2796.0189665384296 16357.631031725728
8986 2800.1326626292075 16180.089523891267
8988 4035.7374115572757 17203.217182550605
8989 1837.159647800933 15386.27192270503
8990 1792.3684534469712 15399.457369082595
8991 2329.448048122946 15406.649536233355
8992 4045.501019588503 17199.85665128893
8993 1546.1679004329535 15493.113877738366
8994 2337.4506744628316 16126.367388091905
8995 1687.3092649576424 15381.70834128938
8996 4280.031820457618 16028.366390601099
8997 2814.3583012202953 15414.527661542916
8998 1849.2044289458884 15445.356220894284
8999 3993.176398780809 16218.560183154315
9000 1343.9108439999388 15668.684585133553
9001 1695.1371888836597 16407.443002212334
9002 3481.1123612680094 16052.571904516939
9003 1409.7512295657937 16255.265098738479
9004 3176.458785618236 15591.477342554906
9005 2572.3754254923906 16986.157023116644
9006 3325.9115264844863 16558.709101269105
9007 1928.8164471631128 16820.40642594519
9008 3524.925497883516 16182.083554355302
9009 3209.9103605646346 15640.404945167402
9011 2666.052414884562 15411.482094234236
9012 4002.8844448281766 16185.583468327777
9013 3858.384399548916 15252.865878952918
9014 3334.876587585009 17332.33816484311
9015 3109.673729854265 15593.907819204185
9016 4211.890003469599 15458.705256502844
9017 2403.9400933833413 16368.271564875486
9018 1743.9781998616497 15384.571044449873
9019 3312.298575701019 15493.991446968179
9020 3804.5777774988574 15171.244002885576
9021 3753.0842569976694 16553.81697530397
9023 2910.0002373235243 15399.549421858554
9024 1848.6713672169667 15496.797015966764
9025 2886.8216883257373 17455.25613731704
9026 3650.1280928346314 16395.492686861813
9027 1437.233991563805 16550.939601248105
9028 3049.8187254499576 15425.52252074624
9029 2317.5256401803945 16583.30293217261
9030 3694.135562631286 16358.851197730506
9031 2902.5003571890006 15399.505495310294
9032 4011.8725416913094 15540.289590540771
9033 2737.6917348848756 15406.551108516274
9034 2821.0653612512633 16299.73951410823
9035 3607.3841600287165 15166.5906431575
9036 4090.041097323682 15649.104215326699
9037 3547.522404345346 16437.955964651468
9038 3846.1935265199722 15581.563165846415
9039 2835.846970353882 17352.22421126806
9040 4115.918037441804 15699.206937774983
9041 4073.853382069083 16154.346354120045
9042 2411.2495172368003 15742.079489542783
9043 3327.204901570657 16950.495763063896
9044 1456.8110752513687 15627.019138155129
9045 2278.140143119226 16356.564985419718
9046 2917.501042326849 15399.593353823739
9047 4527.495023592503 16039.118029454417
9048 2838.2772731095815 15108.677134431327
9049 4235.279332447374 15945.520722064673
9050 3210.978678431474 16758.16511355884
9051 2811.3796846795926 16410.705217557475
9052 1153.5323946595258 16695.299695985294
9053 2582.734424069713 16978.99633695512
9054 1210.9294648489577 17545.80370958866
9055 950.8869254675876 15284.803178749846
9056 2979.840827836666 15602.035494871505
9057 1855.7214257194473 17341.7360206411
9058 1392.9844956305992 16169.41574426036
9060 1952.019469056673 16347.861205703928
9061 1037.2818627055874 16673.731358077406
9062 3749.38231777883 16553.91153643099
9063 2881.2761016174722 16367.048890324608
9064 3223.203835496477 16189.568453413534
9065 2817.46730850451 15397.305629026152
9066 3573.1531814623027 16204.411402683085
9067 2353.156294689783 15836.825565115789
9068 1849.1219743572728 15453.19502871653
9069 3918.075721520409 16804.74776878741
9070 2970.929228203661 15600.254214332348
9071 3260.127836948216 14312.26991263112
9072 3522.305364190749 15385.764219054892
9073 1513.4373930764066 15528.116003885054
9074 948.9486045797296 15721.58422861295
9075 2816.0705564167283 16434.149719553963
9076 2399.0999520535447 15182.317490016272
9077 4175.634935417716 17065.03263540251
9078 3495.4836883143357 16466.43210165951
9079 2830.3422008706134 16819.958885369866
9080 1470.715673135633 15597.695973524651
9081 2002.034616793921 15406.416205843052
9082 2369.895277350934 17070.709736717603
9083 4196.088577660276 15590.653743749792
9084 4259.701713129367 15954.084471394572
9085 3760.5743424466787 15840.12914557159
9086 938.6710354795989 15442.853320294467
9087 3958.5951780595983 15728.059738657994
9088 3258.3073671176176 15384.214186195528
9089 3361.6403296088106 17375.236331327822
9090 4111.461791876666 16959.551791876667
9091 2075.8306673266684 17252.367073640256
9092 2859.663548503587 15125.355614602788
9093 2831.414122976489 15449.357362017867
9094 2637.3923083734776 15417.479571647535
9095 1422.8875040039552 16165.864360324633
9096 2034.95339928635 15936.269660135118
9097 3861.732961307979 16013.844689455249
9098 2346.62500908861 16227.942936797375
9099 1462.5607274432728 15902.5045393763
9100 1993.9741739316617 17296.50682482032
9101 1990.5448006202482 15581.982871766979
9102 974.9095410457699 15056.828101045026
9103 2639.677287223906 15803.079392794252
9104 4023.167208794878 16904.353140310268
9105 3240.9572322297186 15091.488990324497
9106 1967.9124603463579 15578.55700126591
9107 2057.775182723357 15190.345755006001
9108 4250.879443404437 15525.064738023237
9109 1388.160141590043 15510.36784219971
9110 3628.1991521998443 15306.497948431019
9111 4289.444409884036 15814.692283936507
9112 1933.9979582412816 17229.65395418447
9113 3256.7190567516736 15931.602074502864
9114 1355.8422142455183 16034.50809662549
9115 3609.3613239460665 16407.768600585398
9116 2667.7417090704243 15955.344668940981
9117 2988.9184167603307 15396.004149744365
9118 1952.793242001452 15564.04862343106
9119 4592.110181692953 16090.122243180189
9120 946.615818461309 15576.362674207807
9121 794.1818539433973 17195.885314280873
9122 3137.2571542267406 17234.261569814124
9123 1446.2639104430166 16699.446249126704
9124 3365.538702860895 15875.324207745829
9125 1830.77964035192 15795.23233800975
