6739 3254.694454634355 15714.173036280212
6761 3511.2897881104636 16152.76745247755
6780 3181.593909994432 15593.767640074831
6913 2800.541429540773 15808.65954455871
6952 2978.8210302927487 15598.820537147252
6994 2757.40799509138 15399.04753452003
7011 2830.672523658213 16234.333495747225
7050 2772.403374520958 15399.412070458078
7052 2779.9010380429854 15399.594337790359
7115 2749.910317320991 15398.865266841374
7119 2719.919474790562 15398.136192931239
7158 2727.4172462217957 15398.31846288678
7177 3639.8661544591837 15227.476669280812
7195 2734.9149228532096 15398.50073053775
7198 2742.4126344323863 15398.682999038294
7237 2712.4217880809374 15397.95392503527
7256 2683.090982787139 15397.204512717959
7263 2638.101039606442 15396.010885295755
7269 2645.599381921186 15396.209823688987
7273 2675.592618959831 15397.005573753977
7274 2653.0976768100622 15396.408760823962
7280 2690.5892898372094 15397.403450175583
7335 2817.3894423205224 15400.505676558638
7340 2660.5959705329537 15396.607697928004
7360 2809.891765006014 15400.323408891063
7430 2539.8162033971207 15386.99878170016
7452 2547.1242819096615 15393.597182474798
7478 2802.394100156958 15400.141141526523
7499 2418.3707314545445 15388.30658133002
7508 2279.2354932568805 15386.270207443124
7546 2505.6183321606018 15391.124091045478
7559 2263.776386229155 15386.030427716983
7563 2435.740231157241 15388.505978430345
7570 2247.4491817690637 15385.777183295617
7577 2922.0141947125576 15599.313410117913
7594 2794.8964084535532 15399.958873509157
7603 2764.905701629994 15399.22980289804
7617 2404.285800806182 15388.14489018303
7619 2152.98539433452 15385.698682532304
7622 2787.398742782472 15399.776606124631
7648 2160.4919559547234 15385.853981703514
7650 2221.0844162609305 15385.368250474208
7660 2393.7734207052595 15388.024210938058
7672 2122.241774106098 15385.062644492113
7675 2229.927036590972 15385.505404649886
7683 2145.477174257932 15385.543349050191
7728 2385.3010495514377 15387.915345806914
7730 2137.962945373726 15385.387891255124
7733 2630.602688401717 15395.811946666663
7748 2271.44986563045 15386.149447838008
7804 2096.1956521045986 15384.690695772702
7806 2623.104297892873 15395.613006994796
7815 2130.2449099074356 15385.228217016514
7832 2044.8032658823747 15384.726298395648
7835 2055.6643472249257 15384.718774265864
7841 2088.6747577462434 15384.695905952376
7856 2668.094291327026 15396.806635750272
7857 2067.5227449856898 15384.71055923451
7870 2079.7931037825765 15384.70205881276
7986 2615.6058878709136 15395.414066805224
8020 2036.2417000648295 15384.73222951156
8028 2377.220140463157 15387.790006214875
8047 2028.6224891804668 15384.737507801054
8079 2608.106997407309 15395.215113869066
8080 2600.605171775015 15395.016083059994
8101 2021.1141163276857 15384.74270930632
8125 1976.095258745134 15384.173436533576
8127 2006.0973226140027 15384.753112350112
8130 1953.6956532267477 15381.797720796776
8131 1991.080475817655 15384.763515430677
8132 2013.60573475306 15384.747910817629
8141 2362.1185744283566 15387.555772157137
8148 2369.6467949016233 15387.672539227846
8157 1946.229095897698 15381.005813201271
8161 1961.1621675217025 15382.589623828058
8180 1998.588898080786 15384.758313891181
8188 1923.949363837992 15378.768292553717
8215 2585.547230202666 15394.616581066615
8222 1938.7625922359189 15380.21391129775
8240 2593.0883503152972 15394.81665439688
8241 2577.8593904027834 15394.412615118808
8248 3366.976671483619 14474.333475308678
8270 2481.3001101939417 15389.0289933661
8273 1983.5720920163042 15384.768716943528
8275 2456.204489226332 15388.740902509286
8315 2570.126800833071 15394.207461915614
8319 2561.017618461875 15393.965786352068
8321 1968.6287218179227 15383.3815311019
8325 4297.17905940327 17000.86432199437
8353 2324.6138935270583 15386.974052779726
8363 1931.2960608506328 15379.422006453855
8371 2215.4599574106646 15403.962011986741
8403 2354.618244997264 15387.439437692687
8432 2347.1179481794584 15387.323103734087
8443 3000.831411360551 14412.766662600518
8447 2339.6176055757796 15387.206769065322
8467 2845.2936616794236 15106.015231435118
8499 2852.835486499664 15372.842917526847
8502 2317.1074644727987 15386.857623706577
8504 1916.4832621771563 15378.616666380283
8505 2855.6366149563532 15387.929353323456
8541 2309.593714155324 15386.741081076387
8559 1822.2402267193215 15382.798429772989
8570 2302.076106483937 15386.624478616397
8572 2955.0100558336885 14454.359777846368
8578 2499.5058237367166 15558.450157686999
8581 2294.516933822679 15386.50723145928
8590 2238.7403292327494 15385.64210393609
8596 2255.794368245823 15385.906621983402
8598 2986.533226228848 14425.75095833956
8599 2849.62749953911 15373.06320453195
8615 1899.5726013696506 15378.286292543315
8623 1807.241193215459 15382.525096424637
8625 2853.5469386385366 15108.927069647978
8626 4099.663922708 15632.832449800475
8631 2832.7759963166914 15113.481248812377
8638 1923.2628435212196 15381.950322589162
8642 1511.6033936520241 15613.40813811261
8646 1781.301477688489 17413.456840837905
8659 1837.2392041270527 15383.071762099078
8662 2850.0263710021136 15358.066771754658
8665 3185.251243171521 15005.03959860731
8677 2849.8269361213606 15365.564956157568
8681 4354.740858103265 16798.395682396407
8686 4062.975397174777 15120.67757872938
8687 3420.8025283594698 17501.913986625488
8706 1777.243216700106 15381.978431377012
8707 1915.6385215988885 15381.801911175959
8712 2405.728789956265 15408.559789924479
8715 1892.6183318269386 15384.735260546535
8722 2610.2705562489277 15417.06856443018
8734 2628.212703825885 17037.990481754634
8735 1814.7407088127543 15382.661763077771
8744 2167.9982919114245 15386.009276206096
8748 1799.7417139733425 15382.388430434017
8749 1899.579075097144 15381.489305651841
8753 1792.242242940211 15382.251764592993
8754 2855.836049763635 15380.431171682869
8756 4246.493184547385 16052.637323225632
8761 3168.635671825543 15577.154597549374
8762 1909.0119086324871 15378.470702850767
8763 1900.121490105541 15384.702691622691
8764 1754.744657597128 15381.56843119326
8765 2332.1169275861557 15387.090429194526
8770 2714.160085999586 15412.038715571502
8771 1878.331537511294 15389.14997720693
8772 1747.2451776622836 15381.431765190016
8774 1457.0611508606355 16533.285823298782
8775 1762.2441904576713 15381.705098160988
8785 1829.7397312411442 15382.93509622429
8786 1769.743657376368 15381.841763927034
8787 1784.7427323643324 15382.115098031367
8788 1849.4411344628875 15422.853057766857
8792 1907.0776834767987 15381.635269985196
8795 2286.9166691570617 15386.389346941316
8800 2478.55230506899 15173.634742505807
8803 1885.341034502392 15386.5528636626
8806 2836.072665467308 15125.487694242098
8808 2359.3684818710867 17299.202690889797
8809 1056.735038858173 16528.657519429085
8810 3170.872913787747 15243.761971559059
8812 2660.2000042223062 17081.70266347123
8817 2222.9530418077557 15403.977088615307
8819 3900.7845619616674 15295.49864816538
8820 3517.454095832593 17160.573958154506
8822 1739.745693424335 15381.295099108354
8825 1007.3340893218453 16193.003505203382
8830 1301.022242907671 16224.030984211557
8832 1409.695702818724 15630.909413336549
8833 2569.9046270320277 15413.255814539905
8834 2832.1263581346834 15434.372375053828
8835 1640.2980324807716 16335.025834909613
8838 3278.05077665804 15139.083976628568
8840 4123.72318054932 16458.273423394887
8845 889.3765275766941 15208.966474119143
8846 1838.064141318061 16867.494022318453
8847 2852.436616002786 15387.839313980558
8853 1849.5200357707229 15415.352053887864
8854 3356.5131373270383 16531.07929550531
8856 2101.758941840536 15400.838101534478
8857 4298.323480301899 16055.110715890438
8858 2830.6653097874696 16299.968898707186
8861 1384.8660967819837 16018.971994417569
8866 2788.518982208198 16357.707619488649
8870 1469.1891567330554 15599.392522435206
8871 2849.2286282910222 15388.059629229008
8872 1724.746745414584 15381.021767317996
8873 2593.4024366061876 15413.61199703541
8876 4178.128022681627 16948.028817126014
8877 2856.6823556805934 15108.23453236825
8878 2831.7702402048285 15441.864875915577
8884 1717.2472439370567 15380.885100922173
8885 2872.5007219433733 15399.329788445415
8886 1829.7389306078903 15386.136469384755
8888 2800.781477986502 15949.614022694246
8890 1448.60936630858 15611.789418105742
8891 3845.0477865157727 15205.712964272538
8892 2248.459063924509 17327.530532379667
8894 3033.9370261643053 16726.728712549844
8895 1849.5989375228176 15407.851007773947
8896 2849.428063288828 15380.56144042525
8897 2189.2899672475883 15525.164240411099
8898 4286.077572729161 16019.246889165765
8899 3412.2527545050075 15994.673869003733
8900 2880.000661948226 15399.373715344333
8901 2852.636051381734 15380.341110846928
8902 2485.1378356814907 15405.946485362932
8903 2336.9824991270216 16384.72280494707
8904 2639.608188122279 15414.31238912216
8906 4250.85140031739 16474.707619779496
8908 2730.6422594204946 15412.808492827384
8909 1764.9010536377223 15392.21419233314
8910 2349.51105886748 16367.591263122253
8911 2832.482475451342 15426.879887093357
8912 3646.319313862693 16011.169951265492
8913 2865.000871722909 15399.28586207236
8916 3783.793012887804 15142.163978472423
8917 1870.6972923038259 15392.580865870576
8919 2649.8965835335707 17065.720401285093
8920 2562.41135868476 16659.76937423185
8921 3534.0660314057163 15824.076783819679
8922 1732.2462217337065 15381.15843325535
8924 3509.1709753347955 15783.659360761632
8925 1702.2482447311543 15380.611768198847
8927 2853.034923546422 15365.344651688314
8928 3958.321912466704 15448.367382508428
8929 3352.5466441289814 15885.490378647188
8931 933.1388177661889 15950.294438664632
8932 3262.441039194733 14321.613030239165
8934 3205.185746780762 15632.623487744384
8935 1492.548517849639 15903.630626139495
8936 1461.9235363050627 15597.899507319893
8937 4551.919813058392 16319.214069897493
8939 1993.020656163591 15406.07382328218
8940 2887.500573400686 15399.417642076021
8941 1849.3622325586218 15430.354118347375
8942 4269.253979460933 16040.135106125517
8943 3493.790531345836 16036.682282632448
8944 1849.283331082831 15437.855138193585
8945 2919.8247727686007 17478.800342843082
8947 1709.7477756428245 15380.748435131061
8948 1855.404336288356 15752.076808940988
8949 3818.6023226339307 15195.130799041912
8951 3675.5083783667474 16063.594340262318
8953 3312.2214366059056 15207.352605704655
8954 2110.9467338552904 16362.484870916947
8955 2837.061693213443 16368.217101464039
8956 2852.1526529009584 16367.786967654265
8957 3051.4673730713625 16485.913762492975
8958 3571.697309066878 16261.92185869648
8959 2339.310552424107 15949.324264217263
8960 4043.6023448868887 15575.814807322036
8961 3231.0228987489113 15675.180297599964
8962 2641.3093953884086 15417.537776744708
8963 2895.00043808371 15399.461568533783
8965 3172.524635086514 15584.99730596214
8966 2853.550432872308 15108.935306056153
8967 3707.4063529837595 15325.475051400203
8968 3170.1087155396817 16647.384740939186
8969 2683.134999846525 15418.061499105437
8970 2264.1075474484437 16629.453712611044
8971 3476.3596455188635 16448.156098418272
8973 3244.1110603687125 16428.77777931593
8975 1450.6388196830565 16284.208450934668
8976 2781.0189128152333 16357.784208120205
8977 1694.7680955524295 15380.9161706098
8978 2844.6072031249632 16368.002033702138
8980 3025.87772199362 15418.327820740544
8981 2646.2302345727157 17065.9398349011
8983 2859.698100814863 16367.571901659467
8984 1822.3182110110506 15386.001016020604
8985 2796.0189665384296 16357.631031725728
8986 2802.44000332137 15899.547279786917
8988 4018.048318669135 17209.305582397374
8989 1837.159647800933 15386.27192270503
8990 1531.6883498019836 15529.931796214025
8991 2073.922453578149 15403.646030509457
8992 4027.854663872179 17205.93034145036
8993 1679.2321994443537 15382.566172070676
8994 2336.07 15854.368530896552
8995 1687.3092649576424 15381.70834128938
8996 4356.710599972511 16121.36253783704
8997 2603.971127323802 15410.207210650398
8998 1849.2044289458884 15445.356220894284
8999 4062.8806396783907 16348.024732500542
9000 1536.4649889491207 15508.181487267144
9001 1486.2056404322248 16516.146103560972
9002 3225.1253237913243 16188.549761939163
9003 1382.8857422877488 16178.67033103393
9004 3176.416882950245 15591.408323634627
9005 2460.037068332162 17047.78176522904
9006 3176.945027826919 16643.557904782996
9007 1851.258865682657 16865.575512841846
9008 3453.0201075642735 16060.527555633731
9009 3307.0497571051214 15802.219482312312
9011 2397.7753391795823 15407.40131566716
9012 3766.050567542747 16318.452900606982
9013 3718.288850058791 15027.199234438742
9014 3339.1885190173857 17258.756113833933
9015 2969.7832039793143 15608.512720364954
9016 4165.948198508947 15302.416580251549
9017 2357.0117602499604 16367.68501345875
9018 1814.8966810473548 15385.865547864501
9020 3827.8026481514917 15200.897417693615
9021 3854.8047909453353 16682.66629531334
9023 2910.0002373235243 15399.549421858554
9024 1849.04662599096 15460.358260904888
9025 2732.4632312766057 17217.274691798422
9026 3625.0303496510314 16353.766014750987
9027 1550.2625101148117 16466.38075915072
9028 2872.3451796953545 15419.918644247875
9029 2330.8331123233165 16439.342934287608
9030 3447.696704405724 16492.368008862326
9031 2902.5003571890006 15399.505495310294
9032 3878.07732189321 15307.811574420939
9033 2415.4896992251356 15401.195190502476
9034 2761.4885556040776 16371.008033043798
9035 3620.660848924452 15186.547719534286
9036 4002.7395672569996 15523.774040176539
9037 3301.042050288077 16574.090777993555
9038 3721.5768245791505 15351.713710406413
9039 2942.299113345554 17502.922226419487
9040 4241.4576790871115 15926.469313627264
9041 4002.245272677068 16235.404175097101
9042 2351.307595720041 15927.017825634197
9043 3184.8808229167403 16721.87099435369
9044 1456.8110752513687 15627.019138155129
9045 2331.2294517318933 16358.185323845524
9046 2917.5001167877763 15399.593348402888
9047 4460.392474575925 15944.80977376655
9048 2838.2772731095815 15108.677134431327
9049 4106.730441767227 15913.71599651807
9050 3135.315975255585 16631.605668701854
9051 2806.5951294750125 16151.16821433644
9052 1384.6180372591875 16563.67431137594
9053 2584.0456085981546 16956.392609569666
9055 1011.7784856850917 15390.103324604128
9056 3016.879515442481 15599.40815576336
9057 1858.5396817680462 17367.568790718575
9058 1429.264483254054 16215.628554611605
9060 2200.7336783532182 16355.150334759954
9061 1015.0816461417085 16777.39145444191
9062 3647.155542335449 16390.623618373942
9063 2867.2437821701424 16367.36387636854
9064 2997.1665459160818 16310.560202111134
9065 2817.469211335534 15397.305675275516
9066 3593.138918406509 16292.466001479172
9067 2300.8936842168955 15767.250050525625
9068 1849.1255275916749 15452.857229182353
9069 3748.1375239485324 16551.90874945985
9070 3085.6871951587336 15594.962082411803
9071 3331.1249467540874 14420.076864847902
9072 3262.1265393111403 15426.913909965633
9073 1663.479252888962 15386.556158017682
9074 857.5832065819726 15753.309617974981
9075 2809.8434955561734 16128.800100285216
9076 2543.15388888577 15177.925955438943
9077 4115.998389154734 16964.25403805053
9078 3251.9856677715547 16601.55159757263
9079 3073.140914562919 16688.503744148675
9080 1493.9181353995516 15770.12894730808
9081 2000.4884976218923 15406.357478690445
9082 2549.13405842423 16966.873063610365
9083 4054.2313384135364 15671.298512269128
9084 4286.1948056783385 16003.260403930675
9085 3617.46726166858 15922.706155743823
9086 939.1456694999193 15563.067142338688
9087 3757.7272869394737 15841.771980645166
9088 3198.7433131341522 15408.196421275352
9089 3308.4275593662505 17285.136287824997
9090 3950.3989682927727 16843.68674504184
9091 1865.3372165398882 17366.92311071632
9092 2854.589078200434 15306.42450704728
9093 2831.414122976489 15449.357362017867
9094 2515.874177823863 15417.189305443524
9095 1431.5967854257385 16174.656806072893
9096 2029.1318136156428 16160.985676352195
9097 3799.40928744212 15897.876783728678
9098 2364.1557519616567 16356.623345670614
9099 1455.527621125191 15681.206363487483
9100 1840.2189467279807 17380.268485002314
9101 1869.3398056931662 15586.940283915717
9102 1002.5922285488882 15044.736469605237
9103 2638.1870569049133 16030.534804029461
9104 3861.3529310631016 16730.626331719744
9105 3257.294957696196 15122.20676653474
9106 2039.315258997887 15559.992334524622
9107 1964.3024604918078 15189.946411450928
9108 4210.692932514608 15450.349289763008
9109 1297.4214845007286 15555.907791426174
9110 3755.8898286929543 15243.215774425576
9111 4249.787618323676 15935.682132882373
9112 2010.2512868958133 17282.783586620164
9113 3256.3040154230016 15846.68607125116
9114 1289.2152817450717 16066.54433329618
9115 3436.744764757101 16501.948315893394
9116 2636.881751640137 15950.81229940384
9117 3071.835060825005 15400.52765594957
9118 1906.3068581211255 15581.131514535675
9119 4682.643461614221 16045.644878647894
9120 1011.3439807006947 15646.133630916853
9121 878.4009037254044 17116.144527369437
9122 3088.747841145151 17146.568961403933
9123 1334.4960317420064 16759.914188864364
9124 3377.2375405437097 15796.528106445905
9125 1737.348876995569 15822.160120426648
9126 3184.8915479568545 15605.367153860227
9127 3507.5171781107592 14690.368249516378
9128 1302.478686070846 15778.323449959546
9129 1002.7046715285959 16162.127725058088
9130 1472.9103515517504 16685.714493982257
9131 1902.8152469945903 17337.301822500434
9132 3266.668348818592 14322.2077289529
9133 3691.6612342764624 16099.177460584868
9134 2437.254693206083 16893.588047727717
9135 1322.6069209609095 15357.974136946568
9136 3808.4778903801744 15552.060288383876
9137 959.4672452274613 15589.62090244239
9139 3714.544811930091 15731.848520136778
9140 3587.455850780212 15353.939932901572
