6739 3438.316668162391 16030.583468748853
6761 3634.9292805842983 16364.432656734369
6952 3259.2083629058834 15522.37397276015
6994 2757.40799509138 15399.04753452003
7011 3063.751330708853 16489.643031884112
7050 2772.403374520958 15399.412070458078
7052 2779.9010380429854 15399.594337790359
7115 2749.910317320991 15398.865266841374
7119 2719.9195808994973 15398.136195510735
7158 2727.4172462217957 15398.31846288678
7177 3606.1911663366586 15167.184755693115
7195 2734.9149228532096 15398.50073053775
7198 2742.4126344323863 15398.682999038294
7237 2712.4218937943974 15397.953927605153
7256 2683.090982787139 15397.204512717959
7263 2638.101039606442 15396.010885295755
7269 2645.599381921186 15396.209823688987
7273 2675.592618959831 15397.005573753977
7274 2653.0976768100622 15396.408760823962
7280 2690.5892898372094 15397.403450175583
7335 2817.3894423205224 15400.505676558638
7340 2660.5959705329537 15396.607697928004
7360 2809.891765006014 15400.323408891063
7430 2817.5491278196628 15394.105675411267
7452 2555.6195943887033 15393.82257146661
7478 2802.394100156958 15400.141141526523
7499 2474.6282670974147 15388.952402434294
7508 2328.867531187427 15387.04002916966
7546 2548.121268323944 15393.623633504505
7559 2299.4272180082626 15386.583392818095
7563 2482.129003787008 15389.038508837575
7570 2264.2888783544017 15386.038376767418
7577 3363.996713185125 15461.569558315226
7594 2794.8964084535532 15399.958873509157
7603 2764.905701629994 15399.22980289804
7617 2467.127526291587 15388.866295983757
7619 2152.9857645933766 15385.698690192388
7622 2787.398742782472 15399.776606124631
7648 2160.492062136397 15385.85398390025
7650 2229.224980877264 15385.494515358127
7660 2459.6267920644464 15388.780189608744
7672 2122.9607287791 15385.077518554366
7675 2239.2892083681836 15385.65061737018
7683 2145.4795147367217 15385.543397471083
7728 2452.1260684324684 15388.694083355358
7730 2137.9732452369567 15385.388104343394
7733 2630.602688401717 15395.811946666663
7748 2315.0537887441083 15386.825770003585
7804 2096.1980063589826 15384.690694141767
7806 2623.104403815093 15395.613009805016
7815 2130.466998001508 15385.232811676318
7832 2058.655859993425 15384.716701863532
7835 2066.164268189489 15384.71150033378
7841 2088.6895426979304 15384.695895709943
7856 2668.094291327026 15396.806635750272
7857 2073.6727179595014 15384.706298775227
7870 2081.181152174262 15384.701097227451
7986 2615.606113652178 15395.414072795424
8020 2051.1474393496096 15384.721903401905
8028 2444.625282410752 15388.607976385758
8047 2043.6389927244259 15384.72710495828
8079 2608.1077854686796 15395.215134777109
8080 2600.609479464778 15395.016197347239
8101 2036.1305675341591 15384.732306499804
8125 1991.0786397497582 15384.763516702633
8127 2021.1137077805504 15384.742709589345
8130 1968.5748289865444 15383.375815195543
8131 2006.0968175701805 15384.753112699986
8132 2028.622121813581 15384.73750805555
8141 2429.62379943046 15388.435763468975
8148 2437.1245771032695 15388.521870342733
8157 1961.0019556637087 15382.572631661302
8161 1976.0754303836945 15384.171333525544
8180 2013.605259089008 15384.747911147151
8188 1937.329072291981 15380.061871303695
8215 2585.6128542394595 15394.618322136826
8222 1953.340289198098 15381.760030672525
8240 2593.1111345757517 15394.817258885709
8241 2578.1145593116535 15394.419385000818
8270 2540.622957147795 15393.42469593741
8273 1998.5882898664659 15384.758314312528
8275 2533.124670957786 15393.225759033225
8315 2570.616281563182 15394.220448320593
8319 2563.1179011103645 15394.02150891552
8321 1983.562507230403 15384.768723583491
8325 4476.723930826792 17021.326296131432
8353 2392.035563758832 15388.004260816188
8363 1945.6290596217807 15380.942172990188
8371 2215.4599574106646 15403.962011986741
8403 2422.1228785142744 15388.349654950822
8432 2414.620590803534 15388.26353074224
8447 2407.1087621939455 15388.177297006754
8467 2845.2936616794236 15106.015231435118
8499 2852.835486499664 15372.842917526847
8502 2384.3486363347297 15387.900573324916
8504 1929.5460155976075 15379.236395593685
8505 2855.6366149563532 15387.929353323456
8541 2376.0741498989114 15387.772231235818
8559 1822.2402267193215 15382.798429772989
8570 2367.6125815803616 15387.640987398092
8581 2357.5390600249057 15387.4847412297
8590 2251.0094571932987 15385.832405234676
8596 2280.057310789397 15386.28295431023
8599 2849.62749953911 15373.06320453195
8615 1900.6788262729483 15378.307904221889
8623 1807.241193215459 15382.525096424637
8625 2853.5469386385366 15108.927069647978
8626 4590.67685164907 15352.21423532343
8631 2832.7759963166914 15113.481248812377
8638 1923.7579577682711 15381.95996024689
8646 1781.8052725073842 17404.217373475778
8659 1837.2392041270527 15383.071762099078
8662 2850.0263710021136 15358.066771754658
8677 2849.8269361213606 15365.564956157568
8706 1777.243216700106 15381.978431377012
8707 1916.2593506817466 15381.813995938708
8712 2260.019589530119 15180.244176008446
8715 1892.6183318269386 15384.735260546535
8722 2306.9076232604893 15472.769733724008
8734 2927.134787012056 17490.05657141465
8735 1814.7407088127543 15382.661763077771
8744 2167.9982919114245 15386.009276206096
8748 1799.7417139733425 15382.388430434017
8749 1900.0596160081907 15381.498659631965
8753 1792.242242940211 15382.251764592993
8754 2855.836049763635 15380.431171682869
8756 3727.5653838191934 16343.746160851857
8762 1915.741190947421 15378.602168962218
8763 1900.121490105541 15384.702691622691
8764 1754.744657597128 15381.56843119326
8765 2399.5941074812167 15388.091030828378
8770 2215.4113483538395 15407.162013593803
8771 1878.331537511294 15389.14997720693
8772 1747.2451776622836 15381.431765190016
8774 1413.4355907217614 16194.673978900959
8775 1762.2441904576713 15381.705098160988
8785 1829.7397312411442 15382.93509622429
8786 1769.743657376368 15381.841763927034
8787 1784.7427323643324 15382.115098031367
8788 1849.4411344628875 15422.853057766857
8792 1908.2549146671788 15378.455913895816
8795 2344.7364332697407 15387.28616505504
8803 1885.341034502392 15386.5528636626
8806 2835.124975935402 15121.025337174433
8812 2982.893270947524 17490.546168877805
8817 2222.9530418077557 15403.977088615307
8819 4215.461973396396 15869.841206172856
8822 1739.745693424335 15381.295099108354
8830 1024.9274432321918 16305.635525222602
8833 1943.8213326627729 15403.971483523606
8834 2832.1263581346834 15434.372375053828
8846 1838.6786958539778 16291.17617894075
8847 2852.436616002786 15387.839313980558
8853 1849.5200357707229 15415.352053887864
8854 3753.2797253350836 16554.13143335542
8856 1442.259116492331 15626.161563502028
8858 3082.263710351045 16525.549209425317
8866 2977.3114019994937 16312.789791163163
8870 887.3992421215287 15754.185135538564
8871 2849.2286282910222 15388.059629229008
8872 1724.746745414584 15381.021767317996
8873 2306.614693303961 15492.04273597835
8877 2856.6823556805934 15108.23453236825
8878 2831.7702402048285 15441.864875915577
8884 1717.2472439370567 15380.885100922173
8885 2640.4031873307163 15417.525198971916
8886 1829.7389306078903 15386.136469384755
8888 2829.292368678026 15426.73072604693
8890 1225.6441895289543 15587.929193299215
8891 4095.9311604307104 15499.71210456927
8892 2274.9578563791797 17379.451090071012
8894 3057.166854290511 16847.38025551773
8895 1849.5989375228176 15407.851007773947
8896 2849.428063288828 15380.56144042525
8897 2125.306966128414 15411.750239123245
8898 3738.7345025440886 16333.797716496516
8899 3115.4200701417226 15592.681196565902
8900 2788.301918941527 15416.142982204668
8901 2852.636051381734 15380.341110846928
8902 2230.4460684715236 15403.992165127709
8904 2215.262214015379 15416.76201200263
8906 4424.129585261248 16391.429523290913
8908 2070.5044830485094 15400.397463457613
8909 1398.271960719438 15517.480176762754
8910 2338.35758418165 16051.73879500779
8911 2832.482475451342 15426.879887093357
8912 3897.970985697861 16063.958210815743
8913 2480.1251461492748 15415.3548027738
8916 3576.7206272763783 14806.37970835738
8919 2939.5309369937677 17502.590335237874
8920 2281.7607869386816 16626.78250175502
8921 3602.2100060494267 15543.574716831401
8922 1732.2462217337065 15381.15843325535
8924 3630.3881122346174 15527.897333279878
8925 1702.2482447311543 15380.611768198847
8927 2853.034923546422 15365.344651688314
8929 3096.913126750099 15596.044810620298
8934 3397.7077853952665 15961.771836227648
8935 1503.3057266055669 16285.47797382044
8936 1263.9612860612303 15132.201721439174
8937 4527.440577886496 16336.872959962482
8939 1993.0205563902368 15406.07381949243
8940 2845.990536828888 15415.624854655785
8941 1849.3622325586218 15430.354118347375
8943 3794.720940563873 15812.307172353681
8944 1849.283331082831 15437.855138193585
8945 3166.34274730256 17333.789495461002
8947 1709.7477756428245 15380.748435131061
8948 1792.4696132020847 15950.774649318446
8949 3718.6141019207334 15278.98718542186
8954 1592.5108464719037 16453.760260393392
8955 2824.907109509543 16366.8519281842
8956 2850.9404458893714 16367.821518884333
8957 2720.742055890353 16371.579271572518
8958 3613.225405049057 15964.454315277599
8959 2389.717596457839 15756.379174954081
8960 3678.1115848531567 15887.712591028
8961 3418.473301922348 15998.86736544963
8962 2370.162240803982 15811.44229325531
8963 2858.528966375567 15403.829582150527
8965 3091.0384118176553 15437.002931811896
8966 2853.550432872308 15108.935306056153
8967 3167.6453200747824 15424.67918663907
8968 2908.0627741334374 16369.6450336145
8969 2414.804867492391 15737.051090623125
8970 1851.3950336923845 16865.496209380515
8975 1893.251413352432 16345.373572880977
8976 2951.4432376604636 16325.808277698536
8977 1694.7680955524295 15380.9161706098
8978 2838.889439855981 16368.165005663444
8980 2195.2896392885755 15401.972985854753
8981 2960.4874476010846 17498.613728389173
8983 2859.698100814863 16367.571901659467
8984 1822.3182110110506 15386.001016020604
8985 3063.9946093135736 16265.267285650069
8986 2638.036095902987 15746.088637025156
8988 3966.354373899553 17227.098094845824
8989 1837.159647800933 15386.27192270503
8990 916.4159106954198 15742.361210030163
8991 1859.1344049494044 15721.17668878756
8992 3977.5226354845004 17223.254096594897
8993 1679.8504352201132 15382.500511877914
8994 2154.6071736243457 15411.960043694862
8995 1687.3092649576424 15381.70834128938
8997 2029.9701384994282 15399.825993775545
8998 1849.2044289458884 15445.356220894284
8999 4236.984447407771 16481.580040408557
9000 1807.4767369468318 15385.730108655795
9001 1411.7294299351217 16222.732626875226
9002 2980.985326850664 16006.510515943195
9003 1050.1276461184448 16363.051950518628
9004 3091.248096178917 15456.14687297859
9006 2851.9772214116642 16824.338571484182
9007 1342.9121553522373 17138.39099772118
9008 3169.4949112861277 15580.006972995934
9011 1868.9317015805084 15465.600406580073
9012 3173.99193506845 16645.210989321247
9014 3300.894177475437 16909.187798326166
9015 2965.25265768684 15917.922173308913
9016 4181.924864931984 15171.239038258402
9017 2060.6657864344756 16361.421938661308
9018 1814.897472092534 15385.865562303765
9020 3568.69652138159 15364.130393922751
9023 2874.268987734407 15399.340145119284
9024 1849.04662599096 15460.358260904888
9025 2585.4293710913475 16984.20007644094
9026 3416.1739164904284 16001.22366004702
9027 2079.158679903537 16352.92847703415
9028 2863.8198153072913 15419.65134734462
9029 2705.1848216438407 16358.558604857608
9030 3080.145945514691 16540.383030705365
9031 2865.808181612613 15399.290590459508
9032 3660.118385007438 15314.471799709161
9033 1569.689647375379 15478.132321213598
9034 2224.0465754786355 16364.875785884462
9035 3652.957906883558 15244.340100837799
9036 3806.558507884364 15214.150255357128
9037 3045.021010134256 16488.693837802417
9038 3211.5851313659387 15425.740491608463
9039 3225.3230114486046 17306.486800131064
9041 4170.529392192546 16514.210773799852
9042 2539.232961118344 16170.654390281396
9043 2849.188752769206 16371.07405962892
9044 1660.1080312320855 15387.63604528013
9045 2840.129554694715 16356.793667465376
9046 2883.3795297197858 15399.393505260381
9047 3920.971877519014 16230.658718444616
9048 2838.2772731095815 15108.677134431327
9049 3939.436606782254 15746.109886230855
9050 2874.7904428595616 16367.194475094262
9051 2830.2392743157206 15474.075450789218
9052 1815.867288863971 16348.59837104424
9053 3174.921975063479 16630.98889515641
9055 974.7827900276957 15603.539630000956
9057 1673.2451798397558 17120.072305914236
9058 1782.7625045232542 16307.808288320644
9060 2723.8295502795754 16361.56862007066
9061 1149.1869878007437 17103.110929998213
9062 3483.734914466646 16042.056481153722
9063 2867.2437821701424 16367.36387636854
9064 3147.8466659808514 16631.164110806403
9065 2817.469211335534 15397.305675275516
9066 3912.911443787149 16793.246585557106
9068 1849.1255275916749 15452.857229182353
9069 3650.1236688841595 16395.485628468316
9070 2971.092906616614 15424.224873962174
9071 3519.3375630596533 14707.969558926477
9072 2863.921074416087 15416.46101548949
9073 1672.4723577888592 15383.675439862756
9074 1408.9792096546041 15639.61569031492
9075 2828.8911218147473 15435.160855018534
9076 2836.521850675188 15131.806012835532
9078 2903.0568501960156 16792.684938660408
9079 3647.621259931856 16387.483629097027
9080 1425.6855642730052 16373.27490607278
9081 2000.4883473806487 15406.357472983744
9082 2823.638789625116 16779.128894573365
9083 3621.6366282407052 15960.534343657884
9084 3772.201021648857 16314.997879325552
9085 3251.5203918557017 16174.556218041573
9086 1183.5051106066326 15680.746084442693
9087 3476.320439679018 16055.16465034693
9088 2943.5011618121116 15399.266808219354
9089 3413.9258367959865 17050.950673007465
9090 3658.0910914628885 16408.197616103684
9091 1598.6342340960637 17008.429022250297
9092 2853.2343582242033 15357.846474916556
9093 2831.414122976489 15449.357362017867
9094 2352.252789217665 15900.934804532431
9095 1730.9904240646113 16291.29275554898
9096 2305.244311727281 16357.060330738997
9097 3929.2658088218295 15728.674191107593
9098 2900.03660786813 16355.095068763447
9099 1641.9948873708818 15395.73842303105
9100 2296.27750000031 17112.67170979314
9101 1853.5609987680534 16171.325988055869
9102 903.9291754609061 15220.077562656921
9103 2508.1013277589373 16370.104045933123
9104 3654.107375340206 16401.841614574463
9105 3019.4019579715864 15028.371057700922
9106 1893.580726610551 15399.306071203315
9107 1869.3293586853363 15367.684942354894
9108 4098.542948975166 15645.454525349069
9109 1157.0512807543707 15668.494547253522
9110 3468.8822500091396 15416.768169223284
9111 4043.950318459266 16163.294571837334
9112 1918.908751510385 17336.977428888247
9113 3301.661974622965 15810.269669230496
9114 1479.025713976179 15724.076975777465
9115 3093.5534817779862 16568.73115163929
9116 2645.9749059237342 15456.893778919031
9117 3555.150213491815 15347.620876378942
9118 1855.849475211534 16119.354511485466
9119 4492.948857720857 15919.739060539316
9120 1424.3782307666886 15634.01717864209
9121 887.8352625234178 16850.5038254048
9122 3286.161150698778 16996.07973459928
9123 1285.0368547283017 16798.210994149555
9125 1434.3038483926616 15966.189248238246
9126 3311.135532718526 15808.741836462512
9127 3655.2675103503807 14926.865455182347
9128 1296.9015157479798 15698.815585767818
9129 897.3182233929733 15882.420258743514
9130 1688.6932484029423 17119.71119469763
9131 2072.916729660639 17253.938226114635
9132 3441.6301029252404 14589.76193599552
9133 3627.24913826496 15983.498248576308
9134 2491.3478220508623 16851.933979486566
9135 1028.8954920299225 15510.35805864062
9136 3704.129102241397 15712.800512626052
9137 1321.1897924238099 15678.102079445553
9138 3644.0798326219406 14908.839574434765
9139 3762.0776222199124 15822.321740897118
9140 3055.64559031293 15422.417741478428
9141 3366.863362286099 17123.8141605109
9142 2926.5820180529827 17508.623710420256
9143 1311.845714924996 16214.374830039902
9144 1458.6143494805428 16532.372395428414
9145 3413.1833969268673 17312.894466543305
9146 4107.927712883157 15474.265762347215
9147 942.8839162915909 17342.810581724174
9148 3894.4902428205114 16464.076965871805
9149 3325.2246151867566 17264.752812672952
9150 3249.318830867523 15839.723427681833
9151 1208.660609536003 16109.3468346868
9152 3678.6687225627943 15284.770364739443
9153 3898.917331006268 16780.604862846954
9154 3440.041087274709 17072.27030332794
9155 4265.763378154045 16000.141756006984
9156 820.9602317944937 16963.638914249615
9157 1627.8406539013058 17493.827594391052
9158 3631.8470208660556 14868.60222988646
9159 2821.061025155336 16339.265196530572
9160 1815.089935083483 16889.64091509238
9161 2912.096012750083 16968.013376458057
9162 3601.361847092223 16389.23440927845
9163 2467.253935568197 17477.77611773026
9164 2859.333715355045 15602.711654315375
9165 977.151681308842 15820.800664220727
9166 4390.28976803969 15446.816022952831
9167 3036.5684693507524 15639.576637675347
9168 4197.821752404151 17147.429456056303
9169 2908.6787730407445 17226.652728725636
9171 3454.433928356748 16492.360057737445
9172 3784.8050277058765 15863.946422118726
9173 2186.3144391232013 15279.609933628131
9174 3907.229656438168 16791.188744297746
9175 2328.4972663857134 15754.20828215384
9176 2376.3183388609077 14760.819701510984
9177 3133.091647715304 14326.605023264441
