6994 2757.40799509138 15399.04753452003
7050 2772.403374520958 15399.412070458078
7052 2779.9010380429854 15399.594337790359
7115 2749.910317320991 15398.865266841374
7119 2719.9195808994973 15398.136195510735
7158 2727.4172462217957 15398.31846288678
7195 2734.9149228532096 15398.50073053775
7198 2742.4126344323863 15398.682999038294
7237 2712.4218937943974 15397.953927605153
7256 2683.090982787139 15397.204512717959
7263 2638.101039606442 15396.010885295755
7269 2645.599381921186 15396.209823688987
7273 2675.592618959831 15397.005573753977
7274 2653.0976768100622 15396.408760823962
7280 2690.5892898372094 15397.403450175583
7335 2817.3894423205224 15400.505676558638
7340 2660.5959705329537 15396.607697928004
7360 2809.891765006014 15400.323408891063
7430 2817.5491278196628 15394.105675411267
7452 2555.6197120435686 15393.822574588108
7478 2802.394100156958 15400.141141526523
7499 2474.6282670974147 15388.952402434294
7508 2347.117821017021 15387.323101761724
7546 2548.12139370663 15393.623636831031
7559 2332.117135704609 15387.090432422565
7563 2482.129003787008 15389.038508837575
7570 2317.116528523148 15386.857764295262
7594 2794.8964084535532 15399.958873509157
7603 2764.905701629994 15399.22980289804
7617 2467.127526291587 15388.866295983757
7619 2272.1145767938474 15386.15975789411
7622 2787.398742782472 15399.776606124631
7648 2279.614937748442 15386.276092847507
7650 2294.6155796967296 15386.508761514064
7660 2459.6267920644464 15388.780189608744
7672 2242.113308844459 15385.694420808348
7675 2302.115904240896 15386.625095902715
7683 2264.6142771120767 15386.04342389109
7728 2452.1260684324684 15388.694083355358
7730 2257.113967226313 15385.927089729797
7733 2630.602688401717 15395.811946666663
7748 2339.617489622858 15387.206767266825
7804 2234.6129868855587 15385.578086459795
7806 2623.104403815093 15395.613009805016
7815 2249.613613055296 15385.810754881617
7832 2145.479578289287 15385.543398785889
7835 2152.9857987028913 15385.698690898062
7841 2227.11264078636 15385.461751736811
7856 2668.094291327026 15396.806635750272
7857 2160.4920467275124 15385.853983581463
7870 2167.9982894086115 15386.009276154316
7986 2615.606113652178 15395.414072795424
8020 2137.97327928852 15385.388105047869
8028 2444.625282410752 15388.607976385758
8047 2130.46705581817 15385.232812872455
8079 2608.1077854686796 15395.215134777109
8080 2600.609479464778 15395.016197347239
8101 2122.9608355751297 15385.07752076381
8125 2058.656056771126 15384.716701727211
8127 2088.689566924471 15384.69589569316
8130 2036.1308269816072 15384.73230632007
8131 2073.672787924346 15384.706298726758
8132 2096.1979365970356 15384.690694190096
8141 2429.62379943046 15388.435763468975
8148 2437.1245771032695 15388.521870342733
8157 2028.6224650359693 15384.73750781778
8161 2043.6392051536293 15384.727104811116
8180 2081.181193509437 15384.701097198817
8188 2006.0973315532208 15384.753112343918
8215 2585.6128542394595 15394.618322136826
8222 2021.1140740046674 15384.74270933564
8240 2593.1111345757517 15394.817258885709
8241 2578.1145593116535 15394.419385000818
8270 2540.623088172876 15393.424699413636
8273 2066.1644216204027 15384.71150022749
8275 2533.1247919295956 15393.225762242726
8315 2570.616281563182 15394.220448320593
8319 2563.1180023931215 15394.021511602652
8321 2051.1476770996296 15384.721903237201
8325 4314.432988931346 17103.033266125378
8353 2392.119993640597 15388.005230048111
8363 2013.6057004322213 15384.747910841405
8403 2422.1230582966828 15388.349657014674
8432 2414.6222924385916 15388.263550276546
8447 2407.121498406498 15388.177443214987
8467 2845.2936616794236 15106.015231435118
8499 2831.3915268546893 15415.872539563288
8502 2384.6194559785213 15387.90477389484
8504 1998.5888392905415 15384.758313931909
8505 3310.4610710619977 15407.447257466996
8541 2377.119089169502 15387.788438850635
8559 1911.486651737555 15378.519050480965
8570 2369.618721159734 15387.672103787809
8581 2362.118420330372 15387.555769766986
8590 2309.616216938486 15386.74143010762
8596 2324.6168295353577 15386.974098318919
8599 2690.441847409801 15418.150568601068
8615 1968.6180465202467 15383.38039887336
8623 1876.3351027674141 15378.804175405854
8625 2853.5469386385366 15108.927069647978
8631 2832.7759963166914 15113.481248812377
8638 1991.0803416496206 15384.763515523624
8659 1930.4504462715029 15379.332320059098
8662 2848.1624294723224 15410.449599134203
8677 2851.66803345045 15498.807239996944
8706 1791.5253210426708 15382.23869984034
8707 2167.760163063369 15382.804723908155
8715 2150.158227265057 15389.110503328902
8735 1898.1687936355584 15378.25886716043
8744 2287.1152429440845 15386.392426936052
8748 1836.6799416709118 15383.061570437081
8749 1961.0896219964604 15382.581929605685
8753 1826.0003704709989 15382.866952366905
8754 3223.1790675720586 15403.581893021721
8756 3988.212782116979 17187.16385093543
8762 1983.5717065634672 15384.768717210556
8763 1953.5554175118093 15381.782847311859
8764 1756.079759154335 15381.592761279522
8765 2399.6207430434542 15388.09133659734
8770 2272.9939189844367 15180.263989186538
8771 1938.264941999632 15380.161130212082
8772 1747.5421988266692 15381.437177924734
8774 929.526202402999 16166.695575273434
8775 1766.9731012413438 15381.79127498153
8785 1922.470836504747 15378.733642170126
8786 1777.7745714328175 15381.988114465474
8787 1808.3802054996013 15382.545853098149
8788 1849.4411344628875 15422.853057766857
8792 1976.0924299902495 15384.173136514117
8795 2354.6181187946104 15387.43943573521
8803 1945.9381399572926 15380.974954237894
8806 2835.124975935402 15121.025337174433
8817 2215.653549422223 15403.962401507892
8822 1739.8053453414923 15381.296186168947
8833 1698.145668063582 15397.569697614847
8834 2832.1263581346834 15434.372375053828
8847 2520.939680629149 15416.115607556467
8853 1849.5200357707229 15415.352053887864
8854 4595.620898794811 17168.143771000014
8856 1220.5239638409712 16102.976725025368
8858 3630.899798054313 17575.497670344896
8866 3733.0696144508097 15773.710280717936
8871 2280.3777823441706 15416.892735273956
8872 1724.746745414584 15381.021767317996
8877 2856.6823556805934 15108.23453236825
8878 2831.7702402048285 15441.864875915577
8884 1717.2472439370567 15380.885100922173
8885 2293.2396476721515 16612.89983650795
8886 1988.3339098728597 15390.392477264371
8888 2822.892475008968 15426.419896400628
8895 1849.5989375228176 15407.851007773947
8896 2598.3285056204963 15416.887592751957
8897 1772.665600587814 15395.653579259113
8898 2719.5049340121177 16899.293563430394
8899 2901.417497624427 15417.855659345501
8900 2345.501317826984 16132.452451131372
8901 2564.608869148431 15416.376600176958
8902 2226.2710123961137 15403.983764612467
8908 1734.3980567821898 15391.337150891723
8911 2832.482475451342 15426.879887093357
8913 1801.7228367564153 15399.742681642178
8922 1732.2462217337065 15381.15843325535
8925 1702.2482447311543 15380.611768198847
8927 2853.693918379933 15423.760029269182
8929 2901.2687569949117 15421.053752232554
8934 3655.0266686436544 16397.26899289593
8935 2575.2809146320396 16361.910896388743
8939 1783.9878129889942 15392.796165874082
8940 1920.1445212467227 15402.902490048149
8941 1849.3622325586218 15430.354118347375
8944 1849.283331082831 15437.855138193585
8947 1709.7477756428245 15380.748435131061
8954 1033.285769710273 16349.083700936377
8955 2829.29240660141 15426.72992928302
8956 2828.935785586881 15434.222476693605
8957 1470.2799007112528 16525.511946622464
8965 2886.295383797539 15420.356026884741
8966 2853.550432872308 15108.935306056153
8967 2878.9238816180855 15416.925835488497
8968 1832.932438129033 16099.395610568155
8969 1590.8060149851303 17004.121099197768
8975 2564.2701412686934 16948.9663632977
8976 4000.2962836311704 15692.253780634843
8977 1694.7680955524295 15380.9161706098
8978 2830.70188399395 15464.342429443743
8980 1667.5837621431058 15397.916557615876
8981 4310.342247079922 16901.172922204965
8984 1944.5242450755231 15386.92317548099
8988 3422.003355147186 17479.23124562437
8989 2051.2568229409376 15391.14330839307
8992 4171.360017097352 17057.644382189545
8993 1679.8504352201132 15382.500511877914
8994 1754.8194303594003 15398.312108349464
8995 1687.3092649576424 15381.70834128938
8997 1741.1504855669468 15394.692454589296
8998 1849.2044289458884 15445.356220894284
9000 1887.6414363843935 15384.745917457261
9001 983.409037404187 16072.223089370951
9004 2893.7864129056825 15420.609561706298
9008 2908.7511502343864 15421.497945676623
9012 2593.724144850963 16965.81226770106
9014 3109.3291107604277 16210.873294773086
9017 1068.1180227112284 16925.55152909166
9018 1914.8264306180365 15384.987895925859
9020 1875.4564630815685 15452.99684991292
9023 2342.4529269711884 16120.969932127036
9024 1849.04662599096 15460.358260904888
9026 2908.909305059141 15418.30168660323
9027 3238.351020292861 16596.22419747333
9028 2863.8198153072913 15419.65134734462
9030 2002.8976730775769 16358.587611896528
9031 3144.7309625648404 16626.146576816747
9035 2808.2825361372966 15414.402891367105
9037 1941.0207731854462 16357.117791261991
9038 2886.425285055466 15417.158245482931
9043 1529.6572339272877 16490.592451889108
9044 1665.3291141047407 15385.96360084775
9045 3767.490450408631 16576.99281835213
9046 2348.6050653511065 15913.176919814221
9047 2903.0718270614443 16366.5596376848
9048 2838.2772731095815 15108.677134431327
9049 3457.834491884824 15421.056034383668
9051 2831.0580052469263 15456.849858665582
9052 2341.4366706803944 16520.873691486133
9055 1651.3105082017476 15391.207778233309
9057 1109.4252068482642 16809.096787037324
9058 2701.52279632165 16361.796379453526
9060 3717.5174566138808 16496.983887616483
9062 3661.3639971196744 15313.795304658004
9063 2822.9812437986034 15634.558937310252
9064 3109.5073865308736 17183.913833632036
9065 2817.469211335534 15397.305675275516
9068 1849.1255275916749 15452.857229182353
9069 3101.109154546969 15595.736026625551
9070 2871.3116649769304 15419.886240321059
9071 3575.7965762209014 15356.629249692724
9072 2863.921074416087 15416.46101548949
9073 1672.4723577888592 15383.675439862756
9074 1903.7776187269974 16345.819143755785
9075 2826.09240735259 15426.569980344455
9076 2836.521844046737 15131.805884229549
9078 1988.261901133455 17306.85550561483
9081 1890.071625481039 15389.570499725121
9082 2825.7357845173537 15434.063066882567
9083 2838.8382761432576 16606.482134759473
9084 2856.32447043557 16370.870532286546
9085 2886.3932970412043 16805.4684001261
9086 1255.2349058820682 16648.45086125207
9088 3111.174421083182 15799.274853857447
9089 2804.8619811597373 15829.704452800888
9090 3591.0980131600936 15984.672324252711
9091 1295.9154048965527 15690.306820464517
9092 2740.604370855711 15412.361067871047
9093 2831.414122976489 15449.357362017867
9095 2664.2949152966753 16358.976161257096
9096 3330.4148825311613 16920.376907942744
9097 3432.42488560427 15427.729257773932
9098 4084.1203290402495 16934.726435199653
9099 1658.1859257948254 15388.25174409499
9100 2819.2205835268746 16483.662424126338
9101 1738.8903707327268 16580.59193461809
9102 1340.2078020459003 15669.705871742273
9104 3127.464839022543 15589.99545722893
9105 2863.9693372709753 15110.582878845216
9106 1698.9137464448675 15390.96531378968
9107 1972.8616253366627 16725.576157756794
9108 3812.06466880783 16648.701219047914
9109 1434.6135601061637 16522.444450132705
9110 2893.925815823608 15417.409639567428
9112 1418.1450962795077 16082.468699827585
9113 3657.6740901005123 15892.697938406005
9114 1879.2225010995278 15375.491140312297
9115 2052.3346232819895 16361.245819027608
9116 1918.8592683209106 15399.681981798412
9118 2796.068868681393 16360.831032584425
9119 3768.901894216326 15439.342859252727
9120 1057.7970181642277 16502.924711412084
9121 1826.0329199378316 16024.526975633253
9122 3792.1700129449546 17629.9008462372
9123 1846.8660145341091 16523.868958871535
9126 3741.8423651569137 15838.71513706847
9127 4146.859155846308 15755.353255892802
9128 1638.1077708017706 15398.228993860213
9129 1840.7025801227546 15386.210362093034
9130 3150.158479790664 16640.913278985943
9131 1837.169948152 16034.064670842388
9132 3720.81389685908 15260.264338013645
9133 3017.9346691579176 16439.605801953934
9134 2178.6126285444016 15413.019633011943
9135 1441.890145829376 15941.654743114712
9136 3076.3630880689448 16267.57665089084
9137 1863.806684431668 15385.489537507301
9138 4131.069970458541 15726.70191194288
9139 3672.2796864871166 16424.79917636381
9140 2871.42251941625 15416.693426771631
9142 2210.3959875546716 16831.067764996507
9143 2303.5517665252587 16357.029398436456
9144 2440.901247934048 16360.918840163236
9145 3635.7245006847174 16371.889766799646
9146 3047.040097172445 15418.609154310385
9147 2262.6663387654153 16615.761163302188
9148 3404.604425655531 15981.182721763316
9149 2837.0631162013087 16368.217060904975
9150 3634.3582557505483 15906.029662329032
9151 1644.565191869102 15394.488357478265
9152 3986.525422822716 16204.216040167907
9153 3387.080354738758 15948.88744229859
9154 2587.0894587119 16372.062256951043
9155 3688.542576193638 15299.271200204083
9156 1865.532980270509 16344.680482213773
9157 1412.3241605221374 16337.693884833314
9158 4024.481441152432 16173.861491586209
9159 2814.8315498232855 15819.10121882591
9161 2481.6400359543386 16842.7681218348
9162 3091.301327268459 15585.38941805133
9164 3582.1710116572785 16273.578307696213
9165 1432.4125872794405 15627.522409682711
9166 3623.7096176723653 15970.207916889143
9167 3609.7496214773337 16321.071083587787
9168 4063.0684232018157 17193.810135611515
9169 1927.1725656404776 16821.363813036518
9171 2600.2996660542617 16962.143431729917
9173 1461.1523990270973 15603.540488835908
9174 3491.6521646962506 17132.676493250132
9175 1843.806646121628 16355.77747093119
9176 2511.7213750037045 15379.98312468511
9177 2847.5184083510017 15094.408532112331
9178 2878.8035045285974 15420.12113298027
9179 3739.7026127834383 16532.384153538245
9180 2264.0263328396877 16356.30704687306
9181 2821.58545151431 16520.414604585498
9182 2830.660891897434 16340.165071196621
9183 2880.0006991914697 15399.373715562466
9184 3864.1531045219394 16677.664654228833
9185 1891.759456349072 15395.41238612024
9186 3441.040440405477 17084.16584016565
9187 2553.8722853106283 16967.707332233807
9188 2865.0008729366027 15399.285862079469
9189 2420.4414646642226 16368.477813468962
9190 1434.1277569935437 15646.10187276663
9191 2863.4273382646206 15116.838284964777
9192 3645.3950871621832 16365.272690818443
9193 3624.316664903518 17368.687981525796
9194 1666.9075354932386 15988.728961933266
9195 4449.281644495585 15894.15747625946
9197 4149.619973767827 17093.337367069747
9198 3331.910204634894 15479.576665586234
9199 2144.9079977648084 16684.323000445962
9200 2509.3681073612074 16991.391168860482
9201 1631.298159395158 15403.670796961997
9202 3783.478259208334 16312.33543741004
9203 2552.354760276521 16964.88730682893
9204 1256.4353520788181 15685.624386008994
9205 4091.280982746932 15649.62240149336
9206 2659.443983402824 14767.779989216671
9207 3158.9189954512467 17425.018018881852
9208 3155.176554924977 16667.521866074963
9209 945.0271646615716 15573.67219711911
9210 3171.6464088341563 15583.550757792182
9211 3846.9852357481736 17630.12298121565
9212 1275.6573647097675 15698.245830825905
9213 4107.997529695581 15206.444444806251
9215 3603.317154847436 15924.328488377012
9216 3063.4655456095497 16495.276613500773
9217 3271.7560229192754 16858.70137211139
9218 1901.3068792649822 15399.420964802614
9219 2000.0168866130045 15406.339565212498
9220 3675.313611991174 15889.327103966347
9221 4244.510902422593 17036.66060829679
9222 4608.924327599711 15644.740694004373
9223 3379.6068107943606 15452.80909434264
9224 1852.1514188621995 16088.516029147437
9225 2837.646781826009 16356.868890550635
9226 1367.6028472201956 15376.80174769346
9227 4342.649542064417 16149.080513766081
9228 3785.863258172758 16084.906637922159
9229 1836.7025562927154 17358.328676406065
9230 1290.2879725861383 15680.705755960242
9231 3631.176642616289 15205.365814953642
9232 3508.816984234671 17041.192800254197
9233 2662.1824766912114 14729.934631541053
9234 2160.7634774070216 17193.6541930735
9235 3864.3646672741347 15230.515143646147
9236 4079.014633402245 16935.37024651864
9237 2565.4104417597737 17423.33907165204
9238 2872.50080899221 15399.329788955258
9239 1465.6874044827066 15579.180019057594
9240 1835.418693865832 16297.417566787097
9241 3157.174077370494 15406.5924841792
9242 1843.901060854791 16671.37849032459
9243 2799.4276929484827 15808.733417040903
9244 835.4444189158709 17144.200700547444
9245 2999.592127627568 16754.71954889169
9246 3732.5914200929483 15765.965883974217
9247 2374.371983220695 16787.720473236142
9248 1505.3319758963198 15879.193170083434
9249 4643.028017499576 15440.24046335627
9250 2331.1493756814057 16415.117402480395
9251 1875.7402773121605 15367.881251712997
9252 3703.8832271091337 15712.371468406094
9253 2741.6176035010403 15807.911381750546
9254 2203.729516589101 15586.898784501933
9255 2830.1649391063465 15053.573481902531
9256 3927.0080588688556 15806.845888635353
9257 4394.820618671991 16945.847950696505
9258 3253.9285130405615 17015.36343536748
9259 1297.8521654284073 15739.622696382989
9261 2511.8687648720456 15372.221922702713
9262 1713.389288423916 17433.600760721798
9263 3125.6451184205594 14329.92684587045
9264 2953.950986669472 17037.52958978279
9265 3999.637776208265 16399.992488078555
9266 1915.943546970895 17199.238296568645
9267 1640.9249021799137 16719.992441696337
9268 3635.3451537858814 15852.320261354364
9269 3733.391226453688 15249.87051139929
9270 4445.829393457994 16161.108093053164
9271 2636.2712115383974 15904.094141271022
9272 3900.6346149316414 15761.321024004072
9273 4435.885728777978 16385.72096724187
9274 1795.5017387417938 16555.303086579745
9275 4182.2314107790235 16508.46485353241
9276 1024.8148775585512 16208.452243411657
9277 3537.8102816639916 17184.931754628764
9278 1409.5832933321308 16457.536404434475
9279 3554.117781553169 17011.79380113814
9280 1241.2128647214854 16807.95475638699
