6739 3358.531741071617 15889.567769246645
6761 3634.9292805842983 16364.432656734369
6952 3312.9427939172406 15493.59007606633
6994 2757.40799509138 15399.04753452003
7011 2995.714105050937 16380.839770755294
7050 2772.403374520958 15399.412070458078
7052 2779.9010380429854 15399.594337790359
7115 2749.910317320991 15398.865266841374
7119 2719.9195808994973 15398.136195510735
7158 2727.4172462217957 15398.31846288678
7177 3615.228014973414 15183.391173373651
7195 2734.9149228532096 15398.50073053775
7198 2742.4126344323863 15398.682999038294
7237 2712.4218937943974 15397.953927605153
7256 2683.090982787139 15397.204512717959
7263 2638.101039606442 15396.010885295755
7269 2645.599381921186 15396.209823688987
7273 2675.592618959831 15397.005573753977
7274 2653.0976768100622 15396.408760823962
7280 2690.5892898372094 15397.403450175583
7335 2817.3894423205224 15400.505676558638
7340 2660.5959705329537 15396.607697928004
7360 2809.891765006014 15400.323408891063
7430 2817.5491278196628 15394.105675411267
7452 2555.6195943887033 15393.82257146661
7478 2802.394100156958 15400.141141526523
7499 2474.6282670974147 15388.952402434294
7508 2285.191912458103 15386.362594963457
7546 2548.121268323944 15393.623633504505
7559 2265.9823144735924 15386.0646429449
7563 2482.129003787008 15389.038508837575
7570 2249.7460334728503 15385.81280879918
7577 3304.866734271008 15494.336530216295
7594 2794.8964084535532 15399.958873509157
7603 2764.905701629994 15399.22980289804
7617 2467.127526291587 15388.866295983757
7619 2152.9857645933766 15385.698690192388
7622 2787.398742782472 15399.776606124631
7648 2160.492062136397 15385.85398390025
7650 2227.1103550526936 15385.461716283757
7660 2459.6267920644464 15388.780189608744
7672 2122.9607287791 15385.077518554366
7675 2234.616621153738 15385.578142829405
7683 2145.4795147367217 15385.543397471083
7728 2452.1256973738773 15388.694079095707
7730 2137.9732452369567 15385.388104343394
7733 2630.602688401717 15395.811946666663
7748 2275.413803442664 15386.210930815088
7804 2096.1980063589826 15384.690694141767
7806 2623.104403815093 15395.613009805016
7815 2130.466998001508 15385.232811676318
7832 2058.655859993425 15384.716701863532
7835 2066.164268189489 15384.71150033378
7841 2088.6895426979304 15384.695895709943
7856 2668.094291327026 15396.806635750272
7857 2073.6727179595014 15384.706298775227
7870 2081.181152174262 15384.701097227451
7986 2615.606113652178 15395.414072795424
8020 2051.1474393496096 15384.721903401905
8028 2444.622830040302 15388.607948233215
8047 2043.6389927244259 15384.72710495828
8079 2608.1077854686796 15395.215134777109
8080 2600.609479464778 15395.016197347239
8101 2036.1304569508516 15384.732306576412
8125 1990.8658741447266 15384.763664098273
8127 2021.1108641394 15384.742711559307
8130 1965.6205802429472 15383.062485783343
8131 2006.0426682458708 15384.753150212508
8132 2028.621433180383 15384.73750853261
8141 2429.5753564708884 15388.435207357064
8148 2437.104993377119 15388.52164552692
8157 1956.953794602612 15382.143281245731
8161 1974.708381031521 15384.026343442738
8180 2013.5920859893833 15384.747920272956
8188 1926.0630097391438 15378.903782675585
8215 2585.6128542394595 15394.618322136826
8222 1947.6255850775487 15381.153925690043
8240 2593.1111345757517 15394.817258885709
8241 2578.1145593116535 15394.419385000818
8270 2540.622957147795 15393.42469593741
8273 1998.4774182893643 15384.758391119994
8275 2533.1245706104764 15393.225756370912
8315 2570.616281563182 15394.220448320593
8319 2563.1179011103645 15394.02150891552
8321 1983.0127811974626 15384.769104412057
8325 4492.169478259547 17013.214207216497
8353 2380.6420962198586 15387.843082735579
8363 1936.2612919898536 15379.948621877711
8371 2215.4599574106646 15403.962011986741
8403 2421.9976624794335 15388.348217505029
8432 2413.8221806605975 15388.254365212428
8447 2405.5323618850452 15388.159200362872
8467 2845.2936616794236 15106.015231435118
8499 2852.835486499664 15372.842917526847
8502 2366.3629471902973 15387.621604843116
8504 1917.5575047156972 15378.637653237824
8505 2855.6366149563532 15387.929353323456
8541 2348.352789147152 15387.34225683449
8559 1822.2402267193215 15382.798429772989
8570 2328.648651997056 15387.036634226328
8581 2312.7600995180655 15386.790193551886
8590 2242.1473835716893 15385.694949327151
8596 2257.6134439021776 15385.934836903056
8599 2849.62749953911 15373.06320453195
8615 1899.5726013696506 15378.286292543315
8623 1807.241193215459 15382.525096424637
8625 2853.5469386385366 15108.927069647978
8626 4495.7820052490515 15407.635461321799
8631 2832.7759963166914 15113.481248812377
8638 1923.2628435212196 15381.950322589162
8646 1640.262925884197 17480.043138712128
8659 1837.2392041270527 15383.071762099078
8662 2850.0263710021136 15358.066771754658
8677 2849.8269361213606 15365.564956157568
8686 4053.9796148803493 15295.695687420397
8706 1777.243216700106 15381.978431377012
8707 1915.6385215988885 15381.801911175959
8712 2197.0183952516577 15231.086098890106
8715 1892.6183318269386 15384.735260546535
8722 2309.8869754617904 15417.949500155004
8734 2869.7826508877442 17403.37400372309
8735 1814.7407088127543 15382.661763077771
8744 2167.9982919114245 15386.009276206096
8748 1799.7417139733425 15382.388430434017
8749 1899.579075097144 15381.489305651841
8753 1792.242242940211 15382.251764592993
8754 2855.836049763635 15380.431171682869
8756 3865.834303952569 16264.764482675917
8762 1909.3782628813233 15378.477860102648
8763 1900.121490105541 15384.702691622691
8764 1754.744657597128 15381.56843119326
8765 2394.7009212744015 15388.034858390616
8770 2227.8486109278992 15407.187023466498
8771 1878.331537511294 15389.14997720693
8772 1747.2451776622836 15381.431765190016
8774 1413.2837726556663 16350.445977517336
8775 1762.2441904576713 15381.705098160988
8785 1829.7397312411442 15382.93509622429
8786 1769.743657376368 15381.841763927034
8787 1784.7427323643324 15382.115098031367
8788 1849.4411344628875 15422.853057766857
8792 1907.0776834767987 15381.635269985196
8795 2297.384291217555 15386.55170583737
8803 1885.341034502392 15386.5528636626
8806 2835.124975935402 15121.025337174433
8812 2918.6472430056056 17477.025502850505
8817 2222.9530418077557 15403.977088615307
8819 4131.940179797466 15721.656627923001
8820 3701.813174494192 17461.124102441245
8822 1739.745693424335 15381.295099108354
8830 1048.708029209292 16363.838561776989
8833 2006.0482899711783 15409.77191746517
8834 2832.1263581346834 15434.372375053828
8846 1835.0664809552527 16475.619075648774
8847 2852.436616002786 15387.839313980558
8853 1849.5200357707229 15415.352053887864
8854 3674.0725067661438 16427.65993218371
8856 1573.661657595576 15478.504473962521
8858 3014.2053986290543 16406.781576851605
8866 2896.734995560897 16351.875907269055
8870 1034.561025152283 15698.81351374735
8871 2849.2286282910222 15388.059629229008
8872 1724.746745414584 15381.021767317996
8873 2307.54145071221 15431.067758102781
8876 4274.695148511543 16786.57801924875
8877 2856.6823556805934 15108.23453236825
8878 2831.7702402048285 15441.864875915577
8884 1717.2472439370567 15380.885100922173
8885 2794.1605816051897 15416.214398519844
8886 1829.7389306078903 15386.136469384755
8888 2828.610976194475 15441.046667284902
8890 1308.3688720558973 15550.135992420303
8891 4032.5367101366037 15531.479465959215
8892 2319.672435232824 17455.880390528524
8894 3085.680761983777 16888.09205486723
8895 1849.5989375228176 15407.851007773947
8896 2849.428063288828 15380.56144042525
8897 2187.432764750304 15421.171981109983
8898 3903.5385480627456 16240.286290545313
8899 3170.771710467232 15582.11002048953
8900 2847.9352888853505 15410.984080482647
8901 2852.636051381734 15380.341110846928
8902 2230.4460684715236 15403.992165127709
8904 2215.3627008099493 15416.762213735683
8906 4458.989819514519 16370.947110243535
8908 2237.924865349251 15405.642541144545
8909 1431.1939889579503 15611.23237994825
8910 2334.9488727537146 16237.839252353566
8911 2832.482475451342 15426.879887093357
8912 3848.372861659851 16047.172753328172
8913 2683.0249394580405 15411.659182294692
8916 3631.011075149801 14893.851906223963
8919 2885.8729845504336 17427.626271967936
8920 2333.265732477662 16607.923186934237
8921 3514.650692193906 15592.36205292496
8922 1732.2462217337065 15381.15843325535
8924 3546.5147302818714 15574.601536288734
8925 1702.2482447311543 15380.611768198847
8927 2853.034923546422 15365.344651688314
8929 3156.9259818859086 15577.146224036065
8934 3326.8759243890604 15835.41817693061
8935 1426.7402951183121 16282.38939585963
8936 1333.559916150118 15306.439542757566
8937 4596.151684309777 16297.656427832762
8939 1993.0205563902368 15406.07381949243
8940 2859.4238209547907 15401.886270791316
8941 1849.3622325586218 15430.354118347375
8943 3657.555544752052 15892.765721262682
8944 1849.283331082831 15437.855138193585
8945 3045.97375890375 17399.603245450107
8947 1709.7477756428245 15380.748435131061
8948 1837.6785909337846 15949.287544184092
8949 3824.0597359962308 15221.48257728581
8953 3299.888472559903 15070.478842069839
8954 1755.7072497181366 16382.45907203658
8955 2837.061693213443 16368.217101464039
8956 2852.1526529009584 16367.786967654265
8957 2825.252997603807 16371.159295825402
8958 3538.9750934760073 16012.538214706079
8959 2385.463913264296 15754.499844274338
8960 3836.371553431722 15797.43093887932
8961 3341.347455947051 15859.946196520426
8962 2480.225610618342 15635.477489276129
8963 2866.165522511005 15399.292683393252
8965 3091.8576428149536 15518.21546072151
8966 2853.550432872308 15108.935306056153
8967 3388.0813287787687 15428.222025590034
8968 3032.844964229522 16469.30212229519
8969 2505.6749589143683 15567.570216791204
8970 1851.4692208765482 16865.45300319352
8975 1813.2720406078772 16327.192784811316
8976 2866.0348584475078 16352.805906456566
8977 1694.7680955524295 15380.9161706098
8978 2844.6072031249632 16368.002033702138
8980 2411.1221873384548 15404.347652365976
8981 2904.39100611637 17455.537689828856
8983 2859.698100814863 16367.571901659467
8984 1822.3182110110506 15386.001016020604
8985 2925.096469192703 16338.819027559159
8986 2646.16597583195 15809.744877088091
8988 3980.7356520600947 17222.14821006074
8989 1837.159647800933 15386.27192270503
8990 1069.8987625175434 15692.735935716668
8991 1867.0100630091285 15548.754058786184
8992 3990.137796051731 17218.91209092224
8993 1679.8504352201132 15382.500511877914
8994 2187.3557896195903 15430.295646126022
8995 1687.3092649576424 15381.70834128938
8996 4642.703596731866 16068.209544806994
8997 2177.166014453227 15404.974034405599
8998 1849.2044289458884 15445.356220894284
8999 4172.39721071308 16513.293638331837
9000 1807.4766365071991 15385.73010682243
9001 1415.7391992398054 16383.075647657708
9002 3035.1551377406645 16091.895530333602
9003 1132.4641061835255 16317.429229316038
9004 3091.691356881963 15540.024939211688
9006 2992.4036595895222 16747.116534862154
9007 1504.827858065201 17049.448329187926
9008 3234.537225954664 15687.138859756416
9009 3225.4682130538126 15856.46303551226
9011 1892.6107418251283 15402.494163408312
9012 3295.3483733457992 16577.2779888565
9014 3427.2766606255614 17066.5154572869
9015 2966.4502792656463 15836.125535020901
9016 4231.686162103403 15182.729910742002
9017 2241.949830841053 16365.254258220046
9018 1814.897472092534 15385.865562303765
9020 3734.2791235412496 15274.081824169063
9021 4101.272677337905 16550.89465478231
9023 2885.9340385331643 15399.408466933455
9024 1849.04662599096 15460.358260904888
9025 2585.4293710913475 16984.20007644094
9026 3456.7333097849587 16066.862718098511
9027 1906.8793106458024 16345.950437373234
9028 2863.8198153072913 15419.65134734462
9029 2561.9477103055224 16358.612217570593
9030 3145.4063502228237 16642.877476068665
9031 2875.183182527391 15399.34549952775
9032 3786.788355055261 15245.420552816686
9033 1766.8093914944682 15392.272379378901
9034 2344.4306893670714 16367.473967432059
9035 3644.7342341518674 15229.625079334466
9036 3831.2191403843713 15225.344016149695
9037 3126.7621870450093 16617.462135897964
9038 3432.5207553188225 15427.717391777827
9039 3097.6062321523023 17371.372330403778
9040 4442.730713222081 16162.65055994324
9041 4130.051194256609 16462.686023149825
9042 2442.953478610185 16169.299004439963
9043 2967.415645519947 16382.421521496392
9044 1562.694457883615 15475.45020429327
9045 2761.7016301400226 16361.181933529304
9046 2896.2780506196104 15399.469051467871
9047 4078.566989827815 16144.50604168433
9048 2838.2772731095815 15108.677134431327
9049 3947.3431446173563 15761.358501362392
9050 2874.887952233491 16367.19228628349
9051 2822.9785056359465 15634.626725337108
9052 1740.015391462385 16378.228801373885
9053 2996.5895024617666 16732.36440981191
9055 923.3794942387462 15536.181844792583
9057 1754.9136953329526 17243.10534464607
9058 1643.8951746117677 16288.86684801433
9060 2540.433376270166 16361.65363486827
9061 1111.3339731044844 17018.812963322758
9062 3462.4861251889715 16076.62106245149
9063 2867.2437821701424 16367.36387636854
9064 3147.825942977202 16631.130738446685
9065 2817.469211335534 15397.305675275516
9066 3809.568704978624 16644.68585813269
9068 1849.1255275916749 15452.857229182353
9069 3650.1236688841595 16395.485628468316
9070 3075.620602726362 15425.947816075864
9071 3471.306123005157 14634.414815059465
9072 2864.006519749998 15416.46366277406
9073 1672.4723577888592 15383.675439862756
9074 1266.3516008460397 15685.556507676038
9075 2824.9301600244385 15518.379994655092
9076 2837.374077763307 15148.341022000244
9078 3067.803652515981 16704.831123318065
9079 3554.3715711654772 16421.918904053437
9080 1427.9303269013997 16186.54677882898
9081 2000.4883473806487 15406.357472983744
9082 2695.3550881235496 16887.04061725962
9083 3627.634796982943 15916.839187718791
9084 3937.024014104123 16221.7939113674
9085 3415.4364490471867 16087.65488722347
9086 1057.3589930670867 15680.489101112162
9087 3590.312927685527 15993.487191223187
9088 3006.0505234299 15399.332270933615
9089 3488.706512226455 17154.338317493326
9090 3658.3758037532875 16408.651873309125
9091 1653.3479324697125 17090.097244024695
9092 2853.2343582242033 15357.846474916556
9093 2831.414122976489 15449.357362017867
9094 2381.277839484911 15797.801919640226
9095 1574.0361169263601 16287.182912547216
9096 2147.507852047863 16354.177600111409
9097 3890.7160438417027 15756.423183821367
9098 2793.697724956772 16360.855242751106
9099 1536.008323950359 15503.97856656726
9100 2142.2603439355034 17200.070250486555
9101 1854.431415751351 15990.378250308508
9102 835.8432673586295 15167.959580990748
9103 2626.1567615081563 16372.55595895945
9104 3654.1110164542547 16401.847423955893
9105 3128.9106063385484 14971.338899411216
9106 1965.7902465233217 15406.355767134646
9107 1869.8000255477673 15314.426368001778
9108 4197.166033302094 15590.048433064872
9109 1156.8581732516482 15666.573258560024
9110 3659.9692900788627 15310.911826713747
9111 4206.145457756951 16074.799819823229
9112 2074.7946881478206 17252.925658427168
9113 3301.661974622965 15810.269669230496
9114 1472.7416505572123 15898.148813948428
9115 3164.017193326946 16648.413328332135
9116 2643.1127910149753 15595.96917425926
9117 3394.2712236511547 15408.08660317257
9118 1859.0903592710831 15909.928486152621
9119 4581.678745216819 15874.218913048873
9120 1334.8305364043417 15674.508763618323
9121 800.8984390054596 16909.599387286227
9122 3217.112606895315 17037.3891512007
9123 1200.7399253586966 16864.06653199231
9124 3428.079304986594 16014.220858490718
9125 1498.9306070037971 15894.522262633012
9126 3230.440219050022 15674.220484170588
9127 3613.7088141462277 14859.904990286517
9128 1299.1670221246632 15775.48786670484
9129 965.7873432239986 16027.570819530347
9130 1614.8510920142696 17007.888864912544
9131 2158.83811084085 17207.61067689589
9132 3396.0707584183756 14519.819781241471
9133 3627.24913826496 15983.498248576308
9134 2549.2641894383246 16947.7131524774
9135 1110.1364934169226 15483.915798241793
9136 3669.278993904997 15651.988191310887
9137 1128.6496561818724 15678.533310242901
9138 3601.1082076551766 14839.60256153694
9139 3761.342749067545 15820.320671454732
9140 3237.4090690042904 15426.340045196524
9141 3289.108365971075 17167.451454795526
9142 3031.857792166614 17478.161560490807
9143 1222.7640374555604 16263.735083471185
9144 1564.8500429099481 16469.95123059782
9145 3345.9963673813145 17350.036363525738
9146 4102.056418454243 15457.515188963405
9147 786.7553873101668 17218.27682623235
9148 3827.6792689090425 16496.962882140222
9149 3321.049938377263 17307.662634608932
9150 3163.8061173377296 15886.609643760865
9151 1125.9170153935258 16153.951284453737
9152 3527.8763058089676 15362.305526798023
9153 3904.2271138113333 16782.187057432253
9154 3425.67581946549 17043.7582912244
9155 4227.153857988546 16045.72758330699
9156 842.4064635815163 17046.191621116475
9157 1765.481598918698 17421.74074583842
9158 3549.8394180372 14736.72936304469
9159 2821.0747399237234 16214.248225298417
9160 1833.918313950174 16817.010222771234
9161 2889.7569065520324 17004.56026996833
9162 3508.7033137606877 16439.338416470764
9163 2407.7148755424623 17510.79446209906
9164 2944.5911147374663 15602.442047432614
9165 907.0694122894558 15856.48044668582
9166 4360.712285761265 15393.578365834977
9167 3061.5202749919713 15708.211935058946
9168 4210.197673442011 17143.16979411507
