6739 3325.043696684175 15832.312706244364
6761 3634.9290992272095 16364.432344421615
6780 3296.7256107654907 15784.4780243908
6952 3294.8622225283525 15499.683703540084
6994 2757.40799509138 15399.04753452003
7011 2928.9696574380637 16356.55822218715
7050 2772.403374520958 15399.412070458078
7052 2779.9010380429854 15399.594337790359
7115 2749.910317320991 15398.865266841374
7119 2719.919474790562 15398.136192931239
7158 2727.4172462217957 15398.31846288678
7177 3620.5305126862245 15192.881191540482
7195 2734.9149228532096 15398.50073053775
7198 2742.4126344323863 15398.682999038294
7237 2712.4217880809374 15397.95392503527
7256 2683.090982787139 15397.204512717959
7263 2638.101039606442 15396.010885295755
7269 2645.599381921186 15396.209823688987
7273 2675.592618959831 15397.005573753977
7274 2653.0976768100622 15396.408760823962
7280 2690.5892898372094 15397.403450175583
7335 2817.3894423205224 15400.505676558638
7340 2660.5959705329537 15396.607697928004
7360 2809.891765006014 15400.323408891063
7430 2817.461550782524 15394.10354699222
7452 2555.6195943887033 15393.82257146661
7478 2802.394100156958 15400.141141526523
7499 2474.6282670974147 15388.952402434294
7508 2279.973264496008 15386.28165070342
7546 2548.121268323944 15393.623633504505
7559 2264.6379974073293 15386.04379180664
7563 2482.129003787008 15389.038508837575
7570 2249.6122322492392 15385.810733464514
7577 3267.6580957160945 15514.223661603932
7594 2794.8964084535532 15399.958873509157
7603 2764.905701629994 15399.22980289804
7617 2467.127345718973 15388.866293910833
7619 2152.9857645933766 15385.698690192388
7622 2787.398742782472 15399.776606124631
7648 2160.492062136397 15385.85398390025
7650 2227.081678087692 15385.461271487378
7660 2459.6250335539708 15388.780169421525
7672 2122.9607287791 15385.077518554366
7675 2234.603060428555 15385.577932494683
7683 2145.4795147367217 15385.543397471083
7728 2452.0959267806466 15388.69373733745
7730 2137.9732452369567 15385.388104343394
7733 2630.602688401717 15395.811946666663
7748 2272.1988532182772 15386.161065070386
7804 2096.1980063589826 15384.690694141767
7806 2623.104403815093 15395.613009805016
7815 2130.466998001508 15385.232811676318
7832 2058.655739550771 15384.716701946969
7835 2066.164268189489 15384.71150033378
7841 2088.6895426979304 15384.695895709943
7856 2668.094291327026 15396.806635750272
7857 2073.6727179595014 15384.706298775227
7870 2081.181152174262 15384.701097227451
7986 2615.606113652178 15395.414072795424
8020 2051.147310674129 15384.721903491047
8028 2444.4751894201877 15388.606253359325
8047 2043.637919908685 15384.727105701484
8079 2608.1077854686796 15395.215134777109
8080 2600.609479464778 15395.016197347239
8101 2036.1254962634346 15384.73231001298
8125 1988.5326463094084 15384.765280466707
8127 2021.0197698731788 15384.74277466583
8130 1958.3333797399018 15382.289600881504
8131 2005.6320787071538 15384.753434652785
8132 2028.5915814863095 15384.737529212687
8141 2428.4961030456298 15388.422817823272
8148 2436.864951610228 15388.518889913166
8157 1947.9363652191191 15381.186887220209
8161 1969.7753069588093 15383.503138616843
8180 2013.3604546295257 15384.748080738047
8188 1923.958794915484 15378.768897109967
8215 2585.6128542394595 15394.618322136826
8222 1939.2211660539374 15380.26254791481
8240 2593.1111345757517 15394.817258885709
8241 2578.1145593116535 15394.419385000818
8270 2540.622796752782 15393.424691681974
8273 1997.2045111547166 15384.75927293997
8275 2533.1237585509652 15393.225734826174
8315 2570.616179676815 15394.220445617448
8319 2563.1179011103645 15394.02150891552
8321 1979.7293231663923 15384.558867608557
8325 4490.754782160358 16994.41022990271
8353 2349.9893802020674 15387.36764131202
8363 1931.38512003875 15379.431452125322
8371 2215.4599574106646 15403.962011986741
8403 2417.77209571992 15388.29970915571
8432 2404.4157424855644 15388.146381877927
8447 2388.1137264363642 15387.958972058546
8467 2845.2936616794236 15106.015231435118
8499 2852.835486499664 15372.842917526847
8502 2332.6761289344836 15387.099102732132
8504 1916.485306963619 15378.616706328097
8505 2855.6366149563532 15387.929353323456
8541 2318.2669025290434 15386.875607264043
8559 1822.2402267193215 15382.798429772989
8570 2306.5344204881967 15386.693629655269
8578 2448.8457419549472 15583.140562802286
8581 2297.519500272894 15386.553803008326
8590 2242.1071672884195 15385.694325549246
8596 2257.1138155880617 15385.9270873778
8599 2849.62749953911 15373.06320453195
8615 1899.5726013696506 15378.286292543315
8623 1807.241193215459 15382.525096424637
8625 2853.5469386385366 15108.927069647978
8626 4403.400341378903 15461.301266919614
8631 2832.7759963166914 15113.481248812377
8638 1923.2628435212196 15381.950322589162
8646 1595.14323800262 17504.214049674723
8659 1837.2392041270527 15383.071762099078
8662 2850.0263710021136 15358.066771754658
8677 2849.8269361213606 15365.564956157568
8686 4094.294382221515 15273.810197742694
8706 1777.243216700106 15381.978431377012
8707 1915.6385215988885 15381.801911175959
8712 2198.102525006836 15315.450069284447
8715 1892.6183318269386 15384.735260546535
8722 2331.3509923418683 15417.265481626051
8734 2825.098660002598 17336.023745119703
8735 1814.7407088127543 15382.661763077771
8744 2167.9982919114245 15386.009276206096
8748 1799.7417139733425 15382.388430434017
8749 1899.579075097144 15381.489305651841
8753 1792.242242940211 15382.251764592993
8754 2855.836049763635 15380.431171682869
8756 3944.349968254363 16221.404135417186
8762 1909.0119086324871 15378.470702850767
8763 1900.121490105541 15384.702691622691
8764 1754.744657597128 15381.56843119326
8765 2370.4166446306754 15387.684480044147
8770 2292.14672852267 15407.31631942097
8771 1878.331537511294 15389.14997720693
8772 1747.2451776622836 15381.431765190016
8774 1423.8752408154214 16438.30474024073
8775 1762.2441904576713 15381.705098160988
8785 1829.7397312411442 15382.93509622429
8786 1769.743657376368 15381.841763927034
8787 1784.7427323643324 15382.115098031367
8788 1849.4411344628875 15422.853057766857
8792 1907.0776834767987 15381.635269985196
8795 2288.4873428023006 15386.413709001547
8803 1885.341034502392 15386.5528636626
8806 2835.124975935402 15121.025337174433
8812 2868.45759637746 17401.376806020657
8817 2222.9530418077557 15403.977088615307
8819 4084.7475607620254 15636.239221570453
8820 3669.0649967076647 17400.637935637602
8822 1739.745693424335 15381.295099108354
8830 1091.4241334301016 16340.169522420834
8833 2066.950297302446 15408.132181343117
8834 2832.1263581346834 15434.372375053828
8838 3374.9156898123742 15176.266452259077
8846 1831.734056075438 16580.233663210365
8847 2852.436616002786 15387.839313980558
8853 1849.5200357707229 15415.352053887864
8854 3648.015795336173 16387.844122729733
8856 1655.8681969045522 15405.48906681658
8858 2980.0831254418767 16370.319642230172
8866 2844.3349785965634 16353.463260870192
8870 1126.3394287646681 15691.141095095756
8871 2849.2286282910222 15388.059629229008
8872 1724.746745414584 15381.021767317996
8873 2314.1679842356675 15417.040700535517
8876 4308.703973721381 16766.87
8877 2856.6823556805934 15108.23453236825
8878 2831.7702402048285 15441.864875915577
8884 1717.2472439370567 15380.885100922173
8885 2838.3211796531637 15416.894813406709
8886 1829.7389306078903 15386.136469384755
8888 2825.6630601854235 15502.981885795289
8890 1354.0017682149137 15526.07692779339
8891 4007.3562724033404 15490.969162022933
8892 2333.1622454716107 17478.23731895932
8894 3069.764585856407 16861.587466669363
8895 1849.5989375228176 15407.851007773947
8896 2849.428063288828 15380.56144042525
8897 2187.5187477594004 15422.594365148334
8898 3998.2574919570375 16188.09479134351
8899 3194.7298546027887 15621.572071939097
8900 2857.999126857849 15407.093772036464
8901 2852.636051381734 15380.341110846928
8902 2230.4460684715236 15403.992165127709
8904 2255.172753081624 15416.842134719223
8906 4425.75176851146 16387.0868653292
8908 2336.248079673269 15406.724354417856
8909 1455.2030207308571 15605.869630098947
8910 2333.1011754529195 16313.217760604364
8911 2832.482475451342 15426.879887093357
8912 3778.8532427821515 16085.085154631408
8913 2769.814154354792 15412.71713122959
8916 3662.0076869139025 14943.79332066476
8917 1856.016052070551 15081.424011352125
8919 2836.2129564526117 17352.77584638181
8920 2368.77173192216 16664.915540623773
8921 3465.316905392079 15619.852195575277
8922 1732.2462217337065 15381.15843325535
8924 3497.4820687558063 15601.928882029704
8925 1702.2482447311543 15380.611768198847
8927 2853.034923546422 15365.344651688314
8929 3173.304733485614 15586.282225319284
8934 3304.39604549424 15797.380472410023
8935 1427.987840514382 16235.440989461307
8936 1362.8404646030503 15408.817298426287
8937 4634.470204125479 16275.786317719
8939 1993.0205563902368 15406.07381949243
8940 2863.9018196650204 15399.299235330935
8941 1849.3622325586218 15430.354118347375
8943 3611.705761769687 15918.982095915066
8944 1849.283331082831 15437.855138193585
8945 3040.6566473128782 17442.780639622855
8947 1709.7477756428245 15380.748435131061
8948 1837.5134746261347 15995.774664633704
8949 3843.838822997881 15205.8670629182
8953 3321.4992990986566 15102.55970158741
8954 1822.830803363494 16357.402593007426
8955 2837.061693213443 16368.217101464039
8956 2852.1526529009584 16367.786967654265
8957 2851.3177143466673 16371.013336669837
8958 3481.0954639257684 16043.46712869173
8959 2338.36977195749 15750.962370397408
8960 3927.615870296569 15746.160046426678
8961 3313.9953335850587 15813.581423177373
8962 2506.4561347213576 15537.067254467785
8963 2874.5926735378084 15399.342040936257
8965 3091.4772186975456 15564.931425282039
8966 2853.550432872308 15108.935306056153
8967 3505.9228552530567 15398.337615344304
8968 3089.173498446469 16555.309924835336
8969 2507.8046156617493 15484.412444947837
8970 1877.2478097783296 16850.439702108688
8975 1756.0378782503813 16298.091964239862
8976 2809.7509816408965 16356.304015894833
8977 1694.7680955524295 15380.9161706098
8978 2844.6072031249632 16368.002033702138
8980 2534.3447571423835 15405.703390935456
8981 2853.8135601817785 17379.304479774964
8983 2859.698100814863 16367.571901659467
8984 1822.3182110110506 15386.001016020604
8985 2873.6661853852584 16352.574730686063
8986 2684.0427418396707 15810.288804819917
8988 3988.384668854426 17219.5154988769
8989 1837.159647800933 15386.27192270503
8990 1165.6640736379595 15693.565071530229
8991 1868.9459708709644 15465.115460547078
8992 3998.1731184865794 17216.146417397293
8993 1679.8504352201132 15382.500511877914
8994 2187.0511002710105 15473.893069971336
8995 1687.3092649576424 15381.70834128938
8996 4551.951068769044 16108.282645435298
8997 2262.902270040022 15405.917358115421
8998 1849.2044289458884 15445.356220894284
8999 4153.512714260535 16502.30816734045
9000 1807.3941200691447 15385.728600616867
9001 1423.1071676256463 16465.512745889533
9002 3066.5505572501497 16142.11547325535
9003 1183.6624316108007 16289.060182053601
9004 3091.298127437789 15585.761591459934
9006 3078.81047172017 16698.89403167135
9007 1597.1368202158174 17000.86154875544
9008 3292.0204087938428 15782.82917666595
9009 3266.355449576417 15833.867630345521
9011 1969.518700439148 15402.776896167972
9012 3388.261898942169 16524.58413118054
9013 3518.72079140246 14713.029039743895
9014 3472.44065695041 17130.13482325576
9015 2967.1436926386036 15788.892563080357
9016 4225.897952325378 15197.432440837692
9017 2311.6599777328183 16366.72792105811
9018 1814.897472092534 15385.865562303765
9020 3796.5393120748477 15240.098158696157
9021 4051.5699450481084 16577.50592557337
9023 2895.2207652920065 15399.462858982906
9024 1849.04662599096 15460.358260904888
9025 2585.429987698728 16984.201066603448
9026 3460.767042755139 16073.717466380032
9027 1842.5829260929343 16345.707260036621
9028 2863.8198153072913 15419.65134734462
9029 2479.9623358129847 16358.006933276876
9030 3175.153496602774 16644.560769511147
9031 2883.523201761668 15399.394346742747
9032 3821.323091731774 15226.57035390063
9033 1896.4007205558787 15396.146487166021
9034 2387.549067212042 16368.066695471853
9035 3639.5139491964273 15220.284167082838
9036 3833.589966655757 15229.179339511853
9037 3159.715933906816 16648.032119826403
9038 3543.74403279915 15377.727740622411
9039 3030.682315913566 17408.281387048373
9040 4399.85273066138 16183.994442944344
9041 4103.799550504412 16418.351878822585
9042 2388.1230124697668 16168.764376312063
9043 3031.2599784041763 16466.7844572361
9044 1498.856961203543 15543.708371889858
9045 2672.641712431089 16362.091264933315
9046 2904.4089424767008 15399.516673830782
9047 4170.9236458882 16097.794882938799
9048 2838.2772731095815 15108.677134431327
9049 3979.196053255294 15822.772115428777
9050 2896.778219805469 16366.700911439226
9051 2818.503305043418 15738.433340391064
9052 1636.5593045828816 16420.218637732713
9053 2893.889753128625 16785.161624375578
9055 898.4151400979891 15492.85321324453
9057 1798.7761104379347 17309.18376157202
9058 1563.327470275138 16286.924783243754
9060 2440.0158709022353 16360.912303878262
9061 1088.8853625066051 16970.057527583263
9062 3475.2163143547955 16098.12283951774
9063 2867.2437821701424 16367.36387636854
9064 3144.806945969779 16626.26894061908
9065 2817.469211335534 15397.305675275516
9066 3752.351247752603 16552.63775281737
9068 1849.1255275916749 15452.857229182353
9069 3650.1236688841595 16395.485628468316
9070 3091.02315055071 15435.609595681464
9071 3442.5121888792273 14591.089192053487
9072 2874.1562232446163 15416.778122935068
9073 1672.4723577888592 15383.675439862756
9074 1159.3520533218148 15679.483884854735
9075 2819.78282282646 15634.389845701695
9076 2834.9901010159547 15178.831975895191
9078 3133.216183453049 16669.54752468593
9079 3457.6057263223183 16474.67357951377
9080 1432.0824376626135 16079.055265232128
9081 2000.4883473806487 15406.357472983744
9082 2624.246826091655 16926.21679850301
9083 3702.9548959491913 15873.37726714371
9084 4031.764928177928 16169.908309197855
9085 3507.025210942794 16038.551342683908
9086 1023.0258334985555 15681.443369219922
9087 3621.9415418973053 15974.191504746997
9088 3049.376039905938 15399.943747166355
9089 3496.8406777322784 17179.377853251204
9090 3677.112788403726 16438.546649800126
9091 1715.294078953921 17183.41867387626
9092 2853.2343582242033 15357.846474916556
9093 2831.414122976489 15449.357362017867
9094 2435.759964479499 15707.209756712382
9095 1490.9744176131421 16285.180730638864
9096 2070.5272365478977 16352.770732108389
9097 3833.8806061907653 15787.353838874455
9098 2742.3691767412906 16361.379324313444
9099 1478.4187283250728 15565.565094049238
9100 2054.449555670956 17251.46561022197
9101 1856.2702069382183 15888.00193015095
9102 828.6387899500662 15150.163115860862
9103 2643.3588816192164 16351.711257993762
9104 3654.984532197339 16403.24111447697
9105 3153.8141500841557 14962.483947703056
9106 2000.2863731062969 15409.553398980066
9107 1874.7833668199123 15241.30203296938
9108 4248.4090133281015 15561.260312113123
9109 1156.158965923632 15637.90991706513
9110 3748.193460394759 15262.841795455011
9111 4266.921530585605 16041.41629082601
9112 2131.933085355271 17222.11747223942
9113 3301.661974622965 15810.269669230496
9114 1427.6792957548191 15943.833965173504
9115 3186.9460503729456 16637.95952468128
9116 2640.4715666318875 15677.105733816921
9117 3295.2645539498794 15407.331330844085
9118 1861.1537369305054 15790.165037723951
9119 4602.550658505201 15877.720140692634
9120 1217.742006346463 15683.009159170306
9121 811.8141522307535 16935.117518033625
9122 3180.405171573002 17059.374969652843
9123 1181.3209994186066 16848.576533121213
9124 3378.0731119980665 15925.583108532712
9125 1525.3188350036858 15883.269530555594
9126 3194.7930639277 15615.506698344987
9127 3589.796861827954 14821.377423494407
9128 1294.2584999982691 15802.828475710761
9129 990.9404790457465 16112.19325300674
9130 1598.1742734118868 16978.788225213622
9131 2163.818474544066 17199.27604122526
9132 3371.428634577589 14481.070903680604
9133 3627.24913826496 15983.498248576308
9134 2544.633559169439 16969.647892615012
9135 1151.5217158281305 15453.969348484614
9136 3661.5472360785875 15628.395963301662
9137 1058.4123656592794 15677.09861110452
9138 3573.6494045340423 14795.360215399754
9139 3761.342749067545 15820.320671454732
9140 3341.8252936372214 15427.987308485292
9141 3259.7598667037096 17182.411298552335
9142 3134.1194298967503 17435.591400504374
9143 1171.1152680434334 16292.35372223078
9144 1663.6799958826641 16420.418460757934
9145 3364.8268956864463 17383.754579877015
9146 4075.90083449095 15411.64977435154
9147 726.440434259003 17131.41782694666
9148 3775.708084803819 16525.373019486622
9149 3345.1183837244275 17350.268032741675
9150 3113.7545479951245 15912.644315952944
9151 1078.1759384687675 16179.686986287561
9152 3475.623820947811 15391.468592969406
9153 3869.205497564963 16736.47767796257
9154 3380.448472087507 16998.63832564424
9155 4166.989766046773 16078.159021435366
9156 866.6860725433831 17085.252703505
9157 1811.3033934227726 17401.351562583764
9158 3525.7463807057684 14697.986395390186
9159 2824.278805526249 16177.181655874567
9160 1834.8416465474531 16780.059414944568
9161 2864.0335166338614 17019.51242138022
9162 3489.625709951456 16449.654405339807
