6739 3319.4953542309686 15822.908735984693
6761 3634.928911347738 16364.43202087675
6780 3295.0762874377674 15781.70369552218
6952 3281.148252707497 15507.013493886241
6994 2757.40799509138 15399.04753452003
7011 2910.320848647811 16355.598644365813
7050 2772.403374520958 15399.412070458078
7052 2779.9010380429854 15399.594337790359
7115 2749.910317320991 15398.865266841374
7119 2719.919474790562 15398.136192931239
7158 2727.4172462217957 15398.31846288678
7177 3621.8376811394505 15195.220340338756
7195 2734.9149228532096 15398.50073053775
7198 2742.4126344323863 15398.682999038294
7237 2712.4217880809374 15397.95392503527
7256 2683.090982787139 15397.204512717959
7263 2638.101039606442 15396.010885295755
7269 2645.599381921186 15396.209823688987
7273 2675.592618959831 15397.005573753977
7274 2653.0976768100622 15396.408760823962
7280 2690.5892898372094 15397.403450175583
7335 2817.3894423205224 15400.505676558638
7340 2660.5959705329537 15396.607697928004
7360 2809.891765006014 15400.323408891063
7430 2817.3046119904548 15394.09973284727
7452 2555.6195943887033 15393.82257146661
7478 2802.394100156958 15400.141141526523
7499 2474.6282670974147 15388.952402434294
7508 2279.738039314764 15386.278002224279
7546 2548.1211179332213 15393.623629514492
7559 2264.614969643416 15386.043434632651
7563 2482.129003787008 15389.038508837575
7570 2249.6094338188946 15385.810690059234
7577 3249.0926989922523 15524.207615415784
7594 2794.8964084535532 15399.958873509157
7603 2764.905701629994 15399.22980289804
7617 2467.1269318613854 15388.866289159861
7619 2152.9857645933766 15385.698690192388
7622 2787.398742782472 15399.776606124631
7648 2160.492062136397 15385.85398390025
7650 2227.067783647978 15385.46105597655
7660 2459.6231522388903 15388.780147824542
7672 2122.9607287791 15385.077518554366
7675 2234.5902699394346 15385.57773410677
7683 2145.4795147367217 15385.543397471083
7728 2452.0327738700144 15388.693012359328
7730 2137.9732452369567 15385.388104343394
7733 2630.602688401717 15395.811946666663
7748 2272.1384124032124 15386.16012759825
7804 2096.1980063589826 15384.690694141767
7806 2623.104403815093 15395.613009805016
7815 2130.466998001508 15385.232811676318
7832 2058.655739550771 15384.716701946969
7835 2066.164268189489 15384.71150033378
7841 2088.6895426979304 15384.695895709943
7856 2668.094291327026 15396.806635750272
7857 2073.6727179595014 15384.706298775227
7870 2081.181152174262 15384.701097227451
7986 2615.606113652178 15395.414072795424
8020 2051.147310674129 15384.721903491047
8028 2444.393576075454 15388.605316460476
8047 2043.6361508071336 15384.727106927048
8079 2608.1077854686796 15395.215134777109
8080 2600.609479464778 15395.016197347239
8101 2036.1141987432284 15384.732317839458
8125 1987.431535840932 15384.766043272712
8127 2020.942399211147 15384.742828265182
8130 1955.4656938404287 15381.985452377015
8131 2005.0786697833244 15384.75381803271
8132 2028.5692463915784 15384.737544685562
8141 2427.4132977852623 15388.410387515385
8148 2436.2090474659517 15388.511360313194
8157 1946.737161058419 15381.059698900135
8161 1965.9408089018948 15383.09644942899
8180 2013.2541116580362 15384.748154408273
8188 1923.9516319111772 15378.768437943025
8215 2585.6128542394595 15394.618322136826
8222 1938.8602663517554 15380.22427067367
8240 2593.1111345757517 15394.817258885709
8241 2578.1145593116535 15394.419385000818
8270 2540.6225137245224 15393.424684172956
8273 1996.626459516532 15384.759673391398
8275 2533.11982470378 15393.22563045734
8315 2570.616179676815 15394.220445617448
8319 2563.1179011103645 15394.02150891552
8321 1977.4254244319359 15384.314514712478
8325 4483.971883134673 16984.172167244174
8353 2341.6965304782834 15387.239014397663
8363 1931.3067055377091 15379.423135435816
8371 2215.4599574106646 15403.962011986741
8403 2413.3316213630865 15388.24873372602
8432 2398.147737154853 15388.074426893088
8447 2378.87962820448 15387.815745833304
8467 2845.2936616794236 15106.015231435118
8499 2852.835486499664 15372.842917526847
8502 2327.043778952452 15387.011741713555
8504 1916.4832621771563 15378.616666380283
8505 2855.6366149563532 15387.929353323456
8541 2314.2138825933494 15386.812742571505
8559 1822.2402267193215 15382.798429772989
8570 2305.0303217614037 15386.670300210679
8578 2441.218284055233 15583.015850394857
8581 2296.185983262047 15386.533119385198
8590 2242.104077261219 15385.69427762113
8596 2257.112551267701 15385.927067767458
8599 2849.62749953911 15373.06320453195
8615 1899.5726013696506 15378.286292543315
8623 1807.241193215459 15382.525096424637
8625 2853.5469386385366 15108.927069647978
8626 4380.349440830137 15474.64509390986
8631 2832.7759963166914 15113.481248812377
8638 1923.2628435212196 15381.950322589162
8646 1588.1098835924593 17508.1604356235
8659 1837.2392041270527 15383.071762099078
8662 2850.0263710021136 15358.066771754658
8665 3269.1933161369725 15134.516460689616
8677 2849.8269361213606 15365.564956157568
8686 4104.159488236184 15268.454773661328
8706 1777.243216700106 15381.978431377012
8707 1915.6385215988885 15381.801911175959
8712 2197.347992179225 15334.346857156594
8715 1892.6183318269386 15384.735260546535
8722 2341.6159139418946 15417.399763135856
8734 2815.6030214435664 17321.711377314445
8735 1814.7407088127543 15382.661763077771
8744 2167.9982919114245 15386.009276206096
8748 1799.7417139733425 15382.388430434017
8749 1899.579075097144 15381.489305651841
8753 1792.242242940211 15382.251764592993
8754 2855.836049763635 15380.431171682869
8756 3963.6917106109768 16210.722640550784
8762 1909.0119086324871 15378.470702850767
8763 1900.121490105541 15384.702691622691
8764 1754.744657597128 15381.56843119326
8765 2360.146943482083 15387.525191016357
8770 2316.5272924793267 15407.479824761123
8771 1878.331537511294 15389.14997720693
8772 1747.2451776622836 15381.431765190016
8774 1425.537466967994 16456.756915509435
8775 1762.2441904576713 15381.705098160988
8785 1829.7397312411442 15382.93509622429
8786 1769.743657376368 15381.841763927034
8787 1784.7427323643324 15382.115098031367
8788 1849.4411344628875 15422.853057766857
8792 1907.0776834767987 15381.635269985196
8795 2287.642435471881 15386.400603998267
8803 1885.341034502392 15386.5528636626
8806 2835.124975935402 15121.025337174433
8812 2855.2852566330553 17381.522704571267
8817 2222.9530418077557 15403.977088615307
8819 4073.018066378991 15615.278771882973
8820 3660.2149867791886 17386.094571914728
8822 1739.745693424335 15381.295099108354
8830 1104.533491040525 16332.905613249459
8833 2092.248258684967 15408.313358660545
8834 2832.1263581346834 15434.372375053828
8838 3369.7081758046884 15166.322056378202
8846 1831.3371083397842 16606.43851452123
8847 2852.436616002786 15387.839313980558
8853 1849.5200357707229 15415.352053887864
8854 3641.6107686375353 16382.3680980384
8856 1682.396751380034 15396.87364160988
8858 2962.317980039716 16362.64643158856
8866 2831.2335400579655 16354.214252167629
8870 1149.8450024802971 15692.56145324866
8871 2849.2286282910222 15388.059629229008
8872 1724.746745414584 15381.021767317996
8873 2321.0176980065407 15417.130305692062
8876 4314.252661660212 16770.20602632089
8877 2856.6823556805934 15108.23453236825
8878 2831.7702402048285 15441.864875915577
8884 1717.2472439370567 15380.885100922173
8885 2845.298130459395 15416.199968143015
8886 1829.7389306078903 15386.136469384755
8888 2824.580658204703 15525.722968982931
8890 1364.2042937286794 15520.697842936754
8891 3996.6622514605046 15471.03895511536
8892 2335.292154158652 17477.381225144265
8894 3062.912485602288 16850.559703478473
8895 1849.5989375228176 15407.851007773947
8896 2849.428063288828 15380.56144042525
8897 2187.5187477594004 15422.594365148334
8898 4022.272327268707 16175.060509318846
8899 3205.687184282855 15639.62016051967
8900 2858.5332694051494 15403.803072414707
8901 2852.636051381734 15380.341110846928
8902 2230.4465658539148 15403.992166128477
8904 2275.6834384388535 15416.883311106927
8906 4414.908817468123 16392.351992764896
8908 2361.2480096728927 15406.999419226217
8909 1462.9476141100663 15596.761385921236
8910 2332.745475354896 16327.72887276659
8911 2832.482475451342 15426.879887093357
8912 3763.6254634823554 16093.389597162753
8913 2786.7681815201927 15412.923798555747
8916 3669.6980869150716 14956.184012157004
8917 1855.8544262669677 15112.249471102836
8919 2824.7786156391244 17335.54135600858
8920 2379.713222103476 16682.47824236602
8921 3453.088616823972 15626.666134234738
8922 1732.2462217337065 15381.15843325535
8924 3486.025319548767 15608.312897740389
8925 1702.2482447311543 15380.611768198847
8927 2853.034923546422 15365.344651688314
8928 3825.264396044145 15217.81476382243
8929 3178.5769115908474 15594.966160204342
8934 3301.1792882985383 15791.969561037236
8935 1429.4595285330379 16212.60161390022
8936 1369.9951810875461 15434.715533991828
8937 4642.088840302563 16271.43801791747
8939 1993.0205563902368 15406.07381949243
8940 2866.630937435298 15399.29540931297
8941 1849.3622325586218 15430.354118347375
8943 3604.5374117389274 15923.439746363556
8944 1849.283331082831 15437.855138193585
8945 3045.799385293735 17450.74986277099
8947 1709.7477756428245 15380.748435131061
8948 1837.4855040103007 16003.64955843327
8949 3838.111228202045 15203.699167363064
8953 3323.3499451812304 15107.519596690481
8954 1836.091185835464 16356.193222791593
8955 2837.061693213443 16368.217101464039
8956 2852.1526529009584 16367.786967654265
8957 2864.2121649066025 16370.645556808506
8958 3470.502814059065 16049.128343108901
8959 2327.06757446268 15751.014877702844
8960 3950.3514484265006 15732.95249263579
8961 3309.586337307055 15806.127569205655
8962 2507.0044574785143 15515.656621607708
8963 2875.5872450677466 15399.347866108597
8965 3091.393422416455 15574.677799630987
8966 2853.550432872308 15108.935306056153
8967 3530.2475992837626 15385.082345158598
8968 3099.8923397300346 16573.033333409607
8969 2508.217382928102 15468.294915114937
8970 1893.2908952113876 16841.096301938338
8973 3070.372692726127 16481.03464123409
8975 1736.972098557699 16291.923353763614
8976 2801.224919155179 16357.133407616835
8977 1694.7680955524295 15380.9161706098
8978 2844.6072031249632 16368.002033702138
8980 2565.392313974373 15406.213931350185
8981 2841.528434321464 17360.787637673864
8983 2859.698100814863 16367.571901659467
8984 1822.3182110110506 15386.001016020604
8985 2857.781975351336 16353.055911026438
8986 2697.951190690667 15810.488536524446
8988 3989.924932825457 17218.985356207373
8989 1837.159647800933 15386.27192270503
8990 1190.0356965152068 15695.116622145275
8991 1872.2591127560245 15449.391568659186
8992 4000.598022844053 17215.31179080497
8993 1679.8504352201132 15382.500511877914
8994 2188.5507780336784 15495.430292466042
8995 1687.3092649576424 15381.70834128938
8996 4529.814665456895 16119.301746011937
8997 2284.2325974824744 15406.152047669764
8998 1849.2044289458884 15445.356220894284
8999 4147.756035586424 16492.58620761889
9000 1806.5133923266076 15385.712524340966
9001 1424.5874367667145 16482.444205303087
9002 3073.9609453764187 16154.025265979632
9003 1196.158639414597 16282.13601985047
9004 3093.025529768854 15593.892886816095
9006 3096.754938673027 16689.214764403103
9007 1620.8768078351902 16988.531230921577
9008 3304.410196370152 15803.67312314897
9009 3276.879048278103 15827.929580805918
9011 1996.4594363148108 15402.553694370934
9012 3411.9539547780746 16511.742057200045
9013 3525.261003680092 14723.524086935338
9014 3480.6602620113777 17142.36554585546
9015 2967.310399979827 15777.529753861203
9016 4216.356854750587 15202.74753441836
9017 2323.8944704771066 16366.995413192475
9018 1814.897472092534 15385.865562303765
9020 3806.6373107451673 15230.941213300734
9021 4038.5963719033543 16584.452088332986
9023 2896.504930795554 15399.470380297507
9024 1849.04662599096 15460.358260904888
9025 2585.434866422962 16984.20890097257
9026 3463.6079823768164 16078.515922208795
9027 1831.1036529803 16346.620821319657
9028 2863.8198153072913 15419.65134734462
9029 2458.663805707643 16361.049972026063
9030 3179.43512786344 16642.163994667146
9031 2887.108085843737 15399.415343289467
9032 3826.14619874788 15225.495379248665
9033 1929.2942116165611 15396.64453038924
9034 2407.863863199539 16368.320607587873
9035 3638.5886028782884 15218.62839946979
9036 3835.89717883773 15233.257380323892
9037 3166.3143357595395 16648.040235400127
9038 3566.9689597428483 15365.071793193185
9039 3029.0796922496224 17421.731330415743
9040 4393.844215107088 16186.84175725665
9041 4097.165745539885 16407.148615914088
9042 2375.65953223145 16168.642850314274
9043 3045.613310303718 16489.65343858011
9044 1485.4636808613539 15558.031195638005
9045 2645.1977651390516 16362.335603082567
9046 2906.7082914054495 15399.530141040908
9047 4193.324229224773 16085.492197067806
9048 2838.2772731095815 15108.677134431327
9049 3988.2579919929244 15840.240099520155
9050 2912.6766410585487 16366.490805531761
9051 2817.3250668651117 15763.630631907345
9052 1610.9393323560087 16432.457520453867
9053 2867.753690576645 16799.295532889308
9055 898.5036034131766 15479.957893377223
9057 1807.6201954175315 17322.50731279946
9058 1542.8777756105928 16286.431848364897
9060 2419.0792762273472 16360.742243521216
9061 1083.080292468326 16957.616818233248
9062 3483.2663763634673 16111.719702567087
9063 2867.2437821701424 16367.36387636854
9064 3139.9306492231294 16618.416144186587
9065 2817.469211335534 15397.305675275516
9066 3737.6531980950244 16529.11395681755
9068 1849.1255275916749 15452.857229182353
9069 3650.1236688841595 16395.485628468316
9070 3091.091040953294 15441.807911402446
9071 3435.5499747827403 14580.613295918138
9072 2884.932035110162 15417.111981311917
9073 1672.4723577888592 15383.675439862756
9074 1133.252769042212 15678.562215190219
9075 2818.5313956680548 15665.371123461136
9076 2830.8732804739234 15185.43505445156
9078 3144.8311852985216 16663.139290714167
9079 3433.4260255036997 16488.164908113526
9080 1433.356860017917 16052.679011938599
9081 2000.4883473806487 15406.357472983744
9082 2609.994951007282 16934.068685546925
9083 3726.3961572714707 15859.8509673678
9084 4055.1680980093106 16157.206014474847
9085 3526.9362963573963 16027.77813141144
9086 1020.5702277100194 15675.497182187892
9087 3624.0150166209355 15966.868655330287
9088 3060.0579077940943 15400.221463479258
9089 3491.912805506344 17182.409681137753
9090 3687.425620976808 16455.000728752162
9091 1730.4776187576506 17206.292568785175
9092 2853.2343582242033 15357.846474916556
9093 2831.414122976489 15449.357362017867
9094 2450.848372298466 15685.182381627059
9095 1475.1245614342567 16284.79867373955
9096 2056.5799984177315 16352.218537380806
9097 3819.589445644214 15795.13129208751
9098 2719.051430744263 16361.617406261545
9099 1466.8453153714531 15577.941744852033
9100 2031.8779577244545 17263.73960071432
9101 1856.711104843119 15862.608716842611
9102 836.6316582191896 15144.26400504779
9103 2643.139140762387 16346.555195746005
9104 3657.971262792538 16408.006429987872
9105 3157.1220188423076 14967.276035653213
9106 2009.4629568150265 15409.901417394334
9107 1878.3004043982146 15228.369401699943
9108 4257.268635590297 15556.283008350902
9109 1155.3403142065454 15629.275549249034
9110 3766.232059667281 15252.995732702624
9111 4276.681377205225 16034.596922821218
9112 2142.5176840678605 17216.41041177225
9113 3301.661974622965 15810.269669230496
9114 1426.8576088209688 15959.787726116387
9115 3190.869363204501 16635.763329603433
9116 2639.7730807629964 15697.519894289286
9117 3273.159398491656 15407.162701677133
9118 1861.628015423614 15762.475371132465
9119 4606.0621672893085 15885.082465015286
9120 1190.145161636268 15681.14392866146
9121 816.6286452605007 16947.509700877432
9122 3173.4402288023475 17063.57294155739
9123 1178.5279710133439 16848.54921740785
9124 3367.6890333669176 15906.444180864117
9125 1536.5052746707447 15880.045474553552
9126 3187.944380623541 15604.226890095482
9127 3583.9509012195203 14811.95825793203
9128 1283.7935966575412 15804.161638160136
9129 994.4150687227855 16130.633270810518
9130 1596.6407658047383 16975.619568604143
9131 2158.6693524340194 17202.076057002938
9132 3364.600937023416 14470.738130868824
9133 3627.24913826496 15983.498248576308
9134 2533.6929040773275 16976.393465797166
9135 1162.1752961028524 15446.260391329302
9136 3665.892081231514 15626.129952440646
9137 1046.0415516663716 15678.942905735787
9138 3566.489607044014 14783.824161281571
9139 3761.342749067545 15820.320671454732
9140 3367.4594796427655 15428.117384093874
9141 3255.3479868829654 17178.180695943098
9142 3159.1050579335174 17424.93868230754
9143 1158.685106445247 16299.241288160249
9144 1685.5583052171721 16411.394098800123
9145 3371.359076134369 17394.837264083435
9146 4069.529388396396 15400.477054323037
9147 716.534836743598 17111.650024652594
9148 3767.5793167280294 16529.816624562514
9149 3349.5898046327916 17357.94379813608
9150 3100.773791252329 15919.31927004964
9151 1065.7390272341768 16186.39133105489
9152 3466.693077897903 15394.851848088923
9153 3862.785662993953 16727.04097295496
9154 3373.4228119672707 16990.246225541196
9155 4156.7466877293 16083.680550140873
9156 871.0822566300059 17092.325293062455
9157 1819.16868182971 17400.842277819793
9158 3522.4707734306803 14692.719033497959
9159 2827.479259680947 16173.040234818704
9160 1838.1426520347309 16776.09475912245
9161 2862.6498522167485 17020.31669950739
