6739 4052.2076295923034 16141.210213643611
6761 3874.8823833348206 16671.924153412518
6994 2757.40799509138 15399.04753452003
7050 2772.403374520958 15399.412070458078
7052 2779.9010380429854 15399.594337790359
7115 2749.910317320991 15398.865266841374
7119 2719.9195808994973 15398.136195510735
7158 2727.4172462217957 15398.31846288678
7195 2734.9149228532096 15398.50073053775
7198 2742.4126344323863 15398.682999038294
7237 2712.4218937943974 15397.953927605153
7256 2683.090982787139 15397.204512717959
7263 2638.101039606442 15396.010885295755
7269 2645.599381921186 15396.209823688987
7273 2675.592618959831 15397.005573753977
7274 2653.0976768100622 15396.408760823962
7280 2690.5892898372094 15397.403450175583
7335 2817.3894423205224 15400.505676558638
7340 2660.5959705329537 15396.607697928004
7360 2809.891765006014 15400.323408891063
7430 2817.5491278196628 15394.105675411267
7452 2555.6197120435686 15393.822574588108
7478 2802.394100156958 15400.141141526523
7499 2474.6282670974147 15388.952402434294
7508 2347.117821017021 15387.323101761724
7546 2548.12139370663 15393.623636831031
7559 2332.117135704609 15387.090432422565
7563 2482.129003787008 15389.038508837575
7570 2317.116528523148 15386.857764295262
7594 2794.8964084535532 15399.958873509157
7603 2764.905701629994 15399.22980289804
7617 2467.127526291587 15388.866295983757
7619 2272.1145767938474 15386.15975789411
7622 2787.398742782472 15399.776606124631
7648 2279.614937748442 15386.276092847507
7650 2294.6155796967296 15386.508761514064
7660 2459.6267920644464 15388.780189608744
7672 2242.113308844459 15385.694420808348
7675 2302.115904240896 15386.625095902715
7683 2264.6142771120767 15386.04342389109
7728 2452.1260684324684 15388.694083355358
7730 2257.113967226313 15385.927089729797
7733 2630.602688401717 15395.811946666663
7748 2339.617489622858 15387.206767266825
7804 2234.612782415162 15385.578083288341
7806 2623.104403815093 15395.613009805016
7815 2249.613613055296 15385.810754881617
7832 2145.479477346836 15385.543396697545
7835 2152.9857987028913 15385.698690898062
7841 2227.1124801863384 15385.461749245813
7856 2668.094291327026 15396.806635750272
7857 2160.4920467275124 15385.853983581463
7870 2167.9982894086115 15386.009276154316
7986 2615.606113652178 15395.414072795424
8020 2137.9730405432965 15385.388100108597
8028 2444.625282410752 15388.607976385758
8047 2130.466469680859 15385.23280074618
8079 2608.1077854686796 15395.215134777109
8080 2600.609479464778 15395.016197347239
8101 2122.9562081370514 15385.077425029262
8125 2056.4574552961662 15384.7182248318
8127 2088.6762520484685 15384.695904917182
8130 2010.2588364140363 15384.750229417103
8131 2073.3716224184036 15384.70650736237
8132 2096.1977493568925 15384.690694319808
8141 2429.62379943046 15388.435763468975
8148 2437.1245771032695 15388.521870342733
8157 1990.0908666466944 15384.764200992971
8161 2029.412028546989 15384.736960839247
8180 2081.109466083986 15384.701146888754
8188 1944.82824946769 15380.857238579905
8215 2585.6128542394595 15394.618322136826
8222 1973.453445528974 15383.89324422277
8240 2593.1111345757517 15394.817258885709
8241 2578.1145593116535 15394.419385000818
8270 2540.623088172876 15393.424699413636
8273 2065.122159103923 15384.71222226595
8275 2533.1247919295956 15393.225762242726
8315 2570.616281563182 15394.220448320593
8319 2563.1180023931215 15394.021511602652
8321 2044.1302832914862 15384.726764611507
8325 4373.547573040209 17074.186356204293
8353 2392.119993640597 15388.005230048111
8363 1957.8730386530244 15382.240776826835
8371 2215.4599574106646 15403.962011986741
8403 2422.1230582966828 15388.349657014674
8432 2414.6222924385916 15388.263550276546
8447 2407.121498406498 15388.177443214987
8467 2845.2936616794236 15106.015231435118
8499 2852.790095076699 15374.549505955207
8502 2384.6194559785213 15387.90477389484
8504 1933.062359482535 15379.609341157238
8505 2862.4285342797416 15395.885488173444
8541 2377.119089169502 15387.788438850635
8559 1822.2402267193215 15382.798429772989
8570 2369.618721159734 15387.672103787809
8581 2362.118420330372 15387.555769766986
8590 2309.616216938486 15386.74143010762
8596 2324.6168295353577 15386.974098318919
8599 2849.5978049259525 15374.179637547011
8615 1901.3043223724583 15378.3201241788
8623 1807.241193215459 15382.525096424637
8625 2853.5469386385366 15108.927069647978
8631 2832.7759963166914 15113.481248812377
8638 1924.5568765188493 15378.807235674285
8659 1837.2392041270527 15383.071762099078
8662 2850.0263710021136 15358.066771754658
8677 2849.8269361213606 15365.564956157568
8706 1777.243216700106 15381.978431377012
8707 1916.2593506817466 15381.813995938708
8715 1892.6183318269386 15384.735260546535
8734 3504.3602237629016 17322.891602666674
8735 1814.7407088127543 15382.661763077771
8744 2287.1152429440845 15386.392426936052
8748 1799.7417139733425 15382.388430434017
8749 1900.0596160081907 15381.498659631965
8753 1792.242242940211 15382.251764592993
8754 2855.7163208451148 15384.932638557852
8756 4101.983488142256 16947.359848705844
8762 1916.6183308074767 15378.619305138292
8763 1900.121490105541 15384.702691622691
8764 1754.744657597128 15381.56843119326
8765 2399.6207430434542 15388.09133659734
8770 2215.3610937850713 15410.362012129859
8771 1878.331537511294 15389.14997720693
8772 1747.2451776622836 15381.431765190016
8774 1043.7236504474836 16366.099823218145
8775 1762.2441904576713 15381.705098160988
8785 1829.7397312411442 15382.93509622429
8786 1769.743657376368 15381.841763927034
8787 1784.7427323643324 15382.115098031367
8788 1849.4411344628875 15422.853057766857
8792 1908.7756548913762 15378.466087297547
8795 2354.6181187946104 15387.43943573521
8803 1885.341034502392 15386.5528636626
8806 2835.124975935402 15121.025337174433
8817 2222.9530418077557 15403.977088615307
8822 1739.745693424335 15381.295099108354
8833 1893.3338391819639 15402.504886960262
8834 2832.1263581346834 15434.372375053828
8847 2851.8507221301993 15401.206255121147
8853 1849.5200357707229 15415.352053887864
8854 4298.8010753899225 16999.877223856627
8856 995.3067421759457 16118.069859399584
8858 3577.354987771427 17270.81424419283
8866 3602.2968359527663 15944.065868314361
8870 1048.1687875501648 16410.054674077124
8871 2848.708890776239 15399.90968022868
8872 1724.746745414584 15381.021767317996
8877 2856.6823556805934 15108.23453236825
8878 2831.7702402048285 15441.864875915577
8884 1717.2472439370567 15380.885100922173
8885 2339.957912262015 16237.561666364309
8886 1829.7389306078903 15386.136469384755
8888 2822.892475008968 15426.419896400628
8895 1849.5989375228176 15407.851007773947
8896 2849.302206531911 15385.29329659882
8897 1908.377079064645 15402.72797858526
8898 3170.0981965943774 16647.390629242487
8899 2901.5112615195176 15417.861241610311
8900 2505.7880923850134 15563.15263759619
8901 2852.4727714194705 15386.479973124833
8902 2230.4460684715236 15403.992165127709
8904 2038.5160133332845 15738.140289272184
8908 1901.1486818504054 15396.218376462979
8909 937.3417522454469 15081.905001549952
8911 2832.482475451342 15426.879887093357
8913 1916.004178592724 15399.639524504353
8919 3483.3535834442737 17470.457342726037
8922 1732.2462217337065 15381.15843325535
8925 1702.2482447311543 15380.611768198847
8927 2853.034923546422 15365.344651688314
8929 2901.2687569949117 15421.053752232554
8934 3510.6970565806682 16151.766426407783
8935 2301.5105972505107 16356.992094814983
8939 1908.50315516343 15399.527978742994
8940 2366.5872397699736 15417.726427816277
8941 1849.3622325586218 15430.354118347375
8943 4353.631001002029 15708.098087604365
8944 1849.283331082831 15437.855138193585
8947 1709.7477756428245 15380.748435131061
8949 3515.8059765152293 15788.318927161192
8954 1281.6528025589316 16234.76361197066
8955 2828.9355355287357 15434.227730373097
8956 2815.2438868134873 15739.554032928885
8957 1961.4386715797073 16357.60279694951
8958 3969.597906279736 15466.457178280009
8961 3742.7633376154154 15850.406621145348
8963 2636.519841759423 15800.387554543939
8965 2886.295383797539 15420.356026884741
8966 2853.550432872308 15108.935306056153
8967 2878.9238816180855 15416.925835488497
8968 2117.8206514934823 16362.63018458256
8969 2224.468096815826 16655.658636308508
8975 2336.0284043777497 16451.439625585175
8976 3610.408285134381 15959.198668407147
8977 1694.7680955524295 15380.9161706098
8978 2826.870333350748 15544.955883834264
8980 1893.6682594231686 15396.10511473318
8981 3805.873987290655 17105.85604669615
8983 2809.498127800305 16288.355336364406
8984 1822.3182110110506 15386.001016020604
8988 3825.8927409505686 17283.70923489364
8989 1837.159647800933 15386.27192270503
8990 1066.840852405225 16264.571062857975
8991 1854.5954392155684 15392.031341615419
8992 3886.233752297699 17251.88612752747
8993 1679.8504352201132 15382.500511877914
8994 1900.855450795559 15402.616432649262
8995 1687.3092649576424 15381.70834128938
8997 1901.0021078999828 15399.416432627202
8998 1849.2044289458884 15445.356220894284
9000 1807.4767369468318 15385.730108655795
9001 1056.7376873356056 16359.38931956085
9004 2893.7864129056825 15420.609561706298
9006 2924.100700686776 17216.21612474914
9007 1026.560737124545 17085.758906354655
9008 2908.7660070351403 15421.498827652922
9012 2600.274420279554 16962.157517701737
9014 2834.6414154205327 16366.773680358789
9017 1319.5391169910806 16612.09321963913
9018 1814.897472092534 15385.865562303765
9020 2295.06193139502 15406.271198749682
9023 2507.6768738284827 15489.400444182313
9024 1849.04662599096 15460.358260904888
9026 3090.4690926846556 15429.035606100437
9027 2981.8773234578216 16371.230999010046
9028 2863.8198153072913 15419.65134734462
9029 3058.349149844662 16128.934373887492
9030 2357.7977598349503 16367.694837570098
9031 2830.660051114317 16347.81493638405
9032 2964.7084900114955 15399.023563993514
9033 1113.8086559531491 15366.232022399214
9034 1866.8317907064845 16754.48498010022
9035 3592.073505538902 15351.432761221418
9036 3257.5772920043732 15405.065667206998
9037 2349.5178162376874 16367.591347581785
9038 2886.425285055466 15417.158245482931
9039 3795.6854385314314 17649.230936399017
9043 2044.663573031626 16361.083654089118
9044 1665.3291141047407 15385.96360084775
9045 3541.7872882906245 16428.724503676727
9046 2509.019584483842 15436.970949867162
9047 3183.1899443577995 16640.062120598683
9048 2838.2772731095815 15108.677134431327
9049 3698.3819739655505 15308.765120315158
9050 2842.981547566737 16353.504260353466
9051 2831.0580052469263 15456.849858665582
9052 2283.0345129961447 16356.654433033642
9055 1646.303700306916 15393.642835279303
9057 1345.2311409583808 16678.73599546039
9058 2319.898842950204 16357.328151292819
9060 3315.310530673653 16554.025951405885
9062 3879.0525619009395 15639.591105429057
9063 2809.9976944153254 16317.045610765837
9064 3323.3006296897856 17151.930263543883
9065 2817.469211335534 15397.305675275516
9066 4204.736426542622 16837.496807963715
9068 1849.1255275916749 15452.857229182353
9069 3373.2205413387137 15923.3450583851
9070 2871.3116649769304 15419.886240321059
9071 3816.9255073585377 15192.274824442424
9072 2863.921074416087 15416.46101548949
9073 1672.4723577888592 15383.675439862756
9074 1479.662818037388 16284.908067302906
9075 2829.29240735259 15426.729913500849
9076 2836.521844046737 15131.805884229549
9078 2562.03895892457 16986.825140692872
9079 4122.426530677597 16539.56869957698
9080 1520.6811354484794 16840.36394428778
9081 1908.629109767416 15396.3316382759
9082 2812.5569974974514 15654.661797097244
9083 3050.964025822868 16488.9827158208
9084 3176.6434160089234 16643.72674127872
9085 3147.846690071346 16631.164149601776
9086 1422.0395528818349 16329.343012538055
9088 2982.2564068996953 15598.872118896406
9089 2848.0228743068437 16367.904677689743
9090 3459.2217506473066 16071.107408825346
9091 1443.584545565314 15907.632223575225
9092 2853.2343582242033 15357.846474916556
9093 2831.414122976489 15449.357362017867
9094 2057.6213528024596 16746.489561443115
9095 2312.2300495106983 16357.187999385204
9096 3064.2984472298217 16490.541767482322
9097 3694.7981273361947 15302.129114660356
9098 3654.9784035536136 16397.191977570496
9099 1658.1859257948254 15388.25174409499
9100 2585.2341232098443 16947.710344755156
9101 1478.4652888115495 16703.21475947304
9102 987.6351046139986 15609.420960710877
9103 2001.6802770913243 16777.38386255749
9104 3405.3532849975722 15982.562801874032
9105 2863.9693372709753 15110.582878845216
9106 1893.5010522569344 15399.3048863868
9107 1857.4417327951433 16313.666549957237
9108 3856.320755939312 16270.018348247657
9109 1433.303534247521 15988.853657513622
9110 2893.925815823608 15417.409639567428
9111 4024.1371504477547 16901.19091631177
9112 1504.196390782252 16820.480815965664
9113 3468.203599852367 16050.357152215114
9114 1479.1870782601625 15564.743417774567
9115 2388.207661466344 16368.074927159772
9116 2406.279832118055 15418.163230884553
9117 4109.121157802303 15627.58263964191
9118 2375.671228999056 16360.016743855462
9119 3955.8696368527812 15777.802765746077
9120 962.7094364305581 16013.343834566936
9121 1811.7522108342189 16350.062422080593
9122 3487.355182130553 17126.028852775908
9123 1730.9467531102166 16381.828969065464
9125 1334.565874680602 16042.2687579609
9126 3497.5340923696976 16034.681546092814
9127 3868.7237157769578 15238.29293242102
9128 1287.0691325724345 15681.08882200732
9129 1636.3732804006552 15403.675786392487
9130 2531.924910970288 16981.239276188026
9131 1829.3846205517827 16730.487395869884
9132 3735.748449402821 15056.467913202374
9133 3014.439241352869 16413.426311807216
9134 2223.8048732611824 15654.290046924612
9135 1376.2387785672317 15658.765687735513
9136 3590.7895191700386 15993.229323776666
9137 1800.055924161045 15385.594653590628
9138 3854.328622700511 15212.944777941226
9139 3533.044323219858 16189.507284400595
9140 2871.42251941625 15416.693426771631
9141 3495.716198068267 16872.72756676369
9142 2320.456017277826 16604.795744061346
9143 1820.2469695472503 16333.643955350479
9144 2233.117977927478 16355.742177713862
9145 3961.593118160776 16857.153252669676
9146 3711.9687609659018 15286.259556299294
9147 1808.8750004601447 16876.01504725254
9148 3541.5157668156335 16210.105153987553
9149 3152.2462966438425 16662.14508804121
9150 3454.6049531253984 16054.90594863804
9151 1442.3843687636218 15606.51344550491
9152 4257.97425422266 15950.87799776383
9153 3463.0506738166023 16077.574606705723
9154 3033.8385882638368 16470.880440834746
9155 3896.270937322258 15670.13814444685
9156 1463.0020521638007 16517.82034011947
9157 1599.1980808549079 17009.14882662329
9158 4202.803334632456 15856.028260493933
9159 2812.020533980076 16350.267881640508
9161 2593.724160111207 16965.812259186554
9162 3347.351872759845 15876.414191118381
9163 2842.5002084165917 17265.406396553502
9164 3375.5679860092114 15920.96590301988
9165 908.5797420089664 15732.920496472258
9166 4024.495151643596 15688.947301419003
9167 3439.346980005204 16032.230239586108
9168 4110.787194240598 17177.385836179215
9169 2362.218810359776 16654.397137277123
9171 3057.677843307605 16710.292997103035
9172 3499.582291135048 15768.092503774555
9173 1869.4994037231352 15326.766058842302
9174 3478.9306380134785 16884.681346494945
9175 2337.6859051693345 16349.980223780833
9176 2512.0946164270736 15361.221623434305
9177 2656.598368560793 14735.218232852376
9178 2878.8035045285974 15420.12113298027
9179 3488.1178728118375 16457.74966131895
9180 1796.6533803227076 16312.85862091109
9181 2496.59852375113 16999.133118011974
9182 2840.5316465523706 15708.329630161541
9183 3081.95800948603 15400.79084100365
9184 3600.3662304173654 16619.18877806686
9185 1970.9708308832442 15403.697430670327
9186 3310.3992756942366 17288.655082952682
9187 2183.0779214161576 17220.805349564682
9188 2867.64655291102 15399.301357739
9189 2635.9704448959465 16163.7972587557
9190 1422.9648777295488 15973.71862712107
9191 3171.037503805251 14988.887766825692
9192 3446.5325374788954 16043.715079423324
9193 3577.714841410424 17591.002360740116
9194 1832.0552959452123 16171.142533587152
9195 4398.041340864316 15970.7935805172
9197 4472.314793233205 16972.36201961012
9198 3518.95108416565 15799.537038581153
9199 1747.4979919358727 16907.23075533828
9200 1957.183499273341 17300.675443974284
9201 1107.9399836261446 15672.004724633503
9202 4287.466841984144 16005.621531512974
9203 2194.8262449399044 17181.736293728743
9204 877.4904243661068 15751.272311563895
9205 4463.911299090179 15413.86668416541
9206 2860.533498478158 14544.216982876833
9207 3123.4407859323637 17433.48470805224
9208 3310.32608856952 16981.62266670671
9209 998.3788191311697 15356.090516832113
9210 3449.67942772329 16055.0970192934
9211 4128.219436880939 17605.127562976857
9212 1161.8285444006115 15847.950412238912
9213 4301.773247922514 15168.16595223449
9215 3786.766283742652 16268.684615714166
9216 3090.072774267821 16173.873708558345
9217 3414.1234137032907 17226.57585812498
9218 2039.2649579861936 15564.155499131757
9219 1973.157127744766 15578.609273698452
9220 3996.08110988766 15855.32010644657
9221 4494.435336208409 17003.411832973947
9222 4677.292531520826 15493.1935168606
9223 3480.718080633794 15737.468559114976
9224 1839.8552905547513 16391.063803296827
9225 2930.1939161226064 16160.949227387824
9226 1564.9515914105739 15047.003217420186
9227 4596.472016556537 16598.493732163613
9228 3973.113233695988 15982.09502118938
9229 1851.1962731817432 17219.22205996914
9230 965.7419881571753 15595.32337261096
9231 3610.6755636807425 15175.2435328067
9232 3453.6164737272225 16899.88878039295
9233 2899.404428975894 14509.306049043098
9234 1891.9643169767724 17351.983911505955
9235 3466.1575879114926 15395.034730418434
9236 4141.495722665584 16949.06724543309
9237 2396.3324143410573 17549.521965206735
9238 2936.7344208667423 15399.802578667965
9239 1327.2416006824058 15241.895041399988
9240 1740.9498471616087 16662.692445784236
9241 3227.439826217717 15337.774372888085
9242 1853.9870039688349 16127.246202632226
