6994 2758.0054139886047 15399.062057704265
7050 2774.467901968178 15399.462258881327
7052 2782.830128768299 15399.665543646817
7115 2750.0461494585625 15398.868568904914
7119 2719.9195808994973 15398.136195510735
7158 2727.4172462217957 15398.31846288678
7195 2734.9149228532096 15398.50073053775
7198 2742.4126344323863 15398.682999038294
7237 2712.4218937943974 15397.953927605153
7256 2683.090982787139 15397.204512717959
7263 2638.101039606442 15396.010885295755
7269 2645.599381921186 15396.209823688987
7273 2675.592618959831 15397.005573753977
7274 2653.0976768100622 15396.408760823962
7280 2690.5892898372094 15397.403450175583
7335 2852.687224110989 15438.311135480186
7340 2660.5959705329537 15396.607697928004
7360 2826.535700402514 15400.676560897395
7430 2853.5489096762753 15346.020234777767
7452 2555.6197120435686 15393.822574588108
7478 2812.582856797368 15400.388829020987
7499 2474.6282670974147 15388.952402434294
7508 2347.117821017021 15387.323101761724
7546 2548.12139370663 15393.623636831031
7559 2332.117135704609 15387.090432422565
7563 2482.129003787008 15389.038508837575
7570 2317.116528523148 15386.857764295262
7594 2800.3525131909278 15400.091510783715
7603 2766.3037161101224 15399.263788468215
7617 2467.127526291587 15388.866295983757
7619 2272.1145767938474 15386.15975789411
7622 2790.9018739109015 15399.861766836837
7648 2279.614937748442 15386.276092847507
7650 2294.6155796967296 15386.508761514064
7660 2459.6267920644464 15388.780189608744
7672 2242.113308844459 15385.694420808348
7675 2302.115904240896 15386.625095902715
7683 2264.6142771120767 15386.04342389109
7728 2452.1260684324684 15388.694083355358
7730 2257.113967226313 15385.927089729797
7733 2630.602688401717 15395.811946666663
7748 2339.617489622858 15387.206767266825
7804 2234.6129868855587 15385.578086459795
7806 2623.104403815093 15395.613009805016
7815 2249.613613055296 15385.810754881617
7832 2145.479578289287 15385.543398785889
7835 2152.9857987028913 15385.698690898062
7841 2227.11264078636 15385.461751736811
7856 2668.094291327026 15396.806635750272
7857 2160.4920467275124 15385.853983581463
7870 2167.9982894086115 15386.009276154316
7986 2615.606113652178 15395.414072795424
8020 2137.97327928852 15385.388105047869
8028 2444.625282410752 15388.607976385758
8047 2130.46705581817 15385.232812872455
8079 2608.1077854686796 15395.215134777109
8080 2600.609479464778 15395.016197347239
8101 2122.9608355751297 15385.07752076381
8125 2058.656056771126 15384.716701727211
8127 2088.689566924471 15384.69589569316
8130 2036.1309281454685 15384.732306249985
8131 2073.672787924346 15384.706298726758
8132 2096.1979365970356 15384.690694190096
8141 2429.62379943046 15388.435763468975
8148 2437.1245771032695 15388.521870342733
8157 2028.6225661890708 15384.737507747705
8161 2043.6393106167593 15384.727104738056
8180 2081.181193509437 15384.701097198817
8188 2006.0974420158664 15384.753112267395
8215 2585.6128542394595 15394.618322136826
8222 2021.114181544714 15384.74270926114
8240 2593.1111345757517 15394.817258885709
8241 2578.1145593116535 15394.419385000818
8270 2540.623088172876 15393.424699413636
8273 2066.1644216204027 15384.71150022749
8275 2533.1247919295956 15393.225762242726
8315 2570.616281563182 15394.220448320593
8319 2563.1180023931215 15394.021511602652
8321 2051.1476770996296 15384.721903237201
8353 2392.119993640597 15388.005230048111
8363 2013.6058073745533 15384.747910767319
8403 2422.1230582966828 15388.349657014674
8432 2414.6222924385916 15388.263550276546
8447 2407.121498406498 15388.177443214987
8467 2845.2936616794236 15106.015231435118
8499 2355.3196521689474 15904.450243241272
8502 2384.6194559785213 15387.90477389484
8504 1998.5890744410672 15384.758313769005
8505 4300.845010983888 16005.23687088104
8541 2377.119089169502 15387.788438850635
8559 1916.483475657811 15378.616670550931
8570 2369.618721159734 15387.672103787809
8581 2362.118420330372 15387.555769766986
8590 2309.616216938486 15386.74143010762
8596 2324.6168295353577 15386.974098318919
8599 2337.795587922334 16339.954407691795
8615 1968.6289023110846 15383.381550245114
8623 1901.5407887042807 15378.324743885283
8625 2853.5469386385366 15108.927069647978
8631 2832.7759963166914 15113.481248812377
8638 1991.0806965036766 15384.763515277795
8659 1931.2962193543144 15379.422023264851
8662 3150.3399116444116 16629.106744900906
8677 3580.0612864446853 15555.91191953824
8706 1822.2402313820432 15382.79842985796
8707 2688.8235127976964 15188.280324516109
8735 1909.0121581602734 15378.470707725648
8744 2287.1152429440845 15386.392426936052
8748 1892.9251268231521 15378.194802377875
8749 1961.1623773043068 15382.58964607773
8753 1837.2391992304247 15383.071762009846
8762 1983.5723075766834 15384.768716794197
8763 1953.695856545278 15381.797742360863
8764 1799.7417382618607 15382.388430876637
8765 2399.6207430434542 15388.09133659734
8771 1938.7627479850764 15380.213927816598
8772 1792.2422526413875 15382.251764769782
8775 1807.2412591856041 15382.525097626838
8785 1923.9495268251158 15378.76830300161
8786 1814.7407270712317 15382.661763410502
8787 1829.7397023045942 15382.935095696968
8788 1849.4411344628875 15422.853057766857
8792 1976.095466432799 15384.173458561054
8795 2354.6181187946104 15387.43943573521
8803 1946.2292462756172 15381.005829150445
8806 2835.124975935402 15121.025337174433
8817 2215.45994286138 15403.962011957467
8822 1784.7427700472656 15382.115098718077
8847 2337.5710921574628 16355.141391280486
8853 1849.5200357707229 15415.352053887864
8871 1893.333778560852 15402.50488606125
8872 1769.7437119800686 15381.8417649221
8877 2856.6823556805934 15108.23453236825
8878 3161.497848036375 15406.98049053525
8884 1762.2441437128507 15381.70509730914
8886 3514.4021348350784 15369.560207452489
8888 2837.687294937434 15154.418098071808
8895 1849.5989375228176 15407.851007773947
8896 2337.7115487129854 16347.63621393893
8898 2588.326763915148 17414.290005893305
8899 2901.417497624427 15417.855659345501
8900 2569.7330090358532 16959.6985858406
8901 2320.713464936227 16366.796277529822
8902 2222.952972172638 15403.977088475196
8908 954.8407622214745 15996.511190771293
8911 3168.9693617927305 15407.650968932652
8913 944.2718564243904 15973.902219823343
8922 1777.2432670982887 15381.978432295438
8925 1747.24520326215 15381.431765656533
8927 3496.665710227948 16128.06979009445
8929 2901.2687569949117 15421.053752232554
8941 1849.3622325586218 15430.354118347375
8944 1849.283331082831 15437.855138193585
8947 1754.7446756177885 15381.568431521657
8955 2836.9103288792066 15139.34331216958
8956 2838.07577740301 15161.955480089082
8965 2886.295383797539 15420.356026884741
8966 2853.550432872308 15108.935306056153
8967 2878.9238816180855 15416.925835488497
8977 1739.7457367252573 15381.295099897445
8978 3139.083392655209 15404.969063050454
8989 3761.351802701403 15236.642767293759
8992 3453.1200917066976 16060.698140414335
8993 1724.7467477224225 15381.021767360053
8995 1732.246219519891 15381.158433215007
8997 931.8017517644029 15947.482904652334
8998 1849.2044289458884 15445.356220894284
9000 3486.3211062229484 15385.25358085845
9004 2893.7864129056825 15420.609561706298
9008 2908.7511502343864 15421.497945676623
9018 3456.3491768468184 15398.384531740276
9024 1849.04662599096 15460.358260904888
9026 2908.909180004666 15418.30167915807
9028 2863.8198153072913 15419.65134734462
9035 1436.1967190588912 15995.702973493333
9038 2886.425285055466 15417.158245482931
9044 1709.7477031245498 15380.748433809531
9046 1825.111163707669 16798.50437747905
9048 2838.2772731095815 15108.677134431327
9049 3010.212868707757 15331.089261958066
9051 3146.554886136904 15405.639539628448
9055 1694.7680816992608 15380.916172081088
9060 4487.7674471935725 16989.901166380438
9063 3131.611888065038 15404.298585475606
9065 2848.218816987512 15409.595377741809
9068 1849.1255275916749 15452.857229182353
9069 2916.233550087656 15421.942139513321
9070 2871.3116649769304 15419.886240321059
9071 2923.715961648668 15422.386334045052
9072 2863.921074416087 15416.46101548949
9073 1717.2472319693031 15380.88510070408
9074 2330.0318966342084 16359.785594057503
9075 2837.2988113455385 15146.880694201529
9076 2836.521844046737 15131.805884229549
9081 3118.931060911451 15406.764667556023
9083 1771.135033592642 16909.220039513082
9084 1850.4155832851059 16355.525936755566
9090 4416.496804630117 15333.058237393652
9092 1893.5010166202317 15399.304885856856
9093 3154.026362473605 15406.310014667884
9097 2916.4008610579344 15418.747698891639
9099 1702.2482238661257 15380.611767818615
9100 3727.9892814705318 15850.849915199762
9102 1665.3291518392068 15385.963588760449
9104 2931.3843471464133 15419.639745740082
9105 2863.9693372709753 15110.582878845216
9108 3528.6790190838647 17449.362766020815
9110 2893.925815823608 15417.409639567428
9116 908.3592558766672 15898.18887247031
9118 3190.6110067212976 16692.382492260404
9126 4428.8539799831115 15353.464697623607
9127 3370.015148551896 16534.474624434424
9128 1679.8504693177583 15382.500508256548
9129 3385.721788511362 15408.02138381104
9130 4413.309644446964 15826.69362966228
9132 3178.3664972901283 15256.215299671627
9134 1221.1780521954274 15066.457852143523
9135 2261.149343361076 16356.25446812429
9136 2595.2742212027388 16968.61219935953
9137 3423.920830393187 15405.522442793446
9139 4312.956794323378 17296.0509854152
9140 2871.42251941625 15416.693426771631
9143 3028.522663080912 16430.79561529239
9144 3184.465693803853 16622.108714740516
9145 4105.217486009025 15629.749608701228
9146 1900.251230765869 15396.204788077666
9147 2817.409030376321 15761.835024611953
9148 2938.7069188976825 15423.276664948788
9149 2829.2921380363273 15426.735571790143
9150 4339.010524730767 15218.209699902725
9151 1687.3093022299374 15381.708337330849
9152 4372.625253993725 16416.832986805257
9154 2030.075233485033 16127.525330079188
9155 2230.999620747806 15405.566345288029
9156 2317.6903949234948 16357.28779054947
9157 1279.334728533416 15156.330577094326
9158 3479.915307141582 17114.519005262286
9161 1844.8128150757186 17049.245520257642
9162 3116.6688106215133 15402.957624200115
9164 4017.7601058353675 16896.82077514311
9165 1587.4454374790698 16971.308276513024
9166 2808.9481746736074 16848.500174500525
9167 4049.8139934384885 16916.415369706672
9168 3930.1405850854003 17239.562500322198
9171 1859.6660549225178 17370.10627884994
9175 721.4859704305751 17121.530602952233
9176 2840.6195278415803 15400.903731481121
9177 2847.518477710969 15094.408695325677
9178 2878.8035045285974 15420.12113298027
9179 4845.375940963126 16422.99217534443
9180 2796.018968632937 16357.631031704339
9181 3519.812149731134 15800.935014324967
9182 3232.429718142241 17031.953774970872
9183 2880.0006991914697 15399.373715562466
9185 1900.2667509894459 15381.502691622693
9186 2943.573246392138 16256.871827851619
9187 2880.9496019263 16352.354094164459
9188 2865.0008729366027 15399.285862079469
9189 2583.434151308334 16961.824087524652
9190 1316.4073377086297 15267.659003762079
9191 2849.2366146546588 15387.75936466632
9193 3622.1446866492956 16377.996334325135
9195 4661.22612241368 15164.808960537926
9198 2094.1071311101555 15397.529784073722
9199 3006.1480404929157 16297.055392817645
9200 2799.922117040543 16277.409954435365
9201 1672.4724383688067 15383.675414050967
9202 4009.434009488364 17174.5953910628
9203 2331.682103173287 16074.333056192969
9204 1829.7389083691662 15386.136468978822
9205 3020.7958849570896 16417.83565722828
9206 2841.6506928997273 15080.60100742136
9207 2561.6941613448726 16990.677489920592
9208 2826.3652986483507 15555.581501433642
9209 1644.5651979682564 15394.488354511946
9210 2923.8926399191805 15419.193724448238
9211 3137.812025386986 16635.73284207166
9212 1751.8413153857773 15384.714573043906
9215 4367.979840843055 15359.590226964907
9216 2593.72420913857 16965.812231831558
9217 2824.7258136068062 15591.369046923395
9218 1900.121490105541 15384.702691622691
9219 1897.4958165948046 15387.85475701903
9221 3540.7857574973646 16208.872140289703
9222 3932.0267220094906 15403.175281256234
9223 2931.198303472992 15422.830524436851
9224 1657.9814212490437 17073.202963732252
9225 3431.337956963424 17222.668620250097
9226 1651.3104660888648 15391.207798714875
9227 3344.024071275428 16548.562863105184
9228 2871.332896572649 16370.473343919874
9229 1896.7395638277144 16345.521225164342
9230 1658.1858978196365 15388.251753056149
9231 3618.8708391748023 15336.873444935673
9233 2838.7167950042485 15073.697150550825
9234 2823.7248470292698 16362.423191519501
9235 3821.553870827979 16289.218392276289
9236 3427.771529420325 16019.760388405477
9237 3680.181897799361 17182.071127230785
9238 2872.50080899221 15399.329788955258
9239 1837.1596922834608 15386.271923516986
9241 2887.500587914275 15399.417642161026
9242 2441.359388095276 16360.922222377305
9243 3124.1403651112028 15403.628106252843
9244 1160.9156243729533 16462.426592304808
9245 2351.950585224202 16637.91512500184
9246 3164.5424525670232 16220.668226867972
9247 2297.3945399294034 16356.916871340787
9248 2230.878270503053 16355.701245685832
9250 2817.7225853458704 15685.394643869804
9251 1875.7402773121605 15367.881251712997
9252 3277.7794768732438 16160.63476657923
9253 2958.725361705507 15599.197319510327
9254 2193.90966173498 15422.717357226922
9255 2844.584586339168 15087.504853806235
9256 3590.1343179357236 16287.291816930572
9257 3593.784517571012 16416.291799778275
9258 3507.441665453729 16152.552691752078
9259 1460.1893415149955 15672.835839517727
9260 3005.8321975883628 16738.258601371454
9261 2852.570899301193 15382.790643808687
9262 1296.3477581877794 16625.205628567655
9263 2835.770807588896 15066.764845411873
9264 3473.0858646432207 16466.036266983578
9265 4075.105886495272 16929.627552646783
9266 2335.8472503620114 16206.186836479988
9267 2244.7654887602357 17145.809982932344
9268 4654.35688802123 15321.899864920928
9269 2390.352584031889 15407.319645889596
9270 3568.9464223424743 16426.232514914827
9271 3028.3772299434395 15361.210382070742
9272 3743.538562047298 16539.199347909882
9273 3597.941346324605 16624.10415885992
9274 1481.3553409239266 16752.402502279198
9275 3587.2752357723825 16825.61262935974
9276 1560.12355480454 15482.881289366573
9277 3160.3983510071166 16669.899653955435
9278 1314.0914731682485 16603.845937874295
9279 3582.9141067264127 16281.238164374732
9280 1470.335842733646 16688.174769391273
9281 2932.6395997926033 16368.575839456113
9282 1215.3455546926461 15676.429330254621
9283 3789.9437258756366 15224.900432507777
9284 3654.029150229084 15246.256929167308
9287 2895.0004769861707 15399.461568761633
9288 2811.932292228765 16366.209469019928
9289 3658.563049256745 15254.369657368283
9290 2346.4505375345525 16234.324569409244
9291 2396.824227196706 16821.3865066439
9292 2306.2891251619235 16357.079425345877
9293 3664.0086796778237 15264.11379132884
9294 2284.166131363948 16356.67511405396
9295 1892.7707500039783 15396.091525464617
9297 4123.77690560151 15631.278179729012
9298 3059.62427400514 14370.061565296535
9299 1691.9802169764416 17445.07087334122
9300 2580.0658204199035 16973.534922519422
9301 3097.6366862378436 15401.34699333425
9302 1848.293699925768 15543.631145001631
9303 3599.6878862047324 15939.198585772714
9305 2796.0689940739358 16360.831031304126
9306 2600.27451910723 16962.157462560474
9307 1830.6476832496674 16895.859616767753
9308 4405.155925737454 15480.6282707894
9309 2568.147722712444 16970.178956542353
9310 2849.436049820685 15380.26116953793
9311 3729.863439148036 15272.84692593777
9312 3090.764563992243 16539.238998339955
9313 4128.635591960224 16117.333250078736
9314 2842.900621843977 15991.462914126485
9315 3664.285580572566 16418.080896197283
9316 2821.334586714109 16135.762443773612
9317 3547.356857580281 14752.996971888198
9318 2552.3546966646536 16964.88734604948
9319 3085.399982367901 15419.119112353826
9320 3431.183228957756 17071.424325711032
9321 4231.699000076403 16634.600658749285
9322 3074.7852266360696 15596.034695443872
9323 2186.199191575821 17226.205183108574
9325 1919.8747275910605 15399.697082428145
9326 1591.1837727442535 15454.244561994316
9327 3624.353461799282 16346.2201726859
9328 1175.9493833124766 17524.955748682023
9329 3080.9129437590227 16475.112181853507
9331 3252.330083690113 15408.342545520845
9332 3823.6816487854944 15177.083169099562
9333 2265.0719604280616 17362.55342198802
9334 1444.299164000208 15640.852030542224
9335 888.4736302162698 17298.88592375169
9336 5050.074749885896 16251.756464239043
9337 3019.0641022982136 16066.533867554943
9338 3931.6973887513677 16007.048462682034
9339 3201.965324155988 15408.220913282576
9340 3652.093550616891 15622.05752637616
9341 1856.851954283856 16023.778347455707
9342 2713.103549939423 15394.769009894362
9343 2888.201380499231 16366.89343732154
9344 1907.7316674058015 15396.318050022663
9345 2833.302333186778 15131.595450427829
9346 3807.4858899759583 16294.550091686702
9347 1205.8165773781288 16519.991137291086
9348 1843.8697978746252 16008.101081803405
9349 905.8430550966655 15900.34810833143
9350 3888.9564536811477 16467.102408869334
9351 3265.3315876237793 15134.450824840764
9352 967.5970238866356 16573.28574527371
9353 3047.1669511571595 15597.817331510769
9354 1040.6276525910469 16658.964097056687
9355 2843.312195121951 15122.915853658536
9356 4462.8200137614895 15438.368960625305
9357 3022.6508941003817 14398.769930647002
9358 1137.2829807292658 16790.851358561693
9359 2272.179626188018 15601.313178945657
9360 3574.9320958280405 15890.424538389847
9361 3310.431630608373 17288.712824683887
9362 1282.7607052188525 16150.61514866638
9363 3007.6206290918326 17154.682672127386
9364 3753.074797041048 17592.859792976724
9365 2339.291787742692 15912.290288977212
9366 2963.664579725449 15807.866960923411
9367 2544.445777719397 16371.00550765811
9368 3726.1249845229922 15474.608803816936
9369 2785.566449420382 16614.319758953858
9370 4444.81052035338 15448.46091926614
9371 4089.628825455103 16348.891269389878
9372 3944.103007331644 15179.396865381259
9373 2395.408001026636 15182.208956424105
9374 1025.4406529433759 16376.816096658262
