6994 2848.6134305395485 15542.542767022009
7050 2849.01042138092 15599.349535275534
7052 2868.0357326086223 15599.484104568008
7115 2850.983431926729 15508.60930243041
7119 2829.9927999333618 15400.7387624988
7158 2843.447972821258 15400.94456079001
7195 2854.342307503852 15413.99472524633
7198 2830.305382803661 15415.566257236103
7237 2816.4764340625525 15400.483481433579
7256 2788.853459256893 15399.811970113726
7263 2698.493655194089 15397.606162235987
7269 2713.012293416327 15397.968280151616
7273 2774.5001792899225 15399.463043539283
7274 2729.128232195242 15398.360056757729
7280 2802.6192932107856 15400.146615943593
7335 3182.3842706422497 15595.069367160084
7340 2743.4549450055047 15398.708337487667
7430 2912.484516338114 15212.950486908352
7452 2587.968144544747 15394.680810304113
7478 3084.0718681898597 15595.121009742612
7499 2474.6282670974147 15388.952402434294
7508 2347.117821017021 15387.323101761724
7546 2572.1034321810553 15394.259903888504
7559 2332.117135704609 15387.090432422565
7563 2482.129003787008 15389.038508837575
7570 2317.116528523148 15386.857764295262
7594 3279.6953690056157 15407.21256132481
7603 2837.2955144631073 15622.970130347243
7617 2467.127526291587 15388.866295983757
7619 2272.1145767938474 15386.15975789411
7622 3222.327147743825 15403.575418061027
7648 2279.614937748442 15386.276092847507
7650 2294.6155796967296 15386.508761514064
7660 2459.6267920644464 15388.780189608744
7672 2242.113308844459 15385.694420808348
7675 2302.115904240896 15386.625095902715
7683 2264.6142771120767 15386.04342389109
7728 2452.1260684324684 15388.694083355358
7730 2257.113967226313 15385.927089729797
7733 2682.2334681251837 15397.181762010954
7748 2339.617489622858 15387.206767266825
7804 2234.6129868855587 15385.578086459795
7806 2669.082329524542 15396.832849374992
7815 2249.613613055296 15385.810754881617
7832 2145.479578289287 15385.543398785889
7835 2152.9857987028913 15385.698690898062
7841 2227.11264078636 15385.461751736811
7856 2760.3103649125637 15399.118090794402
7857 2160.4920467275124 15385.853983581463
7870 2167.9982894086115 15386.009276154316
7986 2658.7312256474215 15396.55822441296
8020 2137.97327928852 15385.388105047869
8028 2444.625282410752 15388.607976385758
8047 2130.46705581817 15385.232812872455
8079 2646.958055937783 15396.24587064636
8080 2636.2515108228617 15395.961815478855
8101 2122.9608355751297 15385.07752076381
8125 2058.656056771126 15384.716701727211
8127 2088.689566924471 15384.69589569316
8130 2036.1309281454685 15384.732306249985
8131 2073.672787924346 15384.706298726758
8132 2096.1979365970356 15384.690694190096
8141 2429.62379943046 15388.435763468975
8148 2437.1245771032695 15388.521870342733
8157 2028.6225661890708 15384.737507747705
8161 2043.6393106167593 15384.727104738056
8180 2081.181193509437 15384.701097198817
8188 2006.0974420158664 15384.753112267395
8215 2611.7250556606396 15395.31110451144
8222 2021.114181544714 15384.74270926114
8240 2624.007596208794 15395.63697238715
8241 2727.6122835297474 15395.121652724682
8270 2559.8436452666087 15393.934639689065
8273 2066.1644216204027 15384.71150022749
8275 2550.753819398068 15393.693477672563
8315 2599.528163695884 15394.987508976848
8319 2699.015024326822 15394.417557636552
8321 2051.1476770996296 15384.721903237201
8353 2392.119993640597 15388.005230048111
8363 2013.6058073745533 15384.747910767319
8403 2422.1230582966828 15388.349657014674
8432 2414.6222924385916 15388.263550276546
8447 2407.121498406498 15388.177443214987
8467 2845.2936616794236 15106.015231435118
8499 2421.986420919435 16708.132370645406
8502 2384.6194559785213 15387.90477389484
8504 1998.5890744410672 15384.758313769005
8541 2377.119089169502 15387.788438850635
8559 1916.4835941293227 15378.61667286544
8570 2369.618721159734 15387.672103787809
8581 2362.118420330372 15387.555769766986
8590 2309.616216938486 15386.74143010762
8596 2324.6168295353577 15386.974098318919
8599 2186.198190924819 16673.72452814649
8615 1968.6289023110846 15383.381550245114
8623 1901.5409279886505 15378.3247466064
8625 2853.5469386385366 15108.927069647978
8631 2832.7759963166914 15113.481248812377
8638 1991.0806965036766 15384.763515277795
8659 1931.2963585134062 15379.422038024148
8662 3150.586711650552 16629.504185718593
8706 1822.2402313820432 15382.79842985796
8735 1909.012268281481 15378.470709877023
8744 2287.1152429440845 15386.392426936052
8748 1892.9251268231521 15378.194802377875
8749 1961.1623773043068 15382.58964607773
8753 1837.2391992304247 15383.071762009846
8762 1983.5723075766834 15384.768716794197
8763 1953.695856545278 15381.797742360863
8764 1799.7417382618607 15382.388430876637
8765 2399.6207430434542 15388.09133659734
8771 1938.7628532347323 15380.213938979441
8772 1792.2422526413875 15382.251764769782
8775 1807.2412591856041 15382.525097626838
8785 1923.9496644613685 15378.768311824448
8786 1814.7407270712317 15382.661763410502
8787 1829.7397023045942 15382.935095696968
8788 1849.4411344628875 15422.853057766857
8792 1976.095466432799 15384.173458561054
8795 2354.6181187946104 15387.43943573521
8803 1946.2293485259815 15381.00583999518
8806 2835.124975935402 15121.025337174433
8817 2215.45994286138 15403.962011957467
8822 1784.7427700472656 15382.115098718077
8847 2137.4976721609714 16705.066158496702
8853 1849.5200357707229 15415.352053887864
8871 1882.0332445682957 15403.290853208628
8872 1769.7437119800686 15381.8417649221
8877 2856.6823556805934 15108.23453236825
8884 1762.2442449080925 15381.70509915326
8888 2837.687294937434 15154.418098071808
8895 1849.5989375228176 15407.851007773947
8896 2177.350365267833 16686.10884822851
8898 2299.804612063974 17333.078853899708
8899 2901.417497624427 15417.855659345501
8901 1641.080140930898 16429.9980212813
8902 2222.952972172638 15403.977088475196
8908 1057.820545461073 16530.516006175018
8913 1198.4911163484296 16192.874852421202
8922 1777.2432670982887 15381.978432295438
8925 1747.2453107224014 15381.431767614824
8927 3859.285209857885 16041.221723522149
8929 2901.2687569949117 15421.053752232554
8941 1849.3622325586218 15430.354118347375
8944 1849.283331082831 15437.855138193585
8947 1754.7447770157657 15381.568433369472
8955 2836.9103288792066 15139.34331216958
8956 2838.07577740301 15161.955480089082
8965 2886.295383797539 15420.356026884741
8966 2853.550432872308 15108.935306056153
8967 2878.9238816180855 15416.925835488497
8977 1739.7458402793272 15381.295101784552
8978 3561.630582894901 15344.131755554108
8989 4445.734865843583 14864.48332659799
8992 3116.6521551455726 15592.418193805464
8993 1724.746877601402 15381.021769726889
8995 1732.2463474432948 15381.158435546206
8997 1077.2056942472145 16344.389118216623
8998 1849.2044289458884 15445.356220894284
9000 3995.536755410885 15482.846751617282
9004 2893.7864129056825 15420.609561706298
9008 2908.7511502343864 15421.497945676623
9018 3649.8064494997984 15245.263327388988
9024 1849.04662599096 15460.358260904888
9026 2908.909180004666 15418.30167915807
9028 2863.8198153072913 15419.65134734462
9038 2886.425285055466 15417.158245482931
9044 1709.7478650644246 15380.748436760627
9048 2838.2772731095815 15108.677134431327
9051 3610.901984412363 15321.25914145586
9055 1694.7680816992608 15380.916172081088
9063 3494.5039091645194 15380.467866395853
9065 2827.7861642398393 16131.100434682197
9068 1849.1255275916749 15452.857229182353
9069 2916.233550087656 15421.942139513321
9070 2871.3116649769304 15419.886240321059
9071 2923.715961648668 15422.386334045052
9072 2863.921074416087 15416.46101548949
9073 1717.247403332184 15380.885103826893
9074 2572.500668348077 16944.017333666998
9075 2837.2988113455385 15146.880694201529
9076 2836.521844046737 15131.805884229549
9081 3751.674819419181 15245.48012709103
9084 1266.2382803241444 16642.229546386396
9092 1884.428782176263 15399.04653547698
9093 3702.34121315954 15272.026972786769
9097 2916.4008610579344 15418.747698891639
9099 1702.248386898226 15380.611770789614
9102 1665.3292478068338 15385.963558019599
9104 2931.3843471464133 15419.639745740082
9105 2863.9693372709753 15110.582878845216
9110 2893.925815823608 15417.409639567428
9118 3453.7281096988536 16899.821715304803
9127 2842.99607645505 16829.262890751357
9128 1679.8504693177583 15382.500508256548
9135 2336.957976911807 16386.437565703673
9136 2733.600651785642 17213.180540270034
9137 3654.745686943818 15254.101347525506
9140 2871.42251941625 15416.693426771631
9143 3146.6292676299445 16623.131212670087
9144 3746.468721146014 16543.20304774591
9145 4053.8969313088664 15524.95587516466
9146 1900.251230765869 15396.204788077666
9147 2831.7702378620493 15441.8649252062
9148 2938.7068171900373 15423.276658901701
9149 2822.8924738522132 15426.419920738032
9151 1687.3093022299374 15381.708337330849
9155 1907.1304193941896 15402.709490591062
9156 2299.368205519808 15755.258704046819
9157 1125.3777633202353 15161.96559470307
9162 3254.7918543488245 15383.213843878744
9165 1858.5141142952677 17367.471634322017
9166 2725.883510254527 17183.519100394336
9167 4418.5801547441115 16928.527739348916
9168 3712.0356947228975 17352.912116495398
9171 1896.4109508959896 17131.402939288626
9176 3155.706363650311 15574.181046445208
9177 2847.518477710969 15094.408695325677
9178 2878.8035045285974 15420.12113298027
9180 3337.946169060414 16118.398534812846
9181 3683.807540107597 15538.600614669727
9183 2880.0006991914697 15399.373715562466
9185 1900.2667509894459 15381.502691622693
9187 3611.652053648957 15973.683748706519
9188 2865.0008729366027 15399.285862079469
9190 960.3361890900167 15304.042870260999
9191 2849.2366146546588 15387.75936466632
9193 3459.221511930848 16071.107005624104
9198 1915.2121728278487 15396.431313009094
9199 3151.7892446269966 16063.03548069926
9200 2827.9601996251795 15454.719373324357
9201 1672.4724383688067 15383.675414050967
9203 2193.7571125091 15430.198136572984
9204 1829.7389083691662 15386.136468978822
9205 2763.242731970065 16370.983440670625
9206 2841.6506928997273 15080.60100742136
9207 1875.2419025633108 17361.36577027795
9208 2832.482476140834 15426.87987258687
9209 1644.5653104416383 15394.488299810606
9210 2923.8926399191805 15419.193724448238
9211 2837.0616551642997 16368.217102548544
9212 1822.3181739666352 15386.001015344416
9216 2289.7243424905228 17133.598757737975
9217 2832.126358868177 15434.37235962158
9218 1900.121490105541 15384.702691622691
9219 1897.4958165948046 15387.85475701903
9221 3214.0839638977372 15653.450703791232
9222 3617.0873446376704 15316.112992035121
9223 2931.198303472992 15422.830524436851
9225 3509.4828200861534 17321.497464426087
9226 1651.310601554258 15391.20773283139
9227 2974.6125074098127 16386.83913786434
9228 2241.7466059059348 16365.2499620731
9229 2034.4336948847506 15775.57657424271
9230 1658.186012119555 15388.251716443005
9231 2687.075624416169 15411.913820858546
9233 2838.7167950042485 15073.697150550825
9234 3510.54275037493 16027.729102353616
9235 3167.635310243661 16652.689040903948
9236 3096.6668199213473 15596.050341633894
9237 3972.360243796874 16865.112154981776
9238 2872.50080899221 15399.329788955258
9239 1837.1596922834608 15386.271923516986
9241 2887.500587914275 15399.417642161026
9242 3123.912351218774 16232.391153258499
9243 3430.707529625044 15404.386218394911
9245 1740.1258981862522 16929.20742575869
9246 3139.933635070476 16618.420952600143
9248 2336.237270307436 16366.796062497091
9250 2829.2923171089346 15426.73180950484
9251 1875.7402773121605 15367.881251712997
9252 3135.977121958758 16612.04937727094
9253 3359.4451147749382 15891.249788829722
9254 2193.90966173498 15422.717357226922
9255 2844.584586339168 15087.504853806235
9256 3674.303735914989 16428.02889841029
9257 3142.7170063919866 16640.84712323662
9258 3738.4195138893156 15844.533097356138
9259 1425.7639516322688 16374.21941906305
9261 2985.6697793121707 15146.017504881089
9263 2835.782914929708 15066.79333561536
9264 4305.366505780842 16010.072216282431
9265 3587.7026908246653 17248.326013174752
9266 2271.8792398250453 15584.38764480806
9267 2914.8056861596215 16774.50452873743
9269 1896.715317480594 15402.555034368295
9270 3122.5905645085295 16675.278996449608
9274 1430.3388406135946 15918.996577423148
9275 3204.5656117950043 17048.623154355802
9276 1814.8973880078543 15385.865560768934
9277 3617.088214714678 16340.088964417631
9278 1803.1834559012414 16353.151649115638
9279 3633.6939516062944 15906.40950374149
9280 1808.4345400570382 17312.65634411131
9282 1225.21018148883 15588.120194431407
9283 4098.411956339833 15633.527429431651
9284 3842.8510351992877 15205.438537329102
9287 2895.0004769861707 15399.461568761633
9288 2829.3954153973204 15491.829720213058
9289 3947.059714178818 15136.235111951963
9290 2825.5818546222376 16357.972432913093
9292 2788.987304921881 16357.702837106795
9293 3938.910856062259 15356.978118201985
9294 2545.6810024963543 16361.692375403907
9295 1892.7707500039783 15396.091525464617
9297 3827.6605652977923 15220.779676378072
9298 2716.2375016068254 14678.788558818726
9299 1603.5366217099781 17015.05685803291
9300 2807.6082656752474 16452.435219322353
9301 2910.0002350915993 15399.54942184548
9302 1848.9677246663662 15467.85926637705
9303 4066.1637709793363 15652.022667706142
9305 3137.5097207837093 16608.445312891592
9306 2593.724165285763 16965.81225629939
9307 2303.568327133354 16591.8686200842
9308 4103.488804922961 15642.675961355273
9309 2330.9259183921554 16136.562022448226
9310 2849.436049820685 15380.26116953793
9311 2973.0365557351624 15421.056087199777
9312 3147.8467016099157 16631.16416818351
9313 3324.3499111815013 16564.064855980498
9314 2624.8394497134605 16372.542924090118
9315 3463.0549195454137 16077.581777904295
9316 2353.3664245527953 16367.63945085989
9317 3809.2056321167533 15179.126227858591
9318 2409.0981206263677 16723.588271082936
9319 2029.5548100694557 15403.020385109912
9320 3096.980436637585 16568.218554752955
9321 4413.5492230516675 16393.012185532978
9322 3002.722143517841 15399.30741743965
9323 1774.6504739676934 17272.838661525228
9325 1896.7391003432551 15399.353038554636
9326 861.4956225691024 15797.366769267124
9327 3689.5938425374907 16452.42691644865
9328 1788.0841436053788 17393.582285230008
9329 3143.8901563456316 16624.79254107576
9331 2949.601001199495 15398.910754190558
9332 4077.361095490652 15641.50578768789
9333 1847.5625727604136 17377.4709046511
9334 1425.2357166076597 16171.771742999706
9335 1419.3444984600587 17671.172468137003
9336 4778.524635144726 15771.211848196242
9338 3590.632346996853 16288.14946649094
9339 2917.500145500157 15399.593348571056
9340 3610.7392957531147 15926.588390688587
9341 2266.961827512537 16356.360694840168
9342 3195.207918104341 15406.569471075587
9343 3307.9856533699704 16134.346073359575
9344 1907.7316674058015 15396.318050022663
9345 2833.2442936021835 15130.535226576061
9346 3164.071219238412 16648.404553653898
9347 1185.4241737597295 16448.4090554416
9348 1848.8888224126088 15475.360360183136
9349 1328.4388994872124 15672.951695778755
9350 3639.929925764641 16378.781860421672
9351 2877.8668974139737 15106.868481914464
9352 1134.8120400290652 16705.96272918172
9353 3433.19089798449 16022.390833765263
9354 1418.8156301183385 16544.195510087542
9355 2843.312195121951 15122.915853658536
9356 4096.9480558467185 15646.350530543607
9357 2672.8066809583147 14719.882165097639
9358 1440.3162463626104 16597.631778229425
9359 2392.8266924048576 15758.313173532668
9360 3322.5987013454505 15491.589985591618
9361 3380.744560476324 17015.465497945985
9362 1054.8455158320921 16356.778917159483
9363 3331.9724674509803 16968.67236777395
9364 3276.147821949273 16871.190800082495
9365 2349.490923403259 15888.732476520288
9366 2966.588516178926 15608.111007356296
9367 2764.9681438497587 16357.94811412775
9368 3511.8660505014586 15395.098993030972
9369 2347.8522054808495 16613.171119448292
9370 4190.055366975708 15833.737888918957
9371 4043.204786827667 16167.340813666031
9372 3909.763042372433 15178.418255660266
9373 2595.3669932513117 15391.674721245628
9374 745.8997821000368 16540.700865222014
9375 3475.5748504200947 16055.568063342334
9376 1629.609530766833 15405.060883512386
9377 3252.2064776040256 16802.22693096951
9378 3051.359535373936 16492.8715705625
9379 2644.826575673379 17085.63680444635
9380 4392.248140288833 14907.356266945846
9381 3805.7423844108666 15231.429693626349
9382 3927.2555406946844 15736.537868959993
9383 972.4069825257629 15058.253897831722
9384 4116.700215818099 16127.459263659815
9385 2196.1689927193906 15557.710089749331
9386 1657.9629777382686 16954.172816950504
9387 4230.0380928224195 16488.5550204463
9388 3118.1484451875713 17552.48848200686
9389 3827.3106690019576 16679.292850760845
9390 2902.50033133282 15399.505495158855
9391 3614.9498876221287 15557.789322539831
9392 4173.200080525137 16183.549878047086
9393 2885.831924891756 17242.114058315234
9394 3337.9891903776756 15510.893904733408
9395 2273.565000392414 15404.078923542036
9396 1244.6926803568424 17564.519904500205
9397 4273.4268088575645 15822.854341147704
9398 742.8510330155093 16541.818340069778
9399 4467.384158233939 15941.083021738083
9400 2863.6139375882785 17256.98789916551
9401 3870.702139545379 16032.691503638083
9402 1205.1594807510505 16437.12154964549
9403 4051.085489987655 15589.18478954358
9404 1423.4487605923296 16108.108566065377
9405 4198.762218474486 16865.96001517184
9406 4112.670800815254 15494.687138139296
9407 2106.044796940907 15311.657693854673
9408 4363.41042746348 15245.637055155756
9409 2387.2621281656734 15780.202362980777
9410 4492.085398636245 15168.216225583763
9411 2799.5289170321116 15188.442743473972
9412 1769.8774554346287 15519.549108088038
9413 2323.6318777047845 17489.495433936278
9414 2841.5442071250754 16683.184939318784
9415 3940.883291332519 16640.239494109504
9416 4482.803997738659 15950.370539751217
9417 3431.541720738104 15390.001788171627
9418 3374.9874357852555 16099.009971509517
9419 3697.5377316533372 17542.242444177522
9420 925.2606817972487 15941.183670010796
9421 3695.943967660863 15704.95872613947
9422 1571.1567287177984 16930.303211727907
9423 1067.2488638442985 16898.16515761457
9424 1895.3031821984273 15992.623600468463
