1209 2809.8917343491435 15400.3234081458
1357 2772.40329266301 15399.412068468122
1364 3627.395780853306 16351.459311930634
1370 2817.3894044309477 15400.505675637547
1378 3511.499062636219 16153.120882733052
1403 3161.4979237653442 15406.980497331015
1426 2749.910243002957 15398.86526503471
1427 3153.037721148614 16640.729763764833
1441 2273.103106711434 15386.175090567109
1446 3452.1649999690453 16787.532233949423
1460 3653.057128956958 15251.079927790439
1474 2802.394071631483 15400.141140833071
1480 2764.905601538919 15399.229800464838
1490 3154.026351191791 15406.310013655479
1491 3146.5547834181266 15405.639530410674
1492 3631.162516118367 16357.945959189276
1498 2727.417173936609 15398.318461129536
1511 1719.086861482209 16397.564244626643
1519 4514.684154269569 15895.231369705367
1525 1805.746946722992 15396.662469687097
1528 3641.311737305975 16382.182752492352
1535 1926.7407770387927 15396.605868613113
1537 2191.862403193082 15311.19546843129
1539 2787.3987112255686 15399.776605357487
1542 2186.4746426945385 15300.24075935255
1544 1766.3825310099883 15392.259363994619
1547 2757.4079385430136 15399.047533145347
1553 4430.4485531874625 15743.405602536792
1559 1782.7577344448146 16371.301291900307
1560 2030.531518945292 15582.381410487827
1567 2338.105640762587 16311.613281405014
1568 2831.7702384838676 15441.864912123528
1573 2973.3125927174656 17494.231658754812
1578 2779.9010438392424 15399.594337931267
1580 2187.518749098573 15422.59430186003
1581 3238.8650340794634 15529.79890643076
1582 2950.5728064589402 17501.434723919578
1587 2533.625248199591 15409.504563240673
1588 2794.896382525953 15399.958872878859
1592 2831.4141183213205 15449.357459959729
1597 2832.4824745642036 15426.879905758198
1599 2858.846482794829 15599.513163453395
1601 3131.6117787808953 15404.29857566867
1605 2829.292409302942 15426.729872524284
1607 3168.9693975786226 15407.650972144005
1610 2512.639704991367 15409.258972731623
1622 3915.3461183103955 15321.480627819992
1624 2831.5415129301387 16080.189656912438
1636 2660.5961563390797 15396.607702857624
1638 3680.691265900008 16444.25609488562
1643 3760.9110009113533 16566.408184053373
1645 2712.42177333425 15397.95392467678
1646 1017.4181641497843 16782.93716093585
1648 3634.9292443555823 16364.432594345355
1651 2852.4366158531157 15387.839319607732
1654 2849.2366150487364 15387.759349850123
1655 584.4497418471001 16003.697820568492
1656 2668.094446894307 15396.806639877625
1658 2690.589331267831 15397.403451274778
1659 2734.9148820551345 15398.500729545953
1661 2817.5491221194984 15394.105675272733
1662 2844.930490686332 15595.692198063292
1664 2911.0495424364344 16992.18356858043
1667 2826.0924079889414 15426.569966973922
1669 2810.0387891193504 16038.577113199577
1670 2363.684615446617 15823.589893691318
1672 3396.2407374430127 16087.96701889559
1674 3865.231188297519 15840.221079934736
1675 2372.0126677035 16367.872507940903
1677 1866.3581957546123 16355.34426031382
1678 2852.8521121703166 15372.2178395871
1680 2319.7620469616686 17123.880204483143
1682 3795.1781423414427 15161.555285916143
1683 2822.8924752061143 15426.419892252794
1686 2653.0978119110164 15396.408764408325
1690 2334.656017937334 16547.406257894236
1691 3091.0556288998127 15438.574831623115
1693 2903.4250090494643 16349.52098318545
1700 3780.1185717797794 15126.410383874632
1704 2902.8315849486044 16355.21328295079
1705 4087.712761079478 16940.9852708436
1706 2849.4360497943 15380.26117052996
1708 2719.9195098968744 15398.13619378467
1711 2959.0835071161528 15406.23011305414
1712 2845.4762972551266 16356.631671788462
1715 3930.4979824272227 16225.397918316183
1716 4502.91526706884 15403.633307456259
1718 4332.4908079720335 16089.732758881833
1720 2828.9357907682856 15434.222367833174
1721 3359.557909601226 16529.38043150486
1723 3091.495023746454 15478.691076069925
1724 1989.4635048670448 17078.159973492537
1726 1839.4344969281785 16346.7402110613
1727 2855.636614923341 15387.929354564629
1729 2941.3304206341045 16369.483553414068
1730 2832.126356874391 15434.372401569599
1731 2348.342702339961 16159.548308617186
1732 2742.4125595980386 15398.682997219079
1735 1030.1446275481724 16374.179498799822
1737 1972.6339614255585 15407.098514699848
1739 2349.511033388506 16367.591262803795
1740 2855.636614928921 15387.929354354843
1741 1797.2704680059205 15399.606882553944
1744 1906.398636063338 16356.295378832756
1746 1451.471441777776 16536.625478615206
1747 1856.9875527070305 15381.313675188474
1748 4027.7084559743885 16903.40297712033
1749 2683.0910526921502 15397.204514572606
1750 2834.1651099919645 15380.631696705832
1751 1891.5588632606475 15396.056525915283
1755 2735.4829606133303 17331.062582950544
1757 2330.843534032344 16274.693376925385
1758 2042.3958297051802 15569.916903198577
1761 4074.9217556298354 15618.679922271323
1762 2709.981476857957 16371.730127655319
1763 2855.836050369255 15380.431148913263
1766 2635.142637762227 17247.594807157606
1767 2346.109282006813 16628.538973811006
1770 2347.8193720227305 15934.857409103948
1771 4066.1154370296917 15652.052189533446
1772 3567.3845983080632 15361.20142755453
1774 2657.166606374462 16934.07729557058
1776 3139.0832930334414 15404.9690541106
1777 2577.3588785047136 16989.399334858877
1780 1280.7591544685838 17593.2889139487
1781 2849.6354847730067 15372.762982444252
1784 2696.5081548509756 14822.191647182866
1786 2809.9289399189934 16089.325959315822
1788 2632.2428836935164 16362.331417420035
1789 1947.218399251692 15387.165692663486
1790 2933.0389839773666 17497.85291153045
1791 2830.701878872597 15464.342537193847
1792 2345.2682275063485 15749.624725149823
1793 4568.427298519918 15865.691879050382
1794 3470.328791659399 15393.61000620087
1795 3230.2782792569633 15680.125514115505
1796 2852.6526778038365 15379.71600465481
1798 3198.626555357944 16202.59828336749
1800 2812.934965845743 16355.994286738272
1801 2900.830354707299 15405.00907759599
1802 1848.10925955465 15567.17398763605
1803 2845.9268448208873 15581.00905731602
1804 2813.4523763843404 15858.959643949169
1805 1434.1376653552793 15646.125982435331
1806 2809.075370364866 16808.127439800293
1807 3159.454469768582 15423.616982996926
1808 1831.8643335022484 16023.733191805128
1809 2364.5118501689676 16367.778756152638
1810 1842.2092671387015 16858.414839317367
1811 3071.6227848502535 16702.771078698555
1813 3285.8841827917977 16570.171842149037
1814 2379.5532160421753 16367.966756319564
1815 2193.390859566193 15450.185606423349
1816 3913.003600848766 16093.719512030322
1817 3019.883886083122 16067.825958419984
1818 2196.4524231389987 16667.89771551361
1819 2328.524232261938 16238.675183734886
1820 2841.220786567638 16371.301324644292
1821 2831.057999752706 15456.84997426058
1822 3695.637403846527 15275.635522196228
1823 2333.3603971854627 17108.781705365553
1824 2199.9211594141634 15589.348242729884
1825 2849.834919205081 15365.264814910388
1826 2224.6426635880644 15385.423440956305
1827 1421.6307196427624 16554.370562959495
1828 2848.018637921496 15410.445185852395
1829 3720.446191703472 15277.987170359918
1830 2331.239074497108 15843.348467490458
1833 3047.9873090113506 15300.545326588892
1834 2494.1742792039086 15390.068610025723
1836 1418.8192925480826 15641.495131052185
1837 2825.766272438884 15568.184642175438
1838 1943.8837214262567 15380.75706136339
1839 2357.011418111241 16367.6850091824
1840 2675.5927434900177 15397.005577057886
1841 2500.3625836049837 15408.530044456744
1843 2853.0515486676195 15364.719594406513
1844 1412.1227590624223 16335.017501332894
1845 1573.1852828020624 16465.072282651217
1846 3191.753871097365 16614.469769314575
1847 4001.868752153818 16889.088260073677
1848 4332.101396634543 17094.41138417955
1849 3012.3898637545144 16436.810291186885
1850 2553.391438494179 16948.213928101475
1851 3277.9372166300536 16486.404692584685
1852 1414.0519473768218 16546.90888321603
1853 3024.0253570182617 15962.393665187112
1855 2331.0897314336476 16419.686106328732
1856 2856.0547709237962 15372.207878016707
1859 1416.753851128414 16192.877003257796
1860 1423.541079602906 16541.380850079477
1862 1609.3611706966285 17023.83149972613
1863 1427.4866210861617 16193.438062586605
1864 2572.5706742777343 16944.12678521458
1867 2835.813953451562 16813.286109486708
1868 1852.5648575951257 16537.03552547952
1869 2744.636406749555 16856.24067773483
1870 2584.953409949843 16983.435766942726
1871 2850.0379266233253 15357.63231325669
1872 1859.2699372466325 15899.586965483755
1873 2775.36669020175 16839.31393130491
1874 3124.1402913518787 15403.628099633832
1876 3140.133714470006 16638.424173571868
1878 2645.5994698784207 15396.20982602258
1879 3482.0547017526155 16109.673137742322
1880 3204.2933754068717 15552.346524420625
1881 2856.254207006047 15364.709648440894
1882 1912.497349979416 15378.538795910194
1883 901.879918783969 15892.013572920056
1884 3669.448195296313 15309.404756424452
1885 2716.141349354773 16875.41261148191
1886 1425.2587831224664 16277.793693235206
1887 4066.9355812268077 16928.964652768525
1888 2588.9200402901247 16989.805474426405
1889 3868.3108845944253 16740.85770126884
1890 3015.0643393053015 16408.22225949647
1891 2859.3357939263515 15402.068982354547
1892 2047.9366077545865 15407.96634877664
1893 3981.640482322069 15479.749933604357
1894 3582.8703059212617 16281.162735561007
1895 2302.1103163791986 16357.0030550502
1896 1930.0462331852727 15376.073288594447
1897 3735.6172512011167 16547.16571855339
1899 3971.4057792455233 16924.830315926836
1900 1239.3427296496773 15678.049980467633
1901 1814.9399673513076 16886.098367015908
1902 3419.5586669365803 15431.199709938423
1903 3179.8422469164307 16419.52481702979
1904 3555.423088553878 17254.47728685216
1906 1814.079062130638 16327.9392058168
1907 3113.7832636227936 16570.23679465718
1908 2976.7554455458308 17561.79856496734
1909 3351.999387850589 17337.482397158772
1910 2150.5533371857077 15385.64836702453
1911 4437.230409158504 16308.858606690283
1912 1580.7797195894589 16448.391024687113
1913 3447.6555027107347 17087.769202432293
1914 2638.1011238104256 15396.01088752977
1915 980.8905398550869 16055.564991228104
1916 2017.831572698274 15410.218793938999
1917 2502.1227885107787 15379.877425631874
1918 1847.9209625339784 15591.209111287828
1919 3657.499542087678 16407.253801680756
1920 2962.2848425306734 15901.996933725195
1921 3366.6591901578236 17386.86717139036
1922 3105.16350760729 15401.925161786456
1923 3426.542321541321 16081.767025374103
1924 4536.026821807271 17231.127233557465
1925 3392.8220347209103 15952.766893941985
1926 1830.6469307045256 16895.83162752857
1927 2642.5429618894505 16332.566284334607
1928 1010.2156419514614 15650.52616184626
1929 1414.7923510294904 16225.116395861156
1930 3974.4680478003115 16867.906553397024
1931 2182.8527126065947 17220.415735714534
1932 3794.5435779716986 16714.25100560061
1933 3653.015908924598 16956.42160421795
1934 3393.814304307229 17235.29746020804
1935 896.0330681541687 15734.572884365334
1936 1674.8683910020345 15548.576240985385
1937 1016.4265389668424 15658.533956395511
1938 1849.5310249430127 16012.697893437587
1939 3205.103351162829 15408.244766888167
1940 3173.247041285916 15586.187199071015
1941 3809.2481378951475 16072.153735090185
1942 3573.374187308546 17570.843723207836
1943 3807.838551094473 15215.275988037174
1944 3374.1479897851577 17328.746934473445
1945 4366.090577349158 16416.553345697233
1946 1859.3406754837974 16206.343547657101
1947 2373.23762435154 15055.866272231555
1948 4099.826866656162 16945.700582471607
1949 3880.0059333550703 15258.423634150513
1951 3623.6011376567103 16344.924604775331
1952 4602.931999943421 17180.28389364463
1953 3321.7285726963078 14405.856756586927
1954 1415.0005950329846 16274.386139372404
1955 2630.5867027259374 15395.81152255097
1956 3081.1388945984904 14349.708750746035
1957 785.607781562928 16075.941616702252
1958 2829.4646721441777 16453.87834958449
1959 2743.6818837218593 16361.36592113823
1960 2271.740606388357 17584.208730536262
1961 945.8177176397433 15437.334939625243
1962 974.1947099119408 15415.423366940655
1963 1852.6238782648327 15318.815186243342
1964 1424.8881197831104 16485.883446281103
1965 3753.7215307508995 15411.23424071605
1966 2512.440366667379 15344.38155290649
1967 4470.143873608551 14906.93446530566
1968 3672.8974565526028 15853.891988314666
1969 4217.499508078088 16605.777288875102
1970 3561.8196074318066 16207.201334871741
1971 3558.0290487275356 15683.45737037184
1972 2578.100436953391 17416.296525390353
