7052 3759.0499475717916 16563.414230073195
7119 3625.7950766686017 16348.702759457216
7195 3634.9292423513007 16364.432590893806
7237 3606.4469776350074 15976.466479967263
7256 3532.0520725074343 16187.831536138605
7263 2763.886403088623 15399.205023868495
7269 2771.3840658408835 15399.387291182062
7273 2817.389382919935 15400.505675114617
7274 2778.881760999925 15399.569559283436
7280 3555.4013897580403 16227.478679692547
7340 2786.379427795089 15399.751826695287
7452 2683.0909799948804 15397.204512643877
7499 2645.599487759727 15396.209826496986
7508 2555.619825459601 15393.822577597146
7546 2675.592687607401 15397.005575575266
7559 2540.6231318334203 15393.424700571994
7563 2653.097812581004 15396.4087644261
7594 4489.230496085244 16354.993694782626
7603 3150.586709663557 16629.504182518784
7617 2638.1012012850847 15396.010889585248
7619 2452.1259927662977 15388.694082486732
7648 2459.6267742876544 15388.78018940467
7650 2474.6282646815594 15388.95240240656
7660 2630.6029043710773 15395.811952396543
7672 2422.1231108709694 15388.349657618213
7675 2482.128986164199 15389.03850863527
7683 2444.6252363317176 15388.607975856783
7730 2437.1245287846073 15388.521869788048
7733 2756.3886598916897 15399.022754599326
7748 2548.121477926983 15393.62363906548
7804 2414.6223658982444 15388.263551119842
7806 2748.8909237627977 15398.84048550198
7815 2429.6238178882245 15388.435763680865
7832 2145.479578289287 15385.543398785889
7835 2152.9857987028913 15385.698690898062
7841 2407.1215113569883 15388.177443363655
7856 2802.393977703362 15400.14113854969
7857 2160.4920467275124 15385.853983581463
7870 2167.9982894086115 15386.009276154316
7986 2741.393211736242 15398.65821699056
8020 2137.97327928852 15385.388105047869
8028 2623.104620324749 15395.61301554923
8047 2130.46705581817 15385.232812872455
8079 2733.895487134059 15398.475948173427
8080 2726.3978216857736 15398.29368079432
8101 2122.9608355751297 15385.07752076381
8125 2058.656056771126 15384.716701727211
8127 2088.689566924471 15384.69589569316
8130 2036.1309281454685 15384.732306249985
8131 2073.672787924346 15384.706298726758
8132 2096.1979365970356 15384.690694190096
8148 2142.790232563362 16702.068268568513
8157 2028.6225661890708 15384.737507747705
8161 2043.6393106167593 15384.727104738056
8180 2081.181193509437 15384.701097198817
8188 2006.0974420158664 15384.753112267395
8215 2711.402441788738 15397.929144844908
8222 2021.114181544714 15384.74270926114
8240 2718.9001561540585 15398.111413413184
8241 2809.891695439263 15400.323407199905
8270 2668.0943983532834 15396.806638589784
8273 2066.1644216204027 15384.71150022749
8275 2660.59611685169 15396.607701809984
8315 2690.5893194894197 15397.403450962285
8319 2796.396854574721 15396.79349993758
8321 2051.1476770996296 15384.721903237201
8353 2356.210912896498 16621.117190933164
8363 2013.6058073745533 15384.747910767319
8371 2399.620789261386 15388.091337127908
8403 2615.6063124234042 15395.41407806902
8432 2608.1080176762644 15395.215140937804
8467 2849.6873288718684 15105.303200547107
8502 2593.111429126384 15394.817266700427
8504 1998.5890744410672 15384.758313769005
8541 2585.613063656095 15394.618327692857
8559 1916.4835941293227 15378.61667286544
8570 2578.1147335868436 15394.41938962451
8581 2570.6164496649712 15394.220452780499
8590 2215.2621902501232 15416.76201195492
8596 2533.1247730631267 15393.22576174218
8599 1004.3100330417102 17026.425887820187
8615 1968.6289023110846 15383.381550245114
8623 1901.5409279886505 15378.3247466064
8625 2852.2163751403987 15109.747909452353
8631 2883.875359503302 14518.951568749995
8638 1991.0806965036766 15384.763515277795
8659 1931.2963585134062 15379.422038024148
8706 1822.2402313820432 15382.79842985796
8735 1909.012268281481 15378.470709877023
8744 2467.127558248036 15388.866296350609
8748 1892.9251268231521 15378.194802377875
8749 1961.1623773043068 15382.58964607773
8753 1837.2391992304247 15383.071762009846
8762 1983.5723075766834 15384.768716794197
8763 1953.695856545278 15381.797742360863
8764 1799.7417382618607 15382.388430876637
8765 2600.609718647043 15395.01620369298
8771 1938.7628532347323 15380.213938979441
8772 1792.2422526413875 15382.251764769782
8775 1807.2412591856041 15382.525097626838
8785 1923.9496644613685 15378.768311824448
8786 1814.7407270712317 15382.661763410502
8787 1829.7397023045942 15382.935095696968
8788 1849.520036071979 15415.352025248
8792 1976.095466432799 15384.173458561054
8795 2563.1181459513577 15394.021515411392
8803 1946.2293485259815 15381.00583999518
8806 2825.9827261350556 14570.942482552113
8817 2392.1200747185762 15388.005230978864
8822 1784.7427700472656 15382.115098718077
8853 1849.5989375905579 15407.851001333998
8872 1769.7437119800686 15381.8417649221
8877 2857.2960965915295 15110.478369138631
8884 1762.2442449080925 15381.70509915326
8888 2837.5357773252986 15151.478335724181
8895 3127.0756038795857 15406.710423340333
8899 1893.3337814080473 15402.504886103474
8902 2384.6195480844876 15387.904775323457
8922 1777.2432670982887 15381.978432295438
8925 1747.2453107224014 15381.431767614824
8929 1915.2120619195716 15396.431311329821
8941 1849.4411342626488 15422.853076803187
8944 1849.3622329011139 15430.354085787292
8947 1754.7447770157657 15381.568433369472
8955 2836.521844124313 15131.805885734688
8956 2837.924261612722 15159.015753089167
8965 1893.5010364458653 15399.304886151678
8966 3004.5641092217734 14409.37276056428
8977 1739.7458402793272 15381.295101784552
8993 1724.746877601402 15381.021769726889
8995 1732.2463474432948 15381.158435546206
8998 1849.283331218612 15437.85512528515
9008 1908.3770432191002 15402.72797805367
9018 3560.419325324041 15084.671090965381
9024 1849.125527858499 15452.857203815867
9026 1913.951192614844 15399.608995085786
9038 2838.261064858196 15174.098654500885
9044 1709.7478650644246 15380.748436760627
9048 2842.522846413393 15107.066433401082
9055 1694.7682352330194 15380.91615577492
9068 1849.2044294154452 15445.356176254367
9069 1922.692479965911 15396.544572993289
9071 2342.766139786269 16097.337046439166
9072 2838.312744577924 15166.55314480025
9073 1717.247403332184 15380.885103826893
9075 2836.9103266177303 15139.343268292156
9076 2847.146157887662 15102.130914521333
9081 4020.7856979067333 15543.195842694144
9093 4710.536290225182 16226.866602090333
9097 2837.9424629011546 15194.941097871411
9099 1702.248386898226 15380.611770789614
9102 1665.3293519485771 15385.963524660374
9104 1921.830249469628 15399.726162483534
9105 2853.5504094117036 15108.935250756158
9110 2337.2489572424447 16368.810852108341
9128 1679.850675613813 15382.500486346722
9140 2313.411576489428 16366.764949612916
9146 1205.5740783035214 15825.88559172398
9147 2831.7702378620493 15441.8649252062
9148 2399.7944665329196 15418.119529535736
9149 2822.8924738522132 15426.419920738032
9151 1687.3094493923372 15381.708321701355
9155 690.4778562015775 16180.05958742189
9177 2854.2214846062193 15103.600328520302
9178 3130.5136575651663 16603.251005078244
9180 4177.237206265465 15375.10330159906
9183 2703.259608746718 15418.306815399363
9185 1900.2667509894459 15381.502691622693
9187 4718.623863865856 15267.957987341486
9188 2527.8562332236143 15415.819645060174
9191 2849.2366146546588 15387.75936466632
9193 2966.869834244078 15807.558811772416
9198 1907.7316189644764 15396.318049289208
9200 2829.292405424723 15426.72995400502
9201 1672.472555855784 15383.675376416928
9203 2237.560512607256 15177.016054627386
9204 1829.7389083691662 15386.136468978822
9205 1480.9983768031702 16711.119685367135
9206 2844.584576470914 15087.504830584903
9208 2832.482476140834 15426.87987258687
9209 1644.5654044278242 15394.488254100499
9210 1900.8554107039304 15402.616432054701
9211 2828.935782802163 15434.222535200068
9212 1822.3181739666352 15386.001015344416
9217 2832.126358868177 15434.37235962158
9218 1900.121490105541 15384.702691622691
9219 1897.4958165948046 15387.85475701903
9221 2511.716670054387 15419.641732793756
9226 1651.3106924602268 15391.207688619343
9227 2200.3111777722206 16167.6177483209
9230 1658.1861085984792 15388.251685538373
9233 2841.650705339539 15080.601036693912
9236 2349.679632016991 15417.505249400627
9238 2564.8201630514986 15413.178743651099
9239 1837.1596922834608 15386.271923516986
9241 2798.069144661892 15419.462530975994
9242 3870.0095237697024 15273.883247664387
9248 3431.799215397928 17490.34421395574
9250 2826.0924096414374 15426.569932252942
9251 1875.7402773121605 15367.881251712997
9252 2593.5931638999127 16978.3847443469
9253 3912.5508185270446 16483.709782455677
9254 2369.489229742186 15387.670095300735
9255 2847.518443141619 15094.408613979342
9257 1862.4910716934817 16355.252400851705
9263 2838.7168191857295 15073.697207453106
9276 1814.8973880078543 15385.865560768934
9277 3899.837986820326 15346.273957882348
9278 3035.1730300125164 16091.923730990215
9279 3238.9928143183924 14292.674188177023
9284 2384.7994139615466 15414.76415360764
9287 2847.0687863003373 15413.936670139257
9288 2831.414119051091 15449.35744460581
9290 3621.3961090558255 17338.30700287101
9292 2831.0579988638033 15456.84999296254
9295 1892.7707500039783 15396.091525464617
9298 2832.8490807602293 15059.889628700686
9301 2866.0420720573966 15399.291960348055
9302 1849.0466265735702 15460.35820551719
9306 1994.4426478117387 15409.331777941674
9308 3742.55975293403 15269.561983387703
9309 2197.2505198572517 15220.838518844283
9310 2849.436049820685 15380.26116953793
9311 2505.959280434773 15556.468172223196
9314 1409.3190730009 16297.759881025459
9315 2984.5068250161994 15421.24515297598
9317 3674.1485117909 16370.078935522737
9320 2981.5238577440546 16145.502250332223
9321 3644.976540721674 14910.284374120949
9323 1305.2411007423098 15273.324126296588
9325 874.7360133552978 15197.788298776288
9328 3101.946857996321 17442.88199823949
9329 2583.4909780748194 16970.325668154823
9331 2885.9207583775296 15399.408389152026
9332 3938.440681078672 15414.510489365322
9333 1280.9334618821488 15691.53676311972
9335 3050.5762871368265 17464.114446421434
9336 2692.865956816852 16910.49573312697
9339 2875.1819570441294 15399.345492350136
9341 3147.8466806075753 16631.164134361305
9343 3803.999359432544 15164.729178242762
9344 1900.2511590539764 15396.20478699187
9345 2835.5910768232375 15109.910811900741
9346 2349.5110499766756 16367.591263011129
9347 1188.6360673912918 15322.805783965367
9348 1848.967725161859 15467.859219271446
9349 1807.476669417516 15385.730107423155
9351 2852.4366151392096 15387.839346448578
9352 2319.8990117615067 16357.32815437795
9353 4707.4702417784365 15247.913901380183
9354 2468.6630174769707 16361.12379108314
9355 2841.024281596452 15120.363720620842
9356 2878.9245194712757 15416.925855250594
9357 2835.782952096675 15066.79342307424
9358 2640.168123456845 16354.133815308098
9359 2787.510164947506 17278.997016115853
9361 2824.7765545112866 15521.607220597843
9362 1811.856734356215 16881.674301905507
9364 2829.9872975426565 15479.3768861595
9365 3143.8901734683736 16624.792568650253
9366 2863.819776837823 15419.65134613848
9368 2508.146115844248 15471.077716571719
9371 2387.012958241077 16368.059994712301
9372 2638.551139453615 16008.64620378427
9373 2788.897833202853 15396.611232057014
9374 1446.2586048056892 16609.130036227343
9376 1638.1083097472726 15398.228569409963
9378 2830.345757679409 15471.835106714101
9379 1504.720179301167 16505.257801451273
9380 2508.7604210396107 15447.090634455803
9381 2352.2765336477732 15407.9424733392
9382 2427.7651566413547 15407.731282326788
9383 1362.226160523476 15665.474856258355
9384 2394.6285444076684 16368.155180979467
9385 2358.0701687076626 15387.492979033752
9386 2774.910783537518 17259.476847734182
9387 4678.893228220685 17309.767855581256
9388 3507.9626415884577 17041.754629768708
9390 2858.792528317927 15403.19660088632
9391 3139.7048338919367 16618.05249079974
9393 1839.3939184913384 15897.871974144426
9394 4441.684081443818 16297.257107164942
9395 2377.1192385452487 15387.78844116754
9396 2557.020997676258 16973.28353212869
9397 4079.341679380179 16931.89511916762
9398 1271.5159565408785 16535.30606998835
9399 3040.868790686388 16719.359820501813
9401 3661.7744638183212 14936.51700164652
9403 3955.7410502725083 15444.2358788313
9404 1632.2379823514077 15402.897130550498
9405 3161.142409332573 16652.969048347695
9406 3202.3160916136617 16633.025900946956
9407 2163.8412381838257 15382.723520345442
9408 3842.274215818525 15244.528912812648
9409 1126.9769783604806 16720.967974555002
9410 3856.1750215494144 15269.098847703644
9411 2833.9412897678967 15143.955372441436
9412 1800.0559306745592 15385.594653709522
9413 2561.416039640135 16960.110687903776
9414 2357.011419433819 16367.68500919893
9415 4567.050470014365 15866.44864185875
9416 3613.1168079567974 15964.251715464543
9417 3913.5086061334036 16238.43630579222
9418 2372.012099231346 16367.87250083564
9419 3695.9104808244742 16340.743667917011
9421 3119.6064043254196 16585.685946227328
9423 1884.5603281580634 16345.005682050874
9424 2980.939817213493 16310.89781160107
9426 2825.818259095926 15567.09087508305
9428 1816.1046775744876 16348.513913547897
9429 1089.7021843497448 16742.04316665309
9430 2364.5117705288562 16367.778755157226
9431 3983.162544266051 16874.779846172056
9432 1636.3710569982507 17064.521701665293
9433 2312.3966661944387 16357.191044407376
9434 3012.281425792664 17135.53317678365
9436 3265.457245620271 15738.169999132007
9437 914.5104340208712 15522.101969107533
9438 2940.5954854648767 16757.775293901006
9439 3012.458016385821 16403.850730354996
9440 2153.5513471266336 15382.51030477243
9441 2852.636049591521 15380.341178153849
9442 4025.0609737447153 16156.274791102762
9443 2855.3273364300985 16353.130269397996
9444 2549.312682340181 16966.76293120175
9445 983.0549228579371 15410.655651691935
9446 3360.8310973246357 16993.079351124114
9447 3602.4341945666824 16411.558934888446
9448 2564.1615740864618 16962.29160742074
9449 1471.8629434453746 15596.420913400296
9450 3805.058826044498 15235.447926829607
9451 2597.8386374754546 16967.181298465868
9452 3650.127526888863 16395.49178389783
9453 1618.2087838453529 16288.247683859146
9454 3353.361628914092 16120.564320089823
9455 1848.8888237888368 15475.360229347632
9456 3860.7617886199237 16263.90979498278
9457 1810.3531107929934 16878.85108734514
9458 3419.08117068752 16515.16203757548
9459 2348.488827140656 16148.523877364718
9460 4405.615979019542 15970.381966812485
9462 3408.9960171281637 17045.78673707319
9463 3603.234980442088 15945.816079983962
9464 2767.277704060654 15407.158662457832
9465 2830.701877631545 15464.342563304814
9466 2945.3695633904827 16370.356874236806
9467 1205.1685470920538 16940.852255987927
9468 2321.0757508906145 16586.356065795633
9469 4035.4896797115744 16911.822237473378
9470 3352.2367552183077 15884.943099800663
9471 3830.783449481697 16284.121349042487
9473 2895.9458118830134 15399.467105556652
9474 1963.676696401456 17300.800270770964
9475 4872.610153432517 15736.872096140114
9476 3596.0091039753825 14831.38675151071
9477 2323.039893037624 16588.990000379177
9479 4113.72307059938 16961.81307059938
9480 1626.4470252513977 15407.664272030617
9481 2540.5331575212294 16972.176037334077
9482 3830.977231880775 15203.145264125727
9483 4365.417234987364 15988.184762557072
9484 2596.1256058885288 16964.47236378082
9485 3566.4497275427043 15997.849760034138
9486 3059.283526841557 15400.201330462713
9487 2863.921100221937 15416.461016289013
9488 2239.1715778938387 17317.8543978519
9489 2406.108195907961 15414.962164128307
9490 3138.7031083481056 16643.9259076376
9491 1566.524170811553 15491.215753541808
9492 2908.556333275103 15090.681266415093
9493 3285.411838296936 16582.840270097397
9494 2857.0899135719155 15189.742069546688
9495 3724.930132628652 15860.696906864187
9497 1439.0707276368473 16581.33912471256
9498 2859.5059878114967 15112.184777679426
9499 2897.652407445633 15417.631503444247
9500 2863.2374871650445 15118.14247947491
9501 4099.341598794919 16948.474124805394
9502 2141.925147457128 17417.63892613422
9503 3092.0615416917235 15592.430838232447
9504 2871.422469121416 15416.693425213387
9505 2294.72101769952 16615.740694608594
9506 3055.6692711161018 15012.239443143959
9507 4442.2601947300045 16926.997808601278
9508 2829.9152064651353 15052.985827365037
9509 2324.8784444600715 16405.132441551013
9510 3974.0474779996093 16204.97630881388
9511 2013.1005019913162 16350.444328985324
9512 4298.763863859861 15809.943388243444
9513 2196.2334857763994 15562.14140769639
9514 2994.5134233492618 16402.40454630437
9515 2304.7365436469818 16357.051050965634
9516 4292.083708825783 17108.718987120978
9517 3319.1824731140887 15427.872411969409
9518 2853.383053496506 15352.255955508135
9519 3230.5056844243463 15081.317643796338
9520 1965.8738906122358 17295.97837186219
9521 3252.975365851369 17295.021189768944
9522 1497.9666664130964 15780.335313136657
9523 2379.5125137796845 16367.966247587032
9524 2027.1351715670592 16210.595854399564
9525 925.9279991167381 15248.816242790615
9526 4033.2826731319856 15343.371124257255
9527 1863.5919929563927 17354.125868492712
9528 3140.86511649899 15584.151037311396
9529 3801.629473638414 16637.97358790331
9530 2629.712328781717 16945.73252958462
9531 1228.6498177616847 15301.2288415244
9532 3288.4181834667884 15817.742615530218
9534 3271.9044083042786 16794.002338670216
9535 1831.9166884895408 16406.661655084674
9536 2763.1430494176047 15410.274783237464
9537 3258.115960449181 16008.549572097883
9538 4409.08305374312 15468.481477712841
9539 2352.2502824246963 15989.146695995956
9540 3422.0167164766763 17479.25319286043
9541 3884.461378220343 15266.373421595581
9542 1868.7782790733781 16843.022796310226
9543 2652.730925810352 15265.351311147704
9544 3655.066556943466 17400.924906992946
9545 3251.7070186176115 15337.634340121733
9546 3583.6808832505267 15335.902313017656
9547 4404.047342879544 15758.079258431093
9548 2812.0243988870056 15010.886347690572
9549 2335.7377669539437 16471.762979098625
9550 3197.6231514483356 16611.252669525613
9551 1829.6933281665417 16529.101840647432
9552 3318.35067990588 16042.930810575788
9553 3118.1256372502858 16218.953172107864
9554 1350.6639942301551 17643.43417256045
9556 1585.5321312080478 15455.710991185675
9557 1957.6756027730687 17593.80953766342
9558 1450.0099914471455 16579.7726705599
9559 3429.9586366407852 15406.165920886935
9560 1215.1322487321168 15824.64086576146
9561 2383.739407658517 16770.848330585246
9562 3543.1817845379533 14746.269984339913
9563 996.4501859737525 15620.873073876397
9564 672.4213729298805 17011.82304871195
