7052 3672.8108763201008 16425.646781906853
7119 3550.4751461623796 16219.030881024168
7195 3623.400500337411 16344.57908978008
7237 3506.493087015699 16029.893434497364
7256 3465.663485954595 16075.71213210195
7263 2763.886403088623 15399.205023868495
7269 2771.3840658408835 15399.387291182062
7273 2817.389382919935 15400.505675114617
7274 2778.881760999925 15399.569559283436
7280 3478.2587825401397 16096.983516539578
7340 2786.379427795089 15399.751826695287
7452 2683.0909799948804 15397.204512643877
7499 2645.599487759727 15396.209826496986
7508 2555.619825459601 15393.822577597146
7546 2675.592687607401 15397.005575575266
7559 2540.6231318334203 15393.424700571994
7563 2653.097812581004 15396.4087644261
7570 2303.3413802220753 15496.81628905292
7594 4437.041565138229 16275.48181346882
7603 3150.586709663557 16629.504182518784
7617 2638.1012012850847 15396.010889585248
7619 2452.1259927662977 15388.694082486732
7648 2459.6267742876544 15388.78018940467
7650 2474.6282646815594 15388.95240240656
7660 2630.6029043710773 15395.811952396543
7672 2422.1230104666706 15388.349656465598
7675 2482.128986164199 15389.03850863527
7683 2444.6252363317176 15388.607975856783
7730 2437.1245287846073 15388.521869788048
7733 2756.3886598916897 15399.022754599326
7748 2548.121477926983 15393.62363906548
7804 2414.6222505338615 15388.26354979549
7806 2748.8909237627977 15398.84048550198
7815 2429.6238178882245 15388.435763680865
7832 2145.479578289287 15385.543398785889
7835 2152.9857987028913 15385.698690898062
7841 2407.1215113569883 15388.177443363655
7856 2802.393977703362 15400.14113854969
7857 2160.4920467275124 15385.853983581463
7870 2167.9982894086115 15386.009276154316
7986 2741.393211736242 15398.65821699056
8020 2137.97327928852 15385.388105047869
8028 2623.104620324749 15395.61301554923
8047 2130.46705581817 15385.232812872455
8079 2733.895487134059 15398.475948173427
8080 2726.3978216857736 15398.29368079432
8101 2122.9608355751297 15385.07752076381
8125 2058.656056771126 15384.716701727211
8127 2088.689566924471 15384.69589569316
8130 2036.1309281454685 15384.732306249985
8131 2073.672787924346 15384.706298726758
8132 2096.1979365970356 15384.690694190096
8148 2281.1321039018126 16623.461960314256
8157 2028.6225661890708 15384.737507747705
8161 2043.6393106167593 15384.727104738056
8180 2081.181193509437 15384.701097198817
8188 2006.0974420158664 15384.753112267395
8215 2711.402441788738 15397.929144844908
8222 2021.114181544714 15384.74270926114
8240 2718.9001561540585 15398.111413413184
8241 2809.891695439263 15400.323407199905
8270 2668.0943983532834 15396.806638589784
8273 2066.1644216204027 15384.71150022749
8275 2660.59611685169 15396.607701809984
8315 2690.5893194894197 15397.403450962285
8319 2796.396854574721 15396.79349993758
8321 2051.1476770996296 15384.721903237201
8353 2335.55381186365 16484.62637529062
8363 2013.6058073745533 15384.747910767319
8371 2399.620789261386 15388.091337127908
8403 2615.6063124234042 15395.41407806902
8432 2608.1080176762644 15395.215140937804
8467 2849.6873288718684 15105.303200547107
8502 2593.111429126384 15394.817266700427
8504 1998.5890744410672 15384.758313769005
8541 2585.613063656095 15394.618327692857
8559 1916.4835941293227 15378.61667286544
8570 2578.1147335868436 15394.41938962451
8581 2570.6164496649712 15394.220452780499
8590 2215.2621902501232 15416.76201195492
8596 2533.1247730631267 15393.22576174218
8599 1062.9182597219494 17027.587375380983
8615 1968.6289023110846 15383.381550245114
8623 1901.5409279886505 15378.3247466064
8625 2852.2163751403987 15109.747909452353
8631 2811.475140615184 14583.970765938564
8638 1991.0806965036766 15384.763515277795
8659 1931.2963585134062 15379.422038024148
8706 1822.2402313820432 15382.79842985796
8735 1909.012268281481 15378.470709877023
8744 2467.127558248036 15388.866296350609
8748 1892.9251268231521 15378.194802377875
8749 1961.1623773043068 15382.58964607773
8753 1837.2391992304247 15383.071762009846
8762 1983.5723075766834 15384.768716794197
8763 1953.695856545278 15381.797742360863
8764 1799.7417382618607 15382.388430876637
8765 2600.609718647043 15395.01620369298
8771 1938.7628532347323 15380.213938979441
8772 1792.2422526413875 15382.251764769782
8775 1807.2412591856041 15382.525097626838
8785 1923.9496644613685 15378.768311824448
8786 1814.7407270712317 15382.661763410502
8787 1829.7397023045942 15382.935095696968
8788 1849.520036071979 15415.352025248
8792 1976.095466432799 15384.173458561054
8795 2563.1181459513577 15394.021515411392
8803 1946.2293485259815 15381.00583999518
8806 2758.167917363199 14634.68560371279
8817 2392.1200747185762 15388.005230978864
8822 1784.7427700472656 15382.115098718077
8853 1849.5989375905579 15407.851001333998
8872 1769.7437119800686 15381.8417649221
8877 2857.2960965915295 15110.478369138631
8884 1762.2442449080925 15381.70509915326
8888 2837.5357773252986 15151.478335724181
8895 2929.442932780111 15405.683383596068
8899 1893.3338909366082 15402.504887727784
8902 2384.619447017522 15387.90477375585
8922 1777.2432670982887 15381.978432295438
8925 1747.2453107224014 15381.431767614824
8929 1915.2120619195716 15396.431311329821
8941 1849.4411342626488 15422.853076803187
8944 1849.3622329011139 15430.354085787292
8947 1754.7447770157657 15381.568433369472
8955 2836.521844124313 15131.805885734688
8956 2837.924261612722 15159.015753089167
8965 1893.5010364458653 15399.304886151678
8966 2926.8489535608005 14480.030639712206
8977 1739.7458402793272 15381.295101784552
8993 1724.746877601402 15381.021769726889
8995 1732.2463474432948 15381.158435546206
8998 1849.283331218612 15437.85512528515
9008 1920.011188100763 15402.900512714248
9018 3565.877797988815 15096.57784854209
9024 1849.125527858499 15452.857203815867
9026 1913.951192614844 15399.608995085786
9038 2838.261057111262 15174.099173545463
9044 1709.7478650644246 15380.748436760627
9048 2842.522846413393 15107.066433401082
9055 1694.7682352330194 15380.91615577492
9068 1849.2044294154452 15445.356176254367
9069 1922.7057773829717 15396.544774330643
9071 2351.4986985760975 15921.74426012654
9072 2838.3127504954223 15166.553259612236
9073 1717.247403332184 15380.885103826893
9075 2836.9103266177303 15139.343268292156
9076 2847.146157887662 15102.130914521333
9081 4068.5743716706183 15630.382678185157
9093 4624.775506810257 16277.632034567541
9097 2837.9424629011546 15194.941097871411
9099 1702.248386898226 15380.611770789614
9102 1665.3293519485771 15385.963524660374
9104 1979.857236571914 15404.657996123891
9105 2853.5504094117036 15108.935250756158
9110 2338.755775452369 16281.553471685344
9128 1679.850675613813 15382.500486346722
9135 3420.4700163482194 17223.85035491512
9140 2338.0703815916368 16314.836230808876
9146 1123.0039396518348 15867.533164097562
9147 2831.7702378620493 15441.8649252062
9148 2510.349055934565 15416.797025960912
9149 2822.8924738522132 15426.419920738032
9151 1687.3094493923372 15381.708321701355
9155 638.3198994286362 16121.70463478525
9177 2854.2214846062193 15103.600328520302
9178 3056.3264297378746 16483.59998566275
9180 4235.630070079225 15499.117195665889
9183 2823.5818829079194 15413.812602355707
9185 1900.2667509894459 15381.502691622693
9187 4677.045029080423 15305.319517474856
9188 2589.3778472451177 15416.751953093595
9191 2849.2366146546588 15387.75936466632
9193 2968.074648086724 15725.438434000473
9198 1907.7316189644764 15396.318049289208
9200 2829.292405424723 15426.72995400502
9201 1672.472555855784 15383.675376416928
9203 2192.5665989084905 15286.277454972573
9204 1829.7389083691662 15386.136468978822
9205 1449.4687945585629 16572.17074217144
9206 2844.584576470914 15087.504830584903
9208 2832.482476140834 15426.87987258687
9209 1644.5654044278242 15394.488254100499
9210 1900.8650332859447 15402.616574757834
9211 2828.935782802163 15434.222535200068
9212 1822.3181739666352 15386.001015344416
9217 2832.126358868177 15434.37235962158
9218 1900.121490105541 15384.702691622691
9219 1897.4958165948046 15387.85475701903
9221 2555.2377980819356 15416.234589519794
9226 1651.3106924602268 15391.207688619343
9227 2133.8605781350143 16167.253716990195
9230 1658.1861085984792 15388.251685538373
9233 2841.650705339539 15080.601036693912
9236 2486.1252925394556 15418.365674044731
9238 2721.286894285033 15412.125590412388
9239 1837.1596922834608 15386.271923516986
9241 2848.27034972252 15408.814354479313
9242 3968.3083041010154 15451.60456440135
9248 3387.598237233687 17416.051648445213
9250 2826.0924096414374 15426.569932252942
9251 1875.7402773121605 15367.881251712997
9252 2595.274192306428 16968.612215483183
9253 3951.394497053928 16553.882502918164
9254 2278.194421098972 15386.25405980947
9255 2847.518443141619 15094.408613979342
9257 1862.4910716934817 16355.252400851705
9263 2838.7168191857295 15073.697207453106
9276 1814.8973880078543 15385.865560768934
9277 3994.695794350731 15509.231436133055
9278 3081.6186556198045 16166.33238610121
9279 3291.4424656988267 14365.672427153733
9284 2506.9846626423255 15413.818356312035
9287 2859.435792718142 15401.861421837135
9288 2831.414119051091 15449.35744460581
9290 3512.798142916281 17159.510518582167
9292 2831.0579988638033 15456.84999296254
9295 1892.7707500039783 15396.091525464617
9298 2832.8490807602293 15059.889628700686
9301 2879.7637099299955 15399.372327524252
9302 1849.0466254838052 15460.358309119145
9306 2106.1504228375543 15411.613068410054
9308 3823.8464885293106 15222.159325071116
9309 2195.9464600867714 15369.447324197841
9310 2849.436049820685 15380.26116953793
9311 2508.9790251107906 15438.554691986395
9314 1429.5426245874276 16465.7108724246
9315 3082.458481480803 15422.859701467045
9317 3855.705816482577 16266.701960209364
9320 3044.284482650994 16110.19865567113
9321 3595.8758195664564 14831.172000163815
9323 1338.091161568416 15332.519190563919
9325 825.4401117303433 15152.912762432423
9328 2959.4582875126807 17498.918849106467
9329 2593.7241222844723 16965.812280292117
9331 2897.441910418772 15399.475868155967
9332 4016.590157014947 15548.86152374435
9333 1406.859106742781 15656.16870615389
9335 2937.843435642467 17501.712320575392
9336 2852.385697793543 16820.466176282553
9339 2888.922680338742 15399.425971309012
9341 3147.8466806075753 16631.164134361305
9343 3903.8886407836007 15335.134196933985
9344 1900.2511590539764 15396.20478699187
9345 2835.5910768232375 15109.910811900741
9346 2349.5110499766756 16367.591263011129
9347 1274.4291900981862 15287.053015042466
9348 1848.967724106943 15467.859319560388
9349 1807.476669417516 15385.730107423155
9351 2852.4366151392096 15387.839346448578
9352 2319.818004346944 16357.326673917722
9353 4700.758877966872 15291.839856940745
9354 2343.07182988107 16359.08733301396
9355 2841.024281596452 15120.363720620842
9356 2889.382226444533 15417.249858037505
9357 2835.782952096675 15066.79342307424
9358 2558.9568489914045 16358.590136542247
9359 2704.9259093399696 17151.049577850656
9361 2816.6803199093592 15708.83509670129
9362 1799.75019339677 16887.83151243435
9364 2827.9761493274827 15521.690200014331
9365 3143.8901734683736 16624.792568650253
9366 2863.819776837823 15419.65134613848
9368 2530.622725975797 15415.86156891829
9371 2387.408321863191 16368.06493631319
9372 2639.484660822201 15852.816505220293
9373 2788.897833202853 15396.611232057014
9374 1430.6275549889456 16541.102409802188
9376 1638.1083097472726 15398.228569409963
9378 2830.345757679409 15471.835106714101
9379 1673.5255132682937 16416.35738313117
9380 2543.7148441415807 15416.059968897462
9381 2488.099519684959 15409.019556289608
9382 2580.6749008521956 15409.728805999643
9383 1170.0469084091105 15680.033781840419
9384 2458.6947329748373 16368.955936326185
9385 2249.896469881484 15385.815142155228
9386 2684.845343839183 17119.931547967226
9387 4616.965060919579 17203.572751001764
9388 3451.6653570870826 17083.977822149373
9390 2869.076943399849 15399.30973548847
9391 3082.1273741467953 16525.32965337408
9392 2711.056491808934 16371.715056668529
9393 1831.4763711786252 16129.034696492185
9394 4385.091123532995 16191.387146120846
9395 2377.1189923870566 15387.788437349484
9396 2557.020997676258 16973.28353212869
9397 3958.072479329478 16847.904711882307
9398 1363.198982892449 16483.66345514521
9399 3145.0621003779775 16662.995312413135
9401 3757.6027453112183 15090.281788075265
9403 4030.702357007335 15574.611442753536
9404 1632.2379823514077 15402.897130550498
9405 3170.1776658593762 16647.346143876133
9406 3358.8934502960246 16544.146947650504
9407 2163.8412381838257 15382.723520345442
9408 3922.9565338682196 15387.145794778233
9409 1289.2492933389349 16629.219105080705
9410 3945.2032002208643 15426.461697814215
9411 2833.9412897678967 15143.955372441436
9412 1800.0559306745592 15385.594653709522
9413 2552.3547387509116 16964.887320100763
9414 2357.011419433819 16367.68500919893
9415 4405.984608834354 15955.140357228507
9416 3648.1604147164285 16021.053306271793
9417 4071.4911226372906 16148.346536417414
9418 2372.012099231346 16367.87250083564
9419 3526.2163684301117 16437.145281196656
9421 3042.0613238667156 16459.756234225883
9423 1818.034609818016 16348.19791797399
9424 2887.7266194065623 16352.148797988513
9426 2817.204444245653 15766.210215018731
9428 1809.0367055702905 16351.028537004086
9429 1236.9723814402246 16658.776504116708
9430 2364.5117705288562 16367.778755157226
9431 4072.770587803495 16932.011494391376
9432 1743.7791909901935 17226.33129291035
9433 2305.423137145462 16357.063598883287
9434 3069.2090853879163 17126.182908282848
9435 1783.3694068340249 16557.90604430163
9436 3364.2183248411925 15906.754786697078
9437 916.3288572641504 15460.105052162451
9438 2761.9819378044854 16850.340238986562
9439 3089.4343173790326 16260.606768947973
9440 2153.5513471266336 15382.51030477243
9441 2852.636049591521 15380.341178153849
9442 3867.0543773401673 16242.846323325706
9443 2791.084725224851 16357.681418831524
9444 2545.946029182573 16968.838675758394
9445 1006.4157867704561 15376.491012194063
9446 3470.9955371587394 17127.984493749154
9447 3758.665057576206 16326.274992633204
9448 2553.906909643026 16967.68598414368
9449 1599.5607390295777 15454.49937517595
9450 3837.1920763168955 15242.057513245862
9451 2601.8248994831556 16964.957031707825
9452 3691.8580397853375 16462.072633440537
9453 1502.3484279503673 16285.454898370934
9454 3512.177769088704 16035.763468675852
9455 1848.8888226867778 15475.36033411837
9456 4014.9889225236275 16179.013647048716
9457 1760.5583669814637 16904.168100767238
9458 3573.0805462277403 16427.620442350668
9459 2353.1602903701064 15964.035858470053
9460 4476.751919126475 15945.947700777904
9462 3512.7010997048924 17190.127201177635
9463 3573.93520867132 15993.847881429005
9464 2964.0030855584673 15411.103378356464
9465 2830.701877631545 15464.342563304814
9466 3053.552989009663 16496.42904373301
9467 1130.396579547344 16984.102599426526
9468 2315.552736853794 16588.570971698035
9469 4097.37248219291 16947.96370759425
9470 3431.8922201482446 16026.346582058804
9471 3948.7330966759137 16218.983548746639
9473 2937.0026480837246 15399.653336916952
9474 1868.5735908806969 17352.149192584864
9475 4931.317010984504 15874.052774795264
9476 3556.193216705065 14767.23434622919
9477 2317.132787827454 16591.35094842416
9479 4121.800451875954 16971.25990630619
9480 1626.4470252513977 15407.664272030617
9481 2539.537303384441 16972.79004142267
9482 3802.327947453474 15167.412061730774
9483 4457.3085871840385 15939.199535499209
9484 2600.27754125878 16962.155776340023
9485 3397.9908098989026 16087.05770289789
9486 3149.6183514006516 15405.914448749612
9487 2863.921100221937 15416.461016289013
9488 2244.438994388329 17360.672992823118
9489 2507.8187307850676 15410.568048024554
9490 3162.863290432291 16686.103748300186
9491 1672.1183608113172 15403.250007195174
9492 3057.3275430059257 15011.313405657824
9493 3474.447248513964 16477.86810776316
9494 2865.8144887018693 15113.22555338336
9495 3868.801041474388 15779.208556917794
9497 1457.5788634568362 16681.66874285634
9498 2859.5059878114967 15112.184777679426
9499 3026.8400095474863 15421.942935756526
9500 2952.8389675125404 15067.297460836213
9501 4203.20002918516 16949.24291751761
9502 2064.216563933795 17460.82081930482
9503 3153.312573370021 15578.722182200929
9504 2871.422469121416 15416.693425213387
9505 2334.3918895116367 16565.87592122288
9506 3145.2505571171773 14962.214094826722
9507 4504.755035269813 17022.62647383641
9508 2829.9152064651353 15052.985827365037
9509 2322.68388743129 16573.6077310144
9510 4010.191630591138 16256.920973821205
9511 1880.8522881857314 16344.848721916096
9512 4450.279484478516 15738.466454410036
9513 2235.840062700774 15586.48931437677
9514 3097.6224643689966 16569.28013589767
9515 2200.4125968109147 16355.144466797672
9516 4278.942480816049 17113.779923351845
9517 3409.071769189314 15428.32853742974
9518 2859.6961087019863 15206.168853781155
9519 3283.491003235117 15162.742934367983
9520 1877.6457320104778 17343.620188733865
9521 3188.8010540577147 17318.896313703437
9522 1452.696373655331 15641.686812772394
9523 2379.5611681503115 16367.966855711977
9524 2031.9158736431907 16062.243201671443
9525 861.8945481249904 15187.983714877604
9526 4074.916370026673 15416.378355622439
9527 1806.671099637768 17298.370091367393
9528 3182.544429102248 15601.501156374166
9529 3885.6082593296373 16763.65874614356
9530 2760.0285366552516 16872.851820899694
9531 1308.3181824499636 15271.343376581752
9532 3195.0144562759574 15869.505283963843
9534 3355.05289629699 16749.641712869277
9535 1825.1070898422065 16595.444114785358
9536 2939.1900149347352 15413.88994376047
9537 3174.181925460808 16052.64756731145
9538 4466.551688042034 15436.247772951272
9539 2357.08030237832 15855.86670991006
9540 3389.9970323217794 17514.735286409956
9541 3830.7465914436843 15203.222966518972
9542 1839.8197265263507 16837.07482260973
9543 2579.8136798437504 15265.011918309334
9544 3578.0049888130325 17271.90252573501
9545 3261.092622179078 15335.603282091823
9546 3601.093030084648 15324.71688688202
9547 4501.702908129831 15733.633082548118
9548 2759.2910498687647 14915.642356769138
9549 2340.132705174761 16388.253981020538
9550 3105.2150764403586 16662.683234659962
9551 1821.756208621261 16605.201633637436
9552 3355.171932439085 16095.07730805573
9553 3092.584928352922 16177.910606987603
9554 1389.014256905991 17676.235083842734
