7052 4344.200458710084 16427.605214355768
7119 3669.087462502274 16419.70542912662
7195 3687.5581841134112 16449.17867023449
7256 3643.632205694892 16378.695820447892
7263 2763.886403088623 15399.205023868495
7269 2771.3840658408835 15399.387291182062
7273 2817.389382919935 15400.505675114617
7274 2778.881760999925 15399.569559283436
7280 3655.1687242955077 16397.49566733594
7340 2786.379427795089 15399.751826695287
7452 2683.0909799948804 15397.204512643877
7499 2645.599487759727 15396.209826496986
7508 2555.619825459601 15393.822577597146
7546 2675.592687607401 15397.005575575266
7559 2540.6231318334203 15393.424700571994
7563 2653.097812581004 15396.4087644261
7603 3336.340343839566 16929.57597355334
7617 2638.1012012850847 15396.010889585248
7619 2452.1259927662977 15388.694082486732
7648 2459.6267742876544 15388.78018940467
7650 2474.6282646815594 15388.95240240656
7660 2630.6029043710773 15395.811952396543
7672 2422.1231108709694 15388.349657618213
7675 2482.128986164199 15389.03850863527
7683 2444.6252363317176 15388.607975856783
7730 2437.1245287846073 15388.521869788048
7733 2756.3886598916897 15399.022754599326
7748 2548.121477926983 15393.62363906548
7804 2414.6223658982444 15388.263551119842
7806 2748.8909237627977 15398.84048550198
7815 2429.6238178882245 15388.435763680865
7832 2309.6163724061635 15386.741432519013
7835 2324.6170486967503 15386.974101718239
7841 2407.1216230053624 15388.177444645347
7856 2802.393977703362 15400.14113854969
7857 2347.1180875569194 15387.323105895912
7870 2354.6184343943037 15387.439440630344
7986 2741.393211736242 15398.65821699056
8020 2302.11607376949 15386.625098532202
8028 2623.104620324749 15395.61301554923
8047 2294.6157450953187 15386.508764079492
8079 2733.895487134059 15398.475948173427
8080 2726.3978216857736 15398.29368079432
8101 2287.1153766671364 15386.392429010175
8125 2242.1133098702558 15385.694420824258
8127 2272.1146988550727 15386.15975978735
8130 2167.9982029359508 15386.009274365331
8131 2257.1140052204255 15385.927090319108
8132 2279.6150152339214 15386.276094049354
8157 2160.4919051333127 15385.853980652098
8161 2227.112440707739 15385.461748633477
8180 2264.6143217440485 15386.043424583357
8188 2137.97315092208 15385.388102392164
8215 2711.402441788738 15397.929144844908
8222 2152.985661253656 15385.698688054448
8240 2718.9001561540585 15398.111413413184
8241 2809.891695439263 15400.323407199905
8270 2668.0943983532834 15396.806638589784
8273 2249.613678583464 15385.810755897997
8275 2660.59611685169 15396.607701809984
8315 2690.5893194894197 15397.403450962285
8319 2796.396854574721 15396.79349993758
8321 2234.6128910633106 15385.578084973537
8363 2145.479434336088 15385.54339580772
8371 2399.6209017905135 15388.091338419712
8403 2615.6063124234042 15395.41407806902
8432 2608.1080176762644 15395.215140937804
8467 2849.6873288718684 15105.303200547107
8502 2593.111429126384 15394.817266700427
8504 2130.4668087292002 15385.232807760567
8541 2585.613063656095 15394.618327692857
8559 2018.124502693632 15384.744780393008
8570 2578.1147335868436 15394.41938962451
8581 2570.6164496649712 15394.220452780499
8590 1314.6267295303467 15693.514810357537
8596 2533.1247730631267 15393.22576174218
8615 2081.181193268412 15384.701097198984
8623 1982.5520810455535 15384.769423566993
8625 2852.2163751403987 15109.747909452353
8631 3425.2551600768434 14565.1229062092
8638 2122.9593709535557 15385.077490463053
8659 2042.2812167121645 15384.728045572074
8706 1865.6805973498208 15380.125779562182
8735 2001.83489091129 15384.756065195073
8744 2467.127558248036 15388.866296350609
8748 1925.0363619587497 15378.837971920433
8749 2073.67076537818 15384.706300127898
8753 1907.7289707683808 15378.445638832893
8762 2096.197935401159 15384.690694190924
8763 2066.155629022596 15384.711506318654
8764 1814.5367580726863 15382.658046402383
8765 2600.609718647043 15395.01620369298
8771 2050.620349243318 15384.72226854919
8772 1804.1456398341172 15382.468684925156
8775 1827.381008268278 15382.892112278168
8785 2030.8186913504394 15384.735986358608
8786 1842.0654390122618 15382.849867821375
8787 1891.585840295044 15378.242606051494
8788 1849.520036071979 15415.352025248
8792 2088.6895689610506 15384.69589569175
8795 2563.1181459513577 15394.021515411392
8803 2058.497810578581 15384.716811353946
8817 2392.1201895519375 15388.00523229712
8822 1793.6504476032874 15382.277426866207
8853 1849.5989375905579 15407.851001333998
8872 1775.363212512909 15381.944171313571
8877 2857.2960965915295 15110.478369138631
8884 1767.2637519017298 15381.796571624023
8888 2837.5357773252986 15151.478335724181
8899 1313.756032561355 15229.416894967617
8902 2384.619668297714 15387.904777188034
8922 1784.361740700328 15382.108155068861
8925 1747.905082621789 15381.443790900348
8929 1884.7272579684586 15395.850717101479
8941 1849.4411342626488 15422.853076803187
8944 1849.3622329011139 15430.354085787292
8947 1757.4830802859342 15381.618334558201
8955 2836.521844124313 15131.805885734688
8956 2837.924261612722 15159.015753089167
8965 1367.3504787531847 15519.039077545905
8977 1739.7596976149453 15381.295354312286
8993 1724.746877601402 15381.021769726889
8995 1732.2463474432948 15381.158435546206
8998 1849.283331218612 15437.85512528515
9008 1367.813133641574 15414.820984999793
9024 1849.125527858499 15452.857203815867
9026 1871.7217296557553 15392.999298028406
9038 2838.261064858196 15174.098654500885
9044 1709.7478650644246 15380.748436760627
9048 2842.522846413393 15107.066433401082
9055 1694.7682352330194 15380.91615577492
9068 1849.2044294154452 15445.356176254367
9069 1903.5787922424106 15396.255170976829
9071 1776.9761528699482 16913.376086984958
9072 2838.312744577924 15166.55314480025
9073 1717.247403332184 15380.885103826893
9075 2836.9103266177303 15139.343268292156
9076 2847.146157887662 15102.130914521333
9097 2837.9424629011546 15194.941097871411
9099 1702.248386898226 15380.611770789614
9102 1665.3293519485771 15385.963524660374
9105 2853.5504094117036 15108.935250756158
9110 1839.4020956867557 16964.124976456646
9128 1679.850675613813 15382.500486346722
9140 1444.3508204371674 16540.882419732454
9147 2831.7702378620493 15441.8649252062
9149 2822.8924738522132 15426.419920738032
9151 1687.3094493923372 15381.708321701355
9177 2854.2214846062193 15103.600328520302
9178 3139.933234846562 16618.420308078883
9185 1962.4400868277583 15382.725160724156
9188 2331.0305378592016 16590.298870186387
9191 2631.9219275176156 15417.396672651808
9198 1863.5035026020762 15389.642557400848
9200 2829.292405424723 15426.72995400502
9201 1672.472555855784 15383.675376416928
9204 1865.6817458146897 15385.431037496803
9206 2844.584576470914 15087.504830584903
9208 2832.482476140834 15426.87987258687
9209 1644.5654044278242 15394.488254100499
9210 931.8749097443861 15735.7941313644
9211 2828.935782802163 15434.222535200068
9212 1837.1361393511027 15386.271493595887
9217 2832.126358868177 15434.37235962158
9218 1943.4259267060386 15380.708507377913
9219 1900.2667509894459 15381.502691622693
9226 1651.3106924602268 15391.207688619343
9230 1658.1861085984792 15388.251685538373
9233 2841.650705339539 15080.601036693912
9236 1475.944381884459 15582.317269033689
9238 1590.9214333288976 15464.100978309516
9239 1892.5596549480774 15384.592474033907
9241 2633.5156065319566 16118.948228352163
9242 3254.797472696567 14310.000810745822
9250 2826.0924096414374 15426.569932252942
9251 1875.7402773121605 15367.881251712997
9254 2369.6190358887425 15387.672108669438
9255 2847.518443141619 15094.408613979342
9257 1851.8826737536988 16100.124506882914
9263 2838.7168191857295 15073.697207453106
9276 1828.0691261016198 15386.10598977494
9284 2027.1246534637867 16210.832206358911
9287 2339.905262809459 16239.48835594615
9288 2831.414119051091 15449.35744460581
9292 2831.0579988638033 15456.84999296254
9295 2001.6625720305033 15393.753354062957
9298 2832.8490807602293 15059.889628700686
9301 2396.640546584837 15769.728765246784
9302 1849.0466265735702 15460.35820551719
9306 1132.7471059879886 15691.47670172785
9308 2878.8036207759424 15420.121136624988
9310 2813.257491198281 15413.246699701856
9311 2282.7537523321976 16622.540534319614
9317 2616.8718303644964 16952.89693237856
9328 4203.649975811901 16829.545905336472
9331 2821.064410573084 16308.405421054224
9336 2200.5729704360137 16665.55627672588
9339 2369.031480126934 15813.508089594256
9341 3239.9970997462465 16779.457054224156
9343 3239.3569048827517 14292.613188710742
9344 1900.121490105541 15384.702691622691
9345 2835.5910768232375 15109.910811900741
9346 2298.4503596386385 15755.455094829844
9348 1848.967725161859 15467.859219271446
9349 1816.5384891287852 15385.89551644437
9351 2687.3832235462733 15418.11328438479
9352 3123.5203874437498 16591.989031184083
9354 3127.882456650621 16599.013714726887
9355 2841.024281596452 15120.363720620842
9356 2878.923867829166 15416.925835061287
9357 2835.782952096675 15066.79342307424
9361 2825.7357868836975 15434.063017162756
9362 2250.220520694966 16928.964986567393
9364 2829.9896395731103 15479.327611288107
9365 3149.8049721812167 16637.872046153752
9366 2863.819776837823 15419.65134613848
9368 2305.4841276198804 16609.625060000006
9371 2372.074141150061 16367.873276289889
9373 2788.897833202853 15396.611232057014
9374 2000.9511139806525 17287.84088189129
9376 1638.1083097472726 15398.228569409963
9378 2830.345757679409 15471.835106714101
9380 2372.4722864705413 16635.03201562843
9381 2215.3610418147337 15410.362012025402
9382 1919.6856337307481 15396.499046071629
9383 1828.0704914016944 15718.297704838882
9384 2380.0437583633643 16367.972887547208
9385 2362.1187387173745 15387.555774705354
9390 2215.41053874763 15407.16201196578
9391 3145.0332697380254 16626.63341279381
9395 2377.119338638413 15387.788442720044
9396 2982.956986199759 17490.52165893065
9399 2585.709398371654 16973.853682702724
9401 3183.891666784636 14309.631104002847
9403 2902.0311741145447 15417.892194780296
9404 1632.2379823514077 15402.897130550498
9405 2585.106938545026 16969.748370417296
9407 2339.617721470525 15387.206770862917
9408 2969.331612286315 15639.260224331778
9410 3639.467429034662 15226.763210296342
9411 2833.9412897678967 15143.955372441436
9412 1807.7603125855983 15385.7352848754
9413 2816.119457852706 15789.41326423037
9414 2223.5595031970274 16364.865489243975
9415 4721.202667573285 16522.764170242488
9418 2357.0114052515387 16367.685009021667
9421 3135.9751363506493 16612.046179644323
9423 2859.392904879335 16356.210026226338
9424 3839.8478418377904 15787.747422737097
9426 2829.633519204393 15486.820163462009
9428 2318.7863084326063 16357.307819041578
9429 725.7850539649298 16707.97337676823
9430 2349.51101920534 16367.591262626522
9432 1479.956193595573 15749.935561809378
9433 2841.970481391656 17361.45391622022
9436 3099.062009236211 15401.430508353686
9437 1493.2107013463262 15761.491376540567
9438 3894.7837334000187 16451.66084701803
9439 3131.9928055655087 16605.633027490683
9440 2332.1173622094557 15387.090435935786
9441 2770.554321750954 15415.926641365922
9443 3662.7902583548002 16149.533054713453
9444 3121.0 16231.379092858566
9445 1430.7248888829192 15627.413305947986
9446 2837.0616689979884 16368.217102154245
9447 3493.346581772494 17185.285328803748
9448 3896.441600904746 16230.604975747265
9450 2886.295499216099 15420.356030503475
9452 3594.117469927813 16300.531334742192
9453 2335.6255553396236 16365.455767696105
9454 3237.0935206149584 16768.569042440657
9455 1848.8888237888368 15475.360229347632
9456 2796.582680262582 16855.588502813735
9457 2523.423323554284 16879.16336598271
9459 3042.8822350664846 16461.133130851213
9460 3461.302199969655 16074.621367411826
9462 3176.519025060849 16318.4655361505
9464 1980.9558398345087 15396.254428386208
9465 2830.701877631545 15464.342563304814
9466 2829.277399002926 15494.312712117064
9468 2734.927256166513 17098.820994081434
9469 3635.882098547149 16372.148047283037
9470 2893.7912185584273 15420.609846994625
9471 2726.0990114529172 16891.953229421153
9473 2534.4036889055806 15415.918866214037
9474 2567.814023013466 16964.00411078262
9475 3963.1274178291883 15990.843512401361
9476 3803.9105314079693 15232.42957944604
9477 2893.0480516759853 16782.001683825176
9479 3647.820200695645 16391.712898900423
9480 1626.4470252513977 15407.664272030617
9481 2812.3701827616014 15890.235285041703
9482 2893.925799377423 15417.409638588299
9484 2037.847877713068 16764.9995830592
9486 2865.0008845366756 15399.28586214741
9487 2863.921100221937 15416.461016289013
9488 2565.3014497465474 16961.701348581762
9489 1659.8098639938871 15400.620531467495
9490 2388.588615933392 16368.079688662418
9492 2848.972996036432 15445.596280400394
9493 2801.4009013244868 16370.632630304024
9494 2837.335780733399 15416.770457951978
9495 3053.596463596206 16479.103817378385
9497 2306.1336065011565 16357.076583146885
9498 2859.5059878114967 15112.184777679426
9499 2886.4252755758193 15417.158245189232
9500 2848.2981179183275 15408.366096461283
9502 2553.78825716005 16971.521175794773
9504 2871.422469121416 15416.693425213387
9506 2848.9991119365463 15393.452259411848
9507 4114.788101262255 16443.1837361194
9508 2829.9152064651353 15052.985827365037
9509 2036.5726904670912 15685.338536176765
9510 2939.0330143081073 16772.960454085976
9511 2860.2588455062746 16352.980879204164
9512 3289.147476083851 16580.749131900553
9513 2193.9096620551986 15422.717341523916
9514 2826.2786132111087 15490.049220470539
9515 3004.9555711190437 16297.710683961503
9516 4389.461516172175 17062.86584843322
9518 2846.979291747778 15474.141957314809
9519 2842.1743514946884 15123.353693724133
9520 2561.4369156376683 16960.099877740442
9522 1822.3247842648193 16334.566120423806
9523 2364.521303698381 16367.77887431113
9524 2439.4320528218336 16360.907993848512
9525 1032.2419256914773 15681.665476399236
9526 3187.1425095947457 15425.17300798959
9527 2549.818826358984 16966.45086291235
9528 2871.311714083242 15419.886241860697
9529 3613.279571913045 16405.624643274412
9530 2805.8291583160735 16424.322799490863
9531 1147.5640059415564 15675.737049423835
9532 3040.2580341963453 16444.226584198237
9534 2420.524609914437 16368.478852691134
9535 2402.851117879531 16360.471014470178
9536 1997.116346945406 15396.162657649524
9537 3091.2864182080307 15587.12349601078
9538 3745.6488996348703 15585.530497240255
9539 3033.957952334182 16439.912108565513
9540 3303.781304176395 16913.720601282286
9541 4573.1726320085 15803.942457075647
9542 2495.550939938113 16361.322290837783
9543 2781.39873853108 15396.428962394853
9544 3122.7843053949355 16617.064848259644
9546 4285.0881412457275 16022.055128523156
9547 3914.5574408215225 15372.298012342986
9548 2826.981306395354 15046.081965378076
9549 2905.289070008186 16348.600459255216
9551 2375.476033690434 16356.812600169873
9552 3091.5404004140023 15557.582738054169
9553 3874.455514540731 15768.912631240162
9554 1721.8960920671138 16927.81476877246
9556 1798.4376502947723 15385.565114590207
9557 2286.7238909607895 16601.708151982144
9559 2872.5007886628173 15399.329788836189
9560 1092.5020330633513 15676.057195996724
9561 2057.6523651686725 16170.036340823519
9562 3843.785910449939 15210.64105761456
9563 1789.6190507049582 15385.404145163191
9564 1538.8125917873772 17016.181804313102
9566 3829.616774397077 15228.668024999435
9567 3307.832676651648 15804.10160016257
9568 2716.0886449541313 16868.730048764104
9569 2317.1167443285126 15386.857767642528
9570 3363.1796887216497 16986.095415820335
9571 3336.8601257973505 16129.312716103697
9572 3977.668223972077 16202.977516678859
9573 3374.4546311284385 17008.394538926532
9574 2923.1264394366076 15399.626301587328
9575 2389.4319654510596 17070.726489324712
9576 2276.4691812055044 16356.534447565022
9577 3190.564880984383 15614.711840934322
9578 3709.7457881066543 16560.942634360425
9579 4850.39864377706 15711.95423950825
9580 3558.541278506834 16239.266024516015
9581 4131.843644115772 16115.58528502776
9582 3685.985768653994 15300.423159003616
9583 4047.5391711422667 16959.00739840491
9584 3664.885632142911 16419.038275835108
9585 1860.5494844436573 16345.049695810725
9586 4178.51777821642 15872.103049203244
9587 3117.2303419804152 16581.859531454877
9588 4585.259210577908 15333.717734989268
9590 2526.9012268917804 15415.805172746837
9591 3188.924267625373 16836.655059886198
9592 2193.7572722121345 15430.19030498186
9593 3589.6328280625985 14827.183710282334
9594 1969.9312112969449 17289.614896691786
9595 905.7556199106815 17312.547565462835
9596 2331.125191455437 16120.16317782725
9597 3650.5461655481595 15240.024653619901
9598 2853.8994655721344 15420.66430981794
9599 3342.379797141987 15861.695927359302
9600 1608.0146151953402 16991.194605353034
9601 1201.8467908543607 17180.548965527814
9602 4684.352352847159 15206.368926182844
9603 5047.838539029142 16129.046052086389
9604 747.4608955155317 16532.662613082
9605 3169.876022404866 15242.105217758753
9606 4242.887516248874 16646.493737113797
9607 2368.929565421432 15404.957503474923
9608 3721.9768369087283 15261.457442065339
9609 1040.8966508763558 16657.67878405768
9610 2570.04312292253 17420.76699529559
9611 2950.6436131774253 15398.91853952492
9612 4134.631113095965 16476.694892937885
9613 1832.467406004703 17335.690927968957
9614 2911.0578512090656 16160.87173498584
9615 3448.0078398465644 17488.967743879257
9616 3433.5379885619786 15393.291263520821
9617 4104.460444583837 16059.782756681574
9618 2254.984565521133 16929.928697703373
9619 4217.367149002087 15907.605717001032
9620 2392.6675234381987 15436.8079480896
9621 2809.9937614190835 16059.379302240475
9622 2855.6872072053475 15386.027228625491
9623 828.2935005652131 16899.985576239207
9624 1772.6998253660972 16803.39476114827
9625 1439.829661309454 16283.947898820768
9626 3051.830914208023 15597.575947284464
9627 3161.01101945224 14973.31592832927
9628 3241.769888835558 16424.789312880486
9629 3301.95648364745 15813.77937822118
9630 3777.453470301603 15857.025502784563
9631 3697.534670691602 15490.361214891358
9632 3963.662539330506 16854.691233472684
9633 3414.1973633763782 16714.565299744576
9634 963.2459823949054 15827.880233978052
9635 4470.073523364003 15736.934731863845
9636 2196.4940874896733 15601.058184562833
9637 3097.6890247080905 16915.976726631397
9638 2737.7161551617637 15395.36723293796
9639 3378.439821048895 16941.299337895023
9640 4435.418782839903 15931.588241015816
9641 3469.287393277571 15393.965828831493
9642 4313.778988084589 16903.93476879199
9643 2710.5954217025123 15954.860979410929
9644 1891.6096704508439 17134.150143955336
9645 2768.8032241076653 17311.30162668227
