7052 3838.796165431932 16689.198269547236
7119 3631.1624747063056 16357.945887874088
7195 3634.9292423513007 16364.432590893806
7237 3591.8870153043326 15992.635505937042
7256 3618.3124800183073 16335.817074206285
7263 2763.886403088623 15399.205023868495
7269 2771.3840658408835 15399.387291182062
7273 2817.389382919935 15400.505675114617
7274 2778.881760999925 15399.569559283436
7280 3626.9164793377968 16350.633912840212
7340 2786.379427795089 15399.751826695287
7452 2683.0909799948804 15397.204512643877
7499 2645.599487759727 15396.209826496986
7508 2555.619825459601 15393.822577597146
7546 2675.592687607401 15397.005575575266
7559 2540.6231318334203 15393.424700571994
7563 2653.097812581004 15396.4087644261
7594 4570.662140015085 16308.516977308778
7603 3150.586709663557 16629.504182518784
7617 2638.1012012850847 15396.010889585248
7619 2452.1259927662977 15388.694082486732
7648 2459.6267742876544 15388.78018940467
7650 2474.6282646815594 15388.95240240656
7660 2630.6029043710773 15395.811952396543
7672 2422.1231108709694 15388.349657618213
7675 2482.128986164199 15389.03850863527
7683 2444.6252363317176 15388.607975856783
7730 2437.1245287846073 15388.521869788048
7733 2756.3886598916897 15399.022754599326
7748 2548.121477926983 15393.62363906548
7804 2414.6223658982444 15388.263551119842
7806 2748.8909237627977 15398.84048550198
7815 2429.6238178882245 15388.435763680865
7832 2146.891467578877 15385.5726085956
7835 2154.4291281241035 15385.728551155558
7841 2407.1216230053624 15388.177444645347
7856 2802.393977703362 15400.14113854969
7857 2195.501887317115 15385.589750068613
7870 2229.069402460015 15385.49210224654
7986 2741.393211736242 15398.65821699056
8020 2139.1371577831746 15385.412183897113
8028 2623.104620324749 15395.61301554923
8047 2131.204706301123 15385.248073722156
8079 2733.895487134059 15398.475948173427
8080 2726.3978216857736 15398.29368079432
8101 2122.9608355751297 15385.07752076381
8125 2058.656056771126 15384.716701727211
8127 2088.689566924471 15384.69589569316
8130 2036.1309281454685 15384.732306249985
8131 2073.672787924346 15384.706298726758
8132 2096.1979365970356 15384.690694190096
8157 2028.6225661890708 15384.737507747705
8161 2043.6393106167593 15384.727104738056
8180 2081.181193509437 15384.701097198817
8188 2006.0974420158664 15384.753112267395
8215 2711.402441788738 15397.929144844908
8222 2021.114181544714 15384.74270926114
8240 2718.9001561540585 15398.111413413184
8241 2809.891695439263 15400.323407199905
8270 2668.0943983532834 15396.806638589784
8273 2066.1644216204027 15384.71150022749
8275 2660.59611685169 15396.607701809984
8315 2690.5893194894197 15397.403450962285
8319 2796.396854574721 15396.79349993758
8321 2051.1476770996296 15384.721903237201
8353 2426.4553588621307 16734.106505039403
8363 2013.6058073745533 15384.747910767319
8371 2399.6209017905135 15388.091338419712
8403 2615.6063124234042 15395.41407806902
8432 2608.1080176762644 15395.215140937804
8467 2849.6873288718684 15105.303200547107
8502 2593.111429126384 15394.817266700427
8504 1998.5890744410672 15384.758313769005
8541 2585.613063656095 15394.618327692857
8559 1916.4835941293227 15378.61667286544
8570 2578.1147335868436 15394.41938962451
8581 2570.6164496649712 15394.220452780499
8590 2157.9987597695026 15411.984329197905
8596 2533.1247730631267 15393.22576174218
8599 1068.1149134668335 17020.75424779785
8615 1968.6289023110846 15383.381550245114
8623 1901.5409279886505 15378.3247466064
8625 2852.2163751403987 15109.747909452353
8631 2966.425603157585 14443.99961010731
8638 1991.0806965036766 15384.763515277795
8659 1931.2963585134062 15379.422038024148
8706 1822.2402313820432 15382.79842985796
8735 1909.012268281481 15378.470709877023
8744 2467.127558248036 15388.866296350609
8748 1892.9251268231521 15378.194802377875
8749 1961.1623773043068 15382.58964607773
8753 1837.2391992304247 15383.071762009846
8762 1983.5723075766834 15384.768716794197
8763 1953.695856545278 15381.797742360863
8764 1799.7417382618607 15382.388430876637
8765 2600.609718647043 15395.01620369298
8771 1938.7628532347323 15380.213938979441
8772 1792.2422526413875 15382.251764769782
8775 1807.2412591856041 15382.525097626838
8785 1923.9496644613685 15378.768311824448
8786 1814.7407270712317 15382.661763410502
8787 1829.7397023045942 15382.935095696968
8788 1849.520036071979 15415.352025248
8792 1976.095466432799 15384.173458561054
8795 2563.1181459513577 15394.021515411392
8803 1946.2293485259815 15381.00583999518
8806 2905.132982697958 14499.860085483107
8817 2392.1201895519375 15388.00523229712
8822 1784.7427700472656 15382.115098718077
8853 1849.5989375905579 15407.851001333998
8872 1769.7437119800686 15381.8417649221
8877 2857.2960965915295 15110.478369138631
8884 1762.2442449080925 15381.70509915326
8888 2837.5357773252986 15151.478335724181
8895 3353.1844020701215 15407.773172375442
8899 1893.3337814080473 15402.504886103474
8902 2384.619668297714 15387.904777188034
8922 1777.2432670982887 15381.978432295438
8925 1747.2453107224014 15381.431767614824
8929 1915.2120619195716 15396.431311329821
8941 1849.4411342626488 15422.853076803187
8944 1849.3622329011139 15430.354085787292
8947 1754.7447770157657 15381.568433369472
8955 2836.521844124313 15131.805885734688
8956 2837.924261612722 15159.015753089167
8965 1893.5010364458653 15399.304886151678
8966 3098.0359618516322 14338.687921777806
8977 1739.7458402793272 15381.295101784552
8993 1724.746877601402 15381.021769726889
8995 1732.2463474432948 15381.158435546206
8998 1849.283331218612 15437.85512528515
9008 1908.3770432191002 15402.72797805367
9018 3569.2820955007596 15096.033537259023
9024 1849.125527858499 15452.857203815867
9026 1913.951192614844 15399.608995085786
9038 2838.261064858196 15174.098654500885
9044 1709.7478650644246 15380.748436760627
9048 2842.522846413393 15107.066433401082
9055 1694.7682352330194 15380.91615577492
9068 1849.2044294154452 15445.356176254367
9069 1922.692479965911 15396.544572993289
9071 2338.179195807415 16304.889805455512
9072 2838.312744577924 15166.55314480025
9073 1717.247403332184 15380.885103826893
9075 2836.9103266177303 15139.343268292156
9076 2847.146157887662 15102.130914521333
9081 3943.809236664377 15407.309774187841
9097 2837.9424629011546 15194.941097871411
9099 1702.248386898226 15380.611770789614
9102 1665.3293519485771 15385.963524660374
9104 1915.8993827362324 15402.839534537497
9105 2853.5504094117036 15108.935250756158
9110 2335.1268227145206 16514.48437262121
9128 1679.850675613813 15382.500486346722
9140 2166.3312226414796 16363.655691329306
9147 2831.7702378620493 15441.8649252062
9148 2224.5531430501446 15416.780664080285
9149 2822.8924738522132 15426.419920738032
9151 1687.3094493923372 15381.708321701355
9155 755.2524939008199 16226.866785413604
9177 2854.2214846062193 15103.600328520302
9178 3135.9770766855045 16612.04930436282
9183 2649.1897413198535 15455.244521871688
9185 1900.2667509894459 15381.502691622693
9187 4659.488478947618 15161.867387865934
9188 2504.1800768294356 15500.909625002625
9191 2849.2366146546588 15387.75936466632
9198 1907.7316189644764 15396.318049289208
9200 2829.292405424723 15426.72995400502
9201 1672.472555855784 15383.675376416928
9203 2334.8088876755824 15170.469475343574
9204 1829.7389083691662 15386.136468978822
9206 2844.584576470914 15087.504830584903
9208 2832.482476140834 15426.87987258687
9209 1644.5654044278242 15394.488254100499
9210 1900.8554107039304 15402.616432054701
9211 2828.935782802163 15434.222535200068
9212 1822.3181739666352 15386.001015344416
9217 2832.126358868177 15434.37235962158
9218 1900.121490105541 15384.702691622691
9219 1897.4958165948046 15387.85475701903
9221 2506.645863732322 15529.658810912148
9226 1651.3106924602268 15391.207688619343
9227 2279.0582283808562 16168.049142375707
9230 1658.1861085984792 15388.251685538373
9233 2841.650705339539 15080.601036693912
9236 2126.4169254377357 15408.558065626803
9238 2384.835441192052 15414.764624837597
9239 1837.1596922834608 15386.271923516986
9241 2656.1459998229207 15417.732506800772
9242 3748.90784787467 15076.33007124885
9248 3383.927457871429 17531.533157020705
9250 2826.0924096414374 15426.569932252942
9251 1875.7402773121605 15367.881251712997
9252 2657.493597707723 17077.504591801146
9254 2369.6188653936915 15387.67210602496
9255 2847.518443141619 15094.408613979342
9257 1862.4910716934817 16355.252400851705
9263 2838.7168191857295 15073.697207453106
9276 1814.8973880078543 15385.865560768934
9277 3833.9401465677824 15236.309666412188
9278 2983.0931714117414 16009.83780934577
9279 3142.0623932117473 14322.820892532247
9284 2201.017819173385 15416.098761009973
9287 2760.030055319463 15418.998839558779
9288 2831.414119051091 15449.35744460581
9290 3744.4176238412288 17545.15117560583
9292 2831.0579988638033 15456.84999296254
9295 1892.7707500039783 15396.091525464617
9298 2832.8490807602293 15059.889628700686
9301 2854.6939980849747 15408.661173771117
9302 1849.0466265735702 15460.35820551719
9306 1922.126318296615 15399.730565245774
9308 3565.3905653934726 15365.931906809763
9309 2283.969254366124 15180.349991526888
9310 2849.436049820685 15380.26116953793
9311 2428.0195658573257 15718.361293499102
9314 1418.1601020233384 16082.118912758484
9315 2947.860335483205 15399.101875634944
9317 3463.2195560129157 16483.953981387946
9321 3700.4368071514764 14999.639169364653
9323 1208.8102071721246 15311.097681446754
9328 3314.3747854625385 17352.731907129124
9329 2485.8131554537194 17022.0775311978
9331 2872.523583961018 15399.329922347491
9332 3852.9115106403265 15263.330530952468
9333 1065.5460460894456 15686.889692894825
9335 3261.484455102258 17374.795470796627
9336 2606.878540896001 16958.472724584004
9339 2861.8503412590912 15399.701157630872
9341 3147.8466806075753 16631.164134361305
9343 3684.9950593949893 14973.776460586721
9344 1900.2511590539764 15396.20478699187
9345 2835.5910768232375 15109.910811900741
9346 2349.5110499766756 16367.591263011129
9347 1096.8280808915442 15376.08673322238
9348 1848.967725161859 15467.859219271446
9349 1807.476669417516 15385.730107423155
9351 2852.4366151392096 15387.839346448578
9352 2398.629831766495 16360.400462075873
9353 4627.709948932472 15123.555096482469
9354 2696.3696064768324 16361.848995237116
9355 2841.024281596452 15120.363720620842
9356 2878.923867829166 15416.925835061287
9357 2835.782952096675 15066.79342307424
9358 2636.510735137072 16265.95351533965
9359 2847.974032941009 17262.26859682212
9361 2828.5766520492425 15441.76781179127
9362 1811.8571182031076 16881.674106686565
9364 2829.9896395731103 15479.327611288107
9365 3143.8901734683736 16624.792568650253
9366 2863.819776837823 15419.65134613848
9368 2475.773768101117 15637.29303965316
9371 2387.0128519026593 16368.05999338319
9372 2635.966788248196 16164.01709599077
9373 2788.897833202853 15396.611232057014
9374 1494.159942029798 16771.978788734872
9376 1638.1083097472726 15398.228569409963
9378 2830.345757679409 15471.835106714101
9379 1434.3836646113643 16521.073928241203
9380 2490.5632303774423 15604.447829037497
9381 2215.8775924293354 15407.16295115582
9382 2250.785512996007 15405.784042003963
9383 1432.4193361772616 15627.522845975096
9384 2394.5131890005205 16368.153739166539
9385 2362.118458618988 15387.555770360867
9386 2818.142125177758 17279.369355487048
9387 4749.8923065418985 17431.53757927922
9388 3599.238689145767 16984.829169473418
9390 2834.165890911695 15416.370423932945
9391 3139.9336717194274 16618.421011619677
9393 1823.9416306668725 15797.2031282543
9394 4556.1183588037675 16506.13424984901
9395 2377.1192385452487 15387.78844116754
9396 2557.020997676258 16973.28353212869
9397 4144.432783059184 17004.07673157808
9398 1167.7688881839447 16593.74403943012
9399 2892.641680382712 16802.042441116875
9401 3552.320325596578 14760.89138142725
9403 3866.685215810765 15287.67581321862
9404 1632.2379823514077 15402.897130550498
9405 3061.3464309056626 16708.31415649708
9407 2174.5241097143407 15385.93823336868
9408 3831.4225010052046 15225.77493828409
9409 1017.1411153918175 16778.267072302075
9410 3836.0840912110357 15233.587751449952
9411 2833.9412897678967 15143.955372441436
9412 1800.0559306745592 15385.594653709522
9413 2662.2999526100766 16905.251918490972
9414 2357.011419433819 16367.68500919893
9415 4752.531973144796 15765.269433046682
9416 3560.314324066557 15866.691978210554
9417 3731.798639377801 16341.368003429538
9418 2372.012099231346 16367.87250083564
9419 3890.3622327596063 16230.2524394794
9421 3132.0196798722945 16605.676305919256
9423 2063.2654657591693 16352.489490242222
9424 3135.7135250056904 16226.043974557339
9426 2829.633471449889 15486.821168187218
9428 1816.1048419673573 16348.513855060657
9429 1012.547506821919 16764.488512625827
9430 2364.5117705288562 16367.778755157226
9431 3999.1407321687 16883.09299107267
9432 1577.8125921397605 16973.923414050652
9433 2337.0082512641534 16372.044963151913
9434 2961.323003389945 17049.88430455995
9436 3172.392006826538 15584.778850676572
9437 961.7609490542031 15591.70541455612
9438 3143.3693197818025 16648.28657186647
9439 3114.597917334411 16577.620270404335
9440 2163.586868645647 15385.91801066913
9441 2852.636049591521 15380.341178153849
9442 4123.070288144354 16094.286425759059
9443 2979.963855058657 16311.406711586716
9444 2631.2679392638693 16922.348606617772
9445 899.0735266409292 15475.512492200753
9446 3251.9573553360865 16825.52195107869
9447 3425.172386803171 16508.22102328713
9448 2677.216274708203 16900.694902029314
9449 1487.0034896711807 15710.978840995229
9450 3683.7362142085117 15301.644897644986
9451 2519.7632362948093 17013.9706707191
9452 3650.123676912181 16395.48564127699
9453 1750.790103246516 16296.184020528322
9454 3169.673992715393 16217.947702255067
9455 1848.8888237888368 15475.360229347632
9456 3686.0714434898323 16363.381221492822
9457 1808.878342681228 16876.01334795723
9458 3336.1375965122834 16578.967428583637
9459 2344.1978222165358 16339.901449079856
9460 4269.711769338749 16039.88364792907
9462 3287.5368878724094 16882.66120028091
9463 3675.7567728162157 15882.328946063652
9464 2543.208076664128 15402.600359419266
9465 2830.701877631545 15464.342563304814
9466 2831.118028223557 16367.72438145579
9467 1237.8705349402958 16925.632228438837
9468 2388.985117416621 16655.38984569315
9469 3951.915041805988 16845.51064160274
9470 3230.7560840662622 15680.912330789757
9471 3648.448855293472 16387.591060245646
9473 2881.5630894254873 15399.38286643005
9474 2122.238567950574 17214.60328021867
9475 4810.423611124371 15750.329322710822
9476 3641.3863621644546 14904.49978395793
9477 2386.114074812393 16656.83522537703
9479 4044.1649934082484 16917.046226680817
9480 1626.4470252513977 15407.664272030617
9481 2605.3985595640083 16940.25651975045
9482 3807.8694972325306 15230.268645254071
9483 4266.300445329351 16001.104068053553
9484 2593.724159499823 16965.812259527676
9485 3631.3838429527605 15984.345421252743
9486 2956.9321044796307 15398.965496598563
9487 2863.921100221937 15416.461016289013
9488 2183.7337576155423 17221.93995378911
9489 2211.7282283221675 15413.431250231288
9490 3063.697183879656 16519.363221958793
9491 1460.8003029778604 15609.087362909126
9492 2856.700837878568 15146.50708349469
9493 3170.297664487697 16647.27897095157
9494 2850.2495993384196 15349.67402108207
9495 3606.9659296658733 15930.671758353168
9497 1480.1936038965255 16507.686010801255
9498 2859.5059878114967 15112.184777679426
9499 2886.4252755758193 15417.158245189232
9500 2856.495886396107 15223.47298113533
9501 3979.8526500089824 16872.163263098744
9502 2230.389291751424 17368.480273960387
9503 3091.669187019147 15494.591982679147
9504 2871.422469121416 15416.693425213387
9505 2154.4282341729795 16699.133278831145
9506 2886.3563286479507 15102.390711339816
9507 4380.252224318948 16953.949628830876
9508 2829.9152064651353 15052.985827365037
9509 2284.652100529179 16366.156978279409
9510 3872.383828268647 16261.147501895712
9511 2230.382395321337 16355.69218326249
9512 4237.194614360262 15905.565113987384
9513 2193.6532352785343 15435.413853818518
9514 2848.585680555163 16367.888636165495
9515 2319.4747218664584 16357.320400219665
9516 4306.90553129637 17103.010822077857
9517 3139.0480858197125 15423.913913506336
9518 2852.835485483525 15372.842955730779
9519 3169.5660956056436 14986.602565947707
9520 2138.45226560478 17202.141215986416
9521 3320.4137948430885 17299.988216929425
9522 1481.4555898972703 15909.248678227614
9523 2379.5125137796845 16367.966247587032
9524 2019.4285678710937 16342.128646078389
9525 984.3332160947854 15333.023814564893
9526 3996.233782349596 15278.094637265904
9527 1988.5124477078255 17287.320911124934
9528 3091.4023298193965 15573.641776523333
9529 3711.1757841957055 16492.894009570806
9530 2600.2745379970816 16962.157452020812
9531 1128.3107133343315 15357.815724287162
9532 3319.858892304583 15823.524902211158
9534 3206.8083521329913 16751.390964207374
9535 1876.3868516087605 16344.789566347827
9536 2562.7288174568575 15406.159235903235
9537 3280.023036425559 15988.96597701619
9538 4260.015604083 15554.739771381108
9539 2346.7535176492024 16223.242489061866
9540 3366.6145785133326 17386.79134631804
9541 3981.0526978673506 15442.756362652823
9542 2008.7018964830486 16761.406060221303
9543 2701.8985402484946 15283.562846998708
9544 3709.043928038105 17504.365804717767
9545 3326.4449368624337 15289.071674952007
9546 3689.83880667325 15278.756810918552
9547 4355.637954242775 15718.653740923864
9548 2826.98063678087 15046.080389685016
9549 2331.3109139546555 16576.084184319538
9550 3399.424898528653 16499.80537075144
9551 1832.3365349241863 16361.404521023887
9552 3263.3918606408834 15956.987377758769
9553 3172.558930375209 16206.43171125482
9554 1213.0779621182307 17554.990968296977
9556 1712.4695176223763 15383.995903864976
9557 1884.8771405588539 17456.227680979086
9558 1480.6591058363592 16710.06756416669
9559 3347.8883954230696 15409.332848076476
9560 1132.5042995730075 15866.31759719098
9561 2409.536061203153 16724.291282329334
9562 3584.7568282723832 14813.256788806693
9563 1020.3347891835065 15674.533355719981
9564 701.9580309370502 17082.560268601563
9566 4424.907052890341 15459.614201920705
9567 3607.370039570569 15658.878166357837
9568 3040.3913922841352 17140.736715502146
9569 2121.198938879427 15381.839934481395
9570 3560.809000887675 17236.86742463461
9571 3671.696627612996 15842.152801607406
9572 4588.54797547824 16584.54160992102
9573 3737.624599406528 17533.09509643917
9574 3464.207546808575 15397.394245406167
9575 1908.72153125 17530.693968749998
