7052 3870.53256023738 16674.25144525358
7119 3631.1624747063056 16357.945887874088
7195 3634.9292423513007 16364.432590893806
7237 3538.100301206691 16021.73766800204
7256 3623.6064886004224 16344.933819567961
7263 2763.886403088623 15399.205023868495
7269 2771.3840658408835 15399.387291182062
7273 2817.389382919935 15400.505675114617
7274 2778.881760999925 15399.569559283436
7280 3627.3951665727736 16351.458254085881
7340 2786.379427795089 15399.751826695287
7452 2683.0909799948804 15397.204512643877
7499 2645.599487759727 15396.209826496986
7508 2555.619825459601 15393.822577597146
7546 2675.592687607401 15397.005575575266
7559 2540.6231318334203 15393.424700571994
7563 2653.097812581004 15396.4087644261
7594 4615.492925423351 16282.930023061042
7603 3150.586709663557 16629.504182518784
7617 2638.1012012850847 15396.010889585248
7619 2452.1259927662977 15388.694082486732
7648 2459.6267742876544 15388.78018940467
7650 2474.6282646815594 15388.95240240656
7660 2630.6029043710773 15395.811952396543
7672 2422.1231108709694 15388.349657618213
7675 2482.128986164199 15389.03850863527
7683 2444.6252363317176 15388.607975856783
7730 2437.1245287846073 15388.521869788048
7733 2756.3886598916897 15399.022754599326
7748 2548.121477926983 15393.62363906548
7804 2414.6223658982444 15388.263551119842
7806 2748.8909237627977 15398.84048550198
7815 2429.6238178882245 15388.435763680865
7832 2149.9927535577954 15385.636769414705
7835 2167.4619546403565 15385.99818021596
7841 2407.1216230053624 15388.177444645347
7856 2802.393977703362 15400.14113854969
7857 2258.647928980833 15385.950882367286
7870 2307.5785933541442 15386.709825382706
7986 2741.393211736242 15398.65821699056
8020 2142.045543603947 15385.472353909749
8028 2623.104620324749 15395.61301554923
8047 2132.7998104527055 15385.281073964512
8079 2733.895487134059 15398.475948173427
8080 2726.3978216857736 15398.29368079432
8101 2124.239150765118 15385.103967131616
8125 2058.656056771126 15384.716701727211
8127 2089.9903426615674 15384.694994566913
8130 2036.1309281454685 15384.732306249985
8131 2073.672787924346 15384.706298726758
8132 2100.4392113689246 15384.724025329506
8157 2028.6225661890708 15384.737507747705
8161 2043.6393106167593 15384.727104738056
8180 2081.181193509437 15384.701097198817
8188 2006.0974420158664 15384.753112267395
8215 2711.402441788738 15397.929144844908
8222 2021.114181544714 15384.74270926114
8240 2718.9001561540585 15398.111413413184
8241 2809.891695439263 15400.323407199905
8270 2668.0943983532834 15396.806638589784
8273 2066.1644216204027 15384.71150022749
8275 2660.59611685169 15396.607701809984
8315 2690.5893194894197 15397.403450962285
8319 2796.396854574721 15396.79349993758
8321 2051.1476770996296 15384.721903237201
8353 2405.399813253228 16758.92051552359
8363 2013.6058073745533 15384.747910767319
8371 2399.6209017905135 15388.091338419712
8403 2615.6063124234042 15395.41407806902
8432 2608.1080176762644 15395.215140937804
8467 2849.6873288718684 15105.303200547107
8502 2593.111429126384 15394.817266700427
8504 1998.5890744410672 15384.758313769005
8541 2585.613063656095 15394.618327692857
8559 1916.4835941293227 15378.61667286544
8570 2578.1147335868436 15394.41938962451
8581 2570.6164496649712 15394.220452780499
8590 2081.7545873584477 15411.438381667214
8596 2533.1247730631267 15393.22576174218
8615 1968.6289023110846 15383.381550245114
8623 1901.5409279886505 15378.3247466064
8625 2852.2163751403987 15109.747909452353
8631 3006.9244646494135 14407.371619689317
8638 1991.0806965036766 15384.763515277795
8659 1931.2963585134062 15379.422038024148
8706 1822.2402313820432 15382.79842985796
8735 1909.012268281481 15378.470709877023
8744 2467.127558248036 15388.866296350609
8748 1892.9251268231521 15378.194802377875
8749 1961.1623773043068 15382.58964607773
8753 1837.2391992304247 15383.071762009846
8762 1983.5723075766834 15384.768716794197
8763 1953.695856545278 15381.797742360863
8764 1799.7417382618607 15382.388430876637
8765 2600.609718647043 15395.01620369298
8771 1938.7628532347323 15380.213938979441
8772 1792.2422526413875 15382.251764769782
8775 1807.2412591856041 15382.525097626838
8785 1923.9496644613685 15378.768311824448
8786 1814.7407270712317 15382.661763410502
8787 1829.7397023045942 15382.935095696968
8788 1849.520036071979 15415.352025248
8792 1976.095466432799 15384.173458561054
8795 2563.1181459513577 15394.021515411392
8803 1946.2293485259815 15381.00583999518
8806 2945.4469901883026 14463.038727823514
8817 2392.1201895519375 15388.00523229712
8822 1784.7427700472656 15382.115098718077
8853 1849.5989375905579 15407.851001333998
8872 1769.7437119800686 15381.8417649221
8877 2857.2960965915295 15110.478369138631
8884 1762.2442449080925 15381.70509915326
8888 2837.5357773252986 15151.478335724181
8895 3465.067519946607 15395.40701407229
8899 1890.7624662618803 15402.442655488414
8902 2384.619668297714 15387.904777188034
8922 1777.2432670982887 15381.978432295438
8925 1747.2453107224014 15381.431767614824
8929 1915.2120619195716 15396.431311329821
8941 1849.4411342626488 15422.853076803187
8944 1849.3622329011139 15430.354085787292
8947 1754.7447770157657 15381.568433369472
8955 2836.521844124313 15131.805885734688
8956 2837.924261612722 15159.015753089167
8965 1892.0166976294674 15399.275421409298
8966 3152.4572752531635 14316.069550225246
8977 1739.7458402793272 15381.295101784552
8993 1724.746877601402 15381.021769726889
8995 1732.2463474432948 15381.158435546206
8998 1849.283331218612 15437.85512528515
9008 1908.3770432191002 15402.72797805367
9018 3572.731992941151 15101.830993480788
9024 1849.125527858499 15452.857203815867
9026 1913.951192614844 15399.608995085786
9038 2838.261064858196 15174.098654500885
9044 1709.7478650644246 15380.748436760627
9048 2842.522846413393 15107.066433401082
9055 1694.7682352330194 15380.91615577492
9068 1849.2044294154452 15445.356176254367
9069 1922.692479965911 15396.544572993289
9071 2337.0381894466627 16380.828557473611
9072 2838.312744577924 15166.55314480025
9073 1717.247403332184 15380.885103826893
9075 2836.9103266177303 15139.343268292156
9076 2847.146157887662 15102.130914521333
9081 3905.79011960809 15338.571930655566
9097 2837.9424629011546 15194.941097871411
9099 1702.248386898226 15380.611770789614
9102 1665.3293519485771 15385.963524660374
9104 1915.8987439692198 15402.839525064566
9105 2853.5504094117036 15108.935250756158
9110 2334.143757549518 16575.132129944603
9128 1679.850675613813 15382.500486346722
9140 2061.970160798043 16361.449512954465
9147 2831.7702378620493 15441.8649252062
9148 2152.490213727217 15411.94488517203
9149 2822.8924738522132 15426.419920738032
9151 1687.3094493923372 15381.708321701355
9155 792.6875318562944 16215.85387164743
9177 2854.2214846062193 15103.600328520302
9178 3135.9771508897716 16612.049423861492
9183 2648.1821426416263 15524.074026046039
9185 1900.2667509894459 15381.502691622693
9187 4586.959184373934 15081.953974968055
9188 2500.1013746481594 15590.171553593527
9191 2849.2366146546588 15387.75936466632
9198 1907.7316189644764 15396.318049289208
9200 2829.292405424723 15426.72995400502
9201 1672.472555855784 15383.675376416928
9203 2354.2727010766475 15084.851765224197
9204 1829.7389083691662 15386.136468978822
9206 2844.584576470914 15087.504830584903
9208 2832.482476140834 15426.87987258687
9209 1644.5654044278242 15394.488254100499
9210 1900.8554107039304 15402.616432054701
9211 2828.935782802163 15434.222535200068
9212 1822.3181739666352 15386.001015344416
9217 2832.126358868177 15434.37235962158
9218 1900.121490105541 15384.702691622691
9219 1897.4958165948046 15387.85475701903
9221 2493.484668422984 15613.94934710331
9226 1651.3106924602268 15391.207688619343
9227 2316.861514456575 16168.256237279444
9230 1658.1861085984792 15388.251685538373
9233 2841.650705339539 15080.601036693912
9236 2027.5944952140471 15407.387061717392
9238 2294.6217864682358 15413.721325814719
9239 1837.1596922834608 15386.271923516986
9241 2649.321005533936 15440.263993439528
9242 3687.7962148505926 14978.271157388901
9248 3403.956375052494 17568.491153757626
9250 2826.0924096414374 15426.569932252942
9251 1875.7402773121605 15367.881251712997
9252 2712.9141732162634 17163.42576132097
9254 2369.6190358887425 15387.672108669438
9255 2847.518443141619 15094.408613979342
9257 1862.4910716934817 16355.252400851705
9263 2838.7168191857295 15073.697207453106
9276 1814.8973880078543 15385.865560768934
9278 2961.3521856763196 15966.096942468268
9279 3087.8857765329053 14348.90926862236
9284 2122.829657150567 15411.732500315458
9287 2674.1083868299393 15417.951465898685
9288 2831.414119051091 15449.35744460581
9292 2831.0579988638033 15456.84999296254
9295 1892.7707500039783 15396.091525464617
9298 2832.8490807602293 15059.889628700686
9301 2845.4313220180106 15416.089339088865
9302 1849.0466265735702 15460.35820551719
9306 1921.4540773212925 15399.720568525712
9308 3474.8027919182473 15414.470283525841
9309 2330.793083074336 15181.065930703906
9310 2849.436049820685 15380.26116953793
9311 2380.764471411323 15798.739568473307
9314 1421.1302310144704 16012.884576468086
9315 2991.4518125870645 15399.223260249306
9317 3356.9889505788997 16541.535362397077
9321 3728.585367024342 15044.945883176646
9323 1161.7343054328044 15338.418275519556
9328 3420.841335309219 17309.78454067071
9329 2404.004450640634 17068.604444000983
9331 2865.768520898653 15399.290358168026
9332 3836.8285402304127 15234.903579056629
9333 961.1645607005012 15716.57995647533
9335 3332.7095704179687 17345.247511699206
9336 2606.824668253692 16958.502783020722
9339 2858.576525335297 15403.644943211611
9341 3147.8466806075753 16631.164134361305
9343 3625.959154243705 14879.049503854838
9344 1900.2511590539764 15396.20478699187
9345 2835.5910768232375 15109.910811900741
9346 2349.5110499766756 16367.591263011129
9347 1050.3673609713398 15403.050305291566
9348 1848.967725161859 15467.859219271446
9349 1807.476669417516 15385.730107423155
9351 2852.4366151392096 15387.839346448578
9352 2488.430537048915 16361.26972455162
9353 4550.224723937705 15044.45296685375
9354 2779.411429917767 16361.001110578745
9355 2841.024281596452 15120.363720620842
9356 2878.923867829166 15416.925835061287
9357 2835.782952096675 15066.79342307424
9358 2633.3136612567564 16190.80347283528
9359 2890.259574649647 17235.257538013753
9361 2828.5791602671634 15441.715114555487
9362 1820.9180818834016 16878.827428595978
9364 2829.9896395731103 15479.327611288107
9365 3143.8901734683736 16624.792568650253
9366 2863.819776837823 15419.65134613848
9368 2420.5208855269984 15723.415581308804
9371 2387.0128519026593 16368.05999338319
9372 2614.57006122105 16175.241820760055
9373 2788.897833202853 15396.611232057014
9374 1532.8317040749323 16851.073695836
9376 1638.1083097472726 15398.228569409963
9378 2830.345757679409 15471.835106714101
9379 1426.0681575120639 16462.727687352275
9380 2441.5126970964147 15693.142264125681
9381 2215.4110052131127 15407.162012903787
9382 2161.585463158576 15404.80260747136
9383 1436.0766791372525 15628.593110068898
9384 2394.5131890005205 16368.153739166539
9385 2362.118458618988 15387.555770360867
9386 2861.69265359807 17254.40457341021
9387 4785.549564646719 17493.51111471136
9388 3645.8349004711918 16956.98288396191
9390 2785.3816578457768 15412.906897017388
9391 3139.9336717194274 16618.421011619677
9393 1767.953778029304 15813.339448451788
9395 2377.119338638413 15387.788442720044
9396 2557.020997676258 16973.28353212869
9397 4176.380742000741 17059.93322125991
9398 1117.5615573929826 16622.02449601537
9399 2818.1815969885743 16843.20725804709
9401 3505.192714530387 14691.364114598386
9403 3835.424570705257 15238.933413921106
9404 1632.2379823514077 15402.897130550498
9405 2971.5947573836256 16758.752842724185
9407 2206.3919813667994 15385.408843588224
9408 3808.4138949970134 15229.971494989222
9409 1014.9892534981003 16753.605241731308
9410 3829.3349367230157 15222.610681233058
9411 2833.9412897678967 15143.955372441436
9412 1800.0559306745592 15385.594653709522
9413 2740.3684062460948 16847.63128244792
9414 2357.011419433819 16367.68500919893
9415 4835.164912778854 15720.253176329485
9416 3513.5175611594136 15790.71548808528
9417 3662.1517231042917 16380.494233486872
9418 2372.012099231346 16367.87250083564
9419 3987.6093862578673 16177.057916060448
9421 3132.0206044174042 16605.677794808245
9423 2190.5831264032563 16354.964827192125
9424 3202.8507477330913 16190.307825739745
9426 2829.633519204393 15486.820163462009
9428 1816.1048419673573 16348.513855060657
9429 1021.5966029625341 16725.83821091578
9430 2364.5117705288562 16367.778755157226
9432 1543.0042407944927 16902.54632893524
9433 2336.487706878395 16419.322058040056
9434 2934.829589469741 17005.484164833135
9436 3150.277311816649 15580.045986361598
9437 989.0141737971143 15610.453910569602
9438 3244.748300860648 16592.717924848086
9439 3128.00241275079 16599.20689223113
9440 2184.318924020916 15385.775521699325
9441 2852.636049591521 15380.341178153849
9442 4105.647561706733 16061.983736836588
9443 3071.5504532389 16261.115164247944
9444 2713.0954409613037 16877.26679832165
9445 915.5537862125996 15523.75831924998
9446 3199.7812320628354 16739.976327208053
9447 3336.777517172756 16556.13469794469
9448 2768.8338284536026 16846.566104726997
9449 1508.702047872311 15715.989335394956
9450 3603.987349327056 15344.956705468418
9451 2516.090225801257 17032.62481137293
9452 3650.123676912181 16395.48564127699
9453 1807.75613266658 16322.091075085391
9454 3077.530352392494 16266.954238542448
9455 1848.8888237888368 15475.360229347632
9456 3597.1649276691815 16410.79104969177
9457 1822.1269238012972 16869.028981798805
9458 3361.837898403291 16623.340680459183
9459 2358.7554371375627 16356.533062239303
9460 4182.971602148498 16087.528925944698
9462 3234.8822566203257 16796.99334835299
9463 3758.064812267144 15832.644589167021
9464 2430.949957116043 15401.365285631067
9465 2830.701877631545 15464.342563304814
9466 2810.7477932440693 16339.356362803283
9467 1203.6121767350053 16945.44975286823
9468 2441.088580247616 16738.537732068144
9469 3903.7538202722208 16786.76304679298
9470 3182.7084113345736 15601.77125556266
9471 3553.7538354900475 16434.546059477656
9473 2874.446681962804 15399.341185868463
9474 2200.7961910713075 17170.95564421594
9475 4740.136466704553 15784.68842650207
9476 3663.7525652122854 14940.536798850799
9477 2436.446842969687 16731.202991767277
9479 3969.5476047156267 16864.127475713824
9480 1626.4470252513977 15407.664272030617
9481 2677.4681601390475 16896.895189887116
9482 3741.4825869669467 15266.504811629122
9483 4228.35965045755 15933.122099241671
9484 2593.724159499823 16965.812259527676
9485 3661.060396454708 16037.645354337448
9486 2924.838433468685 15399.636328679378
9487 2863.921100221937 15416.461016289013
9488 2179.2515612387824 17214.185702119932
9489 2097.4623872806883 15408.350700872332
9490 3016.3710254533626 16443.13415323253
9491 1397.7461834557628 15661.124151837406
9492 2859.9802895793737 15203.252720777813
9493 3170.1000324441893 16647.389601569066
9494 2849.635697285416 15372.754992581973
9495 3620.752862663356 15958.885581826124
9497 1549.0647226313763 16467.0868485718
9498 2859.5059878114967 15112.184777679426
9499 2886.4252755758193 15417.158245189232
9500 2854.3778755378303 15314.853475632193
9501 3927.838668483875 16816.5458096745
9502 2257.273003835671 17351.2868043808
9503 3091.07974587631 15440.776683856653
9504 2871.422469121416 15416.693425213387
9505 2147.2745752303554 16721.971864257866
9506 2859.6874763621113 15127.48483687921
9507 4343.863344552883 16932.218518655143
9508 2829.9152064651353 15052.985827365037
9509 2213.440767190285 16364.651580568034
9510 3789.6106325288056 16308.890394008664
9511 2302.7426243665413 16357.014610866812
9512 4270.483803745883 15974.097965846979
9513 2193.9088934863353 15422.755030958557
9514 2837.1356671905023 16368.214993002468
9515 2319.896628747405 16357.328110826904
9516 4313.216222940078 17100.063018915065
9517 3048.3361305455373 15422.297258807037
9518 2852.835485483525 15372.842955730779
9519 3150.5688499020216 14960.540200714422
9520 2225.1270809019056 17153.359455512014
9521 3339.1287769525134 17333.387640024248
9522 1440.7329848510883 15965.718060057086
9523 2379.5125137796845 16367.966247587032
9524 2036.1381334332705 16351.39005650919
9525 1006.732363388334 15377.294588880517
9526 3973.7081522554076 15238.261456982167
9527 2089.4317613354124 17232.442975637365
9528 3091.805555923441 15526.742409318436
9529 3667.8947348107286 16423.839285889346
9530 2600.2744222492856 16962.157516602714
9531 1077.4309238838405 15387.343912228922
9532 3349.993145400937 15874.599907459216
9534 3166.6675754067483 16686.187525156023
9535 1944.3848640339822 16347.538035338377
9536 2462.2334176082145 15401.709469038144
9537 3260.142449124249 15950.369255417882
9538 4180.004048459676 15599.689974114299
9539 2344.404043470336 16321.036023269251
9540 3348.1449253101778 17355.49894787633
9541 4031.105746031135 15540.385327995617
9542 2110.875350275584 16703.58308186697
9543 2701.447587276006 15324.199591815246
9544 3695.5413983587264 17481.83582837112
9545 3349.3128660373764 15274.093432416148
9546 3781.157474130182 15229.625976959578
9547 4332.198347388723 15674.807051928661
9548 2826.981306395354 15046.081965378076
9549 2329.2767086424674 16558.562268146266
9550 3506.7739055099564 16440.38172118751
9551 1864.3598255339136 16344.668691713909
9552 3269.732812254701 15910.767417099138
9553 3237.3873745160845 16171.924491067324
9554 1117.3773783631068 17495.768467742786
9556 1782.8142507608873 15385.279934426917
9557 1845.395759191227 17362.058452144847
9558 1515.6410641048462 16807.893274665385
9559 3293.492702233816 15408.917890559183
9560 1086.9147441287132 15889.312487692456
9561 2378.3009460617673 16674.15060482428
9562 3612.383022711363 14857.768840239909
9563 1036.947081833597 15680.737181668437
9564 739.3285290741468 17157.105636806427
9566 4367.5368423029 15492.46746630551
9567 3564.6248224335336 15683.37351950989
9568 2990.231490412215 17168.49920885
9569 2156.5380803954627 15382.572192506888
9570 3582.2470507689354 17279.00491085736
9571 3679.7034304063204 15870.635418413267
9572 4571.348873456868 16557.373054282198
9573 3742.7077755104424 17555.157576223293
9574 3441.281383172602 15403.87246745469
9575 1906.6608336264442 17507.432516823243
9576 1859.5655557481866 15882.562913204694
9577 3139.463232156811 16224.048061004005
9578 3367.8248661890243 16947.671978924
9579 4335.355793492989 15787.7052326904
9580 3233.501759546211 16404.381572258593
9581 4400.974911405041 15938.386250311954
