7052 4253.60116544492 16473.337020338982
7119 3631.7619141355417 16358.978174949434
7195 3637.258294154943 16368.252769423989
7256 3623.628964504851 16344.9725250393
7263 2763.886403088623 15399.205023868495
7269 2771.3840658408835 15399.387291182062
7273 2817.389382919935 15400.505675114617
7274 2778.881760999925 15399.569559283436
7280 3627.395696894985 16351.45916734707
7340 2786.379427795089 15399.751826695287
7452 2683.0909799948804 15397.204512643877
7499 2645.599487759727 15396.209826496986
7508 2555.619825459601 15393.822577597146
7546 2675.592687607401 15397.005575575266
7559 2540.6231318334203 15393.424700571994
7563 2653.097812581004 15396.4087644261
7603 3236.7719968437177 16768.042053152003
7617 2638.1012012850847 15396.010889585248
7619 2452.1259927662977 15388.694082486732
7648 2459.6267742876544 15388.78018940467
7650 2474.6282646815594 15388.95240240656
7660 2630.6029043710773 15395.811952396543
7672 2422.1231108709694 15388.349657618213
7675 2482.128986164199 15389.03850863527
7683 2444.6252363317176 15388.607975856783
7730 2437.1245287846073 15388.521869788048
7733 2756.3886598916897 15399.022754599326
7748 2548.121477926983 15393.62363906548
7804 2414.6223658982444 15388.263551119842
7806 2748.8909237627977 15398.84048550198
7815 2429.6238178882245 15388.435763680865
7832 2309.6163724061635 15386.741432519013
7835 2324.6170486967503 15386.974101718239
7841 2407.1216230053624 15388.177444645347
7856 2802.393977703362 15400.14113854969
7857 2347.1180875569194 15387.323105895912
7870 2354.6184343943037 15387.439440630344
7986 2741.393211736242 15398.65821699056
8020 2302.11607376949 15386.625098532202
8028 2623.104620324749 15395.61301554923
8047 2294.6157450953187 15386.508764079492
8079 2733.895487134059 15398.475948173427
8080 2726.3978216857736 15398.29368079432
8101 2287.1153766671364 15386.392429010175
8125 2242.1035884195094 15385.694270038912
8127 2272.1145887730395 15386.159758079913
8130 2167.9982029359508 15386.009274365331
8131 2257.113524829757 15385.927082867971
8132 2279.6150152339214 15386.276094049354
8157 2160.4919051333127 15385.853980652098
8161 2226.949713280598 15385.459224636596
8180 2264.6142156924197 15386.043422938434
8188 2137.8282416700426 15385.385104443452
8215 2711.402441788738 15397.929144844908
8222 2152.9848038338077 15385.698670315756
8240 2718.9001561540585 15398.111413413184
8241 2809.891695439263 15400.323407199905
8270 2668.0943983532834 15396.806638589784
8273 2249.6107964481866 15385.810711194405
8275 2660.59611685169 15396.607701809984
8315 2690.5893194894197 15397.403450962285
8319 2796.396854574721 15396.79349993758
8321 2234.542076191993 15385.576986593764
8363 2145.460624332676 15385.543006657786
8371 2399.6209017905135 15388.091338419712
8403 2615.6063124234042 15395.41407806902
8432 2608.1080176762644 15395.215140937804
8467 2849.6873288718684 15105.303200547107
8502 2593.111429126384 15394.817266700427
8504 2129.207789286978 15385.206760591995
8541 2585.613063656095 15394.618327692857
8559 1946.222041837822 15381.005065043404
8570 2578.1147335868436 15394.41938962451
8581 2570.6164496649712 15394.220452780499
8590 1487.6379340562528 15578.888810181692
8596 2533.1247730631267 15393.22576174218
8615 2077.905904214964 15384.70336619036
8623 1920.8304384716057 15378.701594658882
8625 2852.2163751403987 15109.747909452353
8631 3366.812679685221 14474.085296477908
8638 2119.9632907192818 15385.015506188385
8659 1978.73788287683 15384.453714850573
8706 1829.6183125735417 15382.932883563657
8735 1932.2650426232626 15379.524777247922
8744 2467.127558248036 15388.866296350609
8748 1899.2678702115297 15378.280339186253
8749 2061.374800206535 15384.71481828874
8753 1879.2435284288408 15378.683144977087
8762 2096.040859006556 15384.69080300727
8763 2038.3493337791767 15384.730769425854
8764 1800.3830890565298 15382.400118467049
8765 2600.609718647043 15395.01620369298
8771 1996.613395819833 15384.759682441414
8772 1792.2422526413875 15382.251764769782
8775 1811.2452498682512 15382.598063940284
8785 1961.3902022096725 15382.613809325268
8786 1820.7939422954114 15382.77207355716
8787 1837.2333586173077 15383.071655574031
8788 1849.520036071979 15415.352025248
8792 2088.314690851839 15384.696155392552
8795 2563.1181459513577 15394.021515411392
8803 2015.7410495002275 15384.746431555594
8817 2392.1201895519375 15388.00523229712
8822 1784.7427700472656 15382.115098718077
8853 1849.5989375905579 15407.851001333998
8872 1769.7437119800686 15381.8417649221
8877 2857.2960965915295 15110.478369138631
8884 1762.2442449080925 15381.70509915326
8888 2837.5357773252986 15151.478335724181
8895 3917.2617248105003 15166.923229718534
8899 1378.3138556151193 15451.710314772326
8902 2384.619668297714 15387.904777188034
8922 1777.2432670982887 15381.978432295438
8925 1747.2453107224014 15381.431767614824
8929 1914.090087102425 15396.414323411049
8941 1849.4411342626488 15422.853076803187
8944 1849.3622329011139 15430.354085787292
8947 1754.7447770157657 15381.568433369472
8955 2836.521844124313 15131.805885734688
8956 2837.924261612722 15159.015753089167
8965 1403.9639636850839 15556.922898930981
8977 1739.7458402793272 15381.295101784552
8993 1724.746877601402 15381.021769726889
8995 1732.2463474432948 15381.158435546206
8998 1849.283331218612 15437.85512528515
9008 1419.9228306045932 15586.340951914439
9024 1849.125527858499 15452.857203815867
9026 1913.8246306453564 15399.607113015774
9038 2838.261064858196 15174.098654500885
9044 1709.7478650644246 15380.748436760627
9048 2842.522846413393 15107.066433401082
9055 1694.7682352330194 15380.91615577492
9068 1849.2044294154452 15445.356176254367
9069 1922.692479965911 15396.544572993289
9071 1862.7184163734369 16866.30293529032
9072 2838.312744577924 15166.55314480025
9073 1717.247403332184 15380.885103826893
9075 2836.9103266177303 15139.343268292156
9076 2847.146157887662 15102.130914521333
9097 2837.9424629011546 15194.941097871411
9099 1702.248386898226 15380.611770789614
9102 1665.3293519485771 15385.963524660374
9104 1428.252158632722 15607.25801182189
9105 2853.5504094117036 15108.935250756158
9110 1849.8716141492293 16874.352966834133
9128 1679.850675613813 15382.500486346722
9140 1533.4303811436812 16488.373484023516
9147 2831.7702378620493 15441.8649252062
9149 2822.8924738522132 15426.419920738032
9151 1687.3094493923372 15381.708321701355
9177 2854.2214846062193 15103.600328520302
9178 3137.4312339946646 16614.3910817244
9185 1910.5744271501474 15378.501228874788
9188 2335.5317959670742 16486.165877131676
9191 2798.5615310871153 15416.26804550608
9198 1903.0665851513693 15396.247415604494
9200 2829.292405424723 15426.72995400502
9201 1672.472555855784 15383.675376416928
9204 1834.8918512679818 15386.23052770747
9206 2844.584576470914 15087.504830584903
9208 2832.482476140834 15426.87987258687
9209 1644.5654044278242 15394.488254100499
9210 1149.2099738213108 15692.521164766162
9211 2828.935782802163 15434.222535200068
9212 1823.9536777563276 15386.030868849526
9217 2832.126358868177 15434.37235962158
9218 1902.3727277452324 15381.54368556152
9219 1900.121490105541 15384.702691622691
9226 1651.3106924602268 15391.207688619343
9230 1658.1861085984792 15388.251685538373
9233 2841.650705339539 15080.601036693912
9236 1631.2319932972493 15417.611790081512
9238 1744.5123750057385 15397.99773889854
9239 1848.9422629014668 15385.953292360049
9241 2636.0197295322305 16160.834272186574
9242 3316.1599749362113 14403.22363347373
9250 2826.0924096414374 15426.569932252942
9251 1875.7402773121605 15367.881251712997
9252 3334.3980999070354 17344.54408326799
9254 2369.6190358887425 15387.672108669438
9255 2847.518443141619 15094.408613979342
9257 1847.0376411889201 16025.920584052583
9263 2838.7168191857295 15073.697207453106
9276 1814.8973880078543 15385.865560768934
9284 2032.4853274871957 16042.04633766092
9287 2345.3161383822408 16003.93185351155
9288 2831.414119051091 15449.35744460581
9292 2831.0579988638033 15456.84999296254
9295 1895.116818047261 15387.808782268192
9298 2832.8490807602293 15059.889628700686
9301 2480.6059829455116 15634.700087645257
9302 1849.0466265735702 15460.35820551719
9306 1346.314612848816 15684.380431513819
9308 2878.8036207759424 15420.121136624988
9310 2848.7440362500465 15399.127693436467
9311 2334.3202820930032 16570.883200959994
9314 1036.8705328398214 16205.583239764603
9317 2797.0814081320536 16851.617219751115
9323 827.0517462768889 15163.947976465537
9328 4240.54465966871 16921.752747076775
9331 2821.732414946089 16099.263468999306
9336 2316.46880806292 16607.061289507485
9339 2482.9260151895346 15622.485118354782
9341 3164.987170133277 16656.82752414031
9343 3293.0224751093806 14368.072800864265
9344 1891.3825544991873 15395.13190102265
9345 2835.5910768232375 15109.910811900741
9346 2339.0848215173705 15991.895242692826
9348 1848.967725161859 15467.859219271446
9349 1807.476669417516 15385.730107423155
9351 2826.822674678072 15414.608760401105
9352 3114.0944751905995 16576.80952633434
9354 3124.1075748566577 16592.93463877543
9355 2841.024281596452 15120.363720620842
9356 2878.923867829166 15416.925835061287
9357 2835.782952096675 15066.79342307424
9361 2825.7357868836975 15434.063017162756
9362 2148.8775672533666 16986.953556734166
9364 2829.9896395731103 15479.327611288107
9365 3147.7644216427475 16631.031664386835
9366 2863.819776837823 15419.65134613848
9368 2334.649836957194 16547.83847423721
9371 2379.5126549450415 16367.966249351439
9373 2788.897833202853 15396.611232057014
9374 1877.126779381445 17354.802462395874
9376 1638.1083097472726 15398.228569409963
9378 2830.345757679409 15471.835106714101
9380 2338.2140064042005 16522.41581700525
9381 2215.3610418147337 15410.362012025402
9382 1930.1729178930143 15396.657834957774
9383 1791.0239994543326 15726.882157472095
9384 2387.013281086153 16368.059998747502
9385 2362.1187387173745 15387.555774705354
9390 2215.4106459834456 15407.16201218142
9391 3143.338374878173 16623.903951278153
9393 1762.5880653230909 15811.551636828284
9395 2377.119338638413 15387.788442720044
9396 2911.1298990425203 17465.69493344757
9399 2595.274202368883 16968.612209868505
9401 3249.180779408578 14301.467847069433
9403 3043.8493820764716 15422.223303212697
9404 1632.2379823514077 15402.897130550498
9405 2593.7241230280347 16965.812279877242
9407 2339.617721470525 15387.206770862917
9408 3008.396597238594 15602.477596860837
9409 1373.819316369579 16474.01305607835
9410 3648.3412615323796 15242.64159459995
9411 2833.9412897678967 15143.955372441436
9412 1800.0559306745592 15385.594653709522
9413 2810.1507998158495 15986.829685075085
9414 2338.608679792022 16367.338297502753
9415 4888.373706670308 16393.173608487898
9418 2363.1427706176682 16367.761644197091
9421 3132.140406809466 16605.870724780696
9423 2760.6096438041395 16361.193083073267
9424 3675.2015101030306 15882.657848804873
9426 2829.633519204393 15486.820163462009
9428 2289.8998256755194 16356.779900837148
9429 806.8110586290846 16669.51116230385
9430 2352.3484264089734 16367.626727027322
9432 1443.1488780024006 15907.832030682412
9433 2726.6406090282567 17190.59967595927
9436 2957.278255207347 15398.968081356088
9437 1445.6333232917034 15641.448239961102
9438 3805.3895467124157 16509.147597188028
9439 3128.0640895094466 16599.306216586374
9440 2332.1173622094557 15387.090435935786
9441 2848.278658167368 15408.680232441056
9443 3555.6296608409803 16210.73665499597
9444 2999.986409030999 16300.441360304252
9445 1288.642679009529 15684.175372542168
9446 2837.0616689979884 16368.217102154245
9447 3477.146205976765 17110.235071432202
9448 3693.1809750697957 16342.266838800613
9450 2886.32084726083 15420.356825244151
9452 3647.484069923384 16391.16202836828
9453 2297.3997319290434 16356.916966227769
9454 3164.581024683969 16650.4689476176
9455 1848.8888237888368 15475.360229347632
9456 2973.9878154864264 16757.440740294038
9457 2407.6774915805 16697.339097695094
9459 2958.015168815654 16361.421024277472
9460 3546.582539257794 16218.727947877573
9462 3220.4369012566444 16391.10547754941
9464 1994.0813226022033 15396.12
9465 2830.701877631545 15464.342563304814
9466 2828.8980079907255 15502.294864228887
9468 2672.729351119773 17101.13769511614
9469 3658.091076347883 16408.19759198776
9470 2939.935503003399 15423.349711138455
9471 2909.458780142624 16792.821704922793
9473 2549.189956857367 15416.142939600522
9474 2555.4688848484852 16970.48483228239
9475 4115.731999745832 15908.891371762036
9476 3838.293163027648 15203.745887786557
9477 2693.8028019666767 16887.89582932761
9479 3662.0747778726795 16414.55357022612
9480 1626.4470252513977 15407.664272030617
9481 2809.92129356609 16092.858471028187
9482 2902.998457150851 15417.949782298914
9484 2228.3227688539214 16657.146160142947
9486 2865.0008845366756 15399.28586214741
9487 2863.921100221937 15416.461016289013
9488 2553.906877907625 16967.68600371056
9489 1849.9337846738554 15398.00600995817
9490 2394.5898333900986 16368.15469713526
9492 2852.4721038717657 15386.50507102029
9493 2883.186678495075 16370.20602449558
9494 2849.1274647155506 15390.596410079002
9495 2987.0522019880887 16349.854802696002
9497 2282.3164785713925 16356.641310513762
9498 2859.5059878114967 15112.184777679426
9499 2886.4252755758193 15417.158245189232
9500 2849.4278084228804 15380.571022660142
9502 2520.981217074745 16991.75133348346
9503 3237.151868785265 15403.688092379476
9504 2871.422469121416 15416.693425213387
9506 2849.683466204424 15370.959017063053
9507 4171.4218479156 16537.928564773243
9508 2829.9152064651353 15052.985827365037
9509 2033.165740858071 15851.570297913577
9510 3105.2928946058155 16680.969490757394
9511 2759.9736800142873 16357.999116209261
9512 3504.511508435403 16461.491982796888
9513 2193.9096620551986 15422.717341523916
9514 2818.442749059699 15667.5657259815
9515 2873.0421979910557 16352.593633134851
9516 4376.347125530275 17069.26385942896
9518 2852.0105379972247 15397.672548728026
9519 2842.1743514946884 15123.353693724133
9520 2552.354738741503 16964.887320106565
9521 2944.334605909714 17525.901643691985
9522 1766.958612996257 16302.062436900836
9523 2372.0122541869123 16367.87250277241
9524 2331.572252773991 16358.211434283734
9525 998.1306840329228 15623.723275444117
9526 3383.8145330514494 15428.200374578731
9527 2545.946032404 16968.838673772192
9528 2871.311714083242 15419.886241860697
9529 3653.6876707295114 16401.171977716505
9530 2816.342662271528 16605.764769814676
9531 1030.6624365742387 15681.97709866651
9532 3052.6111829833367 16280.241716313347
9534 2621.51414301693 16372.510020005864
9535 2317.149751103561 16357.277909951785
9536 2001.583349036458 15396.225621947093
9537 3158.611792861196 15576.41097155652
9538 3818.453766090024 15546.745947988255
9539 2924.1238872207205 16356.308882206235
9540 3438.6611620859226 17080.92971563455
9541 4528.608662511335 15718.47064968835
9542 2353.6821462174316 16359.649229690993
9543 2781.39873853108 15396.428962394853
9544 3169.3402922615965 16696.625568503307
9546 4235.996207251893 15910.082799803758
9547 4016.4986283038184 15548.695215568678
9548 2826.981306395354 15046.081965378076
9549 2791.6219076296543 16357.675933273575
9550 3550.491397940102 16006.381382345782
9551 2306.0095228136856 16357.074315441329
9552 3127.805560897532 15589.846854208132
9553 3712.575889319618 15860.184663138296
9554 1523.1174930426828 17031.653754950734
9556 1792.635174683626 15385.459199681054
9557 2117.6867483999335 16699.728310283084
9559 2872.5279168864977 15399.329947725291
9560 910.1378929568691 15728.821158249295
9561 2163.815426830357 16170.617925953213
9562 3822.1082533155554 15198.698038812548
9563 1702.4825047140978 15383.813606922125
9564 1355.5839257280265 17115.853819454784
9566 3883.189044844704 15316.846640627204
9567 3269.750881112283 15739.103797310994
9568 2582.6345458722267 16957.621847516028
9569 2317.1167443285126 15386.857767642528
9570 3491.6233736172776 17147.199015259615
9571 3530.1457503470983 16026.041604990083
9572 4167.632244698467 16099.602562422153
9573 3505.730224866454 17179.708501554
9574 3001.319382905939 15399.296942823372
9575 2212.35061631988 17171.71946699232
9576 2104.0411940304193 16353.383220254016
9577 3297.541953691952 15792.116974366209
9578 3539.241233831696 16650.835334598367
9579 4696.657960020816 15795.708128919636
9580 3626.072367252366 16355.560460110566
9581 4276.349299330834 16034.912695726327
9582 3740.7611750365472 15387.236284691871
9583 4275.862779831113 16923.309068395392
9584 3766.5736312712784 16581.571167963142
9585 1831.9325961195013 16415.88648969883
9586 4255.208508989684 15981.229638093544
9587 3063.3682319964328 16495.11989949553
9588 4528.311923819817 15232.301501222399
9590 2530.6065924556974 15415.861324428435
9591 3094.7098172927504 16888.88797655271
9592 2193.5374474028654 15441.93271121868
9593 3643.557034306491 14914.065823492405
9594 1950.3275860868619 17257.163927348738
9595 781.5949427925216 17217.061719927187
9596 2310.4992293225328 16168.221383250491
9597 3641.425991412441 15223.705478124983
9598 2852.7953985456606 15374.350110603198
9599 3301.627856478305 15810.288920746916
9600 1708.0972277118174 16942.49344909171
9601 1139.7264536631053 17082.04249468689
9602 4723.968853724441 15274.060094595909
9603 4951.716065815406 16342.65835173698
9604 827.5081107443352 16487.75221880168
9605 3216.8390302264247 15320.154478840172
9606 4195.19537251039 16570.008872844217
9607 2392.2480747166355 15454.41664975989
9608 3562.597945167235 15343.610914281087
9609 1056.276035652669 16557.571454468143
9610 2470.950358116979 17475.72620709016
9611 3044.4958066167032 15399.816866698502
9612 4137.87621671745 16531.296804654863
9613 1726.5642199749666 17177.06082368352
9614 2955.7125667312825 16181.823601258113
9615 3520.973717126332 17456.502180704796
9616 3381.812962220403 15310.253404143354
9617 4101.040262882312 16114.111369835306
9618 2183.4423365938883 16967.175550625867
9619 4320.804900387681 16096.072575099506
9620 2396.5929520291306 15518.69255595265
9621 2806.373973629834 16253.357157771507
9622 2854.2393473724715 15320.061740730735
9623 956.366587335066 16817.884123186966
9624 1710.0824051155469 16853.973924146656
9625 1429.2169744866937 16216.365851216888
9626 3043.6366226604414 15668.477064971374
9627 3217.784710187412 15061.775435624382
9628 3298.3782840403724 16521.228501996382
9629 3340.1564531223644 15864.218564614177
9630 3779.666301593418 15854.385871193423
9631 3617.9303431314556 15534.829848259853
9632 3926.3809972105 16809.782192614693
9633 3354.8503287928606 16746.129718177548
9634 901.7548354690973 15859.186165942598
