7052 3881.871061318214 16668.184991408412
7119 3631.1624747063056 16357.945887874088
7195 3634.9292423513007 16364.432590893806
7237 3520.069757385317 16031.493382163295
7256 3623.6226224727247 16344.96160350582
7263 2763.886403088623 15399.205023868495
7269 2771.3840658408835 15399.387291182062
7273 2817.389382919935 15400.505675114617
7274 2778.881760999925 15399.569559283436
7280 3627.395608351673 16351.459014867749
7340 2786.379427795089 15399.751826695287
7452 2683.0909799948804 15397.204512643877
7499 2645.599487759727 15396.209826496986
7508 2555.619825459601 15393.822577597146
7546 2675.592687607401 15397.005575575266
7559 2540.6231318334203 15393.424700571994
7563 2653.097812581004 15396.4087644261
7594 4626.748238464404 16276.50610750385
7603 3150.586709663557 16629.504182518784
7617 2638.1012012850847 15396.010889585248
7619 2452.1259927662977 15388.694082486732
7648 2459.6267742876544 15388.78018940467
7650 2474.6282646815594 15388.95240240656
7660 2630.6029043710773 15395.811952396543
7672 2422.1231108709694 15388.349657618213
7675 2482.128986164199 15389.03850863527
7683 2444.6252363317176 15388.607975856783
7730 2437.1245287846073 15388.521869788048
7733 2756.3886598916897 15399.022754599326
7748 2548.121477926983 15393.62363906548
7804 2414.6223658982444 15388.263551119842
7806 2748.8909237627977 15398.84048550198
7815 2429.6238178882245 15388.435763680865
7832 2151.025958055312 15385.658144820685
7835 2175.8067172326673 15385.916926664551
7841 2407.1216230053624 15388.177444645347
7856 2802.393977703362 15400.14113854969
7857 2278.8652751316713 15386.26446514504
7870 2325.2723282568895 15386.984265484696
7986 2741.393211736242 15398.65821699056
8020 2142.3166043049655 15385.477961737186
8028 2623.104620324749 15395.61301554923
8047 2134.425511841977 15385.314707216481
8079 2733.895487134059 15398.475948173427
8080 2726.3978216857736 15398.29368079432
8101 2124.8249584265673 15385.116086587754
8125 2058.656056771126 15384.716701727211
8127 2091.8624343062997 15384.693697655486
8130 2036.1309281454685 15384.732306249985
8131 2073.672787924346 15384.706298726758
8132 2105.1894433582106 15384.773922724351
8157 2028.6225661890708 15384.737507747705
8161 2043.6393106167593 15384.727104738056
8180 2082.449279375885 15384.700218718826
8188 2006.0974420158664 15384.753112267395
8215 2711.402441788738 15397.929144844908
8222 2021.114181544714 15384.74270926114
8240 2718.9001561540585 15398.111413413184
8241 2809.891695439263 15400.323407199905
8270 2668.0943983532834 15396.806638589784
8273 2066.1644216204027 15384.71150022749
8275 2660.59611685169 15396.607701809984
8315 2690.5893194894197 15397.403450962285
8319 2796.396854574721 15396.79349993758
8321 2051.1476770996296 15384.721903237201
8353 2394.490244565617 16766.9261178449
8363 2013.6058073745533 15384.747910767319
8371 2399.6209017905135 15388.091338419712
8403 2615.6063124234042 15395.41407806902
8432 2608.1080176762644 15395.215140937804
8467 2849.6873288718684 15105.303200547107
8502 2593.111429126384 15394.817266700427
8504 1998.5890744410672 15384.758313769005
8541 2585.613063656095 15394.618327692857
8559 1916.4835941293227 15378.61667286544
8570 2578.1147335868436 15394.41938962451
8581 2570.6164496649712 15394.220452780499
8590 2057.3411896639077 15411.26356916987
8596 2533.1247730631267 15393.22576174218
8615 1968.6289023110846 15383.381550245114
8623 1901.5409279886505 15378.3247466064
8625 2852.2163751403987 15109.747909452353
8631 3017.5755256312655 14398.756324088868
8638 1991.0806965036766 15384.763515277795
8659 1931.2963585134062 15379.422038024148
8706 1822.2402313820432 15382.79842985796
8735 1909.012268281481 15378.470709877023
8744 2467.127558248036 15388.866296350609
8748 1892.9251268231521 15378.194802377875
8749 1961.1623773043068 15382.58964607773
8753 1837.2391992304247 15383.071762009846
8762 1983.5723075766834 15384.768716794197
8763 1953.695856545278 15381.797742360863
8764 1799.7417382618607 15382.388430876637
8765 2600.609718647043 15395.01620369298
8771 1938.7628532347323 15380.213938979441
8772 1792.2422526413875 15382.251764769782
8775 1807.2412591856041 15382.525097626838
8785 1923.9496644613685 15378.768311824448
8786 1814.7407270712317 15382.661763410502
8787 1829.7397023045942 15382.935095696968
8788 1849.520036071979 15415.352025248
8792 1976.095466432799 15384.173458561054
8795 2563.1181459513577 15394.021515411392
8803 1946.2293485259815 15381.00583999518
8806 2955.344037576714 14454.056673073435
8817 2392.1201895519375 15388.00523229712
8822 1784.7427700472656 15382.115098718077
8853 1849.5989375905579 15407.851001333998
8872 1769.7437119800686 15381.8417649221
8877 2857.2960965915295 15110.478369138631
8884 1762.2442449080925 15381.70509915326
8888 2837.5357773252986 15151.478335724181
8895 3490.816835642058 15382.624252319736
8899 1885.694495313187 15402.289586623956
8902 2384.619668297714 15387.904777188034
8922 1777.2432670982887 15381.978432295438
8925 1747.2453107224014 15381.431767614824
8929 1915.2120619195716 15396.431311329821
8941 1849.4411342626488 15422.853076803187
8944 1849.3622329011139 15430.354085787292
8947 1754.7447770157657 15381.568433369472
8955 2836.521844124313 15131.805885734688
8956 2837.924261612722 15159.015753089167
8965 1888.118079387055 15399.15782140747
8966 3166.4643017622634 14311.662204732835
8977 1739.7458402793272 15381.295101784552
8993 1724.746877601402 15381.021769726889
8995 1732.2463474432948 15381.158435546206
8998 1849.283331218612 15437.85512528515
9008 1908.3770432191002 15402.72797805367
9018 3573.7150594243494 15103.513606203422
9024 1849.125527858499 15452.857203815867
9026 1913.951192614844 15399.608995085786
9038 2838.261064858196 15174.098654500885
9044 1709.7478650644246 15380.748436760627
9048 2842.522846413393 15107.066433401082
9055 1694.7682352330194 15380.91615577492
9068 1849.2044294154452 15445.356176254367
9069 1922.692479965911 15396.544572993289
9071 2336.795091387945 16397.82763392103
9072 2838.312744577924 15166.55314480025
9073 1717.247403332184 15380.885103826893
9075 2836.9103266177303 15139.343268292156
9076 2847.146157887662 15102.130914521333
9081 3896.460098876449 15321.703940079435
9097 2837.9424629011546 15194.941097871411
9099 1702.248386898226 15380.611770789614
9102 1665.3293519485771 15385.963524660374
9104 1915.8986427298742 15402.839523563185
9105 2853.5504094117036 15108.935250756158
9110 2333.566420929683 16581.200877669384
9128 1679.850675613813 15382.500486346722
9140 2036.5827407122486 16360.912826414515
9147 2831.7702378620493 15441.8649252062
9148 2131.842650479702 15411.79703798826
9149 2822.8924738522132 15426.419920738032
9151 1687.3094493923372 15381.708321701355
9155 803.9061438023167 16211.543476854982
9177 2854.2214846062193 15103.600328520302
9178 3135.9771508897716 16612.049423861492
9183 2647.668428541909 15546.09725168568
9185 1900.2667509894459 15381.502691622693
9187 4570.093813957051 15064.736670416863
9188 2490.8278950479407 15612.031234298589
9191 2849.2366146546588 15387.75936466632
9198 1907.7316189644764 15396.318049289208
9200 2829.292405424723 15426.72995400502
9201 1672.472555855784 15383.675376416928
9203 2354.943100236555 15057.969270666992
9204 1829.7389083691662 15386.136468978822
9206 2844.584576470914 15087.504830584903
9208 2832.482476140834 15426.87987258687
9209 1644.5654044278242 15394.488254100499
9210 1898.8282951463711 15402.586369880108
9211 2828.935782802163 15434.222535200068
9212 1822.3181739666352 15386.001015344416
9217 2832.126358868177 15434.37235962158
9218 1900.121490105541 15384.702691622691
9219 1897.4958165948046 15387.85475701903
9221 2484.6225305632574 15633.76142918149
9226 1651.3106924602268 15391.207688619343
9230 1658.1861085984792 15388.251685538373
9233 2841.650705339539 15080.601036693912
9236 2012.7777439548097 15406.824268351858
9238 2272.7498526777986 15413.677390700168
9239 1837.1596922834608 15386.271923516986
9241 2649.22406628684 15451.3271850144
9242 3672.698054585649 14954.044850160612
9248 3410.966368294162 17581.42621684712
9250 2826.0924096414374 15426.569932252942
9251 1875.7402773121605 15367.881251712997
9252 2726.8545803388133 17185.023575172807
9254 2369.6190358887425 15387.672108669438
9255 2847.518443141619 15094.408613979342
9257 1862.4910716934817 16355.252400851705
9263 2838.7168191857295 15073.697207453106
9276 1814.8973880078543 15385.865560768934
9278 2961.534095006281 15953.59460617326
9279 3075.1527345813906 14358.269934769054
9284 2100.2027648881563 15411.570480116836
9287 2648.0789605424807 15417.627097396047
9288 2831.414119051091 15449.35744460581
9292 2831.0579988638033 15456.84999296254
9295 1892.7707500039783 15396.091525464617
9298 2832.8490807602293 15059.889628700686
9301 2840.6497792622813 15417.043247473053
9302 1849.0466265735702 15460.35820551719
9306 1921.452822938143 15399.720549872107
9308 3450.0559450596206 15423.995978889507
9309 2341.8387359492676 15181.237411549615
9310 2849.436049820685 15380.26116953793
9311 2370.537153292147 15817.419407351848
9314 1421.4075789765552 16006.419536689087
9315 3008.059562966138 15399.347272722267
9317 3330.7201127875724 16555.774158752887
9321 3735.724065463615 15056.428690914421
9323 1150.320311255205 15345.042409952546
9328 3447.669474885965 17299.176068894452
9329 2383.119657248797 17080.48221377224
9331 2863.9956811672105 15399.28084613867
9332 3834.3082771929307 15230.448966860911
9333 936.2628278903295 15726.972031910174
9335 3340.628172073266 17345.008419663274
9336 2606.824668253692 16958.502783020722
9339 2854.76858049999 15407.45720050016
9341 3147.8466806075753 16631.164134361305
9343 3610.75580141917 14854.654294018379
9344 1900.2511590539764 15396.20478699187
9345 2835.5910768232375 15109.910811900741
9346 2349.5110499766756 16367.591263011129
9348 1848.967725161859 15467.859219271446
9349 1807.476669417516 15385.730107423155
9351 2852.4366151392096 15387.839346448578
9352 2515.3458867744494 16361.4684267877
9354 2789.366353726871 16360.89946749309
9355 2841.024281596452 15120.363720620842
9356 2878.923867829166 15416.925835061287
9357 2835.782952096675 15066.79342307424
9359 2901.142631682038 17227.89267916353
9361 2828.5791602671634 15441.715114555487
9362 1826.856605337912 16880.321015976348
9364 2829.9896395731103 15479.327611288107
9365 3143.8901734683736 16624.792568650253
9366 2863.819776837823 15419.65134613848
9368 2405.457844108235 15744.716599760735
9371 2387.0128519026593 16368.05999338319
9372 2603.9636006526966 16175.046644464903
9373 2788.897833202853 15396.611232057014
9374 1542.5327943240939 16871.155920761186
9376 1638.1083097472726 15398.228569409963
9378 2830.345757679409 15471.835106714101
9379 1424.251424801029 16442.318423157198
9380 2426.5324913482236 15714.9144212201
9381 2215.410698488343 15407.162012287
9382 2139.992612334663 15404.565029471185
9383 1439.4495649791913 15631.4487834
9384 2394.5131890005205 16368.153739166539
9385 2362.1187387173745 15387.555774705354
9386 2872.797640910389 17247.07450055092
9387 4794.412711168875 17509.331484447743
9388 3657.7159261008846 16949.882683700063
9390 2768.0987896586166 15412.69622116311
9391 3139.9336717194274 16618.421011619677
9393 1751.5277547255496 15818.073610580073
9395 2377.119338638413 15387.788442720044
9396 2557.020997676258 16973.28353212869
9397 4179.551111170307 17065.413488716636
9398 1104.4735459668182 16629.458348139397
9399 2798.262379937625 16850.940417542286
9401 3497.9592910857605 14680.319907751657
9403 3831.744702254412 15232.429177404529
9404 1632.2379823514077 15402.897130550498
9405 2946.6547607413836 16772.427324828855
9407 2219.3666314192674 15385.341606633903
9408 3798.330565243777 15235.475309115998
9409 1017.6225897870268 16742.53878758417
9410 3824.3834027494977 15216.458908405155
9411 2833.9412897678967 15143.955372441436
9412 1800.0559306745592 15385.594653709522
9413 2762.5128931855647 16835.433734194645
9414 2357.011419433819 16367.68500919893
9415 4848.168969389519 15713.168907594243
9416 3501.709520360822 15771.547680731457
9417 3654.1794469491897 16384.972897117867
9418 2372.012099231346 16367.87250083564
9419 4011.914244357502 16163.570346190654
9421 3132.0206044174042 16605.677794808245
9423 2219.8109259636162 16355.498983170653
9424 3221.966230095774 16180.132937731545
9426 2829.633519204393 15486.820163462009
9428 1816.1048419673573 16348.513855060657
9429 1024.2067800728976 16714.86908197117
9430 2364.5117705288562 16367.778755157226
9432 1532.127627958168 16879.545961445085
9433 2336.249268588093 16435.995291657015
9434 2928.410947935601 16994.727205317442
9436 3140.6537853590976 15584.24320763588
9437 994.7028362700453 15617.909488862011
9438 3269.7416337613017 16579.019379343554
9439 3128.058057523459 16599.296502666057
9440 2194.3314610208754 15385.609193215829
9441 2852.636049591521 15380.341178153849
9442 4098.953280414124 16049.572172726408
9443 3091.3431787337013 16250.238576543705
9444 2732.7896737654924 16862.766053446256
9445 922.9959551977511 15535.572966074329
9446 3187.3805650327777 16719.8330663438
9447 3315.418726865025 16569.706483674443
9448 2793.646729087161 16832.898750246895
9449 1518.9857093928963 15712.28870493818
9450 3583.761756517906 15355.945505411808
9451 2520.1943350385095 17040.03549991674
9452 3650.123676912181 16395.48564127699
9453 1814.7824314150243 16328.58975799375
9454 3054.9727647633517 16278.98246626007
9455 1848.8888237888368 15475.360229347632
9456 3574.951462487818 16422.94649329554
9457 1829.9417939390532 16864.898580096055
9458 3368.8416800055197 16635.433167404863
9459 2368.5029380713218 16356.696022707289
9460 4158.917689134921 16100.7414364807
9462 3221.7557440573564 16775.67104640319
9463 3782.8898743588516 15818.74608164038
9464 2402.9869647066143 15401.057634308352
9465 2830.701877631545 15464.342563304814
9466 2810.313768362983 16326.446835246477
9467 1192.7409545602184 16951.73845794088
9468 2456.890383149887 16763.26515033671
9469 3889.0166280940357 16767.99853904971
9470 3176.035897204186 15590.780792594347
9471 3530.164446180404 16447.454423348838
9473 2873.6781278209114 15399.33668447244
9474 2219.9144020023455 17160.02183120699
9475 4718.581235987055 15796.341283152018
9476 3669.3928720218837 14949.624609600936
9477 2448.27849348487 16749.800795873063
9479 3951.2624452409036 16844.725542054246
9480 1626.4470252513977 15407.664272030617
9481 2699.7909105160725 16884.596758036412
9482 3719.980813132513 15278.241189341328
9483 4216.929542124742 15912.641735801133
9484 2593.724159499823 16965.812259527676
9485 3671.163156166402 16055.790197759674
9486 2912.5161861320644 15399.564157686964
9487 2863.921100221937 15416.461016289013
9488 2179.21860358031 17214.12868498888
9489 2071.1888288637447 15408.162536586628
9490 3004.7977581879927 16424.750638283916
9491 1379.0419431039938 15670.310314327267
9492 2856.6456306294826 15221.936374925155
9493 3170.0990455847796 16647.390153993983
9494 2849.635512330491 15372.76194636121
9495 3623.963900816647 15966.71865977344
9497 1571.0105918606844 16454.14987409724
9498 2859.5059878114967 15112.184777679426
9499 2886.4252755758193 15417.158245189232
9500 2853.8746168482203 15333.774571294156
9501 3913.2529373626817 16798.764336574142
9502 2255.669716028569 17346.398413779127
9503 3091.0078075954957 15434.208801506022
9504 2871.422469121416 15416.693425213387
9505 2152.524972394511 16731.046388841
9506 2856.5845946889385 15136.164909563651
9507 4331.204878852323 16922.045875373453
9508 2829.9152064651353 15052.985827365037
9509 2191.2158839234576 16364.181749617865
9510 3768.1241438930647 16320.961069100507
9511 2309.5845969156057 16357.13965211511
9512 4277.9224522364675 15987.905431912202
9513 2193.9096496507495 15422.717949819009
9514 2837.067699944466 16368.216930255703
9515 2319.8981946094846 16357.328139443995
9516 4315.150429213958 17099.119393446963
9517 3025.6584846870483 15421.923460545495
9518 2852.835485483525 15372.842955730779
9519 3144.7093590020836 14962.516318934286
9520 2246.999885367491 17140.851375903607
9521 3339.81525799256 17334.612758518568
9522 1439.6923062930514 15989.291133854196
9523 2379.5125137796845 16367.966247587032
9524 2045.8089119752308 16351.781999956705
9525 1010.3864937287844 15386.569986319959
9526 3967.660784515973 15227.567598990196
9527 2115.5631352076 17218.233249094326
9528 3091.8517394291503 15512.719408539093
9529 3660.9837516302478 16412.81284266126
9530 2600.2744222492856 16962.157516602714
9531 1064.2839846512763 15394.97376480321
9532 3359.887377500636 15892.064924636981
9534 3160.543730282548 16676.24014010568
9535 1965.8042511191231 16348.444711077806
9536 2437.0664519781094 15401.432579850052
9537 3256.6670298605095 15936.828162701544
9538 4160.226072629521 15610.80116944467
9539 2344.241270481885 16335.926737397955
9540 3347.816761925784 17354.943669436798
9541 4044.4438641384854 15564.227814378231
9542 2137.0923086834086 16688.74612997524
9543 2701.3301055278466 15334.786229694993
9544 3689.9928992434893 17471.998706282724
9545 3350.292454127979 15275.858889563222
9546 3799.7829232543486 15219.608578150517
9547 4326.6129740108745 15664.358918948212
9548 2826.981306395354 15046.081965378076
9549 2329.383664674218 16550.369517760013
9550 3534.079682906231 16425.616444662366
9551 1876.5269154676469 16344.7909740248
9552 3278.4103278117273 15901.300434024794
9553 3258.0299844682236 16160.936735672252
9554 1094.5588457671267 17478.614179771594
9556 1789.6078693877582 15385.403941066133
9557 1842.7742593381915 17336.266353590214
9558 1526.4368740772975 16830.373961313904
9559 3279.399308939938 15408.810379115748
9560 1074.9820735241465 15895.33081992096
9561 2368.0673361970216 16657.722935849215
9562 3619.5062588516716 14869.245985749354
9563 1046.025079349731 15678.946155609814
9564 751.4159985597347 17179.484857033513
9566 4349.435178853179 15502.975153018506
9567 3554.571861903992 15689.134417100031
9568 2975.9844177908435 17176.791238037807
9569 2161.2238902685062 15385.869124294499
9570 3591.0043206797445 17293.667003060033
9571 3683.031770898312 15873.773039221247
9572 4565.323411195532 16546.65213786686
9573 3747.488551741882 17563.641556900675
9574 3431.0357108023045 15405.95455584573
9575 1901.3024609564247 17497.897279554392
9576 1859.4536754870003 15889.005863850269
9577 3144.130349760487 16221.563823460974
9578 3372.908170196463 16944.620239928572
9579 4338.835973465545 15785.931318060759
9580 3235.39869491296 16407.613229116425
9581 4400.249491091124 15937.0861596418
9582 3815.1090748528177 15548.527729184189
