7052 4220.105611123476 16489.86787953478
7119 3631.1624747063056 16357.945887874088
7195 3634.9292423513007 16364.432590893806
7256 3623.628964504851 16344.9725250393
7263 2763.886403088623 15399.205023868495
7269 2771.3840658408835 15399.387291182062
7273 2817.389382919935 15400.505675114617
7274 2778.881760999925 15399.569559283436
7280 3627.395696894985 16351.45916734707
7340 2786.379427795089 15399.751826695287
7452 2683.0909799948804 15397.204512643877
7499 2645.599487759727 15396.209826496986
7508 2555.619825459601 15393.822577597146
7546 2675.592687607401 15397.005575575266
7559 2540.6231318334203 15393.424700571994
7563 2653.097812581004 15396.4087644261
7603 3201.417320081895 16710.094437380114
7617 2638.1012012850847 15396.010889585248
7619 2452.1259927662977 15388.694082486732
7648 2459.6267742876544 15388.78018940467
7650 2474.6282646815594 15388.95240240656
7660 2630.6029043710773 15395.811952396543
7672 2422.1231108709694 15388.349657618213
7675 2482.128986164199 15389.03850863527
7683 2444.6252363317176 15388.607975856783
7730 2437.1245287846073 15388.521869788048
7733 2756.3886598916897 15399.022754599326
7748 2548.121477926983 15393.62363906548
7804 2414.6223658982444 15388.263551119842
7806 2748.8909237627977 15398.84048550198
7815 2429.6238178882245 15388.435763680865
7832 2309.6163724061635 15386.741432519013
7835 2324.6170486967503 15386.974101718239
7841 2407.1216230053624 15388.177444645347
7856 2802.393977703362 15400.14113854969
7857 2347.1180875569194 15387.323105895912
7870 2354.6184343943037 15387.439440630344
7986 2741.393211736242 15398.65821699056
8020 2302.11607376949 15386.625098532202
8028 2623.104620324749 15395.61301554923
8047 2294.615644875537 15386.508762525025
8079 2733.895487134059 15398.475948173427
8080 2726.3978216857736 15398.29368079432
8101 2287.1152422303285 15386.392426924982
8125 2241.929234520974 15385.69156570871
8127 2272.1139285095983 15386.159747838845
8130 2167.9982029359508 15386.009274365331
8131 2257.104613665832 15385.926944650644
8132 2279.614913945106 15386.276092478305
8157 2160.490926458913 15385.853960404835
8161 2225.974438787739 15385.444097562931
8180 2264.612663113844 15386.043398857038
8188 2135.5105358804512 15385.337154688765
8215 2711.402441788738 15397.929144844908
8222 2152.87962290627 15385.696494284744
8240 2718.9001561540585 15398.111413413184
8241 2809.891695439263 15400.323407199905
8270 2668.0943983532834 15396.806638589784
8273 2249.586825384437 15385.810339389287
8275 2660.59611685169 15396.607701809984
8315 2690.5893194894197 15397.403450962285
8319 2796.396854574721 15396.79349993758
8321 2234.192837708764 15385.571569702108
8363 2144.7119884395706 15385.52751853691
8371 2399.6209017905135 15388.091338419712
8403 2615.6063124234042 15395.41407806902
8432 2608.1080176762644 15395.215140937804
8467 2849.6873288718684 15105.303200547107
8502 2593.111429126384 15394.817266700427
8504 2124.128989216886 15385.10168805925
8541 2585.613063656095 15394.618327692857
8559 1934.850202936372 15379.798960917493
8570 2578.1147335868436 15394.41938962451
8581 2570.6164496649712 15394.220452780499
8590 1539.6127167999362 15521.124765923028
8596 2533.1247730631267 15393.22576174218
8615 2044.6577517404992 15384.72639920212
8623 1912.8728628535907 15378.546132088863
8625 2852.2163751403987 15109.747909452353
8631 3344.2397878092024 14439.92435692117
8638 2109.1049016125285 15384.815051487527
8659 1958.776288896282 15382.33657609506
8706 1823.54303705479 15382.822171403486
8735 1925.7084919328504 15378.881057175182
8744 2467.127558248036 15388.866296350609
8748 1893.2493786144657 15378.183228732894
8749 2023.7522817382803 15384.740881689133
8753 1850.874144551273 15382.201026332174
8762 2089.0360122414427 15384.695655689477
8763 2004.3719504978644 15384.754307620024
8764 1799.7417382618607 15382.388430876637
8765 2600.609718647043 15395.01620369298
8771 1972.4534638232574 15383.787185557012
8772 1792.2422526413875 15382.251764769782
8775 1807.2412591856041 15382.525097626838
8785 1945.198382599614 15380.896495124201
8786 1814.7407270712317 15382.661763410502
8787 1835.6536199563534 15383.042867368604
8788 1849.520036071979 15415.352025248
8792 2069.525327706986 15384.709171924
8795 2563.1181459513577 15394.021515411392
8803 1988.2848028427256 15384.765452162908
8817 2392.1201895519375 15388.00523229712
8822 1784.7427700472656 15382.115098718077
8853 1849.5989375905579 15407.851001333998
8872 1769.7437119800686 15381.8417649221
8877 2857.2960965915295 15110.478369138631
8884 1762.2442449080925 15381.70509915326
8888 2837.5357773252986 15151.478335724181
8895 3973.218443697693 15135.817877471736
8899 1399.3155881511532 15520.799442653626
8902 2384.619668297714 15387.904777188034
8922 1777.2432670982887 15381.978432295438
8925 1747.2453107224014 15381.431767614824
8929 1915.2120619195716 15396.431311329821
8941 1849.4411342626488 15422.853076803187
8944 1849.3622329011139 15430.354085787292
8947 1754.7447770157657 15381.568433369472
8955 2836.521844124313 15131.805885734688
8956 2837.924261612722 15159.015753089167
8965 1419.3656498702178 15594.906982308526
8977 1739.7458402793272 15381.295101784552
8993 1724.746877601402 15381.021769726889
8995 1732.2463474432948 15381.158435546206
8998 1849.283331218612 15437.85512528515
9008 1435.6672152824597 15613.782592310503
9024 1849.125527858499 15452.857203815867
9026 1913.951192614844 15399.608995085786
9038 2838.261064858196 15174.098654500885
9044 1709.7478650644246 15380.748436760627
9048 2842.522846413393 15107.066433401082
9055 1694.7682352330194 15380.91615577492
9068 1849.2044294154452 15445.356176254367
9069 1922.692479965911 15396.544572993289
9071 1888.998348828153 16850.998432522534
9072 2838.312744577924 15166.55314480025
9073 1717.247403332184 15380.885103826893
9075 2836.9103266177303 15139.343268292156
9076 2847.146157887662 15102.130914521333
9081 3557.151540552875 14768.643249833623
9097 2837.9424629011546 15194.941097871411
9099 1702.248386898226 15380.611770789614
9102 1665.3293519485771 15385.963524660374
9104 1450.250548026133 15610.397807817257
9105 2853.5504094117036 15108.935250756158
9110 1855.0695709808765 16870.75735219883
9128 1679.850675613813 15382.500486346722
9140 1600.7426494179783 16448.941858211758
9147 2831.7702378620493 15441.8649252062
9149 2822.8924738522132 15426.419920738032
9151 1687.3094493923372 15381.708321701355
9177 2854.2214846062193 15103.600328520302
9178 3135.9771508897716 16612.049423861492
9185 1903.3046036588778 15378.359202521813
9188 2336.727464521649 16402.556566254465
9191 2833.3264473704908 15416.264487767203
9198 1907.7316189644764 15396.318049289208
9200 2829.292405424723 15426.72995400502
9201 1672.472555855784 15383.675376416928
9204 1829.7389083691662 15386.136468978822
9206 2844.584576470914 15087.504830584903
9208 2832.482476140834 15426.87987258687
9209 1644.5654044278242 15394.488254100499
9210 1233.539436664149 15697.744230863791
9211 2828.935782802163 15434.222535200068
9212 1822.3181739666352 15386.001015344416
9217 2832.126358868177 15434.37235962158
9218 1900.2667509894459 15381.502691622693
9219 1899.89203228018 15384.698241257242
9226 1651.3106924602268 15391.207688619343
9230 1658.1861085984792 15388.251685538373
9233 2841.650705339539 15080.601036693912
9236 1709.0848407704536 15390.958982758148
9238 1811.462279219495 15400.039738665193
9239 1837.1596922834608 15386.271923516986
9241 2636.743713654051 16117.30843145922
9242 3339.2316714205476 14438.151389597408
9250 2826.0924096414374 15426.569932252942
9251 1875.7402773121605 15367.881251712997
9252 3263.4589551547115 17373.96278179172
9254 2369.6190358887425 15387.672108669438
9255 2847.518443141619 15094.408613979342
9257 1843.4074312788039 16043.94531725192
9263 2838.7168191857295 15073.697207453106
9276 1814.8973880078543 15385.865560768934
9284 2034.2167417024855 15978.751461815404
9287 2351.2395440802347 15928.895739904172
9288 2831.414119051091 15449.35744460581
9292 2831.0579988638033 15456.84999296254
9295 1891.4615860333138 15395.190715187582
9298 2832.8490807602293 15059.889628700686
9301 2501.960951093226 15583.967291078407
9302 1849.0466265735702 15460.35820551719
9306 1418.3617628683921 15649.585521390742
9308 2878.8036207759424 15420.121136624988
9310 2848.8480485775194 15396.813419150196
9311 2335.0383071781475 16520.673983420773
9314 1070.1928263235409 16187.62100922776
9317 2877.2459441134356 16810.483850437107
9323 858.3875235237255 15189.338748216154
9328 4243.610418780183 16937.38271068221
9331 2822.5757342638813 16021.892664133233
9336 2332.157735462619 16606.144688687287
9339 2499.5647348502966 15556.155415557014
9341 3150.7630856277046 16635.53570917169
9343 3315.708374527567 14402.537555440691
9344 1900.2511590539764 15396.20478699187
9345 2835.5910768232375 15109.910811900741
9346 2337.828182859226 16095.302641606344
9348 1848.967725161859 15467.859219271446
9349 1807.476669417516 15385.730107423155
9351 2847.906196578972 15411.172177291128
9352 3088.831074609477 16536.12530380574
9354 3124.1075748566577 16592.93463877543
9355 2841.024281596452 15120.363720620842
9356 2878.923867829166 15416.925835061287
9357 2835.782952096675 15066.79342307424
9361 2825.733188020891 15434.117622482401
9362 2095.1004636411444 17017.724885576285
9364 2829.9896395731103 15479.327611288107
9365 3144.6104778851955 16625.952548087233
9366 2863.819776837823 15419.65134613848
9368 2335.5445031072613 16485.27730710931
9371 2379.5132097542123 16367.96625628593
9373 2788.897833202853 15396.611232057014
9374 1852.2167165618446 17354.334710514846
9376 1638.1083097472726 15398.228569409963
9378 2830.345757679409 15471.835106714101
9380 2339.2273124707745 16451.562067374573
9381 2215.3610418147337 15410.362012025402
9382 1930.1729178930143 15396.657834957774
9383 1749.0282281738241 15740.41765337666
9384 2387.0243121415783 16368.060136623297
9385 2362.1187387173745 15387.555774705354
9390 2215.4107673756216 15407.162012425524
9391 3139.9336717194274 16618.421011619677
9393 1714.1346999970485 15825.516002231116
9395 2377.119338638413 15387.788442720044
9396 2873.361714426164 17408.768572339173
9399 2595.274202368883 16968.612209868505
9401 3268.4994227826182 14330.817016364526
9403 3127.071782365207 15423.593422958842
9404 1632.2379823514077 15402.897130550498
9405 2593.7241230280347 16965.812279877242
9407 2339.617721470525 15387.206770862917
9408 3077.909496583229 15598.944778856598
9409 1337.8209592291619 16494.289740367014
9410 3651.7047484054697 15248.66004685097
9411 2833.9412897678967 15143.955372441436
9412 1800.0559306745592 15385.594653709522
9413 2809.988876592284 16061.636026210514
9414 2349.5110664609065 16367.591263217162
9415 4952.965771496386 16345.734866994193
9417 4095.9174415288503 16942.80705222943
9418 2364.5119035234634 16367.778756819509
9421 3132.0206044174042 16605.677794808245
9423 2689.1051790369283 16361.923167459292
9424 3632.304869971859 15907.203764524907
9426 2829.633519204393 15486.820163462009
9428 2289.8998256755194 16356.779900837148
9429 834.8509826726499 16647.91616405046
9430 2357.0114889177166 16367.6850100674
9432 1423.6843552625362 15959.223635788388
9433 2684.351217590428 17125.073620137005
9436 2938.298591782138 15407.95379760598
9437 1430.409145401149 15627.392894248154
9438 3769.245444044674 16528.905833193847
9439 3128.0640895094466 16599.306216586374
9440 2332.1173622094557 15387.090435935786
9441 2851.9797876716048 15398.352472594517
9443 3537.6572551093323 16197.297767692447
9444 2948.145816430377 16327.436633861542
9445 1205.831645506471 15682.204155241654
9446 2837.0668006481505 16368.216955888118
9447 3432.936727511434 17050.853060865775
9448 3616.7643001301067 16384.543044193186
9450 2891.3705037330824 15420.515147806813
9452 3650.123676912181 16395.48564127699
9453 2297.3996055775206 16356.916963918617
9454 3153.297261764108 16633.569680865414
9455 1848.8888237888368 15475.360229347632
9456 3039.487711521778 16720.10477628055
9457 2372.7249210797477 16641.47973493543
9459 2890.8600964359257 16355.256632839772
9460 3583.5658035721103 16282.360443287409
9462 3197.716317895827 16405.814283451924
9463 4247.597932682615 15519.484330678843
9464 1994.0813226022033 15396.12
9465 2830.701877631545 15464.342563304814
9466 2826.7344747843326 15547.814263996015
9468 2639.388136304448 17049.420109968378
9469 3658.091076347883 16408.19759198776
9470 3000.302475366643 15424.706338664784
9471 2979.1641621749636 16754.602573907116
9473 2596.2490541718416 15416.856080423786
9474 2555.4688848484852 16970.48483228239
9475 4165.302363825756 15881.934966353096
9476 3829.3708334945477 15203.689583252726
9477 2642.4573763414833 16916.183930355997
9479 3662.0747778726795 16414.55357022612
9480 1626.4470252513977 15407.664272030617
9481 2809.753561846827 16170.348258682698
9482 2941.070999045954 15420.21513887248
9483 3962.3275879849703 16165.734389896064
9484 2277.709255861326 16629.084595095865
9486 2865.0008845366756 15399.28586214741
9487 2863.921100221937 15416.461016289013
9488 2553.906877907625 16967.68600371056
9489 1890.0808347541185 15402.42206804584
9490 2400.376627137673 16368.227025552751
9492 2852.796908524147 15374.293339705879
9493 2957.8901116440466 16378.446238853061
9494 2849.3346146437593 15384.074843749097
9495 3022.1875025765407 16296.464326725301
9497 2256.9633660265254 16356.177966818928
9498 2859.5059878114967 15112.184777679426
9499 2886.4252755758193 15417.158245189232
9500 2849.6509280887017 15372.182357688764
9502 2462.315553296356 17025.98728390676
9503 3195.150778704031 15403.368865853343
9504 2871.422469121416 15416.693425213387
9506 2849.914008707007 15362.291274537043
9507 4193.606306670356 16573.50975075134
9508 2829.9152064651353 15052.985827365037
9509 2032.116128120879 15914.477925976778
9510 3147.614187435336 16658.432874195474
9511 2693.7450495400335 16358.67542464218
9512 3585.1011546102986 16417.392474182216
9513 2193.9096620551986 15422.717341523916
9514 2814.411459892082 15757.355954637787
9515 2824.1248414116435 16354.90576666466
9516 4370.398389207582 17072.166020988927
9518 2852.499595957963 15385.471446755833
9519 2842.1743514946884 15123.353693724133
9520 2552.354738741503 16964.887320106565
9521 2944.176700842846 17510.212529774035
9522 1712.8057760798777 16290.527921176737
9523 2372.0122541869123 16367.87250277241
9524 2319.898996224803 16357.328154094006
9525 982.7521741807667 15607.40670495136
9526 3457.0250832261722 15421.37018275195
9527 2545.946032404 16968.838673772192
9528 2871.311714083242 15419.886241860697
9529 3654.1073807931984 16401.84162327469
9530 2819.829040310457 16672.327949237035
9531 1019.7813100400648 15672.267550476516
9532 3135.2656122522208 16236.189916163317
9534 2700.6731679753107 16371.860623887103
9535 2312.399214348436 16357.191090976456
9536 2001.583349036458 15396.225621947093
9537 3172.2915388576243 15584.61336740141
9538 3832.1483219629113 15556.803876220041
9539 2861.6941980199963 16356.14030161628
9540 3470.7878139131544 17127.67540281651
9541 4499.056846512373 15731.383676501562
9542 2335.9480948793475 16363.1468748486
9543 2781.39873853108 15396.428962394853
9544 3206.4044018692825 16756.83581817722
9546 4189.512659368026 15832.753081789895
9547 4046.723817733094 15603.846883401387
9548 2826.981306395354 15046.081965378076
9549 2754.355343947372 16358.056489101224
9550 3500.2271128205275 16033.242268254518
9551 2304.8993335839555 16357.054026051663
9552 3155.4028722354974 15577.81051568175
9553 3660.360696133458 15891.161768205806
9554 1448.2627942075824 17070.964607814978
9556 1792.635174683626 15385.459199681054
9557 2053.078953897227 16739.960720515737
9559 2875.4735539060257 15399.347200223248
9560 866.7557775684687 15746.407639352188
9561 2203.6917171343594 16170.836377240365
9562 3819.6347704081445 15196.6127030612
9563 1638.8518023157212 15401.717399442108
9564 1288.1103736282844 17154.537087751363
9566 3924.7873494976193 15390.381343359815
9567 3275.96911752433 15728.75598392058
9568 2585.30021665222 16983.992677231312
9569 2317.1167443285126 15386.857767642528
9570 3534.8196658487577 17211.695274543566
9571 3579.474241925382 15999.351635535413
9572 4219.275473674333 16074.889473045538
9573 3551.0862091484896 17247.28767592107
9574 3037.7767794664037 15399.669834292732
9575 2146.560950309926 17208.66042541863
9576 2023.8058717818037 16350.88947387777
9577 3337.373906555906 15859.502383993062
9578 3485.373249072251 16678.260200056324
9579 4650.5462843096875 15820.828559593712
9580 3631.424303845089 16372.707653421743
9581 4285.9086293676155 16002.729209358977
9582 3771.4920711193863 15444.142094482942
9583 4312.6002762303815 16871.131274330288
9584 3813.6165878257702 16657.260023561743
9585 1830.5069226279495 16492.497226677602
9586 4270.884589259556 16009.31789516881
9587 3045.4499728987407 16492.123180754093
9588 4506.66301997388 15194.004260092841
9590 2566.5257719821147 15416.405649218334
9591 3083.1261236045675 16883.091511953036
9592 2194.45215721952 15488.038594552598
9593 3663.579613537793 14946.325992286796
9594 1922.3808123296064 17210.082940362372
9595 759.1455202168875 17217.496552355748
9596 2273.8765872057534 16168.020756179909
9597 3638.121816092636 15217.79315494919
9598 2853.1179114222464 15362.224543541795
9599 3297.013558377084 15812.892586231723
9600 1766.9355869282006 16911.436644404657
9601 1121.376495807388 17041.17747645176
9602 4718.7319792609205 15261.577987881685
9603 4872.864706114851 16401.36802776375
9604 860.4296147502623 16469.298513895188
9605 3229.8192330226943 15341.728124045228
9606 4178.279102213076 16542.88519385399
9607 2391.417653902742 15489.278199267406
9608 3526.591617883133 15362.997220606914
9609 1057.8134743384599 16519.970058212763
9610 2432.8316756154168 17496.865536215904
9611 3085.778431834958 15400.890167602667
9612 4104.604905953895 16549.11055089199
9613 1685.280812111296 17114.54359674225
9614 2955.6929867818794 16221.84501783772
9615 3519.9826506424006 17453.419904284492
9616 3358.950971170664 15274.390024676864
9617 4047.5231836142825 16143.809767698642
9618 2132.9837909881458 16996.047996247435
9619 4345.930512864731 16141.852236566596
9620 2422.202334102601 15520.317336938971
9621 2803.071472583412 16300.769447566217
9622 2853.274778690101 15356.326780338517
9623 985.6890182050432 16801.0727329997
9624 1726.4354547310352 16884.02359481106
9625 1431.1189966928287 16186.84804653222
9626 3051.8111740821987 15686.640363300134
9627 3230.849140111819 15081.845267107054
9628 3307.4257684341383 16536.64197654051
9629 3346.138428175946 15874.357505382959
9630 3774.4344736842104 15844.652105263158
