7119 4052.0566015161603 16917.58688138904
7256 3937.416499646936 16823.057089404985
7263 2763.886403088623 15399.205023868495
7269 2771.3840658408835 15399.387291182062
7273 2817.389382919935 15400.505675114617
7274 2778.881760999925 15399.569559283436
7280 3963.445491109805 16624.54011191785
7340 2786.379427795089 15399.751826695287
7452 2683.0909799948804 15397.204512643877
7499 2645.599487759727 15396.209826496986
7508 2555.619825459601 15393.822577597146
7546 2675.592687607401 15397.005575575266
7559 2540.6231318334203 15393.424700571994
7563 2653.097812581004 15396.4087644261
7603 3678.163745748931 17077.73683808944
7617 2638.1012012850847 15396.010889585248
7619 2452.1259927662977 15388.694082486732
7648 2459.6267742876544 15388.78018940467
7650 2474.6282646815594 15388.95240240656
7660 2630.6029043710773 15395.811952396543
7672 2422.1231108709694 15388.349657618213
7675 2482.128986164199 15389.03850863527
7683 2444.6252363317176 15388.607975856783
7730 2437.1245287846073 15388.521869788048
7733 2756.3886598916897 15399.022754599326
7748 2548.121477926983 15393.62363906548
7804 2414.6223658982444 15388.263551119842
7806 2748.8909237627977 15398.84048550198
7815 2429.6238178882245 15388.435763680865
7832 2309.6163724061635 15386.741432519013
7835 2324.6170486967503 15386.974101718239
7841 2407.1216230053624 15388.177444645347
7856 2802.393977703362 15400.14113854969
7857 2347.1180875569194 15387.323105895912
7870 2354.6184343943037 15387.439440630344
7986 2741.393211736242 15398.65821699056
8020 2302.11607376949 15386.625098532202
8028 2623.104620324749 15395.61301554923
8047 2294.6157450953187 15386.508764079492
8079 2733.895487134059 15398.475948173427
8080 2726.3978216857736 15398.29368079432
8101 2287.1153766671364 15386.392429010175
8125 2242.1133098702558 15385.694420824258
8127 2272.1146988550727 15386.15975978735
8130 2167.9983030707344 15386.009276436966
8131 2257.1140052204255 15385.927090319108
8132 2279.6150152339214 15386.276094049354
8157 2160.4920787176234 15385.85398424329
8161 2227.112693972663 15385.461752561763
8180 2264.6143217440485 15386.043424583357
8188 2137.973271611994 15385.388104889053
8215 2711.402441788738 15397.929144844908
8222 2152.9858222176485 15385.698691384545
8240 2718.9001561540585 15398.111413413184
8241 2809.891695439263 15400.323407199905
8270 2668.0943983532834 15396.806638589784
8273 2249.613678583464 15385.810755897997
8275 2660.59611685169 15396.607701809984
8315 2690.5893194894197 15397.403450962285
8319 2796.396854574721 15396.79349993758
8321 2234.6130072910214 15385.578086776295
8363 2145.4795735476673 15385.54339868779
8371 2399.6209017905135 15388.091338419712
8403 2615.6063124234042 15395.41407806902
8432 2608.1080176762644 15395.215140937804
8467 2849.6873288718684 15105.303200547107
8502 2593.111429126384 15394.817266700427
8504 2130.4670501867135 15385.232812755949
8541 2585.613063656095 15394.618327692857
8559 2028.6223181762032 15384.737507919519
8570 2578.1147335868436 15394.41938962451
8581 2570.6164496649712 15394.220452780499
8590 944.3714672093596 15974.115306909813
8596 2533.1247730631267 15393.22576174218
8615 2081.181193268412 15384.701097198984
8623 2013.605432183571 15384.747911027238
8625 2852.2163751403987 15109.747909452353
8638 2122.9607873654672 15385.077519766428
8659 2043.6391108300763 15384.72710487646
8706 1961.1619208899212 15382.589597670143
8735 2021.1138549506054 15384.742709487391
8744 2467.127558248036 15388.866296350609
8748 1991.0802382826494 15384.763515595232
8749 2073.672819906055 15384.706298704603
8753 1983.5718441428407 15384.768717115247
8762 2096.197935401159 15384.690694190924
8763 2066.164388958764 15384.711500250116
8764 1837.2391750269026 15383.071761568775
8765 2600.609718647043 15395.01620369298
8771 2051.1475195791395 15384.721903346326
8772 1829.7396659587066 15382.935095034623
8775 1946.2289008854489 15381.005792518154
8785 2036.1307351851167 15384.732306383661
8786 1953.6954094406128 15381.797694940671
8787 1968.628516612967 15383.38150933774
8788 2028.1169170233109 15381.537928598023
8792 2088.6895689610506 15384.69589569175
8795 2563.1181459513577 15394.021515411392
8803 2058.655969086719 15384.716701787956
8817 2392.1201895519375 15388.00523229712
8822 1822.2401438255367 15382.798428262382
8853 2005.5130898642506 15381.553610725963
8872 1807.2411637063392 15382.52509588688
8877 2857.2960965915295 15110.478369138631
8884 1799.7416427358614 15382.388429135828
8888 2837.5357773252986 15151.478335724181
8902 2384.619668297714 15387.904777188034
8922 1814.7406396453507 15382.661761817306
8925 1784.7426301651083 15382.11509616895
8929 1873.9715255826484 15395.52669010793
8941 1931.295660214982 15379.421963962195
8944 1923.9466998543548 15378.768121785535
8947 1792.242124752413 15382.251762439211
8955 2836.521844124313 15131.805885734688
8956 2837.924261612722 15159.015753089167
8977 1777.2431539205731 15381.978430232955
8993 1762.2442031333712 15381.705098391983
8995 1769.7436783680043 15381.841764309573
8998 1922.621142366359 15381.937831540617
9024 1883.8379674037496 15386.928274934162
9026 1944.015220151261 15179.972781587163
9038 2838.261064858196 15174.098654500885
9044 1747.2450248681657 15381.431762405588
9048 2842.522846413393 15107.066433401082
9055 1732.2420880800323 15381.158357926135
9068 1928.9010401742125 15385.516835907807
9069 2102.796870356979 15372.36863651287
9071 1280.312052965864 17281.464802174214
9072 2838.312744577924 15166.55314480025
9073 1754.7447264499215 15381.568432447992
9075 2836.9103266177303 15139.343268292156
9076 2847.146157887662 15102.130914521333
9097 2837.9424629011546 15194.941097871411
9099 1739.7445167527517 15381.295077665402
9102 1702.0060992389012 15380.60735548531
9105 2853.5504094117036 15108.935250756158
9128 1717.206247378132 15380.884353825586
9140 1034.327135509385 16672.338832469206
9147 2849.625950860783 15528.045593030998
9149 2837.811047508792 15202.442889970745
9151 1724.7327690716259 15381.021512621544
9177 2854.2214846062193 15103.600328520302
9178 3143.8901700641177 16624.792563168034
9185 2006.0970389505685 15384.753112546623
9188 1828.1067389223467 16882.346717146676
9191 2374.6598472760343 15809.889450967667
9198 1869.9730163371582 15307.325576627254
9200 2837.539284783251 15217.956350233733
9201 1709.6548682532691 15380.746742042778
9204 2421.136844062711 15395.2948569502
9206 2844.584576470914 15087.504830584903
9208 3113.2616890156637 15402.651876060108
9209 1677.732000154328 15382.725501857829
9210 938.3500193956309 16163.304201399325
9211 2837.3417199290047 15229.234256391046
9212 2315.911772650897 15394.136120111114
9217 2846.648676319345 15570.673939485916
9218 1998.5886561052262 15384.758314058812
9226 1686.1733682634756 15381.828980046987
9230 1694.3038830037558 15380.965472650581
9233 2841.650705339539 15080.601036693912
9236 911.3414374826394 15724.83494284543
9238 905.436663918523 15746.921852297095
9239 2616.4139401795364 15398.306301832517
9242 2884.5512797176093 14522.646008832711
9250 2837.0320910784303 15246.909288388519
9251 1938.762223567021 15380.213872196502
9254 2369.6190358887425 15387.672108669438
9255 2847.518443141619 15094.408613979342
9263 2838.7168191857295 15073.697207453106
9276 1837.1596403681735 15386.271922569356
9287 1964.6100253190787 16803.267260559856
9288 2854.0722165191355 15464.38436519431
9292 2886.7767601621267 15399.415755524145
9295 2911.1524524965716 15408.453537653098
9298 2832.8490807602293 15059.889628700686
9301 2331.494141508402 16363.87444366778
9302 1849.5888752456947 15408.80761016498
9306 917.909774395945 15925.724600928155
9308 2878.8036207759424 15420.121136624988
9310 2215.2628109249004 15416.76201320096
9311 1840.4051235426869 16888.681668578396
9317 1876.4636563517809 17360.680323714183
9331 2471.817890253362 16715.49264832645
9336 1842.4131065480658 16868.588276637016
9339 2310.972594431782 16602.823357251476
9344 1976.0950074045645 15384.173409876243
9345 2835.5910768232375 15109.910811900741
9346 2193.6132773660825 15437.663484289567
9348 1849.5067107375123 15416.618840567851
9349 1829.7389230787685 15386.136469247323
9351 2655.2597324064923 15952.285101437394
9352 3128.064065333527 16599.306177653434
9354 3132.0205739189 16605.677745693403
9355 2841.024281596452 15120.363720620842
9356 2878.923867829166 15416.925835061287
9357 2835.782952096675 15066.79342307424
9361 2837.678589610828 15210.004193061483
9364 2833.05995276533 15413.93618955138
9365 2910.407545817229 16959.17342646683
9366 2863.819776837823 15419.65134613848
9368 1849.7219045594204 16874.462040963852
9371 2372.012089064476 16367.872500708567
9373 2788.897833202853 15396.611232057014
9376 1669.2799053356885 15384.69806284369
9378 2836.12655191084 15401.74006592356
9380 2572.570694167416 16944.126816311324
9381 2371.6103720788183 15181.69960834318
9382 1892.7707227179135 15396.091525051475
9384 2379.512467186877 16367.966247004673
9385 2362.1187387173745 15387.555774705354
9391 3147.8466863178137 16631.164143557082
9395 2377.119338638413 15387.788442720044
9396 3153.2279701326356 17241.535381261354
9399 1984.8096483660067 17305.087256053153
9403 2901.417511400164 15417.855660165644
9404 1659.8268665690857 15387.726109407951
9405 1853.5525367201726 17373.537737453837
9407 2339.617721470525 15387.206770862917
9410 3600.3833610126208 15156.531484880708
9411 2833.9412897678967 15143.955372441436
9412 1822.318187720602 15386.001015595473
9413 2830.952546060477 15459.06865468541
9414 1472.282070266543 16524.33448132629
9418 2357.0114052515387 16367.685009021667
9421 3139.933626430602 16618.42093868648
9423 3146.629240953625 16623.13116971118
9424 4396.075838829821 15470.321454222747
9426 2832.359980667495 15429.457101540003
9428 2788.5667408182526 16360.907631807042
9430 2349.51101920534 16367.591262626522
9432 1329.8010942337087 15305.057346753689
9433 3369.949138795416 17386.141641388924
9437 1460.0809654926134 16284.436051545686
9439 3135.9771079690245 16612.049354741852
9440 2332.1173622094557 15387.090435935786
9441 2365.559513662844 15820.00422976264
9445 1428.8401278592144 16154.391173237986
9446 2818.659106812515 15735.101431217725
9448 4395.1134895766445 15792.567570528217
9450 2886.295499216099 15420.356030503475
9452 3446.992176253664 16050.481185122615
9453 2563.418896318199 16929.818336405686
9454 3644.179191117271 16957.972349716358
9455 1849.4061056696514 15426.183181451079
9456 2851.4851425864886 17375.794956026682
9457 2569.880624050339 16945.856729935495
9459 3120.1510222898823 16586.562999907736
9460 3077.084341414743 15599.025659090037
9464 1900.251193561689 15396.204787514354
9465 2851.527427143938 15407.92671702329
9466 2831.593276853127 15445.588075322183
9468 3136.952264296897 16865.468573198264
9469 3457.495387666556 16065.897871417284
9470 2893.7865278945187 15420.609568532627
9471 1938.3459699223545 17326.49809039711
9473 2361.2223351422026 15835.207009576245
9474 3177.593411466449 16629.52471295734
9475 3595.1322964512046 15926.111908273264
9476 3359.1113153284223 15537.99190553105
9477 3670.5763832705015 16422.081260548715
9479 3464.6762970406794 16080.320346592422
9480 1651.6048362138224 15391.06463203823
9481 2830.2907946398177 15472.991495053402
9482 2893.925799377423 15417.409638588299
9486 2865.0008845366756 15399.28586214741
9487 2863.921100221937 15416.461016289013
9488 2799.9991912934083 16241.783943364355
9490 2387.0128335091654 16368.059993153292
9492 2830.661981791525 16330.248669809736
9493 2402.013555149984 16368.247485312997
9494 2395.3523289754276 15764.427286135278
9495 2837.06161508793 16368.217103690831
9497 2788.5087633359344 16357.707723840942
9498 2859.5059878114967 15112.184777679426
9499 2886.4252755758193 15417.158245189232
9500 2461.0848416894946 15664.56967480728
9502 3170.9380446600026 16672.41720883352
9504 2871.422469121416 15416.693425213387
9506 2483.906181134977 15627.955171489582
9507 4138.429222917189 16122.784776917917
9508 2829.9152064651353 15052.985827365037
9509 1933.759507255224 15623.659537711072
9510 2403.0449001004495 16719.929018724324
9511 3431.426623885257 16025.602408968714
9512 3047.5736071868546 16492.829366109017
9513 2193.9096620551986 15422.717341523916
9514 2836.637746593762 15269.420276533183
9515 3617.236735857077 15915.81954901875
9516 4453.392041336756 17029.95106211757
9518 2954.328750942644 15989.759394214103
9519 2667.732125234569 15094.174402430168
9520 2802.795557934307 16375.780176087055
9522 2450.6215552927533 16360.990600211955
9523 2364.511736843446 16367.778754736197
9524 2946.7577809107706 16358.215007391289
9525 1267.410694054962 15695.517129929947
9526 2908.909205448367 15418.30168067287
9527 2730.7091199496203 16620.32075457968
9528 2871.311714083242 15419.886241860697
9529 3105.1366297326845 16581.704671284668
9530 2681.290604054114 15955.191742665873
9531 1642.016622807337 15395.727852018781
9532 3116.1944990450143 16580.191408260092
9534 2394.5132231106304 16368.153739592875
9535 2796.068999637061 16360.831031247324
9536 1907.7316070316504 15396.318049108531
9537 2901.271173612788 15421.053895695453
9539 3150.586710554824 16629.50418395406
9540 2844.939437771149 16367.992564101989
9542 2914.001502525743 16344.298023444077
9543 2781.39873853108 15396.428962394853
9544 2837.1603292806503 16371.417138374469
9546 3451.1379087655255 16494.146636653382
9547 3347.811434905728 15428.0176839756
9548 2826.981306395354 15046.081965378076
9549 3611.7258256350287 15973.644308819135
9551 2796.019013629141 16357.631031244851
9552 2923.8926666531815 15419.193726039855
9553 4292.163680846689 16017.408037186002
9554 2319.166862046987 16591.437278734084
9556 1814.8974657680967 15385.865562188323
9557 2679.9852512374405 16358.815935891782
9559 2872.5007886628173 15399.329788836189
9560 1634.193955965339 15401.31134575719
9562 3280.2174656212146 15511.13803646988
9563 1807.4767305783341 15385.730108539548
9564 1834.08945111953 16862.706414394168
9566 3147.1454683678653 15424.130602618798
9568 2815.3882226420433 15805.24887090424
9569 2317.1167443285126 15386.857767642528
9570 3438.6595306519516 16485.244816661063
9571 2947.22124755248 16374.464198030151
9572 3173.41582219607 16645.53348622856
9573 2985.5626518751355 16394.196702534184
9574 2880.0006675772283 15399.373715377302
9575 2731.4788845264843 17198.095595745257
9576 2778.2082184401747 16357.812910152765
9578 3644.5744083506984 16386.3935068547
9579 4919.5951005920015 16370.524350705567
9580 3506.8805517093356 16029.686354990596
9581 3214.5945737574043 16622.482412971443
9582 2873.9265351138815 15415.75093777466
9583 3310.236760154282 17288.365051936533
9584 3471.0490611821506 16091.084189303698
9585 2581.316527795701 16361.95545422819
9586 3872.1960200943695 15627.434484059717
9587 3124.1075263916327 16592.934560727273
9588 4096.948082134675 15646.350515775128
9590 2215.311682082552 15413.562012122817
9591 3075.071618253063 16474.72257197484
9592 2193.7572722121345 15430.19030498186
9593 3690.5265283100384 14983.673447527199
9594 2547.917547239098 16967.623116066745
9595 1520.8523925627173 17025.61413915771
9596 2193.3405597318656 15453.017487095969
9597 3843.6222402292956 15210.75136685916
9598 3361.1502737199926 15463.16699421913
9599 3658.872225159515 15892.01285866194
9601 1818.122421895102 16871.145485489906
9602 4145.462894766632 15040.07549841041
9603 4508.178158910813 15911.298254047926
9604 1027.043909630271 16585.4009481171
9606 4133.5591346737965 16953.318393510355
9607 2215.4600040874247 15403.962012080658
9608 4135.517104138567 15734.771761876773
9609 1409.6603519557996 16549.410317012775
9610 2611.994307769497 17026.858671128695
9611 2887.5005818043383 15399.417642125241
9612 3827.287577098153 16286.051947756394
9613 2501.571341271481 16996.198345012148
9614 2566.081997641886 16371.542156971958
9615 3085.0345215709817 17456.515434724315
9616 3738.7968407613685 15267.970780537107
9617 3915.114257616123 15703.567990536092
9618 1964.369764576311 17280.82031174804
9619 3808.633846226205 15213.034246479127
9620 2222.9530243043328 15403.977088580088
9621 2829.5533541346613 15488.506786919274
9622 3477.028785380733 15390.677078084374
9623 1360.1482544906596 16577.612194024037
9624 1854.6579509937794 16855.001469158862
9625 2064.965000352774 16352.55837005835
9626 2908.7606429380767 15421.49850921246
9627 2853.823048504323 15335.713394384858
9628 3485.9883723058665 16116.317257966015
9629 2974.597133645003 15986.359020443655
9631 3490.514699603859 15406.503843906425
9632 3651.9413997293705 16398.38581002646
9633 3658.701600258598 16409.171680198524
9634 852.0629672308768 15761.51449677507
9635 4213.192121853044 16070.929176258469
9636 2010.0681451687221 15409.924368930317
9637 2781.7799068530962 16860.386345157134
9638 2773.899678800592 15396.24669358196
9639 3289.7187722975655 16885.97391958164
9640 4234.557838080596 15900.671533555693
9641 3687.3426808225163 15299.686018067096
9642 4116.3336142690005 16954.556235279724
9643 2804.371591582432 15936.234601109323
9644 2350.033108068311 17070.99885818947
9645 2647.7471103625912 17096.378432697726
9646 3672.4531425862438 16431.112205419686
9647 1850.7766403150656 17203.85999055952
9648 2193.4795583185746 15445.191866664245
9649 2646.588760132413 17378.31725784083
9650 2845.2075213848448 15603.500286570055
9651 1418.9478871215497 16063.755475151236
9653 1432.847737591538 16283.779601260412
9654 4445.139875916347 14879.057207818529
9655 1297.8478140487373 15711.709387438208
9656 1855.4264085852453 16085.348951162847
9657 1477.5211431542018 17641.68458572085
9658 4171.451437430235 17057.802382066395
9659 3559.685634294588 16241.236705174782
9660 959.139614934275 15833.558816164348
9661 2916.40098421887 15418.747706224067
9662 2830.6767416574585 16195.956029613111
9663 3093.7146844527683 16464.247909895
9664 4438.822094373179 16923.34674490364
9665 3358.787448140594 14467.751194656998
9666 3111.8846957338087 15807.897622082477
9667 3324.4033347272766 15831.227346995385
9668 4528.405910141996 15520.59920087824
9669 3767.065794664201 15452.05923634829
9670 4262.805169753464 15551.80337977607
9671 3130.1011161200718 15844.612249770826
9672 2937.6557308617125 16977.634681252748
9673 4084.8507726285666 15666.675136626493
9674 907.2810073982292 15895.921570581855
9675 3410.5446250729838 15407.262150691613
9676 4149.6019955481315 16501.977929291937
9677 4378.887728434284 15426.295598872619
9678 2948.5790049638817 17197.99176534044
9679 2900.57050654295 16575.648666499364
9680 3552.8925246789768 16013.73409886765
9681 3155.7822539343624 14965.195286106793
9682 2039.7973256743599 15684.374340946559
9683 3178.1273455370897 16321.038957778943
9684 2638.130965184414 16033.907031705454
9685 3156.402409500901 15351.257546718558
9686 4370.6101701902035 15361.753084635018
9687 3239.490848817357 15095.081647030222
9688 3091.524094409858 15481.34519422418
9689 3142.9210789206295 15863.24845751017
9690 1896.3510115323836 16081.754873152036
9691 2408.199612993087 17510.525643141114
9692 2664.3653049672635 15575.365422452305
9693 3192.065104828425 15272.766830785098
9695 1814.7701061406408 16429.52390871214
