1209 2809.8917343491435 15400.3234081458
1357 2772.40329266301 15399.412068468122
1364 3634.929234136934 16364.43257674795
1370 2817.3894044309477 15400.505675637547
1378 3627.395764013415 16351.45928293087
1426 2749.910243002957 15398.86526503471
1427 3250.554267392832 17176.41060042069
1460 3613.443211786211 15173.638968102237
1474 2802.394071631483 15400.141140833071
1480 2764.905601538919 15399.229800464838
1490 3808.145272445778 15215.111022882305
1491 3772.4433720927914 15234.31271684915
1492 3644.1653127845684 16599.489250462164
1498 2727.417173936609 15398.318461129536
1511 1025.716037119419 16708.52651039313
1519 5065.846516827643 16207.690325537505
1528 4330.412781477932 16830.249967456937
1539 2787.3987112255686 15399.776605357487
1544 1321.9633908807937 15279.46127797094
1547 2757.4079385430136 15399.047533145347
1559 904.6312018514296 16851.03116055829
1567 1869.9900057866994 16355.43053013883
1568 2831.7702384838676 15441.864912123528
1578 2779.9010438392424 15399.594337931267
1582 3415.2047434890515 17504.90432992786
1587 2215.4599832051945 15403.96201203864
1588 2794.896382525953 15399.958872878859
1592 2831.4141183213205 15449.357459959729
1597 2832.4824745642036 15426.879905758198
1599 3448.525560701927 16046.900573741917
1601 3446.071039383113 15399.626726656506
1605 2829.292409302942 15426.729872524284
1610 2215.4105859393167 15407.162012060677
1622 4529.240781120074 15718.518058584006
1624 3143.889987634741 16624.79226938346
1636 2660.5961563390797 15396.607702857624
1638 3170.1031154496836 16647.387875761877
1643 4329.237313774878 17323.90504143401
1645 2712.42177333425 15397.95392467678
1648 3914.155004878826 16794.788326490656
1651 2838.657021944545 15416.933150383677
1654 2818.4493620590533 15413.370567067286
1656 2668.094446894307 15396.806639877625
1658 2690.589331267831 15397.403451274778
1659 2734.9148820551345 15398.500729545953
1661 2817.5491221194984 15394.105675272733
1667 2826.0924079889414 15426.569966973922
1669 2829.633522049033 15486.820103612534
1675 1888.5463340746933 16355.871316187686
1677 1419.9725951611047 16039.869313566393
1678 2852.453522784454 15387.203667066002
1680 1318.2855422074088 17617.425064022635
1682 3596.1497912724262 14831.61343058574
1683 2822.8924752061143 15426.419892252794
1686 2653.0978119110164 15396.408764408325
1691 2863.8198152042974 15419.651347341389
1693 3570.642042103179 15883.45945781129
1704 3150.586683564475 16629.50414048945
1705 3662.1810911798875 16414.723192639558
1708 2719.9195098968744 15398.13619378467
1711 3773.762843594521 15125.079497426865
1712 3500.402711687444 16447.464198399022
1715 4055.8130847599564 16919.549223382066
1720 2828.9357907682856 15434.222367833174
1721 3970.241434790043 16416.934611023255
1727 2532.9960044069812 15415.8975339459
1729 2837.061659720565 16368.21710241868
1730 2832.126356874391 15434.372401569599
1732 2742.4125595980386 15398.682997219079
1735 890.6217427599825 16602.064887399727
1737 1649.443033971912 15665.348417824287
1739 2297.3569044539486 15760.370892551198
1740 2918.268263765309 15399.598801982498
1744 1862.4910641965826 16355.252400673624
1746 1029.3992110893264 16706.8577776069
1747 2408.5050619387584 15388.193326145478
1749 2683.0910526921502 15397.204514572606
1751 1108.157328222919 15684.759251651954
1757 2187.359506151653 15430.120005573723
1761 4413.427694447156 15754.099884113111
1762 2160.3109307926525 16363.5284231945
1763 2877.6405249937634 15399.361301142348
1767 1844.6276752134552 17059.684242953947
1770 2572.5694446154926 16944.124862685505
1772 2863.921098828692 15416.461016245847
1774 2597.3054284771556 16990.046156549663
1776 3728.818523980181 15254.142977057745
1777 2392.4330387099567 16768.43572582713
1781 2848.6633789667035 15400.922317990846
1786 2828.579170352879 15441.7149026563
1788 3002.9527795520876 16394.160317513397
1789 3143.4712788002694 15406.601225005908
1790 3431.7810616214397 17492.292719298806
1791 2830.701878872597 15464.342537193847
1793 4625.476292632247 15918.347393279013
1796 2862.0090251654105 15395.833890795746
1798 3147.846723747274 16631.16420383355
1800 3598.5657912161 15930.549439513092
1802 2544.0814864457943 15396.648721427424
1803 2873.36003414505 16355.78684995885
1804 2829.9896435439155 15479.327527744825
1805 1065.6398298251806 15394.186897334863
1806 2826.5815707236493 15483.684134192314
1807 2009.5599272374402 15402.738429489353
1808 1435.9599917670444 16070.085308353517
1809 1877.6709074807034 16355.6129818748
1810 2561.1165254635716 16938.099363062265
1811 2566.7691601371407 16977.183670225557
1813 4169.985565623319 16076.544136452047
1814 2105.4595947586113 16362.368873557387
1815 2549.984569029865 15387.268558436917
1818 1803.1039241990045 16789.34563006671
1819 2187.5187486750037 15422.594321877603
1820 2202.056977565159 16364.410928834033
1821 2831.057999752706 15456.84997426058
1822 3981.115044000385 15714.693923842959
1823 1599.5990475200601 17007.859197802223
1825 2849.3766539002077 15382.494287249549
1826 2588.32961957336 15388.285890324862
1828 2507.3130365514944 15503.607380255527
1829 2871.4224470476097 15416.69342452949
1834 2623.1044258636102 15395.613010389985
1836 1009.6809512544046 15649.618682939008
1837 2830.345761083841 15471.835035086951
1838 2466.9620543844608 15388.864396411574
1839 2104.6968826191587 16719.918208491068
1840 2675.5927434900177 15397.005577057886
1841 1681.8509580649668 15400.366053530443
1843 2852.76391754759 15375.533706611206
1844 1403.8339122954096 15657.865529962512
1845 1041.7341707179992 16636.735587106567
1847 3654.108746971311 16401.84380300585
1848 4249.2634408259255 17128.635221310982
1849 2508.22669085422 16370.107155349617
1850 2339.3105004928334 15949.2217726559
1852 1816.1048421038017 16348.513855012114
1855 2806.7608752413685 16074.582471241854
1856 2855.755873179184 15383.44558326793
1859 1159.2454964861706 15693.157854108485
1860 2031.5841788874877 16351.205490950506
1862 1575.3143855593719 16551.931944134172
1863 1716.739594871643 17173.799564438235
1864 3014.3422923097487 16714.82082182025
1867 3732.3209167515483 16520.605376752304
1869 3200.621783763528 16191.494270231928
1870 2825.570552016215 16660.03574648117
1871 2849.777586096417 15367.420376763626
1872 2336.8379291070905 16370.885396143221
1873 3265.069044357555 16157.189948398038
1874 3217.5617539405275 15321.356420973869
1876 2578.698099558726 16371.85507773452
1878 2645.5994698784207 15396.20982602258
1879 3040.437442146106 15643.184867685803
1881 2856.0956272371313 15370.67179681439
1882 2212.6154747282694 15188.930363230293
1883 1602.0438692286962 15433.372697586787
1884 2452.2113820010886 15404.799730309827
1885 2955.3257851476874 16275.09769605078
1886 2278.489661874576 16356.571373089526
1887 3658.129477238194 16408.25886043913
1888 2913.69332286089 16775.071300587453
1889 3622.267767647581 16349.008607150385
1890 2912.05821958289 16961.848821635216
1891 2425.7546290829087 15415.0663828091
1892 1703.3952416423276 15390.92458053086
1894 3204.7657321563524 15548.440416695852
1895 2801.7910165794938 16357.078339228776
1897 3429.676978402931 16283.017031845862
1899 3666.7622711526224 16422.03244511027
1900 2041.4388403528696 15384.72862913727
1901 1413.0176347894358 16254.28579210747
1902 3449.7120728685936 16069.483407407914
1903 2811.579462902106 16370.85737773827
1904 3045.9261311050946 16490.16024762687
1906 2507.4072219947525 16358.209554276676
1907 3965.466067797595 16189.434957232115
1908 3381.3636173611676 17325.81663316189
1909 4190.294080509033 17083.16226576377
1910 2525.330386829742 15392.942126984526
1911 3917.2528702088107 15707.362093098864
1912 2078.6515665039447 16352.919209225478
1913 3641.945224781679 16370.832271073488
1914 2638.1011238104256 15396.01088752977
1915 1391.4006608732725 16170.293348805264
1916 1713.7378088511982 15397.389891828974
1917 1996.808739058706 15409.421511043874
1918 1858.1161598551423 15966.030596473913
1919 3134.998590740833 16664.94620218407
1920 3091.2022275170016 15451.959116868327
1921 2797.06352438592 17317.206947450693
1922 3241.107572263341 15344.243270785475
1924 4115.2644379586045 16963.367807474744
1925 3233.6119145450994 16404.569234507828
1926 2323.055096909368 16544.806431408346
1927 2814.918875163123 16360.492390753107
1929 1407.8519325074499 15569.284730368734
1930 3650.1237825051867 16395.485809750164
1931 2578.304614529727 16958.568172397732
1932 3830.560358615591 16695.526602760237
1933 3159.443594736324 16674.453113872343
1934 3084.887243360759 16548.22268022299
1935 1998.9021711333448 15384.758096867938
1936 1492.850871348941 15573.095224819777
1937 1943.5115052989377 15380.71758389534
1938 1849.589469880876 15408.751079279422
1939 2865.000905959987 15399.285862272885
1940 2992.9685273584205 15399.234585777765
1941 3623.629002077588 16344.972589742838
1942 3266.8723114861064 16850.959326842236
1943 2855.5459272122257 15412.172295273722
1945 4029.399094170774 15572.2332338724
1946 2580.567038050982 16361.94992112943
1947 2101.6856587757943 15408.380946827281
1948 3617.937883759046 17406.84875793663
1949 4275.146073449824 16036.056843413506
1951 3631.1625057354822 16357.94594130904
1952 4120.055245485654 16969.15260643081
1953 3635.8956625469905 14895.65302425251
1954 1848.3318112384673 16342.081704712946
1955 2630.602751193417 15395.81194833259
1956 3420.043975211212 14557.281746681803
1957 893.3557411014629 15874.087098748554
1958 3385.2938544976337 17004.426099821667
1959 3146.629252604796 16623.131188473948
1960 2257.0864070425955 17349.381759352655
1961 1402.0166567201466 15643.969309026474
1962 1308.9529106621933 15677.406307456662
1963 2313.0885868811474 15390.904559063129
1964 1540.98373200557 15503.349384583638
1965 2881.4046956276484 15417.002696568557
1966 2349.8900416168312 15877.71917420222
1967 4065.5694562389735 15091.798799784856
1968 3181.5764205217683 16211.637540614636
1969 4063.161779441909 16926.994102058172
1970 3449.409310581634 15689.697282182598
1971 3452.250961538415 15627.13289879478
1972 2596.7447006660864 17002.37049649258
1973 4191.008999757624 15872.79671939692
1974 2411.693615616854 16727.754731705692
1975 3251.0119715139 16380.021400541207
1976 3696.0711561208423 15304.486309899808
1977 3538.4482500206873 14738.643056905374
1978 1766.1725595238627 16301.776649919024
1979 3664.899750720635 15311.875028040859
1980 2648.0264124103255 15530.750272667936
1981 891.2969842094654 15745.71102628504
1982 3710.7957517206637 15016.327703579222
1983 2767.422410398899 16357.92305183744
1984 3169.1960708887186 17420.635899772213
1985 2358.194274743053 15847.903563497603
1986 3939.4365740320122 15746.109823068466
1987 4280.615409034989 15819.191260401742
1988 967.4598919391024 17362.85110987965
1989 1474.313343564131 16610.015894711716
1990 2387.081468757694 15780.532411196262
1991 3825.515479118374 15208.170294829128
1992 3819.6299626967407 17645.819797657026
1993 2963.0912213479332 15846.819461564555
1994 4344.032401852229 15219.598949006451
1995 3760.237640996547 16571.37699888657
1996 3844.676911949955 15205.601437935129
1997 5062.838002661428 16206.309554998834
1998 1835.1726397945984 17376.834271059124
1999 3172.3975188776867 14990.999966308087
2000 2283.1366104034587 17393.430791204635
2001 2835.547892428294 15848.894003490228
2002 1646.4689228414827 16960.212412269775
2003 3277.916700044038 15407.198992749558
2004 3093.425251350706 16669.474006754135
2005 3347.6077301691653 14445.021270334888
2006 3003.0000509114248 16035.235158118987
2007 2473.9663219894983 16710.412711670037
2008 1715.1242980595623 15641.715455405378
2009 3098.065384736364 16186.717409841434
2010 3252.8700833999833 17295.0648434683
2011 2446.5875489662935 15685.733691312407
2012 4001.824136235918 16889.05531019419
2014 2998.3486861471247 16751.237838962807
2015 2595.5717805245645 16651.420473697715
2016 2348.593651758621 17549.161641145398
2017 1028.2293512080407 15682.457129563849
2018 4322.987084458333 16441.899924439447
2019 1018.4451947198447 16255.031370394976
2020 3046.9918502900837 15304.831137049647
2021 1325.4678275049087 15227.335577701378
2022 4129.5470113764795 16461.834552027252
2023 3301.383997217525 15798.57968067026
2024 3291.8867390880064 15180.901400269579
2025 4610.090362557397 16622.39820451144
2026 3034.8481493990735 15384.607242459491
2027 927.5076386844311 17065.857910113667
2028 4094.465317359234 16041.251243451838
2029 2335.99510807977 15838.153283507689
2030 2373.257159787972 15127.46013831157
2031 1809.6110638732466 16328.167729374021
2032 3760.4977172685026 15102.525072854407
2033 1153.6064985348498 15652.059400609653
2034 3393.4132929474686 15428.24908158799
2035 1905.094307461995 15378.39416693386
2036 2381.9042411531755 15756.420167862016
2037 1142.4574845107034 14966.411113492835
2038 2939.5130383481905 17205.78601067934
