1209 2809.8917343491435 15400.3234081458
1357 2772.40329266301 15399.412068468122
1364 3634.929234136934 16364.43257674795
1370 2817.3894044309477 15400.505675637547
1378 3627.395764013415 16351.45928293087
1426 2749.910243002957 15398.86526503471
1427 3219.0862868198155 17124.003797079942
1460 3619.2162663260815 15183.964082073957
1474 2802.394071631483 15400.141140833071
1480 2764.905601538919 15399.229800464838
1490 3853.500198288705 15211.681034969077
1491 3828.6751555932856 15204.058157578038
1492 3549.0082492853717 16649.451037903447
1498 2727.417173936609 15398.318461129536
1511 1037.6274285819723 16663.033924463914
1519 4985.966786688069 16320.420590600008
1528 4319.94487813943 16779.726251998112
1539 2787.3987112255686 15399.776605357487
1544 1295.761823550966 15278.765482789762
1547 2757.4079385430136 15399.047533145347
1559 816.694018002764 16907.424179727102
1567 1869.9900057866994 16355.43053013883
1568 2831.7702384838676 15441.864912123528
1578 2779.9010438392424 15399.594337931267
1582 3382.5532322209788 17519.56862170169
1587 2209.725661675921 15388.505349278046
1588 2794.896382525953 15399.958872878859
1592 2831.4141183213205 15449.357459959729
1597 2832.4824745642036 15426.879905758198
1599 3470.8646516431622 16084.496045536134
1605 2829.292409302942 15426.729872524284
1610 2196.3525874501725 15390.557058074139
1624 3143.8902071133775 16624.792622832225
1636 2660.5961563390797 15396.607702857624
1638 3170.0982004908565 16647.39062706131
1643 4296.061456423496 17267.145047264887
1645 2712.42177333425 15397.95392467678
1648 4002.485719968314 16885.564937056584
1651 2779.6734241339577 15412.83731441104
1654 2729.394682718388 15418.625398459535
1656 2668.094446894307 15396.806639877625
1658 2690.589331267831 15397.403451274778
1659 2734.9148820551345 15398.500729545953
1661 2817.5491221194984 15394.105675272733
1667 2826.0924079889414 15426.569966973922
1669 2829.633522049033 15486.820103612534
1675 1884.9881318467878 16355.786794838596
1677 1414.1044714923676 16003.370165571661
1678 2852.9418083985565 15434.665802622216
1680 1196.0048335342624 17544.932242906005
1682 3636.0734274420297 14895.939443729085
1683 2822.8924752061143 15426.419892252794
1686 2653.0978119110164 15396.408764408325
1691 2863.8198152042974 15419.651347341389
1693 3521.165599388302 15803.132396112185
1704 3150.586683564475 16629.50414048945
1705 3662.075390334443 16414.554547406166
1708 2719.9195098968744 15398.13619378467
1711 3742.8171126371353 15073.896156119135
1712 3604.7002534178027 16391.066534923164
1715 4101.906728448855 16947.296908269847
1720 2828.9357907682856 15434.222367833174
1721 4053.0123695635507 16369.230873567296
1727 2508.6378873585954 15451.875268365242
1729 2837.061659720565 16368.21710241868
1730 2832.126356874391 15434.372401569599
1732 2742.4125595980386 15398.682997219079
1735 951.0551427166826 16574.087361603888
1737 1718.224683144981 15640.599897030768
1739 2223.511048629968 15653.822847511006
1740 3018.875510851465 15399.428116331386
1744 1862.4910641965826 16355.252400673624
1747 2536.7009977971 15393.320642500159
1749 2683.0910526921502 15397.204514572606
1751 978.1982729464742 15709.721115538418
1757 2187.359506151653 15430.120005573723
1762 2030.7602679754407 16360.789740148304
1763 2933.16849364284 15399.696863842202
1767 1852.5049846252166 17149.129133046878
1770 2572.5706925461686 16944.126813776566
1772 2863.921098828692 15416.461016245847
1774 2629.8712780008946 17052.372963370795
1776 3807.7236234997545 15208.077211872871
1781 2819.33387249254 15413.446744999357
1786 2828.579170352879 15441.7149026563
1788 3044.664642244209 16464.122723913977
1789 3273.4320160167345 15407.164781339781
1790 3394.7589931202438 17515.826473971032
1791 2830.701878872597 15464.342537193847
1793 4648.725363729419 15967.092024758344
1796 2915.516152481008 15399.582930521805
1798 3147.846723747274 16631.16420383355
1800 3648.5997757288133 15897.886526220553
1802 2701.3987139103024 15400.309118310506
1803 2967.8328798113184 16367.681634257362
1804 2829.9896435439155 15479.327527744825
1805 1020.2973498701149 15403.009374079758
1806 2828.2142086780864 15449.382685933293
1807 1906.9995294797056 15402.707549490344
1808 1433.3181496831753 16121.699361853971
1809 1877.4890164124351 16355.608661243903
1810 2569.8761476227937 16945.84973140813
1811 2494.2885694182137 17017.25732474914
1813 4266.391623323938 16024.563873124804
1814 1971.1877977891663 16357.83437718214
1815 2651.1765359119076 15389.953280800135
1818 1778.4678909734534 16775.95338071727
1819 2187.5187486750037 15422.594321877603
1820 2091.0055128150184 16362.063316269554
1821 2831.057999752706 15456.84997426058
1822 3874.0458348512648 15776.261466661635
1823 1636.9689596156284 16965.204204456895
1825 2846.433746897408 15415.256723888491
1826 2682.8984855500385 15390.794895309888
1828 2488.3227548062796 15609.739300482397
1829 2871.4224470476097 15416.69342452949
1834 2623.1044258636102 15395.613010389985
1836 979.0360559620794 15609.650309748877
1837 2830.345761083841 15471.835035086951
1838 2582.1812290857047 15394.527277747868
1839 1973.138954261485 16794.5932541522
1840 2675.5927434900177 15397.005577057886
1841 1575.8096979401087 15480.895948980737
1843 2851.604369930518 15406.653375980772
1844 1327.5051535841617 15691.007666178994
1845 1051.4691050527963 16576.15165342006
1847 3654.1074188651933 16401.84168401839
1848 4240.786267028804 17131.898869292454
1849 2393.1212546921433 16368.136341552217
1850 2334.832467862708 15835.383158603836
1852 1816.1048421038017 16348.513855012114
1855 2810.3916869281074 15949.276462117477
1856 2884.303240076493 15399.401012689197
1859 1037.440768400168 15698.0909523489
1860 2172.6887230351676 16354.637795986046
1862 1637.779822262281 16518.25968054915
1863 1790.4309598161985 17285.39354430212
1864 3147.6213499486244 16642.303927217017
1867 3804.5244917878426 16636.571022389748
1869 3314.3125958262876 16130.97833564279
1870 2818.2430900091704 16518.31541074472
1871 2848.913115618584 15395.365677486509
1872 2336.2027505179744 16439.248152804088
1873 3385.442737167255 16093.577526255363
1874 3188.9381541593752 15273.771075447788
1876 2470.892843833524 16369.181153328063
1878 2645.5994698784207 15396.20982602258
1879 3066.2360521273204 15710.889870079289
1881 2860.1637804130296 15395.566091563005
1882 2266.8171429196645 15170.6545260518
1883 1714.9457018723604 15380.843159006465
1884 2304.066843272413 15403.169791368187
1885 2955.6826991273333 16242.872983730507
1886 2319.680896288774 16357.324168183795
1887 3658.091165771019 16408.19773466198
1888 3036.1659671185007 16709.68879826149
1889 3582.2318951856582 16280.063336490835
1890 2951.746713133618 17027.593085305096
1891 2301.6651979761514 15413.74887256216
1892 1595.0974712668915 15449.895025255268
1894 3287.2430093028192 15503.755991599293
1895 2849.411759899587 16353.309469945105
1899 3666.0666244456156 16420.92254385291
1900 2150.829875591277 15385.65408817722
1901 1419.675015626962 16121.538633805421
1902 3391.838101124473 16100.165728898955
1903 2723.609025964497 16371.539078579783
1904 2987.429664011718 16397.162351277544
1906 2616.293852434632 16359.013446039187
1907 3952.588812605773 16156.315322103546
1908 3469.0580222324193 17290.816281347783
1909 4218.881126788474 17131.63094391651
1910 2610.484557915079 15395.278192886717
1911 3871.3575347607566 15625.951464865992
1912 2240.6988818610666 16355.880723386808
1913 3764.5918890640464 16302.41675796419
1914 2638.1011238104256 15396.01088752977
1915 1408.6161136988042 16160.983168672636
1916 1599.6245364620097 15454.428471604717
1917 1963.2344162480244 15406.078383178541
1918 1855.103278534625 16100.88614373197
1919 3060.5077397550294 16705.126657676272
1920 3075.424614847661 15422.743761429187
1921 2738.2104325314904 17226.174908168858
1922 3288.030689750759 15315.232977924361
1924 4115.2644379586045 16963.367807474744
1925 3261.7448705389156 16452.497098452044
1926 2324.362582109817 16444.64907273271
1927 2883.9289245224713 16358.669597221055
1929 1374.6145657656766 15461.641108834325
1930 3650.1237061768347 16395.485687968616
1931 2638.2806048121492 16925.791392195
1932 3830.560358615591 16695.526602760237
1933 3155.1732746627877 16667.516537718286
1934 3010.50237529415 16427.800679957116
1935 2124.416695942253 15385.107640267233
1936 1449.3527621308924 15641.901435328447
1937 2079.3072202522685 15384.70239541375
1938 1849.589469880876 15408.751079279422
1939 2865.000905959987 15399.285862272885
1940 3090.020753042014 15401.000463088074
1941 3623.629002077588 16344.972589742838
1942 3192.4855382454707 16728.125427301402
1943 2712.8269017135053 15409.241530830554
1945 3959.004356789003 15449.459855106676
1946 2638.3316371858295 16364.783935523501
1947 2002.169175538457 15406.421316866878
1948 3538.3697063168797 17447.847221736032
1949 4221.346363927983 16066.45015410239
1951 3631.1625057354822 16357.94594130904
1952 4120.048577710278 16969.144555232797
1953 3669.277910788083 14949.439381035958
1954 1947.6507872312038 16347.676280812815
1955 2630.602751193417 15395.81194833259
1956 3450.96032054387 14603.800916891307
1957 855.1286045871299 15791.188828764401
1959 3146.629252604796 16623.131188473948
1960 2233.0787685724613 17307.313011612394
1961 1495.3450609753545 15552.152943892455
1962 1433.1719690512152 15615.054718883786
1963 2439.412625124491 15392.295535954821
1964 1648.5010172795312 15396.128947612046
1965 2878.923851721766 15416.925834562244
1966 2346.1871783725583 15979.896301090555
1967 3943.891137238125 15155.790556592645
1968 3056.6714163486517 16278.076705927147
1969 3973.0592210046348 16866.792828286645
1970 3404.101253777854 15620.286573542146
1971 3504.018219593334 15598.286759043496
1972 2585.4356118892842 16984.21009805977
1973 4114.110365725671 15909.760529707526
1974 2378.3300630950666 16674.1973454164
1975 3159.7828935494254 16430.795962768734
1976 3669.7773601673216 15309.225986160367
1977 3572.305794528565 14793.1953556033
1978 1819.931765724588 16333.352420679335
1979 3545.1566476796093 15376.957965126101
1980 2645.0763305787864 15634.052371167461
1981 848.4756074444547 15760.034776620538
1982 3743.2411393849343 15068.520126814596
1983 2812.375464301955 16356.04871349736
1984 3026.859936364159 17480.110333032175
1985 2355.1449626481576 15909.270640905004
1986 3933.8088804949507 15736.462752270412
1987 4212.696969995552 15855.459390401818
1988 1019.0859375283543 17403.80571896667
1989 1457.7644786172502 16636.159849839947
1990 2352.6755760485653 15844.644218196683
1991 3825.5446409077726 15208.057813641448
1992 3780.144563476788 17642.839619149418
1993 2964.066535572543 15780.469561555445
1994 4377.0239212163615 15263.929403535902
1995 3691.5711784232185 16461.61494740063
1996 3878.978993655476 15256.591280125822
1997 5027.357371390207 16085.383140906759
1998 1848.5780571887353 17362.96690915574
1999 3146.4250665173067 14961.558207370019
2000 2247.0583014392314 17331.499498932695
2001 2832.528448262529 15988.150346304483
2002 1733.753535035828 16914.348377341543
2003 3342.2433902923535 15407.689708872767
2004 3136.051112259642 16639.202166523344
2005 3389.4150860548143 14509.055476036165
2006 3034.478468932325 16084.852715245737
2007 2552.492573321851 16662.05306010859
2008 1756.3504682039845 15628.145058537748
2009 3124.612285630706 16228.41519090629
2010 3339.1374911060716 17258.778027406257
2011 2398.865570431408 15754.03889658821
2012 3917.366592978401 16803.86798183804
2014 3013.0382275851152 16770.292123271356
2015 2509.688983221991 16692.173909468995
2016 2321.179743487253 17501.274386761474
2017 1084.2374873897943 15673.720472444325
2018 4264.239810054592 16471.5668980092
2019 1036.6996221221464 16349.898693924313
2020 3014.945624285234 15333.108609125264
2021 1337.9570852149686 15277.714686217707
2022 4158.626846120821 16510.944984986712
2023 3243.0958701530703 15701.23265670706
2024 3273.3912286070754 15146.869752595763
2025 4553.3475669510235 16518.809733347276
2026 3035.105484493458 15390.398381805759
2027 887.6981926441939 17112.583189260626
2028 4054.6666425539825 15967.462320899247
2029 2311.828867692169 15781.472304401768
2030 2378.831290808455 15175.12878931443
2031 1764.319785929279 16304.51066525272
2032 3729.2783219580692 15052.121483225581
2033 1155.1138216936492 15626.88671939243
2034 3338.217460578201 15427.969001249763
2035 1955.8231142242503 15382.023360599542
2036 2343.4378999451533 15754.23041083659
2037 1108.9795151256976 14985.937873086226
2038 2915.658641011982 17221.92918705847
2039 1298.9877047688774 15770.867656365572
2040 2712.1156594792496 15810.6919447927
2041 2058.5025048732878 17961.011930429933
2042 4008.2865782161766 15299.4081893694
2043 4098.505337082801 15698.028132824049
2044 2284.1035773312415 15744.764808853784
2045 4629.9848033669105 15677.211263971298
