1002 1753.8898086688093 16911.155436637775
1005 2822.5363549353096 15433.912442366676
1007 2849.436050633243 15380.261138988059
1008 2855.8360495697025 15380.43117897418
1010 2802.3940416574223 15400.141140104406
1012 2381.1139784468232 16367.986264095325
1017 1509.0871959782423 16794.549843835208
1019 2337.496454489269 16122.600200583058
1021 2787.3986208841816 15399.7766031613
1022 1503.425970428908 15851.523416426518
1024 1840.5391167257512 16808.306033498164
1025 2852.8354874332626 15372.842882426185
1026 2389.446247477822 17549.748422987763
1027 1891.6207477232115 15863.05320894991
1029 2330.7219155462303 15407.663524385607
1030 2568.1363674792224 15394.154653761942
1031 1393.0925382413723 15522.357105077353
1033 3177.734452515972 17410.11464246635
1034 2810.2344199504173 15958.108575584572
1035 2809.8917362039156 15400.323408190889
1036 2541.107411056146 15393.437548975866
1037 2855.636614654518 15387.929364671609
1038 2214.5532779992645 16364.675098892256
1041 3122.1894525633147 16233.323318575818
1042 3143.8615431071935 16624.746462268748
1044 2647.6630942820157 15546.325934545115
1045 3212.886691644681 15406.703855671522
1046 2794.8962851767083 15399.95887051231
1047 3471.046748782534 16467.17401398615
1048 3597.796680958258 15934.532109961849
1049 3584.2252159968516 16421.522386170607
1050 1408.6346975992553 16284.318687672992
1052 2160.4919982941624 15385.853982579452
1053 4196.73213656885 17144.42653330532
1054 2849.8349219516017 15365.264711649019
1056 2849.6354866932566 15372.762910248326
1059 2062.114720373136 17263.402072895256
1061 2564.500583659085 16949.32664877289
1062 3826.5340709006623 15214.021881952593
1063 2177.7756640182083 16363.897625232923
1064 2672.264893296026 15399.622528308186
1065 2604.976208069995 17013.758288958827
1066 4365.922729185556 15737.892686828958
1067 3022.889906591433 16415.095398883383
1068 3339.6050413182093 16584.954198793203
1069 2648.3589942966214 15516.492291566026
1070 2850.0343568809403 15357.76652541944
1071 2999.7323168917337 15974.891268929443
1072 3976.833526740294 16865.70041517422
1073 1008.6102476860874 16201.514809830578
1075 2832.1263593166655 15434.372350185655
1077 2832.9713283457495 15739.325591804854
1079 2287.8615393733994 16366.224825371499
1080 2183.1891305489603 17214.597081158918
1081 3153.3566659690337 15578.702951579447
1082 3591.0306640253425 16295.215585257234
1083 2817.549110243624 15394.10567498411
1084 2333.000033727095 16356.940707532156
1085 3937.2978319224217 15360.64795013432
1086 2910.5962745485635 15399.552912828736
1087 2600.563558173283 16372.29716105602
1088 3068.253062197089 16144.851697146003
1089 3537.3057167542124 14742.874819612924
1090 3170.0981467444417 16647.39065714752
1091 2853.234359007591 15357.8464454634
1092 2788.4012627250877 15085.862423025254
1093 2322.5985122494417 16574.036074551645
1094 3815.1499071715702 16653.66457043745
1095 4287.195153583563 16012.850909145083
1096 2832.4824765571966 15426.879863826865
1097 3613.46520842626 16405.52306809003
1098 3194.835019890914 15621.745292284846
1099 3254.3428936940954 15407.019106058733
1101 2739.429332152473 16884.515528503256
1102 1304.5794076399623 16620.551448763497
1103 1896.7526579470205 15396.151815880823
1104 2853.0349227045167 15365.344683341556
1105 1893.3337779035928 15402.504886051502
1106 3562.4659289644 15999.979573472143
1107 2363.8528474670456 16367.770519359583
1108 3772.4400550264454 16314.863602182386
1109 3066.5180829903547 16483.200507067537
1111 1443.6615205883083 16284.04026484972
1112 3336.1393885305165 15857.409980560198
1113 2515.568323778503 15392.041775308138
1114 3171.3867358023035 15407.610070349088
1115 2853.436001034488 15350.265278641735
1116 1522.098731497831 16843.362238980266
1117 1075.3638261501023 15677.890337537427
1118 954.1914067187723 15713.647960874765
1119 2187.2643314553607 15420.51540317321
1120 2633.2878394788945 15398.703965108902
1121 2072.0941019862994 15391.391950373896
1122 3062.1021553359296 16266.307235487673
1123 3451.6306499066905 17308.01627863923
1124 3888.714088933141 17061.41813218777
1125 2951.763444052187 15398.92690146395
1126 3647.7956318205115 16391.672634008195
1127 2850.233792949214 15350.268296369119
1128 2715.6244153908433 16358.451998617425
1129 3360.2703751526296 16116.901596298754
1131 3126.7778604443333 16650.263376793253
1132 951.5419395185244 15285.747803154607
1133 4044.6571920076913 16162.91090944422
1134 2831.7702373358625 15441.864936276845
1135 1458.7862762938585 16520.30551781966
1136 3786.360046306545 15825.532794329754
1138 1331.1418206293977 16320.897072627335
1139 2187.276783057608 15434.029437721929
1140 2972.100856811619 15399.07876386508
1141 2656.723850737512 16908.324000009336
1142 1392.330406656628 17679.071380811252
1143 2108.708487167598 16353.468517901127
1144 3769.2902661767234 15831.770274683844
1145 1924.7889602167675 16810.217732689733
1146 4471.378801423166 15435.354177592428
1147 1281.2110142346849 16347.930030444522
1148 3284.8053637801104 16783.4911487429
1149 2857.0935860199593 15189.01676105802
1150 2030.113229194691 15390.891011295189
1151 2167.998297108715 15386.00927631362
1152 3040.390513371099 16703.587313417924
1153 3362.238770499855 16538.68974290858
1154 3682.9205020794147 14971.41993770881
1155 3836.701714315115 15785.818551633462
1156 2720.9692760584016 17335.95154791964
1157 2871.422423944707 15416.693423813713
1158 1838.5179398530147 17376.88107753781
1159 2196.94063814975 15401.60052648709
1160 1041.1311892134381 16373.00198529165
1162 2937.4747982256945 15399.625253637132
1163 3545.9937787432946 14750.800743398117
1164 2963.55005496251 15399.014913791536
1165 1473.9895458248564 16720.6477483021
1166 3217.59262256118 16762.808555361073
1167 1056.285221215421 16452.813316235428
1169 2878.8708857725364 15106.33892588116
1170 2496.4622994412143 16999.213475048724
1171 2854.8211653056264 16356.348540852494
1172 2856.0354855737382 15372.932952339035
1173 2178.841374783193 17187.190032069015
1174 3040.4452488047637 15598.291914647683
1175 4110.573281269163 16958.75727383668
1176 3304.1399339261375 16914.283651732843
1178 2764.90555467394 15399.229799325556
1179 4215.937264505727 16073.072829881192
1180 966.5589981500913 15065.265885283676
1181 1751.897852361578 15384.715605035948
1182 3198.3567716969164 15331.85220330067
1183 1188.9646787631916 15322.615073696043
1184 2840.6776048690126 15618.18996168566
1185 2809.6319835298905 16306.167997617184
1186 3496.4415694968575 17165.84803591232
1187 3155.8410562026825 16668.60126144531
1188 1836.7645064889412 17381.47366864424
1189 1816.4542201672446 16543.522775645484
1190 3409.10284221824 15616.231804138817
1191 3613.965377340526 16328.330983551223
1192 4362.1458796508 17329.45488958046
1193 1848.8933127980115 15474.933467407223
1194 1493.523142072655 15841.616967670414
1195 2639.4962538339396 15826.581396096588
1196 2351.2915517084025 16367.613517281492
1197 3341.4593973475453 15427.985451816914
1198 1837.5727580248592 15979.08391775111
1199 3033.944248834828 16501.725994512428
1200 4212.528187365018 15853.886331012083
1201 3379.625698778946 17408.8383907247
1202 2263.689015828168 15586.134187613023
1203 2494.930073427088 17462.42786987031
1204 4157.586859627113 17161.277883251954
1205 3585.910736290039 17423.351132231437
1206 3793.973801153663 15667.472273643356
1207 4093.199847460824 15648.514078604378
1208 2539.3781285650643 16914.64719160588
1209 1933.7607676048096 15623.608916328345
1210 2410.565734674994 15748.5788881402
1211 3666.2626820131695 16784.549431140513
1213 2926.380547696624 15185.523039551084
1214 4581.600924604809 15828.924120448895
1215 3177.787287854514 17306.029519490134
1216 3745.8745356478703 15267.752665595455
1217 3704.946388541879 17498.510254148317
1218 3372.626046554097 16948.52760224227
1219 3103.90323563279 16252.891606917126
1220 4253.261005954747 16473.886455704545
1221 1866.5648707071427 16757.930150008364
1222 2955.7905820183696 16546.53630775981
1223 1161.2538260610424 15616.266530831172
1224 2390.1656219562265 17530.165213210188
1225 1566.1888300488088 16927.3794931519
1226 1534.097881047624 16846.32417875003
1227 3915.462045867341 16233.701528002151
1228 4325.788389838228 16065.614893535672
1229 1797.0240287841514 16792.586111138873
1230 3357.5215699884307 17371.364973376465
1231 3049.9768574713717 17132.338304858436
1232 2837.291464775138 17011.702542609833
1233 1872.235449996201 15597.273373024942
1234 3603.993877827707 15156.465366303508
1235 1070.0396650959422 16514.40262275204
1236 4172.825736153632 15313.641586418034
1237 2020.2204084901882 15982.868334000801
715 4300.693946040006 15524.16705500437
716 2499.8959349942434 15543.25430271799
740 1120.7877867843413 15362.181669811687
744 3089.382772353262 14344.174356685658
764 3676.3588176619796 15881.972332526659
768 3150.5866802925525 16629.504135220424
781 3492.300829205002 16120.698223920284
788 1141.4738955030093 15350.176445092295
791 2823.981888764949 15413.86153946187
798 2471.3031917326143 15415.308004841414
801 3444.4056881319934 15631.504500876323
821 907.7675807554591 15726.34448601449
823 2851.463619988543 15408.961304471479
833 3147.84396838533 16631.159766594068
837 2822.8924764962057 15426.419865110072
839 3229.03268720767 15671.901722366734
842 2575.8073404096954 17417.568130871514
858 2507.4452002805065 15498.446717046922
863 3246.167064630141 15700.126376581626
870 3890.8863676088795 16058.74569050001
888 1388.2595569739967 17369.361462332883
890 2508.528775296877 15456.135821595197
897 2817.3894306919083 15400.505676275949
898 3832.5080076893432 15210.47377620786
900 2007.0497218611513 17289.452751181714
905 2849.236614518043 15387.75936980268
913 1363.8243247354928 15670.53999568593
917 2569.7727133662975 16945.688020430465
918 989.0922933132537 16085.116995734606
923 4198.869714766178 14995.02879268456
928 2438.810075344526 15415.135638198843
929 2863.9210713706548 15416.461015395136
930 3211.238386162474 15544.901926483659
931 3863.814830789889 15229.534078160776
933 3037.9460016646144 15310.09385407563
935 1834.7127727661032 16336.222628757172
940 2852.6360511836647 15380.341118293773
941 4166.355482271869 15595.811267245781
943 3374.1560474203793 15918.363554609006
945 2402.487457338871 15414.942957150946
947 2855.636614690626 15387.929363314044
948 2292.0347435400386 15750.794987050353
950 2880.7510650448485 15399.378110430287
951 1333.7419446204995 15688.836367780084
952 3851.3026949340624 15209.105013676073
953 1693.5106986296107 17459.430526907105
955 1863.917642213509 16355.286287533014
957 2196.007239399263 17236.781764098418
958 1650.9096698055007 16965.114857163615
962 2890.897465164994 15399.437537557995
964 2859.7550073824964 15401.217811683828
968 4713.759228376763 17119.49834135639
970 2855.8360512198387 15380.431116933749
973 2618.4504313054786 15395.489535339015
975 1004.3700890070826 15700.567634129178
976 2176.2397249830096 15412.530411560945
977 2772.4032424874026 15399.412067248359
980 2643.0396245576867 15695.810957068601
982 2779.900958920799 15399.594335866908
983 2268.3195441303337 16630.742099097828
984 2900.5764940029762 15399.494227307663
986 2515.889486079152 15417.184341407343
989 2852.4366162893584 15387.83930320625
991 3609.7502754317024 15920.100220345097
992 3216.8456105499763 15545.485483869505
993 3564.9954219327474 15095.11214438201
994 2129.0041745434414 16362.866602708935
995 2869.7106937623194 15399.313447343246
997 2505.89754688871 15433.846712863095
998 2831.414119491025 15449.357435349872
999 3025.968166595036 16426.511013508654
