1209 2847.954024408334 15413.606753042168
1357 2784.444797904169 15399.704796066593
1364 4596.615522453957 17193.197034860048
1370 2854.8952370882635 15452.600431441475
1378 4218.382772113136 16944.29677657441
1426 2750.545341543998 15398.880704206724
1474 2845.272126961591 15401.194646438282
1480 2770.756185045022 15399.3720274726
1498 2727.417173936609 15398.318461129536
1539 2814.4703752385735 15400.434714375791
1547 2759.757370458232 15399.104647563232
1567 993.3085667564517 16796.704227389895
1568 3146.5547931934348 15405.63953128789
1578 2799.093384707041 15400.060901516032
1588 2830.018125573848 15400.73921816847
1592 3139.0832614221968 15404.96905127387
1597 3161.497777479417 15406.980484203614
1636 2660.5961563390797 15396.607702857624
1645 2712.42177333425 15397.95392467678
1651 1716.4002969987243 15394.205220916541
1654 2366.998841033116 16638.356610115505
1656 2668.094446894307 15396.806639877625
1658 2690.589331267831 15397.403451274778
1659 2734.9148820551345 15398.500729545953
1661 2836.3218285453727 15287.454324728324
1667 3011.531490100845 15188.146090655313
1675 1421.0803113740205 16163.055756565502
1686 2653.0978119110164 15396.408764408325
1691 2863.8198152042974 15419.651347341389
1705 3698.9223684949557 15868.453587598524
1708 2719.9195098968744 15398.13619378467
1712 4672.700726310761 16024.798670804232
1720 2788.017739650028 14954.154378188534
1727 1828.6179399896128 16882.05784018096
1729 2832.482472534044 15426.879948471502
1730 3154.026292115757 15406.310008354116
1732 2742.454408972558 15398.68401457253
1739 1862.3065787108892 15722.859003409936
1740 4272.732345511136 15536.56286030132
1744 1560.7594758759146 16022.710081762552
1747 2600.609568518007 15395.01619970991
1749 2683.0910526921502 15397.204514572606
1757 1558.2271832938995 15490.871270919108
1762 1839.8808411586965 16064.9520143807
1763 2872.500761932637 15399.32978867963
1770 3258.8187531152744 17375.919654476522
1772 2863.921098828692 15416.461016245847
1781 1980.5228025693134 15404.729939688765
1796 4221.548547753092 15159.424414958503
1798 2897.762566954415 17445.546928420772
1803 3333.2684820226773 17322.929149138305
1806 3000.509646654305 15170.191567815666
1807 857.9400402982671 15789.634482046153
1809 1422.7974867896392 16123.26070157489
1810 3294.586099651303 17360.835797599324
1814 1840.4262983303008 15661.627163693682
1820 1835.5090649959766 16141.528723749729
1821 3131.6117518044557 15404.298573247861
1825 1867.9254176704148 15505.633432445047
1828 1842.2453991472776 16955.229945589126
1829 2871.4224470476097 15416.69342452949
1834 2623.1044258636102 15395.613010389985
1837 3124.140244280152 15403.628095409711
1838 2608.1078638710565 15395.2151368572
1840 2675.5927434900177 15397.005577057886
1843 3143.890196972698 16624.792606501655
1848 3666.078773644481 16420.941927846194
1849 1835.1631342854616 16176.312552450294
1856 4085.753976142546 15637.117368485378
1864 4735.497803519314 15787.196109108367
1870 3116.668730663199 15402.95761702482
1871 2330.1545048363314 16364.603186776645
1872 3177.038662796724 17410.40807190851
1873 4407.601551137663 15339.826135066081
1876 2170.57916012933 15412.14050795479
1878 2645.5994698784207 15396.20982602258
1884 1314.7943477545575 15267.60402699249
1886 3609.435117376987 15957.38311698105
1887 2837.300975501111 16371.413126815603
1889 2950.1468518043225 15423.87961771627
1895 3109.409910089508 15802.908910487706
1899 4361.822302888796 16137.173035715618
1900 2585.5707881745684 15394.61720608277
1901 1024.9497653940248 15509.826831180331
1902 3340.885009175756 16966.120176501227
1903 1790.3324162258048 16368.20568896823
1904 2349.5110937182512 16367.59126355785
1908 3644.9542341052984 16373.785920216178
1910 2615.606149347476 15395.414073742455
1912 3070.6679111670014 17125.44106221905
1914 2638.1011238104256 15396.01088752977
1915 2013.7283083863806 17277.249991407145
1917 1426.2517561331344 16136.013084260445
1918 2564.500526547242 16949.326559481302
1919 1853.4974636637323 16859.38460112469
1920 3168.969328224045 15407.650965920266
1924 3648.476362139094 16392.788254188763
1927 3342.012997023654 16950.206075370133
1930 2988.830410403265 16018.881452572952
1933 2655.476099013819 15809.878574727016
1935 2609.342253408481 15392.045498636679
1936 1090.795469152461 16730.310491178414
1937 2567.1065837318056 15394.127332586742
1938 2472.6523186766453 15183.19159225873
1939 2865.000905959987 15399.285862272885
1941 4097.034048225227 16943.586080157136
1942 2829.2906241533688 15426.767378215956
1945 2189.286260938171 15398.706480210934
1947 1230.7276281544437 15300.72110590211
1951 2890.7436748819655 16803.083108548664
1952 3657.3161564587313 16406.96121071741
1953 4242.617932749447 15834.963139719634
1955 2630.602751193417 15395.81194833259
1956 3818.73827501232 15224.336107674806
1957 2038.9486673342267 15390.996440647827
1960 1460.736630440738 16701.439099641844
1961 3143.9263730338857 15406.598193991173
1962 2516.54155968453 15392.131536516903
1964 3463.6312086918797 15395.89754789147
1965 2878.923851721766 15416.925834562244
1966 1614.5990940979743 17007.507253709955
1967 1917.7948613976673 15396.47041772247
1968 2384.7656681920903 16799.782418514555
1969 3412.2589569028387 15994.684522635613
1970 2228.863223243956 15399.14190946057
1972 2813.2887729826894 16390.1748126926
1975 2641.23313807419 16372.61314831513
1976 2871.311648792602 15419.88623981363
1977 3584.0611854248646 15355.782941507932
1979 1583.7217253915542 15467.324320412761
1981 1433.8154742064892 16432.040014151968
1982 2893.810312467757 15420.610980507536
1983 3481.932025377219 15610.593793815478
1984 1855.8978920244704 16862.87377073038
1985 3173.7679810883196 16624.328286797536
1986 2893.925824508538 15417.409640084488
1987 3180.7244006216797 16645.113800477342
1988 2540.2754908281413 16976.090615720972
1989 2293.7847760448635 17117.782000327006
1990 3150.3656356727934 16629.14817025998
1991 3788.2265816729064 15670.929472860218
1992 2595.28831963861 16968.604332670842
1993 3109.19587153109 15402.287017896144
1995 3386.9656059221074 15948.675970596632
1997 4025.941179948629 15912.87900679826
1998 2829.0932338833604 16666.00207628563
1999 2852.4366147923574 15387.83935948923
2000 1608.8443596705768 17010.409203661286
2001 3147.846716880683 16631.164192775577
2002 2332.8708029443255 15870.87485151024
2004 2636.3 15823.000478599832
2005 3838.1692515727837 15203.71406762443
2006 3706.2989271424462 16331.28596791139
2007 2832.126355032047 15434.372440331383
2008 2160.49199938351 15385.85398260199
2009 4067.803797647332 15654.772650299004
2010 3628.454100126526 16359.662012232451
2011 2193.9951052743027 15421.062395782827
2012 2962.470983863695 16760.11022726594
2014 3842.213298259317 16259.902482992884
2015 1760.710872782264 16380.395178298688
2016 2832.2603417407477 16733.939875891127
2017 2180.975834474874 15392.650207672341
2018 3256.532012136968 16599.006641423024
2019 1847.3327247121344 16341.861756559761
2020 2902.5004181852773 15399.505495667547
2021 2074.5362610428465 15391.421091571458
2022 3142.6120901139593 16664.479361221544
2023 2878.8035658016834 15420.121134901374
2024 2849.436049358147 15380.261186928048
2025 3650.946680501402 15319.452975348078
2026 2880.0006537607987 15399.37371529638
2027 1713.9098970367831 17433.321839730997
2028 3758.8039897287085 16563.018547452175
2029 2896.718166146093 16351.876417082482
2030 2593.1112759042753 15394.817262635293
2031 2405.590373356693 16360.516796970429
2032 3821.6124099880712 15198.39178263969
2033 2152.4034281850777 15395.536017818595
2034 1864.3393986577853 15647.316801358755
2035 2542.5108726942385 15393.47478419287
2036 2195.669285847489 15405.2334156908
2037 981.4249827418176 15607.017734264538
2038 2814.981346555843 16416.931304346366
2039 1577.9578948361823 15463.810267878003
2040 3092.06505939837 15401.053612708503
2041 2332.0245876204867 17092.22954754433
2042 2886.297061418486 15420.356079483417
2043 3039.8935811010456 16474.484352124
2044 1618.4940164590403 15436.380990640399
2045 3869.3530625968333 15778.898371948768
2046 2391.455607807162 16368.115522838341
2047 2887.5005545175686 15399.417641965423
2048 3315.692403851373 15813.41172201921
2049 2552.354761078717 16964.887306334327
2050 2849.635483896512 15372.763015397953
2051 1869.0842675648487 15415.584361081621
2052 2854.6513176480075 15303.625946567694
2053 2895.000482827133 15399.461568795843
2054 2849.2366148656943 15387.759356731975
2055 4128.010604830888 16981.35571780864
2057 2492.2346393161006 15389.889717714188
2058 2796.0670280459503 16360.831051377925
2059 2277.3697785255736 16356.55090653388
2060 1981.9526222653465 15408.10986785359
2062 3521.644746672852 16170.255274453022
2063 2300.5023662090825 16356.973668773797
2064 3603.160199230628 16411.161685143103
2065 1615.2502016840708 17032.70328309571
2066 3429.0939162421964 15428.141538854108
2067 4446.999924683084 15435.59645467408
2068 3664.3959253679645 15264.806709060784
2069 2319.8866512462455 16357.327928481945
2070 4370.875135929976 16187.386944741189
2071 2910.000290222317 15399.54942216838
2072 1440.6473968889343 16283.967610136533
2073 1370.5079655612794 16571.711347312958
2074 3090.684640302436 15591.240411019187
2075 2418.0124898811814 15395.260451610866
2076 2852.8354883597494 15372.842847592918
2077 2943.9178711183154 15399.242022535713
2078 1413.2086004821283 15636.298448037345
2079 3447.7507974151 17309.40027639432
2080 2346.259517191416 15977.900177500307
2081 4103.59301874985 15642.617414404027
2082 3229.99295654179 15426.167865535212
2083 1155.6288336605942 17236.469152268965
2084 4145.0176397664045 15752.011607207398
2085 2025.306286838466 16350.951056559092
2086 4096.963185891921 15646.3420305389
2087 1605.4925425479669 17018.00343888801
2088 2835.2983336379334 15676.710392727387
2090 1909.637518646015 17329.97758835967
2091 2179.205073570668 17214.10527791542
2092 1863.2586789359466 16862.29069845919
2093 2782.915475901254 16357.76484094321
2094 2326.8024128424304 16308.92424474505
2095 2193.6738288725883 15434.28223797884
2096 2505.3793292648274 15197.32903298388
2097 3091.8565933818745 15517.238438525004
2098 2852.636051812973 15380.341094633566
2099 2420.193255402924 15388.327503405888
2100 2167.1234815995595 17190.118265841105
2101 2167.9982335592713 15386.00927499888
2102 2886.425272620862 15417.15824509768
2103 4238.117894093165 16481.023495891593
2104 1274.5239338395156 17162.326330783464
2105 1035.0337293383086 16341.240435376736
2107 1014.8090522733415 15688.913782224965
2108 3625.3783145181214 17370.44796767267
2109 1162.4477127031575 17127.563241484913
2110 3635.801546697574 15905.204405288794
2111 1467.8483457936518 16514.963475516364
2112 4300.847716307199 15808.881523681657
2113 3091.428015000546 15472.573254590114
2114 3095.9023886959494 16183.241589878866
2115 3231.201911193368 16784.916085037945
2116 3245.042232189396 16820.05393874091
2117 3018.715486169184 15602.637354465674
2118 4047.6581831553444 15569.970549106403
2119 1021.2170888520271 15678.145269987986
2120 4079.4828770284016 16377.28553944894
2121 1876.327419164951 15309.349484496342
2122 2990.459970615924 15159.945634136458
2123 3700.2304028706953 15312.187751341431
2124 3858.646949149802 15220.313099824765
2125 3251.1154099739233 15408.594545114305
2126 2337.4597408897002 15646.93855889154
2127 2921.19393000073 17218.183246836405
2128 3859.274532335287 16009.270202079004
2129 1849.589390926725 15408.75858530703
2130 2638.9867826657487 15982.455384823217
2131 3048.016992298176 17465.12663364582
2132 4023.950520320358 15327.006624098236
2133 1828.3906654956713 17109.112606350016
2134 3284.5236104386695 15138.55358469507
2135 1163.16095660339 15686.997822666823
2136 4146.415856871833 16136.157656985619
2137 2637.043837743504 15814.154243384744
2138 1529.1166304044298 17584.138898788908
2139 2315.18538898413 16929.145554060982
2140 3552.668721206306 15848.172569922039
2141 3160.8952416103393 15888.106148454232
2142 3763.8973949436636 17321.390315966102
2143 2985.5464583488724 15982.189212615785
2144 1341.9293186501811 16318.999585318228
2145 2817.4942959903287 17324.562014137413
2146 1875.78 15368.92
2147 2969.13213133248 15117.490070347394
2148 3215.7393053998103 15409.92572761976
2149 4481.047438487464 17019.05831929908
2150 3392.6054777505674 15662.479823111249
2151 3568.295687398475 15879.650053400006
2152 1299.5402854578376 15785.105201868211
2153 3612.222963137055 17384.047465959524
2154 1828.8948624522636 16949.777567427223
2155 3044.466966932725 15030.830136830102
