1002 1811.8101692934836 16881.69798421869
1005 2822.5363549353096 15433.912442366676
1007 2849.436050633243 15380.261138988059
1008 2855.8360495697025 15380.43117897418
1010 2802.3940416574223 15400.141140104406
1012 2350.7856392794 16367.607193944774
1017 1563.143879263002 16906.401421100534
1019 2336.109337665584 15946.934684329368
1021 2787.3986208841816 15399.7766031613
1022 1448.6035724723952 15926.179723084158
1025 2852.8354874332626 15372.842882426185
1027 1879.9732920912402 15862.774995436424
1029 2218.90801243472 15407.169044974142
1030 2703.3824453610027 15397.730910674729
1031 1355.3428413442891 15525.369872843894
1033 3308.075606660719 17355.252802385414
1034 2814.348405184052 15833.06420845637
1035 2809.8917362039156 15400.323408190889
1036 2669.949435025632 15396.855854536389
1037 2855.636614654518 15387.929364671609
1038 2071.4008853298474 16361.648877163238
1041 3278.8444771361133 16149.857489654545
1042 3143.8902015850776 16624.79261392944
1044 2672.6056816754185 15575.649862383176
1045 3386.6688910938137 15408.028608782599
1046 2794.8962851767083 15399.95887051231
1047 3602.284376189 16396.007585064373
1048 3545.300650400961 15842.316654830567
1049 3463.3687945351135 16483.87308793758
1050 1415.921863749014 16133.69971382466
1052 2160.4919982941624 15385.853982579452
1053 4211.648171556983 17139.29259084086
1054 2849.8349219516017 15365.264711649019
1056 2849.6354866932566 15372.762910248326
1061 2564.500583659085 16949.32664877289
1062 3853.5345242737453 15190.670742327875
1063 2036.1390301760541 16360.903446435314
1064 2812.9795940494273 15402.93871906792
1065 2684.3814139680185 17136.928447499737
1066 4330.697147031676 15671.998870648798
1067 3077.6528088258515 16518.123805901116
1068 3376.8965808550797 16649.34048046857
1069 2646.6530534674575 15585.616550499675
1070 2850.0343568809403 15357.76652541944
1072 4088.812266159052 16937.86673276932
1073 1025.5630246841292 16285.068734113574
1075 2832.1263593166655 15434.372350185655
1077 2828.0913443085697 15886.141569809624
1079 2157.7668917549436 16363.474642562043
1080 2219.944255719061 17278.196047910496
1081 2969.6797484076164 15602.156356156649
1082 3515.265340846114 16165.767179135928
1083 2817.549110243624 15394.10567498411
1084 2334.4926238562925 16256.452345127995
1085 4012.2834337404347 15506.462370768018
1086 2898.587715647205 15399.482579099044
1087 2443.1985819248566 16368.762251855727
1088 3025.724498549288 16077.031558912106
1089 3505.8016140443874 14692.307979812396
1090 3170.0981467444417 16647.39065714752
1091 2853.234359007591 15357.8464454634
1092 2717.767751727681 15095.2242666678
1093 2330.184111834164 16489.055876336493
1094 3855.039354927058 16682.540796223228
1095 4264.918880590015 15998.628593005165
1096 2832.4824765571966 15426.879863826865
1097 3514.4328019602954 16456.062945817124
1098 3157.3609259103137 15576.95652680601
1099 3426.985700529834 15405.02592480371
1101 2614.237290259927 16954.366883611965
1102 1181.0178077314818 16690.41325546505
1103 1853.5280492083605 15378.16773055222
1104 2853.0349227045167 15365.344683341556
1105 1872.2763930187637 15426.184175800485
1106 3612.433992558044 15962.977848280238
1107 2332.94007321468 16356.45580947524
1108 3626.922858700571 16394.50719440562
1109 3066.5180829903547 16483.200507067537
1111 1541.0986273846986 16286.388962432877
1112 3249.6426241940353 15712.013408891658
1113 2620.9376958154166 15395.555524911693
1114 3227.301461780431 15406.813429056563
1115 2853.4337971282425 15350.34813924953
1116 1462.09855542324 16685.24343591419
1117 1221.4110100037017 15680.048545833464
1118 1105.7082838753058 15678.389251390112
1119 2131.5300029489335 15411.794799270965
1120 2775.427250558628 15402.053731686903
1121 2211.483207662718 15392.986154388293
1122 3205.1611799409766 16189.0780169115
1123 3351.7019388455583 17345.52613918398
1124 3786.1743848554506 17125.396403000035
1125 2919.5982668978945 15399.60563719823
1126 3602.020654728121 16314.141309537868
1127 2850.233792949214 15350.268296369119
1128 2801.457171781263 16357.110814725238
1129 3231.5767619160374 16185.129483484849
1131 3272.966345905536 16569.955174689116
1132 988.5884274612021 15339.15859212242
1133 3897.9188661676812 16243.389765000004
1134 2831.7702373358625 15441.864936276845
1135 1569.100969702987 16455.275586314514
1136 3717.368403129639 15865.060248009604
1138 1396.2888632347704 16288.717687388387
1139 2160.344273404826 15412.00112428318
1140 2954.821505840717 15398.94973645341
1141 2783.4685616147963 16834.8512870462
1142 1306.6455425763008 17608.46564470562
1143 2256.3659205993567 16356.167048137004
1144 3735.709359762076 15778.701769871117
1145 2048.585551155559 16738.834720844807
1146 4412.279605584673 15466.69022971673
1147 1354.6054383821481 16308.967517805706
1148 3346.688131511047 16750.481921088827
1149 2851.055809785007 15319.362800831934
1150 2191.9273079123172 15395.971275324768
1151 2167.998297108715 15386.00927631362
1152 3157.8928104543097 16636.673947960102
1153 3218.135708950074 16620.500153586578
1154 3727.452704974007 15043.123962743039
1155 3927.2347671415046 15736.549174223648
1156 2770.525482967199 17306.55768400408
1157 2871.422423944707 15416.693423813713
1158 1834.8426017694574 17320.142289688007
1159 2277.2839030994887 15386.239937146616
1160 1056.6525418228905 16454.74841865355
1162 2907.3923918426826 15399.534147794393
1163 3581.9212574014455 14808.688042404488
1164 2941.3053200566956 15399.397415907408
1165 1439.4052683649297 16585.715258171804
1166 3157.447325244138 16664.370185672728
1167 1058.3471129403445 16517.604842865192
1169 2856.7085015078555 15147.188917736225
1170 2552.3521114059895 16964.88894001724
1171 2949.35318362309 16358.95415798221
1172 2856.0354855737382 15372.932952339035
1173 2259.613839246521 17141.006519184313
1174 3091.3569023073637 15578.925466112536
1175 4040.1470684762157 16914.626764144345
1176 3242.3703547626646 16809.316553144246
1178 2764.90555467394 15399.229799325556
1179 4080.177147199413 16147.278136853767
1180 900.3980911330242 15102.94567288068
1181 1857.3644989805487 15390.267676918289
1182 3141.514920040799 15363.08543740559
1183 1105.5751988338116 15371.010325765952
1184 2830.5145165306662 15719.347038099686
1185 2809.7309399300716 16180.7992785222
1186 3402.141756711157 17038.60696903801
1187 3154.1894008861264 16665.718572696547
1188 1839.7072766760587 17369.900865348947
1189 1823.9749042944609 16498.27239120912
1190 3432.0693973141665 15657.643320424515
1191 3634.923633103474 16364.42293127892
1192 4325.538281230876 17317.576431342484
1193 1849.5868254255172 15409.00248284231
1194 1469.9241578250067 15700.623604984943
1195 2639.4670763219974 15919.860342997106
1196 2286.2735289009083 16366.191255050331
1197 3199.9515710255528 15425.47039558586
1198 1841.9464789431788 15770.905192524588
1199 2950.843523180455 16549.395647641817
1200 4249.984513546371 15936.047605737987
1201 3348.7200846449687 17356.47216302797
1202 2205.5462865931136 15586.875617252197
1203 2574.911150894532 17418.065100570748
1204 4143.966077283963 17165.966013370064
1205 3534.1677994682236 17462.06319273508
1206 3854.3707653681777 15631.140907130826
1207 4029.403831956876 15686.033939846335
1208 2460.345906437376 16797.908691592722
1209 1933.4887452029152 15634.534575584175
1210 2357.0504047572285 15856.691707438293
1211 3593.4927980024186 16822.380305712843
1213 2875.8722056383767 15211.892365162954
1214 4544.971866396562 15752.51336991865
1215 3144.569072795057 17243.938731265942
1216 3605.56105789012 15344.102020414846
1217 3663.5442008415457 17431.633398227543
1218 3332.5808910581623 16947.027595287822
1219 3009.772879968261 16303.08409078056
1220 4314.554016820677 16442.57309038042
1221 1841.170731554869 16783.04742720387
1222 2860.263034759148 16599.665819951275
1223 1156.8542936799183 15665.475824706951
1224 2350.825404724163 17477.76618312453
1225 1592.1322642718699 16983.763793640745
1226 1580.6563383345458 16942.59126048482
1227 3808.219443864742 16293.938796779383
1228 4374.499557360573 16153.433093746702
1229 1818.3699914898834 16784.489016952306
1230 3327.5977880547575 17355.459679106294
1231 3120.84231512441 17094.853457234825
1232 2798.724642423933 16958.286213541123
1233 1864.0995578251084 15660.27159980878
1234 3609.679981630545 15166.906515976556
1235 1117.2172949034614 16487.41962369693
1236 4151.9116888111985 15279.50723157864
1237 1978.226033235313 15982.525220713713
1238 3771.610764779396 15846.15520488112
1239 3449.6222903455114 15402.1674646432
1240 4575.86384197908 15816.956169026456
1241 839.4692329117862 15170.861768081117
1242 1805.028160035289 16631.980660807967
1243 4212.574071692797 17125.122226593798
1244 3140.5249519453673 14964.853039357242
1245 1823.2038392857141 16532.950201863354
715 4392.41062173594 15471.40193571035
716 2441.0658574935055 15693.794587349863
740 1060.5536318542 15397.138682537163
744 3162.353774420154 14312.93136081713
764 3763.155480778526 15833.008495300519
768 3150.5866802925525 16629.504135220424
781 3563.1213540060544 16240.773132687611
788 1079.9855741422045 15385.861315823373
791 2726.5678547088287 15412.18996461444
798 2346.7484825318843 15414.266453992124
801 3495.7811718947055 15602.876668534174
821 1005.2259331994005 15688.243001343482
823 2826.5737495720987 15414.543284840054
833 3147.846712699682 16631.164186042486
837 2822.8924764962057 15426.419865110072
839 3294.6943419928634 15781.061224603212
842 2626.551322604987 17389.42874612872
858 2473.40927608378 15642.123522438276
863 3311.3687635243323 15809.13541344731
870 3883.240324675196 16041.429182933492
888 1343.0869607471159 17334.0154392577
890 2499.014684369153 15577.58132207936
897 2817.3894306919083 15400.505676275949
898 3753.955512163449 15084.429486256993
900 1873.2485684786022 17362.484100347145
905 2849.236614518043 15387.75936980268
913 1207.190516687275 15689.803267260042
917 2572.5706292804894 16944.126714863138
918 995.2258232253944 16133.024651408075
923 4336.9461516366155 14920.03890991432
928 2292.1192376525764 15413.71629883494
929 2863.9210713706548 15416.461015395136
930 3302.3826977562508 15495.664188589706
931 3919.1048628432586 15328.187302686398
935 1834.3336249387928 16223.387838200006
940 2852.6360511836647 15380.341118293773
941 4299.162475019807 15521.356218830808
943 3440.5993709574145 16034.23196451175
945 2257.225100819485 15413.646205448887
947 2855.636614690626 15387.929363314044
948 2205.0502780625297 15619.230863784216
950 2870.1226804705143 15399.315860335679
951 1301.0023607487349 15721.845993352996
952 3900.482896687548 15294.960391070674
953 1573.7115953351956 17535.480350277685
955 1801.7329897803465 16364.169985766539
957 2236.387861049294 17306.64571469193
962 2880.1840239880344 15399.374789289695
964 2851.462258304529 15408.983383205144
968 4834.215353139938 17043.072951451304
970 2855.8360512198387 15380.431116933749
973 2742.8671344726936 15398.69404788166
975 829.9120958317815 15771.085723822118
976 2098.236583291689 15411.556401244266
977 2772.4032424874026 15399.412067248359
980 2639.492796105287 15829.831661029817
982 2779.900958920799 15399.594335866908
983 2152.610123042436 16692.8104405935
984 2888.9837883645478 15399.426329216685
986 2507.4628458758275 15497.757700663627
989 2852.4366162893584 15387.83930320625
991 3689.6279725400445 15874.082513576048
992 3176.490186420784 15585.361787341904
993 3563.1424430144034 15086.019979807574
994 1990.7834326368757 16358.299850864503
995 2859.484777479756 15401.759747584036
997 2499.914942509061 15542.51391024556
998 2831.414119491025 15449.357435349872
999 3095.465187602005 16540.737803850723
