1209 2833.5934727150584 15918.094297938507
1357 2845.066106514256 15593.333030208489
1370 3131.1018892134507 15584.92009761876
1426 2844.1151091664015 15469.256933109338
1474 3004.87561348733 15599.222310694384
1480 2847.3107444996585 15561.19450741663
1498 2830.5586088446416 15400.748942772772
1539 2878.348700418962 15599.451492183352
1547 2851.143310917687 15506.32016955987
1567 913.0813003535249 16834.23459080933
1568 3248.149254595967 15371.975938665802
1578 2834.8369562507114 15689.125163354589
1588 3153.9175577265405 15406.300250751921
1592 3386.1453586164334 15408.024615015367
1597 3561.765187965273 15344.059282316095
1636 2735.2680695552363 15398.509315493195
1645 2799.80870930911 15400.078290974301
1651 1257.3399731479137 15698.733495216416
1654 2445.8998581556452 17044.777346667535
1656 2749.7439156895634 15398.861221636977
1658 2786.541889713955 15399.755776125727
1659 2852.339000472077 15400.176143639139
1686 2720.0699846445386 15398.139851808366
1691 2863.8198152042974 15419.651347341389
1705 4067.493027087074 15651.251275988461
1708 2814.2512975724826 15400.42938862309
1727 1204.2173285713984 17218.161183847824
1729 2832.482472534044 15426.879948471502
1730 3224.994922070872 15333.711787801974
1732 2853.579625392039 15425.481381052079
1739 1893.1822436600917 15859.88368323125
1740 4431.334439791733 15357.738404335756
1744 1545.9536137346831 16024.494705722487
1747 2619.356162388291 15395.513565275067
1749 2773.6479860774143 15399.442326820938
1757 1611.8236165434653 15413.540455743432
1762 1843.8886479685514 16419.59187808366
1763 2872.500761932637 15399.32978867963
1772 2863.921098828692 15416.461016245847
1781 1882.100102239977 15398.976291932286
1803 3481.6485092935536 17329.072700620323
1809 1437.3576470160976 15645.540842740655
1810 3540.041484984959 17309.039272353297
1814 1600.7544433968367 15686.268215314152
1821 3342.8864719747517 15407.694614621048
1825 1853.2246278954444 16190.318816135607
1828 1854.0029027470425 17373.138372598176
1829 2871.4224470476097 15416.69342452949
1834 2661.216580103273 15396.624163310027
1837 3243.3919057658113 15403.735519370643
1838 2633.06469195716 15395.877266041385
1840 2762.1640894031593 15399.163154622178
1843 3143.890196972698 16624.792606501655
1848 3303.0972591914883 16572.940311571067
1849 1826.0174030165374 15718.959427878646
1870 3223.97319965948 15406.788129385222
1871 1862.4912329442454 16355.252404682047
1872 3344.2386522605902 17346.890092750047
1876 1897.5247293741927 15399.364721438877
1878 2705.090937251956 15397.774506674705
1884 1020.5196853108843 15403.386081978815
1886 4000.4779808841163 15692.142802017068
1887 2550.9968799891994 16371.167996510167
1889 2901.2688145896414 15421.053755651676
1899 4621.040248087281 16481.70226912664
1900 2605.7671997065695 15395.15303673581
1902 3139.4488366693618 17087.89373296948
1903 1432.7992265787589 16502.95399310261
1904 2345.2458106084223 16366.96185179529
1908 4148.051922340466 16095.645857968004
1910 2645.386066472968 15396.204164220435
1914 2691.3508690346594 15397.4236556204
1917 1330.6887926085053 16047.972392070478
1918 2667.1852028225608 17110.250489403883
1920 3302.236948458375 15305.782277228383
1924 3460.9972730498093 16074.106334165532
1927 3158.7283531104567 17076.220178209664
1930 2964.5390025682896 15748.26610671278
1937 2593.694551361869 15394.832737506602
1939 2865.000905959987 15399.285862272885
1941 3812.026736978325 17109.93400797064
1942 2829.2924066433843 15426.72992840115
1945 1894.7508485102255 15396.121506309171
1947 979.3172363509915 15331.415631693844
1951 2593.7241324694564 16965.81227460937
1952 3220.2570851114715 16619.312648005467
1953 4463.528071313141 15736.168521959524
1955 2678.112289903069 15397.07242310119
1956 3324.0476167225006 15427.89709917873
1957 2654.8282107393406 15402.412953468009
1960 1419.5916068008953 16048.750232991846
1961 3333.4941500323316 15284.205805106736
1962 2571.868667818256 15394.253675359161
1964 4169.0116131048635 15011.267015078462
1965 2878.923851721766 15416.925834562244
1967 1879.7486012286572 15394.69693390584
1969 3166.2540115998236 15575.98638615147
1970 1906.8721235361259 15396.305035593803
1972 3144.3661501601136 16221.438310402345
1975 2364.5117777821074 16367.778755247884
1976 2871.311648792602 15419.88623981363
1977 2931.1812851410245 15416.926704962718
1979 1053.8502906109002 15695.022306714303
1981 1598.1921455886845 16978.825154141054
1982 2893.786470306015 15420.609565113877
1984 1851.3950498393676 16865.496199976606
1985 3675.640816947324 16352.05493252422
1986 2893.925824508538 15417.409640084488
1987 3383.775202922775 16992.641904717722
1988 2553.906894140401 16967.68599370203
1989 2555.4688618395776 16970.48484647062
1990 3150.5866953597883 16629.50415948434
1992 2595.2742129577377 16968.612203960103
1993 3199.2597721106927 15406.600271106041
1995 3149.541657843439 15580.36683574259
1997 3880.9716699357587 15642.995785985993
1998 2898.1615890077014 16351.807466498854
1999 2852.4366147923574 15387.83935948923
2001 3147.846716880683 16631.164192775577
2002 2193.9096510946365 15422.717879013018
2005 4093.90108428004 15659.254572768501
2006 4228.148784130612 16052.467853957345
2007 2832.126355032047 15434.372440331383
2008 2232.141064415695 15385.539745506996
2009 4393.015156737752 15467.349061600316
2010 3454.5898372921642 16063.205700334976
2011 2467.1273639260976 15388.866294119845
2012 2600.274366607728 16962.157547648127
2014 4428.840330208676 15942.53573644913
2015 1429.8240327585845 16468.929109871508
2016 2865.149819952193 16352.8327169258
2017 2811.909924951619 15402.913510424054
2018 3029.1437430814426 16722.04443557413
2019 2336.7412369393237 16370.227108051557
2020 2902.5004181852773 15399.505495667547
2021 2666.7664145149556 15399.492946932332
2022 2622.480138920292 16953.431757561095
2023 2878.8035658016834 15420.121134901374
2024 2849.436049358147 15380.261186928048
2025 3031.198745444757 15602.235345649988
2026 2880.0006537607987 15399.37371529638
2027 2265.223857839603 17130.42990028436
2028 3934.4493736665263 16824.49875017683
2030 2705.8816034086835 15394.593137060208
2031 2812.6396494246665 16359.229858535502
2032 3566.8265866750153 15365.149376475414
2033 2953.2736751581742 15409.40173742384
2034 1838.4577301665036 15918.375972770633
2035 2582.400645344047 15394.533099076909
2036 2474.628168008252 15388.952401296776
2037 1253.9337242858528 15685.455304632838
2038 3099.5017923119976 16245.755218445667
2039 1849.369962301516 15385.939948573217
2040 3167.7040772184578 15407.537424877019
2041 2230.1116036637573 16944.15971989562
2042 2886.295465974492 15420.356029461247
2043 2837.1603771720293 16371.417137008495
2044 1501.3452510798468 15816.821204586478
2045 3600.2930290717736 15988.087297720853
2046 2355.5490374148517 16367.66673106741
2047 2887.5005545175686 15399.417641965423
2049 2552.354761078717 16964.887306334327
2050 2849.635483896512 15372.763015397953
2051 1856.5020910354074 16038.891275586644
2052 2849.834918546228 15365.264839681398
2053 2895.000482827133 15399.461568795843
2054 2849.2366148656943 15387.759356731975
2055 3878.3836475876683 16754.45982403308
2057 2563.504685477582 15394.031770685031
2058 3034.0599336349683 16440.08315959873
2059 2530.372740080867 16361.579362346172
2060 1879.2869748331425 15402.096059097103
2062 3778.834661797252 16595.24272345529
2063 2757.140011226616 16361.228509176775
2064 3170.44938342591 16647.194041607512
2065 1439.6354182345488 16588.725852878324
2067 4482.412431591445 15297.53207169922
2068 3838.128139982336 15203.703510267367
2069 2781.701152989579 16360.977731744031
2070 4032.3004406241835 15564.19220388839
2071 2910.000290222317 15399.54942216838
2072 1842.2682374900648 16340.746813477292
2073 1692.7537387482678 16396.991251539435
2074 2933.988118337088 15422.996142232272
2075 2933.6243749522055 15405.781926675216
2076 2852.835483671975 15372.843023839905
2077 2917.500187364184 15399.593348816252
2078 1433.3621888725006 16052.572326829602
2079 2929.731029482686 17509.62792210947
2080 2287.074259796346 16616.40322508069
2081 4167.065402937753 15792.019880619542
2082 2527.6980944908437 15408.830806781412
2083 1769.7635957556106 16899.48790999629
2084 4132.699978193093 16115.118193712859
2085 2493.0048881593943 16361.303494642052
2086 4027.0098070855047 15567.87323556173
2087 1430.1704338588215 16549.00880426812
2088 2821.0682279606513 16273.608024681283
2090 2452.047781523737 17024.43030222378
2091 2310.665184227512 17108.130211957112
2092 1857.8770952515827 16861.721094217715
2093 3021.7828580241207 16288.463677434002
2094 2257.5693745391636 15705.806072597068
2095 2459.605057103276 15388.77994009734
2096 2678.670212115596 15393.884837537502
2097 2910.5109681202475 15421.602417540456
2098 2852.636049144607 15380.341194956538
2099 2483.5603741072823 15389.089693254073
2100 2545.9459135543593 16968.83874705016
2101 2273.8000884274597 15386.185901158218
2102 2886.425272620862 15417.15824509768
2103 4464.461505909553 16360.240882538856
2104 1806.795058615658 16877.072558211625
2105 1267.2984867903447 16239.058497128928
2107 1585.112894873302 15456.159288665167
2108 3196.555425422294 16740.836261269404
2109 1569.4265693365169 17007.333981939875
2110 4069.8842841788196 15653.565951208873
2111 1816.1047597706533 16348.513884304371
2112 4276.629165661206 16034.64657078697
2113 2903.357055069517 15417.971131545766
2114 3088.1308876088956 16534.997721489504
2115 2983.752515770909 16388.691990810745
2116 3044.0847781729335 16481.14146144358
2117 2827.001816048622 15813.756938979988
2118 4300.410740461504 15805.510983141408
2119 1426.0560743570518 15628.028851448416
2120 4248.581531576308 16655.625610665684
2121 2201.349941527392 15385.492602064245
2122 2855.3219784204302 15272.571607409553
2123 3258.389951410453 15426.827157716061
2124 4074.422114925957 15658.758780159043
2125 2949.7118598202637 15398.911581987904
2126 2357.4150430219593 15835.580187082584
2127 2687.0672984803423 17152.870185045722
2128 3851.643244233762 15781.327923030845
2129 2081.891112933481 15384.700605394573
2130 2643.4256938252365 16353.27895868502
2131 3381.900084137069 17240.41393702776
2132 3828.933887283509 15222.510212139876
2133 1657.9441350063967 16968.965886891612
2134 3116.9895602467636 14977.996031828807
2135 972.2001147449045 15706.17543190585
2136 3724.471566706261 16341.809929254336
2137 2636.946707295135 16105.104477499197
2138 2117.733633854116 17213.408728845534
2139 2453.7043435381574 17034.51739842402
2140 3355.7559279826874 16119.294964426916
2141 3353.35391078905 15880.42783686667
2142 3401.3655054660594 17445.33164312111
2143 2821.9129576400537 16082.69947805307
2144 1121.8509354511887 16488.44777610425
2145 3128.763185853685 17431.113999156183
2146 1857.6529684956893 15807.52484789078
2147 3031.813564260476 15313.66159924513
2148 3017.905805369748 15399.420843540272
2149 4434.024051133112 17043.725316901142
2150 3198.387520823378 15627.59670438832
2151 3610.1641422896423 15916.174432494336
2152 1024.153513195143 15694.822566970746
2153 3663.8496851557093 17377.525516842994
2154 2139.200219847122 16687.55320072534
2155 3187.70721441639 15265.527998102054
2156 3314.114263170231 15813.783139061223
2157 2820.379469926964 15479.29196816111
2158 1082.2811765325414 15673.929296377835
2159 4450.611500020205 15923.18534669135
2160 3255.550938815971 17014.392792706978
2161 2841.705318829176 15605.826738732036
2163 4087.477210738549 16936.950772416094
2164 2197.3703398334483 15585.568608749601
2165 2482.7955152843924 17469.157284465462
2166 2123.273768992235 15392.002654571632
2167 1330.3393437936306 15675.746201822625
2168 1976.9153269012131 17289.990623996022
2169 2325.2985088752016 16372.954224712617
2170 2856.6905793747815 15121.314783081882
2171 3150.535982396155 17077.438088678762
2172 2334.2960784166944 17474.53845470503
2173 3024.5606940548646 16708.966117246506
2174 2836.908247378461 15253.978853629533
2175 2020.2197536482468 16329.096305074945
2176 1315.144190301066 15267.585874175325
2177 2215.609843640072 15403.96231356869
2178 1187.9012204620797 16124.17083546733
2179 2490.6123551461224 15583.823465933285
2180 3608.0541678858162 17341.728268009207
2181 3261.5009540334127 15836.606829724105
2182 1959.8375749864579 16357.564764585013
2183 3359.570461153517 15464.053592843848
2184 1805.3821459036164 15619.829263828278
2185 3239.1445341166364 15357.157146695881
2186 2638.9674573787543 16642.604986771265
2187 3281.8754771279646 15160.192377073412
2188 787.1687512870571 16926.355146020273
2189 3921.2904166867766 15172.012061927604
2190 3036.81986874318 16500.083278079415
2191 2801.1747627336713 14977.163559373344
