1357 3140.2394847421974 15580.931834986357
1370 3308.4129953510724 15804.147554654934
1426 2829.637106190745 15951.761429673867
1474 3091.165195333477 15448.578121078264
1480 3094.7700943385453 15593.70786022998
1498 2846.698520191928 15598.457620703768
1539 3174.770111346294 15582.528816951344
1547 3021.287939434466 15599.476407225586
1578 2827.4797047559086 16168.988049830537
1588 3487.045862340531 15384.829707051575
1592 3864.483260341692 15181.140420603248
1636 2795.36985201141 15399.970382867241
1645 2848.84663282935 15539.203797818675
1651 869.0462181918521 15761.57550499596
1656 2808.5873465043837 15400.29169862829
1658 2979.673020780613 15399.135306308099
1659 3174.766824347257 15406.636622489326
1686 2781.5828141228444 15399.635221572176
1691 2863.8198152042974 15419.651347341389
1705 4256.8074457897765 15535.145664417523
1708 2836.775260568261 15636.969153600885
1727 778.3833902981826 17552.28931177763
1729 2832.482472534044 15426.879948471502
1732 2909.0422383888445 15599.354430941128
1739 1911.1316257577712 15832.208856868308
1744 1742.1755514885515 15962.634926298228
1747 2712.634411803642 15397.959093893356
1749 2929.579120185384 15399.6660096291
1763 2872.500761932637 15399.32978867963
1772 2863.921098828692 15416.461016245847
1781 1532.493568460278 15529.036887495598
1809 1434.1277411241656 15646.10183415223
1821 3750.463728370318 15246.130230247536
1828 1548.0625444429793 17575.17519751742
1829 2871.4224470476097 15416.69342452949
1834 2745.6937516180033 15398.762762617249
1837 3189.7263795858807 15275.086490607606
1838 2727.3649240751756 15398.317190941452
1840 2817.3291676987906 15400.50421128956
1843 3144.3442745354514 16625.523853767794
1848 3139.063808126122 16637.420675207948
1849 1628.927477691455 15782.482725480439
1870 3675.9451948261385 15282.60575483326
1871 1832.624212034388 16320.398319470953
1872 3344.2386522605902 17346.890092750047
1876 1616.3797545354637 15438.120759866215
1878 2771.230358983684 15399.383554586157
1886 4248.242277222736 15550.355050529306
1887 2240.9352996859866 16365.23281117212
1889 2901.2688145896414 15421.053755651676
1899 4825.605050595899 16367.458627172395
1900 2700.4555453072217 15397.656224259563
1904 2338.0502905258954 16077.025648502437
1908 4374.053223402162 16152.628427241785
1910 2737.373100698151 15398.560488556597
1914 2761.6850178815234 15399.151508448946
1917 1385.093839378769 16015.221803683755
1920 3271.7557988659933 15144.334414994575
1924 3298.8354656926626 15794.292792548827
1937 2686.431258942452 15397.293133528185
1939 2865.000905959987 15399.285862272885
1941 3403.2467764013722 17325.633629392247
1942 2826.092406643384 15426.569995245753
1945 1566.4300274483066 15481.754939702509
1947 1078.9202288050922 15215.013905292033
1951 2446.78652914747 17047.95166238713
1952 3121.973905593959 16609.544799846382
1955 2753.5984983258218 15398.954926094653
1956 2948.436665084875 15420.650604354838
1957 3102.521129554578 15410.07381523842
1960 1451.716492151644 15680.928311487864
1961 3259.034608107235 15124.857178617516
1962 2660.5239137759077 15396.605786191401
1964 4482.470730205008 14929.201489242663
1965 2878.923851721766 15416.925834562244
1969 3096.663243586995 15596.048851494581
1970 1989.62175779488 15381.564635845776
1972 3348.0232175558676 16083.549646697167
1975 2084.6648166058094 16361.929274831004
1976 2871.311648792602 15419.88623981363
1977 2447.9999254747236 15407.953917862626
1979 884.8638792284253 15848.185470278586
1981 1804.9315938553395 16878.020005089107
1982 2893.786470306015 15420.609565113877
1984 1793.5219498318615 16794.232223065537
1985 4075.5769823523306 16135.56490031478
1986 2893.925824508538 15417.409640084488
1988 2718.735626780866 16877.82255437512
1989 2703.5895937704972 16889.815181454567
1990 3151.3435042469305 16630.643611815012
1992 2444.102397622371 17053.166037193405
1993 3586.0474650251363 15329.176682486475
1995 2847.265375467847 15603.370346962307
1997 3707.285809354436 15325.251847594747
1998 3185.848146527978 16199.35805841647
1999 2852.4366147923574 15387.83935948923
2001 3149.2572311992494 16635.96799416882
2002 2193.9096629874266 15422.717295808883
2005 4287.475615512633 16005.63781675579
2006 4608.166470935488 15843.915969613598
2007 2832.126355032047 15434.372440331383
2008 2545.4059437300734 15393.551593273594
2009 4556.3099754085 15288.578874088704
2010 3283.1811162990243 15767.960591510842
2011 2603.4600797848498 15395.091826576156
2012 2593.7241852296506 16965.812245171626
2014 4846.730037383789 15713.952799984558
2016 3146.3504583898302 16220.382092535172
2017 3262.174006807685 15407.07888554815
2018 2625.256748352064 16948.218536890694
2019 2427.00510926724 16728.227481358335
2020 2902.5004181852773 15399.505495667547
2021 3089.7009000118974 15406.87350446746
2023 2878.8035658016834 15420.121134901374
2024 2849.436049358147 15380.261186928048
2025 2840.319575519064 15714.03524907022
2026 2880.0006537607987 15399.37371529638
2027 2632.630685104591 16928.90371570984
2030 2899.8735541279448 15399.492719458638
2031 3060.398914907611 16484.136096331822
2032 3078.366709581731 15419.025611708275
2033 3444.6072719978138 15401.560760816772
2034 1803.5177765251847 15620.27036999653
2035 2672.8404373463354 15396.9325556701
2036 2619.079197155261 15395.50621711515
2037 1476.6525631200075 15704.841609481049
2038 3370.573025102764 16101.303644688873
2039 2208.870354626932 15392.957381691567
2040 3525.6706566761986 15363.493078902346
2042 2886.295465974492 15420.356029461247
2043 2837.1603771720293 16371.417137008495
2044 1666.7691762859904 15766.930252764445
2045 3267.696560907174 16165.980300329806
2046 2045.5508863315042 16361.102411769227
2047 2887.5005545175686 15399.417641965423
2049 2703.695463056132 16882.445595096793
2050 2849.635483896512 15372.763015397953
2052 2849.834918546228 15365.264839681398
2053 2895.000482827133 15399.461568795843
2054 2849.2366148656943 15387.759356731975
2055 3659.8398583092876 16410.987765905444
2057 2646.931457896911 15396.245164974187
2058 3146.6292748482797 16623.131224294324
2059 2781.0668803352887 16360.984207878953
2060 1553.171298726251 15506.055948216972
2062 4044.699736821538 16913.63296071846
2063 2788.5679794416305 16360.907619160285
2064 3106.5687874934883 16584.072718022748
2065 1503.4174987156214 16779.667266489498
2068 3559.5980172262553 15369.08843708705
2069 2796.068989508166 16360.831031350743
2070 3770.2934303524335 15110.645092567389
2071 2910.000290222317 15399.54942216838
2072 2270.202690638255 16356.419923603202
2073 1830.7867618088583 16243.078829580942
2074 2908.90921769894 15418.301681402212
2075 3306.4004622612765 15407.416281114865
2076 2852.835483671975 15372.843023839905
2077 2917.500187364184 15399.593348816252
2078 1452.3205878315582 16421.169167166434
2079 2705.5358201611652 17193.264139206767
2080 1868.0509194043568 16855.795917871885
2081 4226.239771364581 16063.762267217768
2082 2022.7304085001297 15399.723925116314
2083 2208.394337927801 16654.874794993495
2084 3731.1589503674386 16341.727367787986
2085 2773.5641865372263 16361.060812879954
2086 3821.4337532770046 15223.050696705996
2087 1418.4108145116872 16076.27475151755
2088 2607.3132695293652 16372.369501617532
2090 2603.3244412644135 16937.74371698779
2091 2671.493576272276 16900.18680992859
2092 1831.1609036915002 16820.858792822157
2093 3355.258659774299 16109.225367059227
2094 2190.709567351795 15422.661985633113
2095 2588.817667467087 15394.703348982408
2096 2841.7698946113996 15400.897232233834
2097 2908.751248528044 15421.497951511841
2098 2852.636049144607 15380.341194956538
2099 2632.9095459492933 15395.873149865272
2100 2641.114054379996 16916.924016291552
2101 2465.2291432977772 15408.875578025401
2102 2886.425272620862 15417.15824509768
2103 4309.318521070225 16068.50055524662
2104 2133.5120398361187 16694.441927188178
2105 1417.852610519396 16158.84331539162
2107 2030.450212971633 15390.895032372684
2108 3086.0786751933197 16556.37142348064
2109 2033.3301561326007 16754.82140310818
2110 4383.499078954508 15472.83294169534
2111 1994.0417772619267 16349.639996442107
2112 3919.769211256528 16231.322891985546
2113 2901.417514790195 15417.855660367472
2114 3139.9336606158486 16618.420993738455
2115 2837.061613499874 16368.217103736095
2116 2844.6071470459224 16368.002035300546
2117 2821.060141247697 16347.322456615271
2119 1498.6151791379846 15899.467373129151
2120 4358.981272472757 16794.316969728912
2121 2519.9959882369535 15392.450137259575
2122 2853.034918853802 15365.344828117477
2123 2789.0378803791205 15414.007688614927
2124 3781.271146812064 15828.392286598957
2125 2949.6010161926774 15398.910754302515
2126 2339.4530074400063 16256.038494007573
2127 2577.358932158994 16989.399421023187
2128 4047.369308941316 15605.024707351882
2129 2489.0966968431803 15389.600306372438
2130 2643.4256990093127 16353.279080325658
2131 3430.1715232416145 17070.15304876867
2132 3378.0538561483145 15428.171143162768
2133 1502.9679571899555 16802.899584547307
2134 2856.572847869583 15135.11979329231
2135 1418.2461399946694 15632.347349704884
2136 3302.5612864541285 16573.24033880269
2137 2643.1062082723847 16345.782458391319
2138 2547.9912512280976 16967.577673115895
2139 2557.0210132668362 16973.283522514856
2140 3013.911159751867 16412.540571943362
2141 3494.8865908857765 16125.065150129783
2142 3245.07241364182 17388.362798786464
2143 2756.2731879408534 16371.08114899171
2144 1042.6797515841267 16649.020363356147
2145 3337.2143667279593 17343.403418205915
2146 1851.1822680799164 16305.63851832146
2147 3082.19937186862 15400.797116148753
2148 2957.1009138154764 15398.966757122278
2149 4401.175326242041 17060.704483330624
2150 3104.082475930499 15595.101336868682
2151 4001.4155702442904 15691.570133088155
2152 904.3276831946281 15731.199615902511
2153 4038.497190568764 17153.679774675536
2154 2330.1826230926863 16489.169912797228
2155 3275.798180541453 15403.982602769647
2156 3459.5327977953484 16065.316731902552
2157 2822.8924748298446 15426.419900169276
2158 1446.97230164953 15604.716220319811
2159 4366.003605297296 15738.043975617235
2160 3256.3897728546062 16839.408876695503
2161 2823.0122844472753 15978.50485717833
2163 4128.52781113559 17105.49089514423
2164 2187.5187488323018 15422.594314443822
2165 2703.0444632454 17346.58350588016
2166 2638.098967550019 15398.817347849781
2167 1302.3229018454156 15692.631119014468
2168 2353.3905030272604 17080.036072162635
2169 2006.0272822507316 16358.661952468676
2170 2850.0345092354655 15357.76079732253
2171 3319.2456467942175 16976.28639563844
2172 2227.7285237296146 17298.05636260378
2173 3040.348846322683 16481.22163693779
2174 2856.9973028267273 15172.883614180935
2175 1870.1235396184038 16355.433702094464
2176 1104.4414677810596 15371.668288858225
2177 2224.060941485536 15385.414418108725
2178 1020.187241651553 16264.078928686657
2179 2379.092841400782 15755.290293646316
2180 3430.7143471782424 17222.93640235238
2181 3266.426052421543 15731.775764548374
2182 1862.504686629076 16355.252724260172
2183 3329.9933143509115 15492.438515733069
2184 1591.5482642294305 15689.5809426436
2186 2815.0566870126777 16573.65193245023
2188 708.8474762355637 17096.308979102367
2189 3627.5964694057275 15332.134533350385
2190 2910.743565181478 16568.878155438662
2191 2856.9273039150917 15118.99403534774
2192 2592.470293386484 17177.148301070953
2193 2336.680342567585 16178.004972124563
2194 3809.180831255028 16300.535226527258
2195 2103.775720912769 15214.662704162693
2196 2656.08649605077 14762.851066046722
2197 4153.874437488293 15614.369495107898
2198 3603.8820597451945 16620.94064590627
2199 3821.157545794994 15539.960059801937
2200 4518.594245551915 15273.53598803417
2201 4335.4811781316575 16799.465565424525
2202 3522.4864662557443 16659.365396537785
2203 1295.3008047826859 15805.91791845573
2204 1020.3481463591396 15030.940108045159
2205 1937.1901701396246 17555.776948240382
2206 3250.486158332151 15342.143797550225
2207 2574.1496653743316 15394.314192466773
2208 3276.5488227281617 16849.534882921456
2209 1075.4846448324197 16345.342753551018
2210 3309.992941888711 16030.145496295967
2211 3585.350635896803 15129.76582496847
2212 4033.955818572618 15928.328193118692
2213 4284.813033544159 16721.02891209148
2214 2830.678661464945 16178.488661195754
2215 2359.6951393193167 15647.214535269757
2216 3181.5993698854336 17313.40898527005
2217 1856.6019644369178 16034.57784081287
