1357 3447.595870671708 16045.414629034854
1370 3538.2652386341438 16198.324551873366
1426 3025.795986168186 16426.222218997453
1480 3424.172660093317 16007.97677916014
1498 3322.922786682646 15484.531707626009
1539 3464.2381398786288 16073.304957000306
1547 3405.1445337568593 15975.478530296306
1578 2990.8583573548376 16522.650790351
1588 3924.6090219625166 15338.008296186505
1592 4472.847713062804 14911.818634873023
1636 2802.393933669157 15400.141137479224
1645 3194.9055587871608 15615.69197781951
1651 997.1960303802797 16133.424709288238
1656 2809.8916687174888 15400.3234065503
1658 3265.6815727284043 15329.016019384406
1659 3338.8686316346025 15248.569907839
1686 2794.8962220260833 15399.958868977126
1691 2493.1255024363436 15417.912364389167
1708 2848.4239090854308 16353.339394907693
1729 2832.482472534044 15426.879948471502
1739 1915.0111904126586 15773.996534248412
1747 2742.4124431765736 15398.682994388888
1749 3241.0235100858786 15344.312810593408
1763 2872.500761932637 15399.32978867963
1772 2476.4654716822724 15418.5354996031
1809 1364.6111680032432 15427.344581431153
1821 4034.594443551919 15302.57864098491
1829 2510.098172172181 15422.090018567209
1834 2764.9054634287595 15399.229797107395
1838 2749.910126816259 15398.865262210225
1840 2817.3894143601797 15400.505675878925
1843 3509.0607893216747 17159.60848003184
1848 2874.412797306884 16370.403887834334
1870 4381.116181279388 14895.858852257783
1872 3500.155792551474 17463.309266353182
1876 1073.301341955407 15692.251181841712
1878 2787.398515506329 15399.776600599575
1886 4429.041758147147 15353.788229896634
1887 1834.9723467337078 16187.13989098767
1889 2655.0427173539165 15417.71898029842
1900 2734.914701533762 15398.500725157499
1904 2186.885218583946 15471.51080433332
1910 2757.4077938345217 15399.0475296275
1914 2779.900850543194 15399.59433323226
1920 3204.079604593458 15034.666768968833
1924 3091.852137973537 15513.090453363076
1937 2727.416896143188 15398.318454376411
1939 2865.000905959987 15399.285862272885
1942 2826.092406643384 15426.569995245753
1952 2866.961392736338 16370.571927468693
1955 2772.4031358060124 15399.412064654945
1957 3793.2535278928785 15223.120308626483
1960 1417.2755898619514 15598.80774985118
1961 3223.6031243420716 15064.831366327468
1962 2712.41959186825 15397.953871645594
1964 4530.987059377591 15237.033856829841
1965 2431.466518912793 15411.896562230164
1969 3044.815823362965 15425.440057332073
1975 1829.944080714124 16105.902237100589
1976 2648.965176654045 15480.872964357079
1977 1804.6027315112815 15399.830519623225
1979 1051.2425842403584 16426.247915858425
1981 1825.5648241831316 16769.855407600004
1982 2615.5671234389615 15417.14882942679
1985 4460.413266794986 16318.080242898575
1986 2583.6049487604537 15410.262425366824
1988 3420.119705148868 16495.589315127796
1989 3377.868842417295 16519.16364621695
1990 3409.7481991734994 16714.91711355592
1992 1683.8857424091502 17464.471946781494
1997 3179.563108935118 15424.997037271083
1998 3607.8585541442217 15954.44186496789
1999 2852.4366147923574 15387.83935948923
2001 2599.3611688172255 16966.33175173637
2002 2224.701461426561 15183.487900700127
2005 3646.093142778281 16385.0711920804
2006 4657.030518815889 15829.61750907167
2007 2832.126355032047 15434.372440331383
2008 2645.599570709185 15396.209828697718
2009 4371.27120487468 14957.26804671951
2010 3300.89436621355 15500.086725410434
2011 2668.0945148061996 15396.806641679394
2012 2357.1623909308432 16646.28084005961
2016 3614.908869725178 15968.587057606368
2017 3835.1971956297743 15200.549709332456
2018 2380.865814764481 16684.328323186834
2019 2573.8108638716726 16958.36695756366
2020 2902.5004181852773 15399.505495667547
2021 3335.1749136763324 15283.045622128118
2023 2520.3650091747595 15412.953100127801
2024 2849.436049358147 15380.261186928048
2026 2880.0006537607987 15399.37371529638
2027 3290.889480869168 16563.775167451025
2030 3168.9693227915277 15407.650965432764
2031 3455.8625360191436 16468.315373481008
2032 2238.736870847924 15405.651475335037
2033 3962.958043790247 15131.204506775617
2035 2719.91883664032 15398.13617741788
2036 2675.592804534175 15397.005578677446
2037 1440.975489483537 16283.97551872813
2038 3238.348098694195 15693.414347479775
2039 2903.933425698371 15405.08220695129
2040 3960.622614594129 15402.265670403214
2042 2583.6304710189656 15416.66485646728
2043 2837.1603771720293 16371.417137008495
2045 3131.5731849835 16604.957269803937
2046 1556.8205775384686 16474.65119653684
2047 2887.5005545175686 15399.417641965423
2049 2809.541931165333 16268.11877365888
2050 2849.635483896512 15372.763015397953
2052 2849.834918546228 15365.264839681398
2053 2895.000482827133 15399.461568795843
2054 2849.2366148656943 15387.759356731975
2055 3451.9887900801573 16058.768005944181
2057 2690.5893602901306 15397.403452044768
2058 3677.6956366711106 16347.247721846681
2059 2781.0668803352887 16360.984207878953
2060 919.3624928337784 15741.109483664412
2062 4037.383648473681 17158.04196981653
2063 2788.5679794416305 16360.907619160285
2064 2859.5110388528037 16370.779643909009
2068 3256.974456085381 15717.928746348476
2069 2796.068989508166 16360.831031350743
2071 2910.000290222317 15399.54942216838
2072 2335.7574435755027 16470.387055342297
2073 1848.183045078125 15557.755653909328
2074 2714.696021812523 15412.045248557462
2075 3861.018006729033 15186.640286499332
2076 2852.835483671975 15372.843023839905
2077 2917.500187364184 15399.593348816252
2079 2578.871612433819 16991.82865964093
2080 1769.2367045738397 16910.22203947287
2081 3882.315525997449 16422.7359229034
2082 1772.4171542113004 15398.848846204748
2083 2378.0486379121085 16787.748201649945
2085 2773.565860087482 16361.06079579245
2086 3074.8206000460186 15422.733805383297
2087 1419.0767454582547 15649.092559710361
2088 2334.1893697864184 16574.42118510382
2090 2810.0783325195407 16319.44409037809
2091 2806.5932440438223 16152.039410940411
2092 1833.5592008730944 16059.887566017052
2093 3613.327736435541 15918.054669594792
2094 2169.6005280337813 15187.998210555283
2095 2660.5962191439976 15396.6077045239
2096 2830.208370309599 15924.582471069743
2097 2683.6923049804523 15414.86780498591
2098 2852.636049144607 15380.341194956538
2099 2683.091082885077 15397.204515373654
2100 2859.172571105524 16353.013785712248
2101 2215.262230347679 15416.762012035417
2102 2927.6954828876264 15399.653168874784
2103 4162.741959260419 15601.47227094333
2104 2434.2195008783274 16727.68322035411
2105 1730.8261306567692 16291.275435460804
2107 2821.2211679236575 15403.132946330468
2108 2852.060794298081 16370.992142293217
2109 2426.386937012033 16739.460209959892
2111 2415.1366436276858 16360.67634839771
2112 3765.104707523167 16573.15477445743
2113 2625.243649127517 15414.094649790764
2114 3172.6891699402377 16675.287444062964
2115 2837.061613499874 16368.217103736095
2116 2844.6071470459224 16368.002035300546
2117 2336.6032369470804 16411.24340665172
2119 1563.1028578271205 16286.919369015735
2121 2638.1007186785546 15396.010876781223
2122 2853.034918853802 15365.344828117477
2123 2010.3960522479317 15402.750220013368
2125 2949.6010161926774 15398.910754302515
2127 2571.5544161782523 16980.832463996783
2128 3862.4471192821043 15227.09368980409
2129 2630.6010082208186 15395.811902089812
2130 2396.5864541899755 16368.179652651057
2131 3130.236180982616 16623.206321515783
2132 2527.644801074806 15408.83022041404
2133 1421.1869434178238 16086.29527655331
2134 2853.234354363437 15357.846620070395
2135 1502.1683681954348 15879.796378350438
2136 2959.413341531382 16379.014768318051
2137 2455.789667095665 16368.919626267987
2138 2815.817865139973 16367.795334050397
2139 2748.7080624721716 17090.310575942134
2140 3147.8446537376594 16631.160870286603
2141 3706.9100123118415 16480.057869779488
2142 2752.59363993418 17248.448994686358
2143 2122.4633914880574 16362.728331462204
2144 1307.4615924717632 16607.622289303017
2145 3724.796750259152 17154.796826725644
2146 1425.2998726673857 16552.271701510614
2147 3618.8018116161143 15317.009551244011
2148 2957.1009138154764 15398.966757122278
2149 4344.124750785 17088.54419219375
2150 3064.455142466248 15425.763774502033
2151 4451.48667775234 15398.842260228617
2152 1548.2596462229483 15490.87695702062
2153 4466.570103005647 16957.906036102264
2154 2780.395680420865 16357.790572396818
2155 3808.654804675599 15207.57653999125
2156 3634.9292657170804 16364.43263113172
2157 2822.8924748298446 15426.419900169276
2158 2007.966185126832 15390.626740471032
2159 4112.529358073365 15637.597011274063
2160 2886.043049810434 16370.141609312257
2161 2606.7788578936807 16372.364213586354
2163 3508.6698719558076 17462.731002322373
2164 1993.049056029413 15406.074902010965
2165 2580.7034921157046 16974.91336148833
2166 3490.8582526923856 15382.600029546908
2167 922.7592036845516 15928.468561717591
2168 2552.3547167703846 16964.88733365308
2169 1516.4819115315263 16498.340789109563
2170 2850.034353808046 15357.766640951526
2171 3145.7396435414016 16650.17896470453
2172 2439.441481157959 17038.874832085825
2173 2844.610573156186 16371.204640009635
2174 2855.636616362165 15387.92930046894
2175 1489.0987459288308 16514.44468356314
2176 988.3491004796265 15609.95575761415
2177 2509.159401932852 15387.615214408845
2178 1336.7346907393041 16200.58382173451
2179 2219.2213406635665 15385.339353089921
2180 3501.7068200842327 17277.612906052986
2181 3493.4631084612 15720.457220017208
2182 1467.700360717201 16527.02896041136
2183 3572.378980755731 15880.175906724044
2184 1437.1935815815357 16039.891471445337
2186 2803.59832893782 15866.144523435625
2188 1250.015924729464 17567.43250797035
2189 2876.2469257111193 15416.842897500608
2190 3143.690359799532 16624.470788383922
2191 2853.43378909124 15350.34844141796
2192 2238.5659102234017 17162.693997941056
2193 2413.046640216205 16711.94231651698
2194 3333.0888572251674 16554.490201315035
2195 2166.1740500705296 15385.971535458692
2196 2860.220369240444 15194.470776484895
2197 3606.9173086200617 15931.887284498463
2198 3668.038723961689 16424.069019945564
2199 3879.0916250127098 15309.604374211705
2200 4435.309336032835 15074.088792901095
2201 3947.3921359210885 16840.069406453633
2202 3434.2815931193086 16499.639553923254
2203 950.5097895823815 15958.109353145162
2204 934.2086931129203 15260.754891064515
2205 1827.4471625328565 16895.95975897745
2206 2992.6302390467445 15399.232059730039
2207 2653.097885989364 15396.408766373695
2208 3154.2513593186313 16672.11375830673
2209 1403.5456103623596 16167.222675882067
2210 3417.5608356249945 16003.440404424333
2211 3565.613449382482 15089.992844591576
2212 4069.3978311186042 15647.741951507316
2213 4242.14558552343 16479.045820531643
2214 2813.1188181846333 16351.80215873409
2215 2438.093144121664 15698.134332436612
2216 2968.5908690600677 17181.094404274576
2217 1992.954017360066 16349.593951916679
2218 2473.704676522687 15176.790065151143
2219 3033.8093354128596 15396.07959967713
2220 3945.2584504927872 15356.497173923488
2221 2853.6955898871815 15340.505475947817
2222 2305.6550584090696 17118.366853002466
2223 871.6641926369709 16185.503935219085
2224 4475.611388117031 16146.283155600893
2225 2686.143327532804 16633.835391504745
2226 3544.213739844781 14747.932697885051
2227 2347.167244800727 15665.549250054712
2228 4392.989795020409 16225.3811228366
2229 849.0702339860597 15778.013754188629
2230 1934.2186408903442 17236.298771398637
2231 3949.617833934423 15765.745486242902
2232 3271.435435803502 15408.749626713656
2233 4455.8939269890725 15104.192960185714
2234 1168.630862449476 15437.642758937794
2235 2936.05 15399.71
2236 3290.2789048106924 15773.634012099654
2237 2810.1492814298117 16819.225973085544
2239 3138.9883428175795 15584.969576591915
2240 2511.7338632261235 15379.051430177247
2241 2356.1379871228723 16171.652796699836
2242 1899.103937078519 16566.364968321068
2243 1954.8729230534186 16181.11798052822
2244 4242.6980978916545 16482.337000400817
2245 2051.9098603478624 15408.024465706303
2246 4159.432658029928 17445.387401723638
2247 2544.8818463131115 16173.959443145599
2248 1068.996583041151 16934.999273049285
2249 2331.338562995294 16102.60412257396
2250 3550.954054825679 17508.63768895932
2251 4546.705175581732 17695.941054093862
2252 3251.7866140309784 15113.814631819783
2253 1047.2236474480655 15053.083063211505
2254 2962.4733321614754 16285.911788359901
2255 1842.416042918616 17381.031078177253
2257 2226.9069409728986 15647.020493751217
2258 2751.4350608988193 14897.620255002877
2259 2654.3293056973657 16359.077927302429
2260 2193.57 15207.22
