1357 3625.0573048763354 16347.432251965436
1370 3640.7016280597927 16373.894346254057
1426 3277.6519896606765 16567.386855809385
1480 3498.6291485085303 16245.57604580066
1539 3630.938044702842 16357.559399797734
1547 3577.731434232941 16265.932967447261
1588 4236.432018286446 15910.891743266817
1636 2802.393933669157 15400.141137479224
1645 3388.7645017665423 15945.2884423157
1656 2809.8916687174888 15400.3234065503
1658 3315.884027926013 15207.121011824329
1686 2794.8962220260833 15399.958868977126
1691 2011.3858648540045 15409.97434294351
1708 3122.474876554425 16233.16889141645
1729 2832.482472534044 15426.879948471502
1739 1914.5439614031143 15729.443843991772
1747 2742.4124431765736 15398.682994388888
1749 3378.2269489389096 15209.897533933236
1772 2044.114066946222 15427.706950997394
1829 2352.0170632491713 15845.94032250452
1834 2764.9054634287595 15399.229797107395
1838 2749.910126816259 15398.865262210225
1840 2817.3894143601797 15400.505675878925
1843 3684.0040752458863 17548.996327144683
1848 2844.610511594408 16371.20464176552
1872 3523.887723032049 17421.510840813753
1876 894.6382013081981 15869.286441163631
1878 2787.398515506329 15399.776600599575
1889 2395.6559087933206 15445.771654152242
1900 2734.914701533762 15398.500725157499
1904 2187.5187492331265 15422.594295501132
1910 2757.4077938345217 15399.0475296275
1914 2779.900850543194 15399.59433323226
1924 2881.0436510017093 15420.191368595762
1937 2727.417002453327 15398.318456960797
1939 2655.1224179322467 15411.318974924001
1942 2826.092406643384 15426.569995245753
1952 2837.1603199135816 16371.41713864164
1955 2772.4031358060124 15399.412064654945
1957 4023.3812336114524 15526.487698758774
1960 1239.924392790534 15495.627676225353
1962 2712.4216713000797 15397.953922196342
1965 2215.3610902248383 15410.362012122703
1969 2871.2459268829816 15419.884179225704
1975 1833.3624203774457 15613.209185316713
1977 1465.9086969402736 15676.958907109536
1982 2457.6448106962125 15669.591638156578
1985 4653.591995628075 16259.162891872735
1986 2222.8621533926375 15410.377088745292
1988 3725.1889184046595 16509.225035946776
1989 3692.5398530935195 16457.12778744071
1992 1336.7560364195112 17632.0460048809
1997 2863.921064024333 15416.461015167532
1998 3857.1209198783017 15778.346766813313
1999 2852.4366147923574 15387.83935948923
2001 2585.41156492597 16975.186353824654
2005 3157.6023613475913 16655.17631040976
2007 2832.126355032047 15434.372440331383
2008 2645.599570709185 15396.209828697718
2011 2668.0945148061996 15396.806641679394
2012 2001.2898745253563 16778.304357414083
2016 3756.4585431937053 15817.936359509105
2017 4090.1384928868597 15168.551984219408
2018 2079.0141150424042 16741.76511891363
2019 2837.3408979959154 17366.057928149123
2020 2859.3359255307723 15402.06870919243
2021 3243.184470350087 15100.708995535086
2023 2071.131752450801 15408.162127820435
2024 2849.436049358147 15380.261186928048
2026 2847.2388994102225 15562.223178881404
2027 3758.2153216602105 16309.645672746488
2030 3247.698671234504 15406.968477750663
2032 1900.855491023911 15402.616433245848
2033 4161.813982607985 15233.13192859564
2035 2719.9193405273927 15398.136189667317
2036 2675.592804534175 15397.005578677446
2037 1819.4732502655565 16332.928335868326
2039 3413.9413841930204 15406.82829672301
2042 2438.372268048257 15703.396087885547
2043 2420.32521277735 16368.476360451043
2045 3143.890222509599 16624.792647626324
2046 1412.8661339944176 16344.896061326628
2047 2812.292024279338 15413.234930789096
2049 2818.1854475735267 15745.230902613157
2050 2849.635483896512 15372.763015397953
2052 2849.834918546228 15365.264839681398
2053 2848.2704253509264 15408.813133620759
2054 2849.2366148656943 15387.759356731975
2055 3229.3820511584386 15678.649666241794
2057 2690.5893602901306 15397.403452044768
2058 4202.904758916606 16058.799053860916
2059 3016.600896141562 16410.799493091374
2060 972.608336913877 16035.513342002017
2062 3683.793258269884 17369.901158137523
2063 3031.824733963768 16436.33410746607
2064 2636.1796464438394 16372.633760789487
2068 3267.065355913083 15860.725861877914
2069 3051.2671238507355 16475.190888013305
2071 2867.4722278706336 15399.300336723041
2072 2565.579605676517 16939.132440423116
2073 2016.6384700076665 15381.54589213771
2074 2171.0466132199113 15409.010172696304
2075 4104.333836243201 15193.570989089658
2076 2852.835483671975 15372.843023839905
2077 2878.974503888256 15399.36770517074
2079 2221.6304903232863 17172.325647858732
2080 1501.5675433430288 16814.92169033643
2082 1279.1791197747507 15691.637726988298
2085 2999.9565297896 16383.9548973422
2086 3018.9772705222244 15345.83718854561
2087 956.7180070390284 15725.272710939258
2088 1965.8842296123478 16798.81836382985
2090 2816.5581082712292 15780.03247631095
2091 2824.7908817725734 15521.306207252916
2092 1848.813043712454 15482.564503427391
2093 4048.3838955692668 15662.88241360323
2094 1919.3127935683176 15189.754202075808
2095 2660.5962191439976 15396.6077045239
2096 2854.853721463396 16356.347554465596
2097 2146.5886891523905 15411.902627217525
2098 2852.636049144607 15380.341194956538
2099 2683.091082885077 15397.204515373654
2100 3139.1320031252535 16224.224369309346
2101 1999.3123272671892 15406.312803521052
2102 3005.900143968663 15399.33114802844
2103 4581.982393915597 15359.272282256106
2104 2794.116568634244 16610.584891898772
2105 2140.0676860134786 16354.041626509965
2107 3255.1307476806655 15384.655913164033
2108 2528.630069550846 16370.613226152047
2111 2796.0683533593437 16360.831037846036
2112 4095.5691628654654 16942.56406711544
2113 2108.1074380065484 15408.426937913935
2114 3489.272859428597 17128.99559258182
2115 2837.061613499874 16368.217103736095
2116 2844.6071470459224 16368.002035300546
2117 2149.8037266310516 16694.405132982087
2119 1908.8626983296788 16346.034393533499
2121 2638.1012803566373 15396.010891683094
2122 2853.034918853802 15365.344828117477
2123 1893.333775357493 15402.504886013743
2125 2898.1174443687355 15399.479824735821
2127 2337.3730944522486 16614.516107287105
2129 2630.6029302523716 15395.8119530832
2130 2326.2427996543406 16596.874874697278
2131 2852.164865970397 16367.786619548233
2132 1933.9187188216117 15403.106761743875
2133 1441.207322125859 15661.923964152262
2134 2853.234354363437 15357.846620070395
2135 1435.0240231456003 16283.832060090412
2136 2859.52207729457 16370.779329066856
2137 2334.2850713413222 16573.345377181227
2138 3106.5177412555176 16241.899782566828
2140 2855.528290532427 16822.39153709437
2141 4008.140811918513 16889.74405000778
2142 2426.6085284277274 16745.4910363848
2143 1714.4006763497828 16399.497201611106
2144 1664.8474259541274 16408.069806203435
2145 4194.355037583954 16946.94881613418
2146 932.506346995455 16833.155177661843
2147 3893.526705731306 15282.548557639524
2148 2911.2161075920194 15399.556543170236
2149 4302.807290967709 17108.02124280617
2150 2871.4540996437363 15416.69440519661
2152 1837.239194544102 15383.071761924444
2154 3084.888005411603 16253.785852476081
2155 3684.175718680069 14979.510219988997
2156 3653.155937935301 16394.28391746813
2157 2822.8924748298446 15426.419900169276
2158 2485.04311108637 15395.998591762213
2159 3874.5613525129884 15308.108409923123
2160 2852.060832535535 16370.992141202594
2161 2332.7136291158977 16354.62456589378
2163 3466.682057571524 17689.366643330948
2164 1894.2185310126567 15396.113446443413
2165 2843.462540808192 16812.712175577628
2167 870.6584547886171 16189.32099253376
2168 2555.712535581502 16951.815831425436
2169 1180.1376975819342 16690.910870299995
2170 2850.034353808046 15357.766640951526
2171 2860.160044056614 16367.558735008
2172 2562.2243526158027 16959.69212130458
2173 2474.448825467568 16369.269353351488
2174 2855.636616362165 15387.92930046894
2175 1543.2238774292748 16865.234502721636
2176 1281.186409800511 15681.545802937815
2177 2817.5491623084395 15394.10567624946
2178 1481.9147421755638 16284.96234938244
2179 2756.0424217639165 15392.610853836157
2180 3936.117256587729 17015.52997410005
2181 3595.2840053036525 15665.80412667351
2182 1421.3882908500643 16155.561589315103
2183 3935.969553046085 15731.5079448127
2184 1559.926895672957 16286.842813226252
2186 2822.5354732254964 15433.9309929955
2188 1619.7028386941329 17483.794162708
2189 2863.754006367375 15419.64928402802
2190 3149.0424995992553 16633.358060361603
2191 2853.43378909124 15350.34844141796
2192 2419.5147542135223 17046.431753345514
2194 3071.1047114645194 16531.61170307193
2195 2473.603411192245 15388.940637369136
2196 2850.2337898833816 15350.268411635714
2197 3263.711910443997 16168.092792748352
2198 3465.6270975547086 16081.926285076197
2199 3684.466328793 15279.829631290339
2200 4298.55222926149 14962.299964158668
2201 3646.7923836434993 16390.028452925264
2202 3096.6864994283105 16567.732534938186
2203 1018.956456947248 16257.686680490571
2204 900.8599407902614 15472.04952761701
2205 1829.371107873667 16731.3467795827
2206 2924.3668951567706 15399.633566895185
2207 2653.097885989364 15396.408766373695
2208 2871.5419670539773 16370.468629087
2209 1131.5531689402046 16317.933980623688
2210 3170.506789040401 15581.673661858555
2211 3586.830741747742 15125.962356436015
2212 3842.092620940129 15244.207940458591
2213 4463.1046125087605 16366.40105082474
2214 2813.1188181846333 16351.80215873409
2215 2338.9703888008685 16273.699766041591
2216 2791.303886714103 17296.368543439345
2217 2409.7089153908396 16357.38491162286
2218 2530.4799870697966 15389.95320518121
2219 2942.73186747822 15399.312565503154
2220 4089.3444471769412 15638.107078684092
2221 2853.6332248461486 15342.850224149304
2222 2557.0209668874836 16973.2835511144
2223 1002.448604507417 16160.41989279894
2224 4467.0765196667335 15941.247001218628
2225 2803.2766281781937 16383.98920270224
2226 3685.6511377963893 14975.819064211119
2227 2387.9293429698764 15778.983422556166
2228 4079.666857345958 15663.895869625936
2229 1246.0274912964796 15681.708201179988
2230 1857.844375756748 17312.424408690524
2231 3638.461246271103 15910.592006879544
2232 2975.7309440124864 15399.105870250989
2233 4594.438399029026 15351.806276833526
2234 1338.4781228865763 15350.584485328303
2235 2888.3702611934696 15399.42273580847
2236 3500.4268995307743 16033.135492762207
2237 2844.1106886043162 16359.875810956035
2239 2833.588881530973 15722.708433363674
2240 2509.1172075936797 15433.159011485783
2241 2440.3912424230284 16357.714786519455
2242 1835.4576272882698 16755.217959217724
2243 2037.7792182884953 16351.456567437242
2244 3987.7644890071565 16615.212730035983
2245 1987.2835372727275 15405.460733265418
2246 4277.081223658924 17234.67209895084
2247 2346.6715514856724 16226.240559120208
2248 1118.401709935124 16715.30998237271
2249 2195.7453181261244 15528.599408446009
2250 3707.5711725706938 17516.864890134504
2251 4295.744179518562 17266.60222375672
2252 3096.300794414041 14989.549368058244
2253 1024.206970995555 15231.563024294966
2254 3104.0254644979277 16252.826431657799
2255 2247.7306552620557 17144.114576088657
2257 2193.909632040049 15422.71881342067
2258 2857.0968969737182 15181.744520303493
2259 2796.0189404851694 16357.631031991777
2260 2106.0539683291745 15300.583242521665
2261 2505.5716169541506 15446.5734619828
2262 3143.9151379420423 15900.726977131091
2263 1115.2474116788035 15193.151782087512
2264 4424.545561499291 15054.466796836756
2266 3633.500325291283 17398.40787520793
2267 4248.365154249019 15926.296465309315
2268 4154.862009897854 15769.875380903099
2270 3295.836192076953 15499.163140006109
2271 2855.6366166104863 15387.929291132761
2272 4661.623964841515 15466.0543768387
2273 3234.3353833448123 16796.10502427964
2274 3642.059975719441 17389.871881449853
2275 4157.961461929839 15805.545756596288
2276 3294.5364486854605 17277.788545667005
2277 4489.383260739243 15163.43610242634
2278 2851.4577460616883 15303.268180921003
2279 401.9048250728892 17938.64353316769
2280 3549.7940834433416 16417.119068228432
2281 2464.230575283006 16948.040307250085
2282 4218.222463261088 15578.21900682612
2283 2203.4726011471475 17165.736001012243
2284 1784.2163298401615 16561.05921486023
2285 3672.054964338544 14959.981388240803
2286 1034.7859748546223 16684.220192555273
2287 3101.4875487441464 16664.830237763676
2288 4378.466199376653 16413.883349157273
2289 2347.151799378396 15662.943053603693
2290 3064.3736314560942 15938.040555088464
2291 3926.905539720243 15724.486848772764
