1370 3935.119348138923 16639.695487193596
1539 3998.7540663983164 16400.501800446193
1547 3840.414577445365 16689.39864109392
1636 2802.393933669157 15400.141137479224
1645 3691.4282852812 16455.35408813269
1656 2809.8916687174888 15400.3234065503
1686 2794.8962220260833 15399.958868977126
1691 1486.2898566073413 15570.819699118738
1729 2832.482472534044 15426.879948471502
1739 1929.4912303187762 15666.528153772051
1747 2742.4124431765736 15398.682994388888
1772 2010.5357037986796 15982.78920552607
1829 2332.3275266322744 16586.272029634543
1834 2764.9054634287595 15399.229797107395
1838 2749.910126816259 15398.865262210225
1840 2817.3894143601797 15400.505675878925
1848 2379.522586249288 16367.96637348158
1878 2787.398515506329 15399.776600599575
1900 2734.914701533762 15398.500725157499
1904 2070.4946181843993 15411.357754490451
1910 2757.4077938345217 15399.0475296275
1914 2779.900850543194 15399.59433323226
1924 2878.7377643898226 15420.119071820804
1937 2727.417002453327 15398.318456960797
1939 2215.6451697674925 15416.762780808462
1942 2826.092406643384 15426.569995245753
1952 2635.253123617921 16014.488904362344
1955 2772.4031358060124 15399.412064654945
1957 4461.338822986708 15415.81700784228
1960 895.8126200862215 15495.86496117891
1962 2712.4216713000797 15397.953922196342
1969 2871.2459268829816 15419.884179225704
1977 1463.7494499223333 16284.524479463933
1982 2337.2294951057634 16369.636707681848
1988 3802.251757277054 16301.78886559151
1989 4129.956031238945 16978.279957425122
1992 764.0060212886257 17569.565432347004
1997 2863.921064024333 15416.461015167532
1998 3929.4462026849874 15387.95358395536
1999 2852.4366147923574 15387.83935948923
2001 1881.852202957402 17394.0907018252
2005 2595.274205445133 16968.612208152008
2007 2832.126355032047 15434.372440331383
2008 2645.599570709185 15396.209828697718
2011 2668.0945148061996 15396.806641679394
2012 1757.4805292144526 16737.425873795466
2016 3552.106062354539 15690.546614730045
2020 3141.9508569790805 15580.184876782636
2023 1465.7399116294318 15593.658131908034
2024 2849.436049358147 15380.261186928048
2026 2830.664547532493 16306.904275611416
2027 4204.246000258483 16075.843167830557
2030 3885.0318642004913 15260.843174028229
2032 1864.9126642671022 15859.115444044517
2033 4359.2906476200515 14935.409590519588
2035 2719.9193405273927 15398.136189667317
2036 2675.592804534175 15397.005578677446
2037 2297.399673819155 16356.916965165774
2039 3761.7501245388617 15104.619165054417
2042 2336.7308051005707 16402.322970162553
2043 2349.511061822205 16367.591263159184
2045 2635.1331663031574 16946.371582353855
2046 1113.200885406807 16328.10300069588
2047 2431.4416414730927 15713.514021664852
2049 2831.7702366724593 15441.86495023443
2050 2849.635483896512 15372.763015397953
2052 2849.834918546228 15365.264839681398
2053 2461.9706027151487 15663.276587792729
2054 2849.2366148656943 15387.759356731975
2055 3091.28203238677 15459.245209748444
2057 2690.5893602901306 15397.403452044768
2059 3511.177401234316 16438.000582899305
2060 1080.4676678794444 16508.438381004373
2063 3539.797734561321 16429.800457407688
2064 2372.012144493057 16367.872501401362
2069 3377.976627682922 16995.685725414874
2071 2508.3005300360196 15465.048228418516
2072 2572.570672234166 16944.126782019543
2073 2106.464717967778 15245.768765508275
2074 1510.0378187110211 15544.427110867493
2075 4343.353526029879 15218.686748709108
2076 2852.835483671975 15372.843023839905
2077 2529.0361496583723 15415.83752569592
2080 1431.0224548736687 16825.807551418504
2085 3410.115330483516 16493.84052728798
2088 1511.3089273387723 16835.52143173906
2090 2831.4141175721206 15449.357475722434
2091 2829.2924077859775 15426.729904395455
2092 1869.0531409110806 15457.364112102046
2093 3715.7843191091733 15029.22662105392
2095 2660.5962191439976 15396.6077045239
2096 3172.1474665185447 16674.399548569476
2097 1552.0151647035373 15507.340859347556
2098 2852.636049144607 15380.341194956538
2099 2683.091082885077 15397.204515373654
2100 3658.609762495194 15892.162931772269
2101 1429.5786184272893 15633.503778820037
2102 3693.631440369043 15276.715299078905
2103 4452.969752773684 15069.26524071793
2104 3085.336747234038 16468.95507878837
2105 2319.8989344852744 16357.32815296568
2108 2364.511812273906 16367.778755678992
2111 3161.4791324120115 16631.064113017972
2112 3495.2423461855337 17291.938030506866
2113 1495.3879709876192 15570.27552788059
2114 3316.44600878631 17299.446298017854
2115 2817.073836141819 15769.003343375372
2116 2812.710236940375 15880.407642165355
2119 2304.899404076121 16357.05402733995
2121 2638.1012803566373 15396.010891683094
2122 2853.034918853802 15365.344828117477
2123 1410.813857625312 15653.950496524265
2125 2662.2317770385516 15417.806691611995
2127 1857.877108575536 16861.72108645792
2129 2630.6029302523716 15395.8119530832
2130 1854.6249775520405 16871.016267680214
2131 2837.061658697976 16368.217102447825
2132 1460.0661551669036 15610.037688355378
2133 1272.1692918783506 15482.75115148575
2134 2853.234354363437 15357.846620070395
2135 1998.9788251794766 16349.848980086386
2136 2402.648292050111 16368.255418810804
2137 1851.3950381601583 16865.49620677851
2138 3046.0982473770728 15947.4387185472
2142 2030.1641661115614 16360.777138637568
2143 1409.7000383098048 16302.82245241113
2144 2289.8904665882887 16356.779729794083
2145 4203.437557048028 16589.2748008786
2147 3992.370312005318 15491.786020004049
2148 2784.1512364804757 15412.891898345326
2149 4234.335704688956 17134.38228714652
2150 2871.4224401691527 15416.693424316381
2152 2160.491996038497 15385.853982532786
2154 3609.2306573621645 15957.001674348297
2155 3468.8288227160147 14636.47476623423
2156 3421.6626188009823 16714.284292726123
2157 2822.8924748298446 15426.419900169276
2158 3224.893282842681 15406.795123366253
2159 3268.996597784261 15427.073411907802
2160 2387.9139682641057 16368.071256324854
2161 2546.3506886898217 16170.785368159299
2165 3694.842924986208 16345.009946762924
2169 707.2939086453517 17093.208649523458
2170 2850.034353808046 15357.766640951526
2171 2844.6071264031907 16368.00203588892
2172 3315.6883421163147 16546.50138556924
2173 2357.0114355148035 16367.685009399924
2174 2855.636616362165 15387.92930046894
2176 1837.1596336191085 15386.271922446162
2177 2817.5491623084395 15394.10567624946
2178 2148.672243351982 16354.198880077256
2179 2810.0494909671256 15393.923408798542
2182 1437.1984399600422 15645.153518111743
2183 3790.522870544501 15143.104983345424
2184 2205.2677754005076 16355.233198166761
2186 2822.53635580803 15433.912424005182
2188 2583.042336371745 16980.417569707024
2189 2863.754006367375 15419.64928402802
2190 3257.9211596208593 17016.70381490467
2191 2853.43378909124 15350.34844141796
2192 2803.0135327906883 16379.831922394706
2194 2536.8588181650744 16370.817326143335
2195 2615.6063057829483 15395.414077892841
2196 2850.2337898833816 15350.268411635714
2197 3149.38418564535 16636.409312005264
2198 3457.4703970386604 16059.913388998913
2199 3634.7470336097 15218.316774932386
2200 3570.5029032123534 15363.14604320584
2201 3461.245387809402 16074.525409497259
2202 2837.1603977100617 16371.417136422702
2203 1321.594494758612 16208.973020634166
2204 1333.865818800271 15456.637004003498
2205 1846.4736282456256 15711.593639324155
2206 2854.3374859487767 15460.586261595448
2207 2653.097885989364 15396.408766373695
2208 2422.00064257777 16368.497301440366
2210 3028.3844301803115 15421.968392620578
2211 3621.5692848011195 15188.172458032393
2213 4107.071914551847 15713.527980395018
2214 2813.1188181846333 16351.80215873409
2215 1855.2917052392277 16436.918115207405
2216 2577.3589204552886 16989.39940222801
2217 2800.2504494065115 16125.644973652417
2218 2623.1045920911147 15395.613014800165
2219 2848.272289814951 15408.78303584436
2221 2853.6332248461486 15342.850224149304
2222 2688.4591333601848 17143.250113726666
2223 1266.3304140593862 16239.594907271816
2224 3718.3409887191747 16348.928239601844
2225 2827.060572326614 15473.62039124464
2226 3843.2896774049555 15205.18428021608
2227 2335.0258186074852 16521.54726956929
2228 3707.0511595237067 15288.943745446111
2229 1837.2386756436197 15383.071752468315
2231 3132.1899575243197 16237.824929643204
2232 2865.007580125353 15399.28590136325
2233 4116.918264911102 15694.398985715787
2234 1060.922096393552 15510.849495940034
2235 2838.7723476041515 15755.66230539057
2236 4007.7952045112024 15691.424438489443
2237 3548.165731306998 16007.624727346829
2239 2704.5388883227442 16371.806429087077
2240 2349.0218750685226 16108.307909869367
2241 3060.053698644423 16267.432912639582
2242 1828.5684129485212 16782.34391805583
2243 2312.3991556879732 16357.1910899044
2244 3622.7067807396247 16807.19283452591
2245 2152.965214857863 15385.698265050085
2246 3811.75850832839 16654.27050247148
2247 2796.04737505665 16360.831252041487
2248 1736.453963635981 16379.64265612237
2249 2256.964851734731 15385.92477686194
2250 3251.6542808966406 16825.005059287458
2251 3836.842939421987 16694.322530364483
2252 2853.832662579757 15335.351932487143
2253 911.2637534959989 15516.947774970125
2254 3145.771724026669 16656.805473387692
2255 2810.4194014874347 16395.54670468552
2257 2292.6165173241243 15386.477754895934
2258 2850.4332243262756 15342.770243695046
2259 3391.654680734358 16090.349877226685
2260 2167.998287741324 15386.009276119823
2261 2345.9910441450106 16251.131423772875
2262 3098.0638811549206 16186.714993665768
2263 945.8573878267649 15437.304307901555
2264 3985.0929180842754 15136.535017920152
2266 3262.3725759004474 17381.46517107703
2267 3972.7308294894465 16205.708234538475
2268 4556.917462706799 16105.810464497335
2270 3450.616295863581 15691.52399155572
2271 2855.6366166104863 15387.929291132761
2272 4553.368986705825 15735.174995253048
2273 2938.1910763285537 16369.155664173575
2274 4171.8319807276175 17058.46006720301
2275 3756.321860520606 15842.582953177454
2276 3265.771003270959 16842.750524767886
2277 4430.821661993344 15456.299839373598
2278 3009.3200823045054 15184.543719420433
2279 954.039318012846 17387.784386040537
2280 3466.4515307791366 16083.318784367979
2281 2322.975673773191 16550.89048615287
2282 3783.5736626650664 15827.098485004228
2283 2552.35473922704 16964.887319807203
2284 1512.336349801561 16801.011693116194
2285 3608.673827828838 14851.792487841774
2286 1404.591103290105 16552.297739172784
2287 2852.159222421711 16367.786780404875
2288 4461.938239744121 16362.300788732895
2289 2195.145903581357 15409.438609109062
2290 3037.264409405711 15643.624175764897
2291 3738.281867945947 15776.723754818795
2292 3526.3823281802156 15387.188645342225
2293 3172.9103784433514 15585.63267338074
2294 2872.55535715799 15399.330108442047
2295 3138.0032984523655 17085.024782588032
2296 3708.881160113002 15328.205868162626
2297 2300.044060624533 16593.9272899248
2298 1857.0835720931332 16013.77030351067
2299 4139.489884667084 16952.554796042863
2300 4673.945407013476 16553.12657810548
2301 1835.789577073725 16258.510394101559
2302 4123.71904100373 16458.26643247221
2303 3079.7831777400907 15426.016428281619
2304 944.5726776302201 15982.109406754666
2305 4172.426784860555 15603.946853414918
2306 1034.6240881564233 16760.66220642064
2307 3299.8539850441334 15811.289846072139
2308 2426.993064044468 17038.544517828264
2309 2374.12499233237 15181.738647158958
2311 1110.4499483093416 15192.633056573542
2312 2117.396412564743 15384.962401442142
2313 1420.6583302170234 16174.60507036626
2314 4353.59013156828 16803.9396784971
2315 4230.576530907616 15484.20065617068
2316 3150.825050575628 15406.022735471068
2317 2012.2514677255147 16182.601206799487
2318 2891.2899768649477 15399.439836485953
2319 753.7224690747618 17183.379872281886
2320 908.6800774861248 15466.011132428006
2321 1165.3358799578032 17131.447383965537
2322 2644.628969085637 15582.158635900383
2323 3064.3841053868423 15400.333939654485
2324 4096.594318445684 15502.966579687458
2325 3408.012505440401 15980.764497839176
2326 3750.197091798944 15461.350257997758
2328 3438.4338418422726 17219.072533608545
2329 1765.5671152682187 16653.12873412648
2330 3044.298064745683 15600.62158702565
2331 3152.0918609066357 15881.734065178298
2332 3781.533921469772 15223.97453613885
2333 2143.9098272291103 17219.29935030546
2334 2984.007958129983 15598.899236508698
2335 3200.674533245366 15550.677005781095
2336 1210.2610839591846 15310.255662190948
2337 1910.8066345386346 17521.343517135523
2338 3300.3348843095714 15065.413714695433
2339 3414.5064801650997 15361.930903462508
2340 1448.2523902495518 16698.372727717542
