1539 4147.060931780044 16491.412306557097
1547 4062.898206062867 16571.44067709371
1636 2802.393933669157 15400.141137479224
1645 3973.226859383507 16862.89302834335
1656 2809.8916687174888 15400.3234065503
1686 2794.8962220260833 15399.958868977126
1729 2832.482472534044 15426.879948471502
1739 1930.474380083266 15627.019637497782
1747 2742.4124431765736 15398.682994388888
1829 2002.632950087296 16784.9068856644
1834 2764.9054634287595 15399.229797107395
1838 2749.910126816259 15398.865262210225
1840 2817.3894143601797 15400.505675878925
1848 2379.512503092495 16367.966247453454
1878 2787.398515506329 15399.776600599575
1900 2734.914701533762 15398.500725157499
1904 1733.2843255417088 15391.311938471908
1910 2757.4077938345217 15399.0475296275
1914 2779.900850543194 15399.59433323226
1924 2878.7377643898226 15420.119071820804
1937 2727.417002453327 15398.318456960797
1939 2100.785388615697 15411.574652002702
1942 2826.092406643384 15426.569995245753
1955 2772.4031358060124 15399.412064654945
1957 4361.6371953258595 15395.24327613774
1962 2712.4216713000797 15397.953922196342
1969 2871.2459268829816 15419.884179225704
1982 2257.220082441507 16633.367410611318
1989 4202.557703121243 17145.799391597793
1992 401.7665267259175 17977.29293483283
1997 2863.921064024333 15416.461015167532
1998 3737.261059009076 15057.641788681334
1999 2852.4366147923574 15387.83935948923
2001 2054.454743971475 17856.929957008953
2005 2595.274205445133 16968.612208152008
2007 2832.126355032047 15434.372440331383
2008 2645.599570709185 15396.209828697718
2011 2668.0945148061996 15396.806641679394
2012 1568.3468681429952 16758.940795757455
2020 3347.1309175235588 15869.748673768745
2023 1488.3500202387052 15554.94453358637
2024 2849.436049358147 15380.261186928048
2026 3019.457050381822 16415.590058911333
2030 4004.8402365549928 15293.31385379986
2032 1901.1402208102118 15854.24133877733
2035 2719.9193405273927 15398.136189667317
2036 2675.592804534175 15397.005578677446
2037 2297.399673819155 16356.916965165774
2039 3648.6205175601226 14922.224054385773
2042 2225.898393009095 16651.165487722894
2043 2349.511061822205 16367.591263159184
2045 2601.8249213613235 16964.95701950018
2047 2342.858427671684 16090.37363708499
2049 2831.7702366724593 15441.86495023443
2050 2849.635483896512 15372.763015397953
2052 2849.834918546228 15365.264839681398
2053 2342.012594421132 16154.194399068063
2054 2849.2366148656943 15387.759356731975
2055 2942.9175111656696 15423.527008185352
2057 2690.5893602901306 15397.403452044768
2059 3966.125000468521 16189.060415812675
2060 1284.3769803779942 16385.177537709136
2063 3749.550020197634 16548.137051450223
2064 2372.012144493057 16367.872501401362
2069 3659.598908347474 17408.513316949167
2071 2358.2794160704634 15847.740691929985
2072 2675.508875590288 17105.449184492587
2074 1424.4468377798091 15600.134686151076
2076 2852.835483671975 15372.843023839905
2077 2526.901177506313 15415.805171998441
2085 3865.056848617458 16243.92564376342
2088 1386.9786726786688 16655.122034098524
2090 2831.4141175721206 15449.357475722434
2091 2829.2924077859775 15426.729904395455
2095 2660.5962191439976 15396.6077045239
2096 3431.164809446926 17048.988438405046
2097 1515.614271480343 15713.501934856078
2098 2852.636049144607 15380.341194956538
2099 2683.091082885077 15397.204515373654
2100 4063.3072089774714 15653.767423322483
2101 989.1045052792988 15705.523433428893
2102 3914.476160626165 15313.380216934573
2104 3445.255329184051 16270.917207872644
2105 2319.8989344852744 16357.32815296568
2108 2364.511812273906 16367.778755678992
2111 3531.485542167034 16434.29570389808
2112 3324.0186943897825 17421.964928464036
2115 2831.057995125164 15456.850071621207
2116 2830.240583717938 15474.047901776885
2119 2304.899404076121 16357.05402733995
2121 2638.1012803566373 15396.010891683094
2122 2853.034918853802 15365.344828117477
2123 931.4936269975814 15735.956102639788
2125 2534.403484458977 15415.918863115823
2127 1804.6130005863727 16891.549276832222
2129 2630.6029302523716 15395.8119530832
2130 1841.7841882363823 16943.529281008
2131 2809.6552007577357 16215.789752639042
2133 1066.8027091428594 15576.115002099028
2134 2853.234354363437 15357.846620070395
2135 2267.4004787076005 16356.368711460025
2136 2394.513207402221 16368.15373939654
2137 1824.8480282481682 16815.223173621656
2142 1834.172050953485 16232.5572846428
2143 1380.4846244843063 16021.317338854253
2144 2289.8999053579305 16356.779902293392
2145 4244.438455949527 16479.83742049205
2147 3782.2796302036563 15129.877989489913
2148 2526.981050626046 15412.605174040329
2149 4111.012761252794 16959.141434661535
2150 2871.4224401691527 15416.693424316381
2152 2256.83625848992 15385.922782306048
2154 3866.679570866058 15769.504174925345
2155 3316.446934060144 14403.65958602723
2156 3495.7415372194278 16874.462029927716
2157 2822.8924748298446 15426.419900169276
2158 3620.4407239506277 15316.12792362923
2159 2955.4211786449173 15398.95421429693
2160 2387.012862113871 16368.05999351082
2165 4171.955883594869 16082.759893251716
2169 689.7091828852581 17271.09270126096
2170 2850.034353808046 15357.766640951526
2171 2803.123594904975 16276.681187091363
2172 3805.7988826722444 16275.944374215127
2173 2357.0114355148035 16367.685009399924
2174 2855.636616362165 15387.92930046894
2176 1941.8328865564476 15386.680909952573
2177 2817.5491623084395 15394.10567624946
2178 2274.900338414213 16356.505775999973
2179 2810.0494909671256 15393.923408798542
2182 1468.380248577091 15571.605814113038
2183 3512.952777667604 14703.773135840707
2184 2282.400108893217 16356.642838909229
2186 2822.53635580803 15433.912424005182
2188 2802.636658301086 17057.006653806544
2189 2863.754006367375 15419.64928402802
2190 3252.642631878493 17016.13273472845
2191 2853.43378909124 15350.34844141796
2192 2637.5062488926433 16289.35394455884
2194 2409.5138643271207 16368.341230747366
2195 2615.6063057829483 15395.414077892841
2196 2850.2337898833816 15350.268411635714
2197 2845.663599244407 16827.80030063276
2198 3591.192148581519 15916.748139333382
2199 3614.6958835095465 15182.438803842771
2200 3112.825507029782 15420.38443340456
2201 3382.3659205116473 15940.19916594969
2202 2566.3045238027307 16371.547676351589
2203 1425.7297322017525 16270.484954728392
2204 1177.6703316739306 15524.485481462452
2205 1849.5894663619915 15408.751413813385
2206 2832.5653396461153 15984.06391612263
2207 2653.097885989364 15396.408766373695
2208 2402.0135364464263 16368.247485079224
2210 3029.812248572939 15395.41666994128
2211 3639.6126507095623 15220.46077854776
2213 3871.2860135817814 15295.807809584077
2214 2813.1188181846333 16351.80215873409
2216 2464.585289816564 16816.30108655495
2217 2818.543353389749 15665.075089053782
2218 2623.1045920911147 15395.613014800165
2219 2608.6512774794573 15410.642212834982
2221 2853.6332248461486 15342.850224149304
2223 1423.9908519019166 16197.897387845298
2224 3239.201444455705 16608.707959944375
2225 2828.935789398793 15434.222396605977
2226 4026.2431749253437 15544.796468490731
2227 2077.2479920191668 16735.411484150725
2228 3192.0646884552634 15425.28728606903
2229 1933.1550497168357 15379.619171939663
2231 3049.377308511 16485.844914258658
2232 2865.000910034329 15399.285862296749
2233 4285.430583075038 16021.083198037026
2234 943.2028202362194 15570.401525514408
2235 2830.669911606896 16258.099244651266
2236 4170.768843353965 15792.112214085855
2237 3719.8400751250215 15855.78528480495
2239 2417.0142726478243 16368.434977420919
2240 2340.769264955597 16567.53860674574
2241 3546.55381045189 16008.486490468315
2242 1834.0343269528164 16364.572196014778
2243 2312.3991556879732 16357.1910899044
2244 3377.672670125377 16945.496810630542
2245 2218.2678796601845 15385.324564356144
2246 3638.7753395413515 16376.889657803771
2247 2998.1736103823164 16382.635521808867
2248 2007.0142219342017 16350.189115836547
2249 2474.6283094228675 15388.952402920177
2250 3067.5078168317427 16519.4861154198
2251 3650.195610114569 16395.600410384603
2252 2853.832659286803 15335.35205629286
2253 1031.222163771037 15681.86666836584
2254 2790.6675238785783 16858.979274672914
2255 2816.0239407829235 15791.455950926838
2257 2482.1290344227673 15389.038509189266
2258 2850.4332243262756 15342.770243695046
2259 3313.2612524252236 15818.637595208133
2260 2288.3703068922155 15386.411893706625
2261 2439.8567399240656 16736.591213270465
2262 3019.2116268709638 16408.925899751735
2263 994.8595872733689 15618.175345732821
2264 3547.9922559660595 15375.412758568931
2266 2911.0363394048227 17492.498576529648
2267 3548.3298773786696 16441.16332628196
2271 2749.163590829441 15418.866378808363
2272 4368.179607025935 15774.563396850712
2273 2811.9726618629597 16353.139549843716
2274 3977.3160727684613 16870.158013215754
2275 3621.2758568693625 15975.166338415036
2276 3411.199332905853 16716.1287887534
2277 4098.131447485945 15645.68570539827
2279 1201.4111940745283 17185.326858855857
2280 3452.5566843901643 16059.736900850221
2281 2332.5686796826626 16001.37371998144
2282 3622.17626835175 15961.54110160454
2283 2552.35473922704 16964.887319807203
2284 1687.344709853626 16938.734072891126
2285 3743.080031363311 15068.26097979318
2286 1703.571570816976 16392.696669707602
2287 2809.911800782749 16314.490812031894
2288 4253.520824842258 15973.478859089237
2289 2467.0834225762833 15388.865789685182
2290 3091.6883065651314 15540.379722614229
2291 3616.435433725787 15923.301550926679
2292 3170.3471413717275 15572.808721455525
2293 3091.3350568580454 15581.466317855655
2294 2872.5008592330464 15399.329789249516
2295 3331.3036751092823 16969.072483691554
2296 3411.5692964555233 15428.396123309409
2297 2347.3167800825127 16359.786811155114
2298 1903.6872022269215 16345.815316454531
2299 3841.563154988289 16701.52632244206
2300 5034.367038919972 16277.068467066403
2301 1844.2037513418013 15714.68517274235
2302 3985.3950795035876 16411.893179259732
2303 2878.9247847323322 15416.925863468965
2304 875.5959225163205 15742.88429827834
2305 3835.048322084651 15798.174472881401
2306 1416.0541742965695 16545.768423404585
2307 3452.8059195138144 16054.565797347283
2308 2545.9460213173074 16968.838680607805
2309 2511.8406797754737 15373.58983211221
2311 1036.7775875993036 15044.02211160347
2312 2194.289884074028 15385.60988389298
2313 1433.2612634470422 16460.749081956823
2314 4058.347350368515 16924.480171234223
2315 4180.373721668006 15599.482293042109
2316 3248.273644407741 15339.751754381776
2317 1984.2159081683617 16358.14384623275
2318 2880.0007071243076 15399.373715608928
2319 1020.2002001700988 17337.50802430142
2320 1014.9763081643595 15652.597074047846
2321 1363.7011377594947 17111.200139886092
2322 2639.488963848706 15836.410499498445
2323 2949.6010816138564 15398.910754791023
2324 4072.7064521226725 15637.922460694683
2325 3267.529562386731 15741.633092755585
2326 3906.7476882930196 15358.48698485265
2328 3413.393645545368 17226.88925185201
2329 1812.968722310749 16624.095889079737
2330 3043.9970241250967 15600.441933752074
2331 3039.904699643763 15658.979916866205
2332 3882.5859692411213 15263.027155799859
2333 1838.5900605492388 17377.107857060386
2334 3307.9779288997706 15492.673670763284
2335 3262.558191046732 15520.576498271023
2336 979.56687998136 15411.331235732592
2337 1851.7180308424452 17361.267816813175
2338 3256.0916895312776 15120.373549663764
2339 3369.001288686961 15409.493907771794
2340 1282.6749086958419 16809.63841091676
2341 3563.762596305424 17431.15914855922
2342 1896.792559096609 16091.004132655282
2343 1972.5159743423442 16724.83579743563
2344 3950.38773700253 16843.673233354268
2345 1842.5780561006163 17388.620535021557
2346 3134.498728106003 16645.626051554707
2347 3220.306524646848 14295.038015406568
2348 4009.2244078814783 15294.569073204939
2349 3168.633216276661 15578.587653844792
2350 1931.6615241882803 17225.71784255315
2351 4208.670029774928 16827.11788118395
2352 2446.839373147709 17835.455032320446
2353 1026.8332760412247 16839.630473967925
2354 2145.5078564975993 16988.88170962459
2355 2721.376308812027 15807.624235734278
2356 1853.4062341560107 17182.370446004785
2357 2772.582943097414 14936.183376585359
2358 3115.151665569193 16942.609713045076
2359 2963.482348225097 15820.287900259547
2360 2639.481689852429 15864.143822638936
2361 1861.8706017704092 17352.141593153676
2362 3966.6273783479705 16626.465599786803
2363 2800.517391976142 16613.40214350902
2364 2860.271402938765 15192.159375231784
2365 2966.530692199418 15119.397847594691
2366 4058.8011556248953 16369.586732044354
