1539 4186.752532166084 16556.471557157016
1547 4136.941459888694 16531.79728150891
1636 2802.393933669157 15400.141137479224
1645 4084.8276632271145 16935.193457130725
1656 2809.8916687174888 15400.3234065503
1686 2794.8962220260833 15399.958868977126
1729 2832.482472534044 15426.879948471502
1739 1930.7747257771794 15614.950049359257
1747 2742.4124431765736 15398.682994388888
1829 1869.1422014690538 16862.561950150997
1834 2764.9054634287595 15399.229797107395
1838 2749.910126816259 15398.865262210225
1840 2817.3894143601797 15400.505675878925
1848 2377.3628226615583 16367.939378864306
1878 2787.398515506329 15399.776600599575
1900 2734.914701533762 15398.500725157499
1904 1612.107283950916 15433.35173357953
1910 2757.4077938345217 15399.0475296275
1914 2779.900850543194 15399.59433323226
1924 2878.7377643898226 15420.119071820804
1937 2727.417002453327 15398.318456960797
1939 1997.1624522778066 15409.434925481917
1942 2826.092406643384 15426.569995245753
1955 2772.4031358060124 15399.412064654945
1957 4396.320561702774 15457.67656238847
1962 2712.4216713000797 15397.953922196342
1969 2871.2459268829816 15419.884179225704
1982 2136.3966989412743 16702.013355035633
1989 4190.030081489746 17150.111267288874
1997 2863.921064024333 15416.461015167532
1998 3673.0909987899727 14954.675363206603
1999 2851.9311707824186 15399.427446033187
2005 2593.3821483116967 16969.789219587725
2007 2832.126355032047 15434.372440331383
2008 2645.599570709185 15396.209828697718
2011 2668.0945148061996 15396.806641679394
2020 3426.933665727297 16012.389757222318
2023 1568.547524837116 15459.816879627775
2024 2849.308771494921 15385.046472657783
2026 3083.7620802356073 16521.891400100863
2030 3969.365663033522 15230.582419577564
2032 1905.134080600083 15841.058683841831
2035 2719.9193405273927 15398.136189667317
2036 2675.592804534175 15397.005578677446
2037 2297.399673819155 16356.916965165774
2039 3613.2509839940312 14865.237034390007
2042 2105.001082944604 16719.746505395065
2043 2312.5442425228284 16366.746614293143
2045 2601.8249213613235 16964.95701950018
2047 2339.673931164149 16247.953862220824
2049 2831.7702366724593 15441.86495023443
2050 2849.611647777759 15373.659185682647
2052 2849.834918546228 15365.264839681398
2053 2337.888756474861 16331.438111853407
2054 2848.708846873034 15399.91065707499
2055 2886.2370915052147 15420.354199238613
2057 2690.5893602901306 15397.403452044768
2059 3941.3930367383186 16138.611522408766
2060 1312.4904166751262 16330.379964324493
2063 3833.8961554782713 16683.82244046628
2064 2366.810049233095 16367.807481057765
2069 3711.008980576632 17499.783071852977
2071 2354.145931646829 15936.83798829382
2072 2766.45060298401 17246.369525749873
2074 1391.0204280091841 15493.994520041742
2076 2852.816367804198 15373.561726110416
2077 2508.9512303396614 15439.640008312073
2085 4007.458706526813 16166.042871541455
2088 1325.0500358673967 16690.151181370093
2090 2831.4141175721206 15449.357475722434
2091 2829.2924077859775 15426.729904395455
2095 2660.5962191439976 15396.6077045239
2096 3431.446823576336 17092.651720239122
2097 1586.1338120414557 15688.127889008889
2098 2852.5209114030026 15384.670046634967
2099 2683.091082885077 15397.204515373654
2100 4053.0888877445323 15602.126408199076
2101 867.7227350711158 15755.20673891589
2102 3986.369323474048 15446.921475773248
2105 2319.8989344852744 16357.32815296568
2108 2357.6395368536328 16367.692859960674
2111 3637.928081555789 16380.08549559494
2112 3273.907605852391 17478.151621163484
2115 2831.0580001213366 15456.849966504822
2116 2830.701855881993 15464.343020901923
2119 2304.899404076121 16357.05402733995
2121 2638.1012803566373 15396.010891683094
2122 2853.034918853802 15365.344828117477
2123 850.6314924552524 15771.11434096156
2125 2510.6255917838207 15420.638692491462
2127 1689.7749254228058 16952.164557721953
2129 2630.6029302523716 15395.8119530832
2130 1843.6841244849254 17081.839716288432
2131 2810.021122321286 16046.73893516487
2133 1003.9477727481839 15605.445882404398
2134 2853.234354363437 15357.846620070395
2135 2267.4005824396095 16356.36871335579
2136 2394.513207402221 16368.15373939654
2137 1803.1467577624558 16789.31881253133
2142 1833.309707139198 16075.614425418626
2143 1310.5304753002838 16058.762873931297
2144 2289.8999053579305 16356.779902293392
2145 4204.575787130793 16501.060949656356
2147 3712.3870484073577 15017.729281974398
2148 2498.9564900028 15417.534769573544
2149 4032.9918377867393 16910.318119038762
2150 2871.4224401691527 15416.693424316381
2152 2397.6020241938 15388.068162257727
2154 3929.636191240287 15729.506663381831
2155 3267.5417317498745 14329.362077955644
2156 3442.9238610990105 16906.311902681904
2157 2822.8924748298446 15426.419900169276
2158 3736.429123362355 15253.678015874571
2159 3023.985602270333 15399.466442017027
2160 2386.5735732306453 16368.05450289354
2165 4277.898998000618 16028.376938684467
2169 639.0487236983092 17324.46292042719
2170 2850.034353808046 15357.766640951526
2171 2800.2338378883233 16133.323311214985
2172 3958.552761570426 16193.352702615552
2173 2349.5305215400117 16367.591506383784
2174 2862.0110490917505 15395.834139727862
2176 2099.7630982042483 15391.72211219647
2177 2817.5491623084395 15394.10567624946
2178 2274.900338414213 16356.505775999973
2179 2810.0494909671256 15393.923408798542
2182 1547.3257604389833 15487.192648845843
2183 3464.974210864932 14630.674813398195
2184 2282.400108893217 16356.642838909229
2186 2822.53635580803 15433.912424005182
2188 2842.8567822482946 17018.071433150482
2189 2863.754006367375 15419.64928402802
2190 3309.3185116324726 16982.225466029588
2191 2853.43378909124 15350.34844141796
2192 2632.90292918701 16181.148853125247
2194 2409.5138643271207 16368.341230747366
2195 2615.6063057829483 15395.414077892841
2196 2850.2337898833816 15350.268411635714
2197 2852.8162753634138 16865.830083936868
2198 3530.1371369701637 15817.698060362281
2199 3608.2049630472757 15170.82183454968
2200 2965.6805771580434 15417.527557182804
2201 3297.9400321380654 15792.78658262704
2202 2435.9338080479656 16368.67145034787
2203 1458.1956325768751 16284.390606057737
2204 1090.0886195451355 15565.248771219052
2205 1849.589469984318 15408.751069445394
2206 2830.679833362267 16167.82615341217
2207 2653.097885989364 15396.408766373695
2208 2402.0135364464263 16368.247485079224
2210 3020.4007229603985 15348.165178361873
2211 3644.8916956087164 15229.906832852519
2213 3829.115015950422 15222.35911888366
2214 2810.17826978686 16322.416599472917
2216 2373.1666266283064 16671.969993320214
2217 2824.7930520438417 15521.260610219344
2218 2623.1045920911147 15395.613014800165
2219 2462.2437085050205 15415.259946886963
2221 2853.6332248461486 15342.850224149304
2223 1420.7210262767237 16313.455686848747
2224 3165.2166279552935 16650.428724533827
2225 2828.935789398793 15434.222396605977
2226 4079.949278304213 15642.032589013561
2227 1946.1606309584104 16810.305273613634
2228 3016.4133267479965 15421.77107153709
2229 2078.711069344407 15384.702808403641
2231 3037.962506238807 16471.417119483365
2232 2865.000910034329 15399.285862296749
2233 4209.107369591777 16073.172879071333
2234 982.5325925321562 15607.342350388659
2235 2833.3880753824305 16353.126007993775
2236 4213.758756032967 15849.670246451793
2237 3868.30314543387 15772.260980906278
2239 2417.0142726478243 16368.434977420919
2240 2396.7133408587324 16667.74105532635
2241 3613.8182813974004 15965.560391276887
2242 1836.0679019519469 16229.312970575213
2243 2312.3991556879732 16357.1910899044
2244 3368.0881659094343 16973.900794824087
2245 2345.923872631983 15387.30458292902
2246 3592.2609328067124 16297.334215597966
2247 3056.7476825787285 16478.138301811778
2248 2018.2299032923504 16309.136690866842
2249 2501.2737964419134 15390.723396028767
2250 2975.729965430207 16383.768519002848
2251 3650.1236782573246 16395.485643423162
2252 2853.832659286803 15335.35205629286
2253 1120.010049343615 15678.479058394623
2254 2660.4931356955362 16932.221148489876
2255 2824.337012344968 15600.994505189432
2257 2528.2361685460683 15393.096062258353
2258 2850.4332243262756 15342.770243695046
2259 3224.2009238471705 15670.115456502304
2260 2431.2210014141233 15388.454098910388
2261 2532.624510966949 16881.672512900357
2263 1020.8585896964089 15676.677664069675
2264 3400.1153787706166 15428.283089997387
2266 2845.444045052669 17391.616799325948
2267 3412.776163081652 16514.940289154692
2271 2651.637037672615 15418.638665452958
2272 4268.180627803747 15825.527627230356
2273 2809.5559886018577 16261.624427949799
2274 3885.5450748205003 16763.578294847506
2275 3564.0214034449327 16007.712640987538
2276 3511.871691794172 16664.76951111113
2277 4037.939849813418 15680.967709246721
2279 1162.0840729371205 17132.422603945568
2280 3409.1275499039975 15989.30581937613
2281 2332.9159490844713 15847.634159551459
2282 3589.3005376424326 15994.034961050762
2283 2554.5718667722076 16963.654788082637
2284 1823.138417374935 16872.111455719074
2285 3782.995848207259 15134.485367173422
2286 1809.3565764761306 16350.914734221293
2287 2809.7043524055593 16193.082355555902
2288 4165.352095208381 15818.909512191061
2289 2478.523277694219 15388.99711608938
2290 3091.3409089394863 15464.620571337251
2291 3622.2950179834224 15961.82144621365
2292 3200.086475714362 15624.224968308346
2293 3091.79495675386 15506.0746148955
2294 2872.5007542283474 15399.329788634506
2295 3313.4071523908206 16916.923381844612
2296 3222.837819149432 15426.001744924299
2297 2439.420351235203 16360.907907461693
2298 2028.560422194498 16351.082942221099
2299 3751.591388710269 16557.46577840435
2300 5052.94369419285 16140.78248810219
2301 1848.2851875929973 15544.717699478062
2302 3887.045206061644 16468.147329552314
2303 2878.9237958010917 15416.925832829698
2304 987.711373838503 15697.063359052756
2305 3691.2625890865293 15880.124073363815
2306 1431.408706933426 16536.65929359679
2307 3425.730608731776 16082.197361026389
2308 2555.8511913551665 16966.594951227613
2309 2511.7213768912093 15379.982964247221
2311 1006.080083858431 15042.749314118942
2312 2306.246341317439 15386.68916138006
2313 1446.3894894339999 16610.21115838836
2314 3946.7772380626175 16839.329659944247
2315 4097.7238451872145 15645.914694896344
2316 3311.959639692431 15299.070460490268
2317 1882.9462309197102 16355.738291631074
2318 2880.0006036274926 15399.37371500275
2319 1119.4699843607307 17260.97573386992
2320 1038.0965880047263 15680.510392059454
2321 1500.1851990224532 17036.46813288749
2322 2639.4662272352984 15923.097627552184
2323 2908.991916348795 15399.543516156175
2324 4036.6353117131403 15585.43796613538
2325 3195.9353799341056 15623.557722512824
2326 3864.364533261388 15283.573963279508
2328 3494.9722607344343 17180.527379557498
2329 1826.8641469225213 16565.362625527534
2330 3043.9970241250967 15600.441933752074
2331 3044.8790861146554 15597.953157844193
2332 3951.03395801898 15385.156671197936
2333 1884.191759338453 17343.71649097515
2334 3295.4605243990172 15502.990984483116
2335 3176.299505880055 15567.64818823655
2336 906.1776283100228 15467.94342308396
2337 1925.5696214236914 17321.375384515934
2338 3219.9472405691286 15065.09755687945
2339 3297.2551000336443 15408.946592008848
2340 1222.117588015899 16855.78539593539
2341 3667.3962709120565 17375.516703379075
2342 1893.2658900693737 16017.129697242672
2343 1998.476305568189 16767.176436723483
2344 3860.3193893336306 16729.10655333505
2345 1846.1415879531985 17364.295415524168
2346 3110.8112207346535 16597.267135777663
2347 3259.8840319108517 14311.899469196773
2348 4005.712446041631 15294.856224760459
2349 3168.632434530415 15578.586366211226
2350 1968.3935539032823 17287.599053887814
2351 4185.317262272449 16877.140035130746
2352 2574.6572191005116 17790.903700507843
2353 1014.0930606919889 16794.876151146967
2354 2245.4804095351506 16931.677284356778
2355 2794.2450880442375 15808.659620035236
2356 1856.5439457947 17277.235818660396
2357 2823.1444768291826 15037.05338868415
2358 3157.688108408065 17015.202807693146
2359 2964.5320505303566 15748.739959154667
2360 2639.3883734606084 15955.423246970418
2361 1938.4893440705625 17310.768959939174
2362 3906.1806600554414 16658.80649070345
2363 2739.6506696964207 16620.95236719892
2364 2855.810618513372 15249.945570825257
2365 2946.476499130254 15083.12962608663
2366 4017.12675488361 16393.605123005345
2368 2639.4850318404265 15851.401936400453
2369 1826.3790884897783 17163.061654268055
2370 2636.2660832026727 15923.646775943771
2371 3329.7871137563184 17323.255308725984
2372 3359.787272078859 17334.441294930744
2373 4213.938235008185 15455.874342202835
2374 3471.205113540118 17065.92697353446
