1539 4193.738763224984 16567.673334219144
1547 4145.841848528287 16527.031936802043
1636 2802.393933669157 15400.141137479224
1645 4092.4790902429936 16940.408202495113
1656 2809.8916687174888 15400.3234065503
1686 2794.8962220260833 15399.958868977126
1729 2832.482472534044 15426.879948471502
1739 1930.834805375518 15612.535711407449
1747 2742.4124431765736 15398.682994388888
1829 1853.8498533873383 16871.467672566603
1834 2764.9054634287595 15399.229797107395
1838 2749.910126816259 15398.865262210225
1840 2817.3894143601797 15400.505675878925
1848 2375.4116962304633 16367.914991976984
1878 2787.398515506329 15399.776600599575
1900 2734.914701533762 15398.500725157499
1904 1596.2504594511313 15448.613637729368
1910 2757.4077938345217 15399.0475296275
1914 2779.900850543194 15399.59433323226
1924 2878.7377643898226 15420.119071820804
1937 2727.417002453327 15398.318456960797
1939 1993.4040794294729 15409.292390634482
1942 2826.092406643384 15426.569995245753
1955 2772.4031358060124 15399.412064654945
1962 2712.4216713000797 15397.953922196342
1969 2871.2459268829816 15419.884179225704
1982 2115.950972060962 16713.565940468245
1989 4188.171961667761 17150.7508126014
1997 2863.921064024333 15416.461015167532
1998 3662.1002212713433 14937.039707724634
1999 2851.5652268666636 15407.313821519096
2005 2590.257539284925 16971.904991236963
2007 2832.126355032047 15434.372440331383
2008 2645.599570709185 15396.209828697718
2011 2668.0945148061996 15396.806641679394
2020 3436.581000069889 16027.809310985043
2023 1585.5089544955463 15441.679513761097
2024 2849.175734606457 15389.522405006339
2026 3095.4285805900154 16540.67885279555
2030 3963.2230198445545 15219.720081319247
2032 1906.1835386152402 15839.46125707284
2035 2719.9193405273927 15398.136189667317
2036 2675.592804534175 15397.005578677446
2037 2297.399673819155 16356.916965165774
2039 3607.5381793815427 14856.032623761423
2042 2085.2759448236725 16730.88017949454
2043 2300.069954474334 16366.4829095737
2045 2600.2675128135 16965.82602712058
2047 2338.958828250936 16274.122820604043
2049 2831.7702366724593 15441.86495023443
2050 2849.528174975124 15376.797525698305
2052 2849.8173635486264 15365.92485767179
2053 2337.4525782313103 16360.170406750623
2054 2848.3514581279824 15407.505033076855
2055 2886.230919615761 15420.354005730527
2057 2690.5893602901306 15397.403452044768
2059 3932.9957027383607 16125.332878671568
2060 1324.0862789926616 16324.484305919263
2063 3848.296798738996 16705.74336218992
2064 2365.9392431705037 16367.796596960769
2069 3711.9258740045925 17502.683372335403
2071 2353.3385601119803 15959.116667877746
2072 2781.8398353371144 17270.211998409613
2074 1380.8133303051218 15471.135019037943
2076 2852.7593043520264 15375.707149646316
2077 2508.654887283079 15451.211463813972
2085 4031.709474279959 16152.58531819447
2088 1314.5421764546259 16696.094818657002
2090 2831.4141175721206 15449.357475722434
2091 2829.2924077859775 15426.729904395455
2095 2660.5962191439976 15396.6077045239
2096 3421.434231807355 17097.616190912806
2097 1597.9780857990909 15683.86616718484
2098 2852.332575694251 15390.55193742712
2099 2683.091082885077 15397.204515373654
2100 4045.5779763568366 15588.421202455016
2101 857.8417937580554 15759.186784205156
2102 3996.47729602726 15470.620019917167
2105 2319.8989344852744 16357.32815296568
2108 2357.2886030016616 16367.688473681974
2111 3642.595572461105 16382.978498966882
2112 3265.152763749089 17486.96876957464
2115 2831.0580001213366 15456.849966504822
2116 2830.7018780315825 15464.342554888273
2119 2304.899404076121 16357.05402733995
2121 2638.1012803566373 15396.010891683094
2122 2853.024080609292 15365.752315291404
2123 851.6450707500971 15775.944878238372
2125 2505.992659552512 15430.132801123287
2127 1668.098093168636 16963.606296657534
2129 2630.6029302523716 15395.8119530832
2130 1848.2323849164263 17110.56938000806
2131 2810.0815095545513 16018.840849439846
2133 993.9313425003062 15610.01371889131
2134 2853.234354363437 15357.846620070395
2135 2267.4005824396095 16356.36871335579
2136 2394.221606823348 16368.150094717063
2137 1798.9389748855103 16791.953250506464
2142 1830.5317832472467 16048.937195048626
2143 1298.3366343391285 16065.290076459823
2144 2289.8999053579305 16356.779902293392
2145 4193.436820524617 16506.531904625517
2147 3700.9596102649434 14999.392966660987
2148 2490.271346933955 15418.09718973966
2149 4014.5625294485417 16898.447439268344
2150 2871.4224401691527 15416.693424316381
2152 2417.494895505674 15388.296526973156
2154 3926.9588804856553 15724.581480374318
2155 3259.7880825305424 14317.582619161
2156 3432.3028600426014 16912.68819730527
2157 2822.8924748298446 15426.419900169276
2158 3755.9140527417007 15243.202745909839
2159 3026.26394640024 15396.278914303519
2160 2385.542944471726 16368.04162119248
2165 4284.81837300586 16028.342718234393
2169 630.8508264377306 17333.014151089763
2170 2850.034353808046 15357.766640951526
2171 2800.2884822949227 16108.065041921167
2172 3984.0590787871693 16179.028099135536
2173 2349.513562097339 16367.591294409813
2174 2867.8779497127052 15399.303113607559
2176 2128.795735762993 15392.068545744512
2177 2817.5491623084395 15394.10567624946
2178 2274.900338414213 16356.505775999973
2179 2810.0494909671256 15393.923408798542
2182 1561.1626283134513 15467.713771153702
2183 3457.1467742330833 14618.897035233824
2184 2282.400108893217 16356.642838909229
2186 2822.53635580803 15433.912424005182
2188 2836.522112806399 17010.822104341976
2189 2863.754006367375 15419.64928402802
2190 3318.1063994100555 16976.96796895211
2191 2853.43378909124 15350.34844141796
2192 2629.896442499846 16176.10483157958
2194 2409.5138643271207 16368.341230747366
2195 2615.6063057829483 15395.414077892841
2196 2850.2337898833816 15350.268411635714
2197 2859.8600694802212 16877.24659344907
2198 3519.6623559603963 15800.691817910594
2199 3606.937630247335 15168.440113125793
2200 2940.7678672831353 15417.123572274564
2201 3282.9424842132594 15767.559188175675
2202 2427.97906761444 16368.572025033576
2203 1470.5802897183708 16284.689135183375
2204 1075.5695587789846 15572.024004126844
2205 1849.589469984318 15408.751069445394
2206 2830.6764965372918 16198.186255448942
2207 2653.097885989364 15396.408766373695
2208 2402.0135364464263 16368.247485079224
2210 3015.145178657964 15339.569981721037
2211 3646.1151601410193 15232.096038027481
2213 3823.8267191030277 15215.068626682947
2214 2809.750746821661 16309.700463276786
2216 2360.389106810461 16651.460193846124
2217 2825.6928595698614 15502.355805750625
2218 2623.1045920911147 15395.613014800165
2219 2437.3042182447602 15415.127650059774
2221 2853.6332248461486 15342.850224149304
2223 1422.8990785279216 16339.699696904345
2224 3155.6858590283 16656.371272421344
2225 2828.935789398793 15434.222396605977
2226 4080.933837278009 15646.39668912351
2227 1924.831468981736 16822.727254190737
2228 2987.7196409257026 15421.298110192489
2229 2104.0250393055994 15384.761691589345
2231 3033.180122410331 16463.820995653277
2232 2865.000910034329 15399.285862296749
2233 4188.95387935325 16084.242936652543
2234 983.9616043575963 15607.76116239641
2235 2838.9156686884903 16356.83044579967
2236 4222.129002191065 15845.40463261149
2237 3892.9521576028046 15758.846065410737
2239 2417.0142726478243 16368.434977420919
2240 2409.267882430868 16687.8056634433
2241 3609.710077295577 15957.896084933926
2242 1836.2830760200302 16206.740326556273
2243 2312.3991556879732 16357.1910899044
2244 3375.013946635749 16982.174939749013
2245 2371.6328311193042 15387.703343802748
2246 3580.6666226510374 16277.367800414831
2247 3069.7210765380205 16499.28010410458
2248 2019.0839375418784 16295.072713934656
2249 2512.4657062151505 15391.7556219705
2250 2951.1333592943542 16372.50813281914
2251 3650.1236782573246 16395.485643423162
2252 2853.832659286803 15335.35205629286
2253 1142.4234450738904 15678.726286375162
2254 2642.8528276784045 16942.064141912877
2255 2825.663577807565 15570.345273666155
2257 2543.634491246347 15393.504594897686
2258 2850.4332243262756 15342.770243695046
2259 3210.7981043507293 15648.038483305103
2260 2447.106734616376 15388.636462777586
2261 2545.0301866177683 16901.06830416347
2263 1021.1498682189956 15677.870085521514
2264 3373.831788372358 15428.149719114612
2266 2828.2207180304367 17371.003846008913
2267 3390.661534433456 16526.927332369447
2271 2649.4545927033123 15425.018357734478
2272 4251.604548415838 15833.974267153391
2273 2809.6054135258905 16238.790780950934
2274 3868.127035526635 16740.587359171073
2275 3547.8251610681136 16016.4758770097
2276 3531.0244778612473 16655.01858793514
2277 4021.8958487541313 15690.490019353474
2279 1155.5814387288558 17123.675027011563
2280 3399.2778816066966 15971.366382314836
2281 2325.8145173601783 15830.422004459839
2282 3575.8004834798576 16001.339381309866
2283 2558.8654712594034 16961.431442073605
2284 1847.1111055372173 16859.421917388314
2285 3790.081572097261 15146.553868543728
2286 1814.4173534050562 16349.114225056222
2287 2809.7555631463065 16169.423685367736
2288 4151.122273779452 15793.17912501496
2289 2485.5861551654502 15389.276530335757
2290 3091.203327058913 15452.059503781009
2291 3623.583219132867 15971.322522191993
2292 3209.0482046889374 15638.984971060387
2293 3091.6426909090787 15492.17291828522
2294 2872.5007542283474 15399.329788634506
2295 3304.2688894168537 16902.5756208867
2296 3190.745600645778 15425.256660846795
2297 2461.523944516732 16361.071086965407
2298 2056.425964148392 16352.212294582227
2299 3736.1550546088088 16532.748325504745
2300 5043.175070359231 16119.104205902959
2301 1848.5093781772086 15516.100951353912
2302 3870.366967763384 16477.265685528633
2303 2878.9237958010917 15416.925832829698
2304 1012.0244656084051 15693.006218646435
2305 3668.2900859411952 15893.379885833749
2306 1439.5780428148507 16531.756674399185
2307 3413.2439391464322 16088.81726284104
2308 2560.1108465342622 16964.38918510022
2309 2511.7213751804484 15379.983109661885
2311 995.9203838247231 15048.537657346898
2312 2330.4904098570205 15387.065200960129
2313 1450.9553181227982 16635.12693899242
2314 3930.8350207223853 16820.15054024688
2315 4094.1136587850187 15649.42517126078
2316 3323.300807856889 15291.241977104743
2317 1872.1828663918488 16355.482619234626
2318 2880.0006036274926 15399.37371500275
2319 1140.3467051812586 17246.826581663616
2320 1047.1696468139933 15678.725579800644
2321 1523.0321325425448 17024.469383628737
2322 2639.461436918395 15941.361509132888
2323 2898.53898094154 15399.482293661495
2324 4028.3117890437643 15570.24910708154
2325 3187.000657908345 15608.841120998399
2326 3853.781562124671 15264.86836327212
2328 3499.4518218580934 17177.49293363646
2329 1829.6835326989442 16546.716935006436
2330 3043.9970241250967 15600.441933752074
2331 3055.664948362136 15597.377516173878
2332 3964.6760352103443 15409.498171594383
2333 1897.9908832527965 17336.265944212264
2334 3286.873129172431 15507.580742769935
2335 3171.840380335998 15570.392214748003
2336 898.486922414013 15480.088005170699
2337 1943.6429938796541 17311.617047140167
2338 3214.0272325666715 15056.003125383175
2339 3285.621037344977 15408.85784156766
2340 1210.8118847682028 16862.104938838536
2341 3686.7448644912492 17364.51934459425
2342 1892.634514221384 16003.904034742676
2343 2004.0337867995681 16764.047881508188
2344 3844.278030588 16705.518429520012
2345 1853.2273249307427 17360.451112499406
2346 3102.8298118276316 16584.0697314975
2347 3266.778348905311 14322.374865819074
2348 4000.9420241988914 15286.420453041897
2349 3168.632434530415 15578.586366211226
2350 1968.516138456728 17287.805567949712
2351 4173.381027590077 16884.034173787462
2352 2594.966006606089 17780.64066098578
2353 1012.8075776077912 16787.35218472176
2354 2253.8561463977044 16926.88467679741
2355 2798.7045581668826 15808.723120060415
2356 1857.3023274191914 17297.757016148484
2357 2832.416779302105 15058.872365149555
2358 3164.770886146048 17027.084252070836
2359 2964.7168176469377 15736.14619165598
2360 2639.074048988037 15977.20894373385
2361 1956.8634670216811 17300.84823865831
2362 3894.1235754076165 16665.25740930388
2363 2723.6959088633002 16625.790969942725
2364 2855.4704638807693 15265.696122760623
2365 2944.431666802647 15079.431525068616
2366 4003.848078436804 16401.25808109642
2368 2639.481959018856 15863.11758077436
2369 1829.3506141706935 17152.618106355505
2370 2636.268321397475 15915.113285226733
2371 3326.4757675851106 17317.3457625058
2372 3365.0269001462807 17332.395264953564
2373 4215.490729535752 15458.517428230814
2374 3474.34016795804 17063.865311144797
2376 2455.5204585506203 16368.916261463764
2377 3143.8193825588796 15198.760426479948
