1547 4403.200663746661 16251.469030461474
1636 2802.393933669157 15400.141137479224
1656 2809.8916687174888 15400.3234065503
1686 2794.8962220260833 15399.958868977126
1729 2832.9571895879603 15416.252214661343
1747 2742.4124431765736 15398.682994388888
1834 2764.9054634287595 15399.229797107395
1838 2749.910126816259 15398.865262210225
1840 2817.3894143601797 15400.505675878925
1848 2364.5117777911 16367.778755247997
1878 2787.398515506329 15399.776600599575
1900 2734.914701533762 15398.500725157499
1904 1740.4099380950438 15278.453133580348
1910 2757.4077938345217 15399.0475296275
1914 2779.900850543194 15399.59433323226
1924 2878.7377643898226 15420.119071820804
1937 2727.417002453327 15398.318456960797
1939 1634.2104093184653 15423.448394005725
1942 2823.4611816321967 15413.719472357177
1955 2772.4031358060124 15399.412064654945
1962 2712.4216713000797 15397.953922196342
1969 2871.2459268829816 15419.884179225704
1982 1761.5779045395304 16914.26460388103
1989 4115.4774305845385 17175.771506127454
1997 2863.921064024333 15416.461015167532
1998 3665.0618558356377 14942.646362355697
2005 2280.456042373765 17382.50574074366
2007 2832.3098863425 15430.511055137202
2008 2645.599570709185 15396.209828697718
2011 2668.0945148061996 15396.806641679394
2020 3648.2787668817564 16386.308771342487
2024 2509.2520228162502 15427.894814082465
2026 3360.7072659932037 16975.05759801681
2032 1914.8805521760694 15755.952324285092
2035 2719.9193405273927 15398.136189667317
2036 2675.592804534175 15397.005578677446
2037 2390.565381368446 16669.9914217381
2039 3654.7932966695616 14926.101389621397
2042 1718.560830388446 16936.97041838557
2043 1487.442216757705 16515.418879582627
2045 2645.9892676755317 17267.1802985251
2047 1873.5519080567592 16856.296286036693
2049 2831.8046299041284 15441.141337924259
2050 2523.11707324107 15412.775134598507
2052 2518.745320371817 15416.259650757716
2053 1841.5812204147069 16938.38010013199
2054 2830.6610865757184 16338.393790825052
2055 2886.229616953004 15420.353964887965
2057 2690.5893602901306 15397.403452044768
2063 4318.035231507536 16776.532370148092
2064 2357.011416326507 16367.685009160092
2071 2509.241122738553 16862.931167876788
2074 969.1838322241636 15063.770423755604
2076 2830.677404317516 16189.926817079155
2077 2341.301535409958 16188.392214539132
2085 4523.809453641022 15722.461028353955
2090 2831.4141175721206 15449.357475722434
2091 2829.8362266233075 15414.417289258521
2095 2660.5962191439976 15396.6077045239
2098 3177.2133428188154 15586.55282876431
2099 2683.091082885077 15397.204515373654
2100 3502.080381064746 14686.539634983814
2105 2557.7613062483965 16926.90917042522
2108 2349.5110215026693 16367.591262655236
2111 3976.0474590997464 16869.15513131249
2115 2831.0580001213366 15456.849966504822
2116 2830.701882820916 15464.342454123658
2119 2405.721466114078 16700.236477793274
2121 2638.1012803566373 15396.010891683094
2122 3150.845351903677 15576.30271964072
2125 2338.370766625491 16295.642744406217
2127 1128.9849574118787 17065.922085381026
2129 2630.6029302523716 15395.8119530832
2130 1546.695481374433 17495.266663006336
2131 2829.6335223303317 15486.82009769419
2134 2533.8247273200896 15415.91009254082
2135 2315.8323181398478 16357.253833055664
2136 2379.5124576498133 16367.966246885471
2142 1671.9400059921206 15552.948959286143
2144 2624.9972083913854 16362.277926311834
2148 1685.352696908951 15396.334126837348
2149 3584.612428164079 16284.162822287411
2150 2871.4224401691527 15416.693424316381
2152 2346.507326125185 15971.062116464986
2157 2815.6670089540953 15419.677046590712
2158 4106.748186490012 15628.899900847435
2160 2372.012111779286 16367.872500992476
2165 4454.176758659327 16160.525107729034
2170 2467.520820281573 15415.287940448077
2173 1755.2091726154497 16382.664518809857
2174 3602.6727984458917 15325.68590513469
2176 3255.5805744464765 15407.028554003407
2177 2817.5491623084395 15394.10567624946
2178 2331.4169709099874 16358.199606789014
2179 2810.0494909671256 15393.923408798542
2183 3139.9395234469275 14323.557641347797
2184 2585.198371582173 16361.98411189188
2186 2822.772978946085 15428.934019613947
2189 2863.754006367375 15419.64928402802
2191 3073.1839446248555 15596.19224093207
2194 2394.5131632340645 16368.153738844487
2195 2615.6063057829483 15395.414077892841
2196 2493.4708738102427 15414.692241702896
2198 3782.7885059872774 15562.12111037463
2200 1990.2986720332228 15402.550709679414
2201 3111.421677166674 15593.53469968173
2202 2409.513863919909 16368.341230742277
2203 2165.0305433983754 16354.49783805219
2205 2160.491998225219 15385.853982578026
2206 3177.905719292055 16677.69179837026
2207 2653.097885989364 15396.408766373695
2208 2387.0128298242266 16368.059993107236
2210 3035.6634636682247 15221.491977161686
2211 3799.938095645734 15219.52512117086
2213 3444.411132036054 15403.236095502845
2214 2829.2774011920865 15494.312666058486
2216 1786.161319177566 16901.28867598089
2217 2828.6453455726 15440.324572443085
2218 2623.1045920911147 15395.613014800165
2219 1627.7077438084073 15420.51230411405
2221 3002.7248426068722 15599.189012341556
2223 1693.7694208363064 17133.2015543022
2224 2595.2742435638384 16968.612186882416
2225 2829.237384998566 15427.88592388547
2226 3648.6153073139126 16015.293620724107
2228 2886.425142532408 15417.158241067254
2229 2167.998256601085 15386.009275475579
2231 2432.2192521617767 16368.625022574452
2232 2865.000910034329 15399.285862296749
2233 3531.0801880546023 16544.041753254114
2234 1453.0394367976703 15592.70580268167
2235 3173.2205012442205 16663.878814055293
2237 4589.011147982387 15355.058917360417
2239 2402.0135353613223 16368.247485065662
2240 2572.807126486005 16950.59696329761
2241 4084.147300945835 15645.312254252036
2242 1849.5828549485302 15409.379948870393
2243 2817.1502615232607 16366.999755749152
2245 2578.1148005826717 15394.419391401974
2246 3185.07131893325 15605.663259079374
2247 3347.293886636887 16750.159029590028
2249 2600.6096720638216 15395.016202457082
2250 2789.594397522987 15811.794109121181
2251 3328.9462683090123 15845.218251371207
2252 2917.0817430807742 15599.329007859793
2253 1271.1290612202783 15808.996625011847
2254 2191.9700235292134 17229.796833244083
2255 2830.345760808782 15471.835040874028
2257 2608.1080251385865 15395.215141135786
2258 2831.0772357408164 15893.808231445479
2259 3104.082197878939 15595.101396221997
2260 2585.6130759943544 15394.618328020202
2261 2575.91611647912 16949.550960829707
2263 1496.8968344972518 15849.884547237996
2264 2893.9256387754017 15417.409629026803
2266 2574.093147959891 16984.546319105397
2267 3461.2121728268025 17085.584349194945
2272 3938.1569335805148 16221.168255552737
2273 2827.8549110521435 15456.93146849858
2274 3813.511501328154 16275.408981675891
2275 3011.5204528241848 16408.530690848056
2276 4027.687601386453 16383.826408770072
2277 3541.5349779286075 16019.879281218631
2279 1020.3733205054912 16730.978989659758
2280 3118.770353485206 15591.966039929119
2281 1992.722706491398 15409.266549827384
2282 3002.5983276386614 16381.710607141538
2283 2806.499733568675 16195.247568733788
2284 2337.5766553452136 16588.660475504363
2285 3556.7956240320905 15370.615543761156
2286 2031.2941619764636 15963.74175315914
2287 2828.2222296502864 15449.214166659227
2288 3610.255711936292 15337.911395245874
2289 2593.1113727757106 15394.817265205389
2290 2893.7206869460488 15420.605659874433
2291 2987.744127068755 16353.47030133179
2292 3451.8563896126466 16052.224313299334
2293 2901.2030987433113 15421.049854420187
2294 2872.5007542283474 15399.329788634506
2295 3629.0205660786064 16374.278283758254
2297 3257.338334880836 16161.304890498746
2298 2305.5966707755556 16357.0667703169
2299 3380.7226506296233 15937.170768020465
2300 4594.42825276562 15870.820000658834
2301 2563.814477847161 15397.066702487034
2302 3732.482662256627 16526.889039680267
2303 2878.9237958010917 15416.925832829698
2304 1814.8161724485517 15385.864078308832
2306 2015.5622813528284 16347.243735086511
2307 3162.2711317890785 16657.76660735432
2308 2800.0281761289575 16228.386290662309
2309 2570.616523416891 15394.22045473721
2311 955.1044062703751 15290.88436928158
2312 2486.531436678229 15403.461992242861
2314 3507.7009118857236 16459.746707422084
2315 4121.205309996285 16128.651104094934
2317 1232.9434345022992 16661.054473262437
2318 2880.0006036274926 15399.37371500275
2319 1919.382082263784 16813.384503234476
2320 1496.5621216179504 15892.36194879857
2321 1951.1065006780993 16794.803733581975
2322 2785.7488504517423 16360.936403405638
2323 2887.500532842907 15399.417641838476
2324 3617.2680684511765 15337.743913721277
2325 3096.663239807741 15596.048849919891
2326 3617.9769646139907 14872.851484594332
2328 3223.1033164696387 16600.93046454778
2329 2293.8878002063448 16356.852783519727
2330 3407.2788878258025 15979.412364928696
2331 2901.4174189050354 15417.855654658915
2332 4140.9998559469 16110.583475887983
2333 2545.945805929965 16968.83881340708
2335 3447.877485723446 16045.864740773131
2336 1406.189293745324 15641.558072057007
2337 2553.906851377649 16967.68602006797
2338 2857.005351506637 15173.599706433799
2339 2895.0801304314073 15399.46203528921
2340 1454.9410976394006 16683.932973344756
2341 4257.51777598112 17194.869302707277
2342 1842.2297170402899 15501.354463684766
2343 2397.316043429006 16360.378504096636
2344 4054.781486622801 16147.10339082577
2345 2555.468792467987 16970.484889247968
2346 2441.0047834572147 16368.734831840711
2347 3523.880395932874 14715.254942304158
2348 3304.8974250214346 15427.799925317253
2349 3383.9584538948466 15936.430400513873
2350 2289.2431833119967 17116.694321217594
2351 3684.49337062237 16450.322336225458
2352 2764.5748878188765 17284.70842573497
2353 1738.1045016441462 16378.987407409173
2354 2028.311674665638 16763.033141636835
2355 2829.9896413772076 15479.327573331013
2356 2356.8031590495634 17078.098054245816
2357 2649.81296072199 15420.989043867907
2358 3153.504195604708 16670.899998844034
2359 3091.4261759088517 15472.40534763228
2360 2424.528210502121 16368.528893198434
2361 2552.3547489902185 16964.887313787614
2362 3607.4036215117267 16408.839801408372
2363 2316.313944797424 16366.826305276454
2364 2568.6477860086925 15416.437806546379
2365 2996.6636694260146 15399.26217793777
2366 3749.9014499900686 16548.415705977357
2368 2646.219539934217 15428.986389691896
2369 2274.7328113513813 16608.71263756414
2370 2826.651570274335 15549.558523581187
2371 2961.906666141814 17505.384199046453
2372 4098.440189986638 16950.825356461784
2373 3870.6310529666775 15778.180259204226
2374 3878.641230353723 16817.855874567973
2375 2823.780095210537 15542.54266256401
2376 2417.01423225947 16368.43497691611
2377 2867.353346579254 15112.413879157844
2378 3837.8260750527697 15566.81278229241
2379 886.4271314621609 17442.065654132253
2380 3141.5805380901015 15405.193151785863
2381 3968.5468855477357 16204.37509019932
2382 1824.2469199638028 16896.080092872122
2383 4397.2717788613245 15475.388634484401
2384 2841.251368898667 15688.966017111685
2385 1516.4053532185164 15885.838494882391
2386 948.1893188622996 16156.09755140707
2387 2638.9154265127872 15417.502653214879
2389 2963.7996511687443 15798.660461498372
2390 1463.2342430078056 16142.294633299634
2391 791.9381931499236 17222.834453144307
2392 2287.799392527977 17401.400746085103
2393 3539.449797532444 15832.817551953058
2394 3665.0982181138775 16419.377455815542
2395 4356.074611176762 15857.916403667241
2396 2854.634969226071 15304.374707902156
2397 4027.1617817485107 16387.82159176655
2398 3036.029481580151 15608.397085071278
2399 2065.8586071340064 15190.380289823906
2400 2869.89220550108 15602.6782655229
2401 2771.386862652825 17306.046763599992
2402 1830.6469240395145 16895.831379638334
2403 3327.8051458859227 15836.993128620208
2405 3055.9969527753005 16506.630750271313
2406 4707.375742412899 15247.744077318432
2407 4000.785327217278 16403.023249998634
2408 3252.761640035111 15525.857847122159
2409 3019.0834557222247 16120.890646851149
2410 3262.339134273034 16799.102474244304
2411 3294.712155635072 15814.191176559996
2412 2997.604602299932 16739.24390426996
2413 3251.722528713554 16831.448189579754
2415 3960.5064862218546 15214.916301221314
2416 3987.212094825426 16979.481523498085
2417 3715.516334218629 15590.318974144888
2418 2881.0587722377327 16160.795680851978
2419 3165.3733379326845 14980.090917094603
2420 2827.019666293674 15037.975097161587
2421 3879.2234337327136 15316.348725933773
2422 3018.5353250372023 17152.123178689515
2423 3873.2827210464675 15239.879343577944
2424 2484.2642539385083 15619.32451610685
2425 4403.600758273524 16937.118736438235
2426 3395.7895892694282 14525.451383748421
2427 4344.173785297571 15783.21053276409
2428 4643.903269736333 16270.402441081489
2430 2862.9073129822204 15129.219144582356
2431 3031.684233717632 15385.545274158956
