1547 4413.865754751034 16271.592959106238
1636 2802.393933669157 15400.141137479224
1656 2809.8916687174888 15400.3234065503
1686 2794.8962220260833 15399.958868977126
1729 2832.7189288781633 15421.622015408393
1747 2742.4124431765736 15398.682994388888
1834 2764.9054634287595 15399.229797107395
1838 2749.910126816259 15398.865262210225
1840 2817.3894143601797 15400.505675878925
1848 2364.5117777911 16367.778755247997
1878 2787.398515506329 15399.776600599575
1900 2734.914701533762 15398.500725157499
1904 1725.2943050171127 15294.828096543819
1910 2757.4077938345217 15399.0475296275
1914 2779.900850543194 15399.59433323226
1924 2878.7377643898226 15420.119071820804
1937 2727.417002453327 15398.318456960797
1939 1654.9633491982497 15409.237685211589
1942 2826.392517433846 15419.82283106259
1955 2772.4031358060124 15399.412064654945
1962 2712.4216713000797 15397.953922196342
1969 2871.2459268829816 15419.884179225704
1982 1777.7607152331943 16905.722788682677
1989 4117.756028093751 17174.98723681451
1997 2863.921064024333 15416.461015167532
1998 3659.662678798997 14933.947066240815
2005 2272.3893698947086 17368.716787105273
2007 2832.1870733996084 15433.094963453254
2008 2645.599570709185 15396.209828697718
2011 2668.0945148061996 15396.806641679394
2020 3642.674392783156 16377.126534610472
2024 2511.3258253827007 15419.998862429866
2026 3346.6000859964106 16957.3003570956
2032 1914.916422126758 15758.777291448063
2035 2719.9193405273927 15398.136189667317
2036 2675.592804534175 15397.005578677446
2037 2377.0172402126877 16648.339493977244
2039 3649.609193513582 14917.748626202469
2042 1739.0478200023963 16926.156717195736
2043 1504.502699135321 16505.385700383315
2045 2640.3931375697216 17257.075504800716
2047 1896.1662047507293 16843.12651983045
2049 2831.7702366724593 15441.86495023443
2050 2526.049514691139 15412.59105371167
2052 2525.5647845512494 15415.81200436605
2053 1840.7937584751132 16918.40262820336
2054 2830.6626349200624 16324.306179812775
2055 2886.229616953004 15420.353964887965
2057 2690.5893602901306 15397.403452044768
2063 4323.873016558664 16786.296059098564
2064 2357.011416326507 16367.685009160092
2071 2495.390762374515 16841.276802736378
2074 981.654755932935 15056.665294021801
2076 2830.703802166856 16162.019659424255
2077 2341.8493189586393 16165.18688597103
2085 4529.688952922689 15722.624180242665
2090 2831.4141175721206 15449.357475722434
2091 2829.582052433432 15420.211817308718
2095 2660.5962191439976 15396.6077045239
2098 3172.4390865720825 15578.689610010357
2099 2683.091082885077 15397.204515373654
2100 3512.0723014268283 14702.360239851154
2105 2550.217584847419 16915.11518065535
2108 2349.5110215026693 16367.591262655236
2111 3986.5209044574344 16877.434743201495
2115 2831.0580001213366 15456.849966504822
2116 2830.701882820916 15464.342454123658
2119 2395.106679106575 16683.273743110934
2121 2638.1012803566373 15396.010891683094
2122 3139.320121523689 15581.33310706701
2125 2339.025000366396 16271.701273574097
2127 1133.9725979703078 17077.027075544745
2129 2630.6029302523716 15395.8119530832
2130 1557.8422265717177 17504.13971431171
2131 2829.6335223303317 15486.82009769419
2134 2538.4631686751627 15415.980384196959
2135 2313.4188275883516 16357.209725034307
2136 2379.5124576498133 16367.966246885471
2142 1684.1166896025939 15548.79631468501
2144 2600.743756927241 16362.098875506705
2148 1714.7256595752692 15394.195746305943
2149 3596.454405922527 16304.55574272338
2150 2871.4224401691527 15416.693424316381
2152 2347.344846127843 15947.951517466905
2157 2821.120727451429 15420.787433516014
2158 4099.854472223492 15632.72667377057
2160 2372.012111779286 16367.872500992476
2165 4472.582832825134 16151.364595923762
2170 2483.0944595571677 15415.363244997234
2173 1772.94406628231 16375.349232363997
2174 3579.890902265737 15337.941074838725
2176 3225.765518301627 15406.801753634436
2177 2817.5491623084395 15394.10567624946
2178 2325.345128354439 16357.737127244329
2179 2810.0494909671256 15393.923408798542
2183 3153.0990943006886 14319.22830068218
2184 2558.883214854169 16361.789840573168
2186 2822.599783662393 15432.577941201502
2189 2863.754006367375 15419.64928402802
2191 3045.177512204329 15597.920295272954
2194 2394.5131632340645 16368.153738844487
2195 2615.6063057829483 15395.414077892841
2196 2507.4457970015865 15413.788536504666
2198 3771.949032014441 15567.89550613462
2200 2015.041961556542 15402.815733787726
2201 3111.425097738573 15593.53396952119
2202 2409.513863919909 16368.341230742277
2203 2138.0402197633307 16354.004573319677
2205 2160.491998225219 15385.853982578026
2206 3169.8017068312715 16664.40965042183
2207 2653.097885989364 15396.408766373695
2208 2387.0128298242266 16368.059993107236
2210 3027.5519114019894 15212.582300274877
2211 3781.246206380453 15229.578253743228
2213 3451.1543874608506 15401.791992720295
2214 2829.277383809611 15494.313031775006
2216 1801.0835870368867 16893.412216396242
2217 2828.579170133024 15441.714907275411
2218 2623.1045920911147 15395.613014800165
2219 1647.844708499448 15405.86577999602
2221 2977.587552534589 15598.830143671848
2223 1679.65397400177 17111.82593056381
2224 2595.2742435638384 16968.612186882416
2225 2829.0251852697666 15432.344204423542
2226 3639.9862538440357 15999.795595574435
2228 2886.425142532408 15417.158241067254
2229 2167.998256601085 15386.009275475579
2231 2432.5618446316116 16368.629304595252
2232 2865.000910034329 15399.285862296749
2233 3524.561815705669 16532.290423827337
2234 1439.661630322815 15608.295560354061
2235 3167.0630252480732 16654.186146384516
2237 4583.264168611067 15358.55313585691
2239 2402.0135353613223 16368.247485065662
2240 2570.9300537004924 16947.532658245083
2241 4077.4883619550324 15649.165637122009
2242 1849.542226761629 15413.24239672966
2243 2810.06048986747 16362.90916666065
2245 2578.1148005826717 15394.419391401974
2246 3194.9559363079693 15621.944456704425
2247 3336.1001882235905 16756.132984852666
2249 2600.6096720638216 15395.016202457082
2250 2797.3880245843843 15811.90508542577
2251 3344.6295543641563 15871.800092142637
2252 2902.527085661101 15599.375033610577
2253 1283.2099608562016 15807.457905025973
2254 2186.8677359835156 17220.965373765208
2255 2830.345760808782 15471.835040874028
2257 2608.1080251385865 15395.215141135786
2258 2831.992842836187 15861.3784544717
2259 3104.0830273226434 15595.101219167667
2260 2585.6130759943544 15394.618328020202
2261 2573.868720433561 16946.20860453146
2263 1495.5434953969968 15830.293903453392
2264 2893.9256387754017 15417.409629026803
2266 2576.4169356944312 16987.94573727618
2267 3445.944691019556 17065.95546358165
2272 3958.1327015376655 16210.136619469871
2273 2827.841186321827 15457.219822769366
2274 3789.391579535794 16292.248102444852
2275 3005.0461588911794 16391.41898186055
2276 4009.708504819055 16394.188380695283
2277 3557.5972989465254 16011.188505489983
2279 1017.7419617244525 16742.037133436337
2280 3118.79273145008 15591.96126309431
2281 1992.9872857309851 15409.276583893474
2282 2990.4956170875043 16365.17858586345
2283 2806.441482708795 16222.163401867345
2284 2329.6745494775823 16585.33555845017
2285 3580.5987702504185 15357.662732384888
2286 2030.9418344844287 15981.959894179943
2287 2828.2216662357105 15449.226003904503
2288 3636.644487944732 15323.57958504554
2289 2593.1113727757106 15394.817265205389
2290 2893.7206869460488 15420.605659874433
2291 2986.085470542926 16334.777603697225
2292 3451.8563896126466 16052.224313299334
2293 2901.2030987433113 15421.049854420187
2294 2872.5007542283474 15399.329788634506
2295 3619.251165958119 16379.560971453624
2297 3231.0113177155445 16175.318371621763
2298 2304.899453227291 16357.054028238217
2299 3392.1103292344815 15958.157230854647
2300 4615.952067747059 15859.100643632411
2301 2535.018387186044 15396.548918720258
2302 3737.3602534533784 16534.67121495349
2303 2878.9237958010917 15416.925832829698
2304 1799.1965247782182 15385.57896662981
2306 2009.6720662974985 16350.301621530281
2307 3156.1199460624275 16646.41686962517
2308 2799.9683998595083 16256.01665953409
2309 2570.616523416891 15394.22045473721
2311 948.9554548495751 15282.01772051388
2312 2488.7937533893205 15401.972953277651
2314 3528.4076718419606 16448.415748888154
2315 4141.881146701782 16117.400261231709
2317 1256.320164367958 16647.837255418068
2318 2880.0006036274926 15399.37371500275
2319 1900.4867947398557 16824.45134078575
2320 1499.0975916425848 15883.793887051752
2321 1929.8491520438458 16807.254013780577
2322 2775.4185292009915 16361.041879424127
2323 2887.500532842907 15399.417641838476
2324 3642.1955239210374 15324.20575035754
2325 3096.663239807741 15596.048849919891
2326 3625.2839072557376 14884.624353627369
2328 3207.6738270059636 16613.037998572298
2329 2287.407615804872 16356.734354171911
2330 3395.9547755036842 15958.540858236332
2331 2901.4174189050354 15417.855654658915
2332 4164.287266988252 16097.791995201811
2333 2545.945207418332 16968.83918242557
2335 3447.877485723446 16045.864740773131
2336 1378.4145683093107 15657.540595440083
2337 2553.906851377649 16967.68602006797
2338 2856.835310111695 15158.4710981465
2339 2896.3711209167486 15399.469596577503
2340 1454.923498539993 16689.763345434432
2341 4246.358619520797 17175.77729706861
2342 1842.004173947868 15529.47971752281
2343 2380.812253713664 16360.102668285383
2344 4030.605115372155 16160.517777955272
2345 2555.4683578220324 16970.485157268373
2346 2445.6885654977027 16368.793373851648
2347 3517.1815836178616 14704.511994621074
2348 3336.679320015475 15427.961196259594
2349 3371.2725545558947 15913.048979929195
2350 2267.997689369702 17128.843669965638
2351 3696.7329621419995 16469.85055059115
2352 2776.7824399848537 17303.598319025317
2353 1710.9302876616719 16389.775325443235
2354 2048.0084147045463 16755.59538679161
2355 2829.9896413772076 15479.327573331013
2356 2339.3715896731674 17088.028125330613
2357 2655.2478745655717 15417.72155877387
2358 3156.617649532936 16675.957771453468
2359 3091.554458911372 15484.117438310685
2360 2424.5811685842564 16368.529555114936
2361 2552.3547489902185 16964.887313787614
2362 3619.0817450678064 16402.44985401666
2363 2322.246568407534 16367.330822139025
2364 2584.623443623507 15416.679904127373
2365 2973.218776840468 15399.087111535548
2366 3750.0811018933855 16543.730460667644
2368 2646.1591117767325 15435.879920594924
2369 2255.3069210823196 16620.06010357548
2370 2825.563994357833 15572.44044782163
2371 2975.2509272562734 17500.22421895127
2372 4093.4667022555877 16950.958898475103
2373 3892.251126726577 15766.03177133507
2374 3867.440749976863 16824.549375296214
2375 2823.232110407973 15554.055730908887
2376 2417.01423225947 16368.43497691611
2377 2872.7904350326276 15109.546073999021
2378 3848.393874176108 15585.442001834574
2379 866.0677704289396 17458.410813056995
2380 3124.445709049402 15403.655507194742
2381 3989.0393569378416 16193.098022472197
2382 1824.2469199638028 16896.080092872122
2383 4402.18241503901 15475.877765310672
2384 2841.92111451571 15670.946992084882
2385 1522.3632310174692 15884.121368410624
2386 937.4262710760787 16160.233478125529
2387 2644.407169713875 15418.689488432441
2389 2963.626647815168 15810.45240831092
2390 1477.2064885657935 16137.704263671365
2391 772.3916094290981 17205.611422828624
2392 2293.231150585349 17410.685088669168
2393 3549.1196208137476 15848.516912066982
2394 3675.250294886253 16435.57504959553
2395 4365.244055381004 15874.349785296788
2396 2855.244712053268 15276.149356504242
2397 4044.654875393158 16377.739720046722
2398 3035.859756396462 15610.716662581688
2399 2076.337662350025 15190.425059496425
2400 2884.56511155515 15602.631865838053
2401 2771.1656464129314 17306.177976226158
2402 1830.6469755614585 16895.8332958822
2403 3321.710728759753 15826.663608067378
2405 3069.538447546879 16529.021857297663
2406 4713.1036751678175 15258.037699930017
2407 4017.3819690699574 16393.45803428907
2408 3268.4026213954303 15517.452789402747
2409 3028.6581002913263 16114.616688441267
2410 3262.339134273034 16799.102474244304
2411 3286.359042412871 15818.904507192357
2412 3019.3688965543547 16730.956889508634
2413 3263.522564264997 16851.57492564516
2415 3966.110434931424 15224.82603952012
2416 4005.576083835219 16970.26450439319
2417 3713.067617173991 15585.80786278936
2418 2892.2292812911364 16160.817069119965
2419 3172.6879105938956 14991.450965157364
2420 2822.792328597329 15028.02842022901
2421 3886.363256277028 15328.968496214948
2422 3028.2483893187 17146.85932449825
2423 3869.107973719908 15232.430400792971
2424 2490.520497000206 15612.756920263864
2425 4395.9927370527075 16941.482095689178
2426 3398.9460636073195 14530.55439179116
2427 4338.67758625037 15786.012051068927
2428 4646.659264986771 16268.829470103226
