1636 2802.393933669157 15400.141137479224
1656 2809.8916687174888 15400.3234065503
1686 2794.8962220260833 15399.958868977126
1729 3200.6119517637317 15293.180891409682
1747 2742.4124431765736 15398.682994388888
1834 2764.9054634287595 15399.229797107395
1838 2749.910126816259 15398.865262210225
1840 2817.3894143601797 15400.505675878925
1848 1910.1117197728938 16356.383579228437
1878 2787.398515506329 15399.776600599575
1900 2734.914701533762 15398.500725157499
1910 2757.4077938345217 15399.0475296275
1914 2779.900850543194 15399.59433323226
1924 2878.7377643898226 15420.119071820804
1937 2727.417002453327 15398.318456960797
1939 880.202020509142 15838.047375346356
1955 2772.4031358060124 15399.412064654945
1962 2712.4216713000797 15397.953922196342
1969 2871.2459268829816 15419.884179225704
1982 962.8573714996242 17369.317011762872
1989 4029.2421123906834 17205.45279625339
1997 2863.921064024333 15416.461015167532
2005 2064.7135357282373 17460.5446569819
2007 3217.7033618176292 15321.591925179184
2008 2645.599570709185 15396.209828697718
2011 2668.0945148061996 15396.806641679394
2024 2337.264866033548 16368.135779067
2026 3157.585925368489 17266.923523878257
2032 1929.5698462635978 15663.368920613897
2035 2719.9193405273927 15398.136189667317
2036 2675.592804534175 15397.005578677446
2037 2572.5706951165803 16944.126817795306
2049 3502.9155111522346 15375.744765061158
2050 2037.1958175779644 15801.878980664344
2052 2338.428531897172 16293.528843088397
2054 3425.2414365891836 16485.400750905417
2055 2886.229616953004 15420.353964887965
2057 2690.5893602901306 15397.403452044768
2064 1883.4119926289345 16355.749355310285
2071 2266.4054734719275 17358.487877622567
2076 3143.890153330349 16624.792536219946
2077 2191.799118676249 16798.92586438779
2090 3242.9893926101972 15363.484512248277
2091 2707.7412610684055 14838.682287861444
2095 2660.5962191439976 15396.6077045239
2098 3626.520829614206 16349.952569444853
2099 2683.091082885077 15397.204515373654
2105 3165.1603365003302 17415.417416776043
2108 2199.0370960536015 15606.836515410052
2115 3250.4106138509296 15403.788864600388
2116 3205.5429858898415 15403.4478511414
2121 2638.1012803566373 15396.010891683094
2122 3518.2876815839663 16164.585743640244
2125 1578.5241402042261 16461.947236738124
2129 2630.6029302523716 15395.8119530832
2131 3150.0999746800435 15405.957668639858
2134 2339.373791771949 16258.937365599886
2135 2564.3794189670107 16949.137213666847
2136 2357.011326873815 16367.685008042034
2144 3126.0425436588316 16589.978845550868
2149 3064.0562912994596 16138.106750639776
2150 2871.4224401691527 15416.693424316381
2157 2437.083399963148 15418.326614801827
2160 2349.5110005801803 16367.591262393727
2170 1504.9676785939873 15550.061873122073
2173 1325.3906583649066 16210.528418960688
2174 4150.882245926487 15756.027483111302
2176 4076.7048466268266 15621.865610604747
2177 2817.5491623084395 15394.10567624946
2178 2796.06794008386 16360.831042065714
2179 2810.0494909671256 15393.923408798542
2184 2837.4827720174208 16356.873859721989
2186 2528.7925882054283 15086.197973213057
2189 2863.754006367375 15419.64928402802
2191 3501.7649708840054 16136.681602688617
2194 2372.0119973023584 16367.872499561643
2195 2615.6063057829483 15395.414077892841
2196 1542.888547339692 15507.918051662135
2201 2940.0838241785664 15420.156565544603
2202 2387.012782031879 16368.059992509885
2203 2727.9931444544586 16361.526108388254
2205 2534.4979837293577 15393.262194371158
2206 3840.014961365238 17630.43902812938
2207 2653.097885989364 15396.408766373695
2208 2364.511664403551 16367.778753830778
2211 4285.78529012275 16002.50026959389
2216 1130.9183792128001 17070.22685230038
2217 2764.001823908629 14922.922290578268
2218 2623.1045920911147 15395.613014800165
2219 1166.5783005658554 14981.573130885678
2221 3471.369683075665 16085.34896056524
2224 2188.4565263515133 17223.715840520465
2225 2939.092830331065 15161.58874944821
2228 2886.425142532408 15417.158241067254
2229 2502.6819069390053 15434.73340053051
2231 2409.532045761695 16368.341457994864
2232 2865.000910034329 15399.285862296749
2234 2179.8560567868362 15392.63787669797
2239 2379.5123242529876 16367.96624521816
2240 3013.278276406791 17151.394192640313
2241 4464.485487329944 15125.883597758497
2245 2578.1148005826717 15394.419391401974
2246 3091.368133539164 15467.106145995149
2249 2600.6096720638216 15395.016202457082
2251 3091.6359772969276 15491.559973212607
2252 3448.854619020555 16047.426515132043
2255 2940.844866992756 15599.2538624553
2257 2608.1080251385865 15395.215141135786
2258 3135.902980031583 16611.929978987475
2260 2585.6130759943544 15394.618328020202
2261 3026.5363679975653 17473.101543289864
2263 1579.785769284995 16948.13302147338
2264 2893.9256387754017 15417.409629026803
2266 1998.7372690199109 16787.132989131478
2272 3105.3418582202476 16680.9430797243
2273 2800.5835401402055 14983.964466262585
2274 4372.081204099375 15880.047417743259
2275 2555.8937269905437 16663.72381021237
2277 3041.0929590369356 16497.64224766892
2279 993.033139096082 16123.299222969308
2280 3004.965900359963 15424.783206438726
2281 1462.0412534802992 15597.76868089687
2282 3239.2733909599033 16784.424339665315
2283 2972.552596848665 15399.082137073243
2284 2569.88064687218 16945.856765615572
2285 2309.93517786846 15406.434843475527
2286 1949.824180399631 15548.84784904526
2287 2880.025954082486 15208.811271099003
2288 2260.504255408942 15405.890973664147
2289 2593.1113727757106 15394.817265205389
2290 2893.7206869460488 15420.605659874433
2291 3147.846675126187 16631.16412553407
2292 3007.07977867511 16304.520114709767
2293 2901.2030987433113 15421.049854420187
2294 2872.5007542283474 15399.329788634506
2295 3459.221458546305 16071.106915455568
2297 4065.211415684026 15656.356014108454
2298 2785.0003538405267 16360.944045805181
2300 3641.2591723295473 16386.878003670074
2301 3833.1107691119973 15194.403112097261
2302 3470.686404827338 16090.471648830711
2303 2878.9237958010917 15416.925832829698
2304 2313.4444819593764 15394.108950344644
2307 3091.9597249834765 17145.752961070382
2308 2836.8660027665096 15138.483291771377
2309 2570.616523416891 15394.22045473721
2311 1011.1307422654804 15645.771968778043
2312 1582.3542579418454 15473.622416824612
2315 4202.721271171077 16582.075725324372
2318 2880.0006036274926 15399.37371500275
2319 2473.7154801268716 16361.161090826094
2320 1584.8062574073397 16965.854162068732
2321 2544.817607523446 16358.48574888971
2322 3139.9336325175163 16618.420948488852
2323 2887.500532842907 15399.417641838476
2324 2310.806660286768 15400.043458423032
2325 2912.688578230531 15418.526686893687
2328 3466.8647233920474 16084.016682516427
2329 2722.129764597734 16358.385567792928
2330 3673.4432622976183 16426.655863456614
2331 2901.4174189050354 15417.855654658915
2332 3387.6447939888526 16667.897973319028
2333 2818.2056392312534 16517.732606498408
2335 3037.2809198221194 16288.4161673808
2336 2323.8261258361454 15397.423813662423
2337 3073.664337617783 16688.203845257463
2338 2849.236614306201 15387.759377767343
2339 2895.000460950189 15399.461568667712
2340 1466.298131636517 15700.685135454873
2342 1351.6096174612037 15367.972542171601
2343 2955.712907320609 16181.127436675271
2345 3109.461099517372 16663.936534765402
2346 2417.0650543509673 16368.43561213513
2347 3817.994253303609 15194.095127082328
2348 2908.68546767589 15421.494046421272
2349 3634.9268848526194 16364.428531075082
2350 2823.3009682697034 16678.281604696233
2351 3463.04308903607 16077.561795720907
2352 2580.049070194498 16987.659653337072
2353 2415.844779594047 16357.487492100547
2354 1612.4381036651778 16992.953729787976
2355 2898.076994731737 15599.389105997867
2356 2830.602858858375 16697.824007011663
2359 3166.508877957557 15407.430170134385
2360 2402.0148006241607 16368.247500880025
2361 2810.4039294734325 16496.149358267518
2362 2822.603540501882 16836.990760863206
2363 1849.9583778938077 16044.94810596439
2364 2341.065283699349 16197.037769002223
2365 3804.417937870531 15177.29263142032
2366 4169.84080315509 17055.01875604913
2369 2823.511648674437 16354.965416354195
2370 3092.0934532728324 15401.054350916671
2371 2585.4293433072453 16984.20003182458
2372 3658.091058904147 16408.197564156355
2373 3137.4245967301313 16235.044962140506
2374 3654.1073639096 16401.84159633698
2375 2999.460804571535 15332.597310612735
2376 2394.513423003368 16368.15374209131
2377 2849.436050838676 15380.261131264386
2378 3037.151663773196 15422.112903946667
2379 1905.5203875749899 16821.503200719864
2380 3968.353429067169 15416.059729835708
2381 3170.101362099088 16647.38885725382
2382 1916.6353698268185 16346.363408208334
2383 3843.6740305507665 15247.003111610651
2384 3038.8112007489235 16454.30487291658
2385 1301.8353050682854 16622.102966092294
2386 1044.6128844377042 15679.224771888657
2387 2342.211971075837 16139.150807418491
2389 3086.1275768961996 15426.216141933288
2390 1570.0993531457882 15467.531927515953
2391 1659.519597354757 16953.35488519065
2392 2546.9575839532426 16971.970682818588
2393 3002.394542338797 15602.38467271742
2394 2998.791026604352 16415.209267007493
2395 4029.0014531584475 16171.408211749947
2396 2852.4366159893766 15387.839314484709
2397 3662.0748521932055 16414.55368880419
2398 2916.1678271697247 15421.938237862027
2399 1852.4661811079409 15387.981891367124
2400 2719.6874989846256 16371.594055751271
2401 2582.7391968636407 16985.929844389582
2402 2361.084761306518 16622.877042829015
2403 3631.1362917417528 16357.900798521296
2405 2424.630576993968 16368.530172664523
2406 3990.0008298889006 15133.806324348738
2407 3650.1236642831955 16395.4856211275
2408 3575.1695202081114 16261.52112763994
2409 2606.189651649754 16372.358383359653
2410 2869.0111214606586 16370.525703208272
2411 3091.8588598936262 15519.348560965936
2412 2527.707233964146 16896.535192261355
2413 2837.061637816579 16368.217103043002
2415 3201.8242479104138 15425.513873469108
2416 3218.7879746492054 17312.65551235878
2417 3832.2922981194197 15226.88451823
2418 2817.95807156944 15750.093467385088
2419 3444.2661063983983 15401.630386449306
2420 2852.835486654439 15372.842911707736
2421 3224.5683952286054 15541.264216641512
2422 2645.7541499678314 17081.07101285228
2423 3815.0418928574763 15229.998839524276
2424 2186.540875266956 15417.695263772115
2425 3912.9259886536324 16798.358704604343
2426 2982.2214948492383 14433.98529572769
2427 4096.9480961537 15646.35050789929
2428 4569.358980426615 16115.01674091689
2429 2811.260747554331 15922.298214104425
2430 2852.6360510698737 15380.341122571992
2431 2910.0002527359075 15399.549421948823
2432 1866.247089115369 15403.56238915889
2433 3679.1195761658405 14965.296531265276
2434 3207.3995515463694 15636.269632871685
2435 4103.532109166926 15642.651633187545
2436 1869.3166041863954 15376.238250964554
2437 2856.6936160018654 15145.864552046562
2438 4059.7224311028135 15598.068052325329
2439 1857.6887953808618 16343.91479147018
2440 1413.321156934323 15525.269961901156
2441 2902.5003780238376 15399.505495432322
2442 2916.7999310906334 15602.529930647977
2443 1849.5647201014224 15411.103995812495
2444 2541.54995673043 16971.549119346124
2445 3287.689073778905 16145.14964192093
2446 3363.348816413762 15428.096525346065
2447 1840.6921521384336 15644.695975915643
2448 1380.965404842264 16469.98790072767
2449 4414.603992639509 15465.387715676434
2450 3259.4451627763083 15400.886680043244
2451 1425.278790211501 16277.483199832697
2452 3568.4029034180376 16256.24860430849
2453 2246.952089437721 17331.315737768982
2454 2855.2875689624466 15274.164906171613
2455 2639.180114205226 15970.832315281737
2456 3369.871582807554 17392.317906016397
2457 869.2356117581758 16460.69799412637
2458 3432.5857733333405 16027.45510387894
2459 2965.1200076350738 15927.027239905601
2460 4037.279891947501 15533.513705349971
2461 958.87021446657 16012.694653814911
2462 3568.7371270408535 15340.30759839301
2463 3336.1028381539604 15805.473578349827
2464 2720.470537495362 17192.840185649515
2465 3163.4189305080386 15570.739144023839
2466 1836.7454855714436 15383.06276486963
2467 3739.398603663297 16901.068432582913
2468 2591.670834204432 17408.771246276665
2469 3273.397543161273 17003.71577081468
2470 1762.000605528717 15626.808412055509
2471 3278.8625842106608 15407.206208426433
2472 1232.7477705858694 17186.277026741394
2473 887.7832508193121 16450.30164624188
2474 3190.9386759737176 15609.158506275175
2475 2785.709967314607 14608.246535967453
2476 906.0904561622764 15508.735023951273
2477 4270.489218102417 16927.42012286415
2478 3532.4234480759383 17159.013085845683
2479 3131.1789528111995 16228.459596426777
2480 2934.3486635772338 15396.516588494125
2481 3538.5323839225302 17483.612462500863
2482 3056.5843095883174 16840.37514342765
2483 3015.3213115992276 15339.858038899889
2484 3766.520996321675 17316.05672164486
2485 1840.7458094588305 15689.8662363209
2486 4289.951074849492 16909.063001063852
2487 775.6062536591421 16598.518859299827
2488 1502.5933211776792 15839.43572829654
2489 1823.7181355740283 16782.71553055568
2490 1983.8627557406835 16749.139811768975
2491 2850.6932249936713 15332.994957939365
2492 865.5351789762271 15743.441536321065
2493 3752.8928708021544 15811.194036683391
2494 1856.4815406249077 16039.77882776695
2495 3128.1295666519186 16966.17508901995
2496 1853.0659138991086 17169.607246439995
2497 1643.1083033419022 16873.767747137183
