1636 2847.561315401879 15402.863987772214
1656 2853.521627466463 15426.354880244233
1686 2833.4956026388445 15400.801786411115
1747 2742.5315803642225 15398.685890600127
1834 2773.5843886024118 15399.440780773682
1838 2750.9702607228996 15398.891033942773
1840 2854.940370749773 15451.954211775528
1848 1833.2397986967387 16285.46330861153
1878 2816.682899807129 15400.488500591928
1900 2734.914701533762 15398.500725157499
1910 2760.908143393315 15399.13262272007
1914 2802.127600200233 15400.134662943425
1924 2878.7377643898226 15420.119071820804
1937 2727.417002453327 15398.318456960797
1939 980.183430024426 16053.853041111768
1955 2787.05189630468 15399.768174326908
1962 2712.4216713000797 15397.953922196342
1969 2871.2459268829816 15419.884179225704
1982 783.6201008636917 17224.34540607208
1989 4006.0165462348464 17213.44679200651
1997 2863.921064024333 15416.461015167532
2005 2224.790308493689 17371.59157371567
2008 2645.599570709185 15396.209828697718
2011 2668.0945148061996 15396.806641679394
2024 2333.2130951716763 16583.412440692053
2032 1930.2599780186326 15635.635524685831
2035 2719.9193405273927 15398.136189667317
2036 2675.592804534175 15397.005578677446
2037 2577.48490461208 16952.11199385905
2049 3753.9529292090397 15244.257257541589
2050 2031.7098870917662 16069.548942796766
2052 2260.1249355231457 16365.638477412547
2055 2886.229616953004 15420.353964887965
2057 2690.5893602901306 15397.403452044768
2064 1854.8035198117823 16463.419344666097
2071 2336.5786995994017 17479.345332803943
2076 3155.683715095654 16642.90132430985
2077 2258.1973669046406 16913.68528486346
2090 3324.8922717767146 15290.143435166701
2091 2660.163965481562 14727.44216106936
2095 2660.5962191439976 15396.6077045239
2098 3669.625313460862 16420.563663651308
2099 2683.091082885077 15397.204515373654
2105 3352.9693106951463 17357.37435408309
2108 2141.770138257203 15411.868123912163
2115 3259.693099777081 15332.709202022803
2116 3239.194739864995 15357.239768754205
2121 2638.1012803566373 15396.010891683094
2122 3633.1453027658545 16361.360491049452
2125 1450.708447460527 16589.583541073447
2129 2630.6029302523716 15395.8119530832
2134 2336.2664744714334 16434.792138790264
2135 2569.658830637839 16959.525840311184
2136 2357.011326873815 16367.685008042034
2144 3212.5598337320307 16606.709611915394
2149 2963.6296357809047 16157.227761766486
2150 2871.4224401691527 15416.693424316381
2157 2215.5723016166658 15413.562535640727
2160 2349.5110005801803 16367.591262393727
2170 1408.729145072223 15561.392211436785
2173 1173.2247370809985 16294.84371983449
2174 4251.909949968507 15830.227776325855
2176 4240.143666029151 15558.510988621032
2177 2853.3134408373007 15354.873193543564
2178 2796.0689835061667 16360.831031412026
2179 2852.7217005939956 15377.120944018166
2184 3016.954286494934 16411.392227098557
2186 2385.3202100656176 15079.679576880782
2189 2863.754006367375 15419.64928402802
2191 3625.4762539135777 16348.153718814767
2194 2372.0119973023584 16367.872499561643
2195 2615.6063057829483 15395.414077892841
2196 1421.708827975433 15602.054412377893
2201 2916.400872907698 15418.74769959712
2202 2387.0126525082887 16368.059990890986
2203 2781.066863357458 16360.984208052303
2205 2563.118234893525 15394.021517771116
2207 2653.097885989364 15396.408766373695
2208 2364.511664403551 16367.778753830778
2211 4130.263919622929 16116.446952932947
2216 1043.7868671573058 17033.10900097363
2217 2684.1181003779807 14804.002561070145
2218 2623.1045920911147 15395.613014800165
2219 1069.5096360465793 15007.87696036142
2224 2269.302821578667 17363.440724175605
2228 2886.425142532408 15417.158241067254
2229 2444.707555154388 15688.478218916587
2231 2409.5136635468016 16368.34122823784
2232 2865.000910034329 15399.285862296749
2234 2430.4698901857373 15395.397632307999
2239 2379.5123242529876 16367.96624521816
2241 4393.863764556102 14998.488038890548
2245 2578.1148005826717 15394.419391401974
2246 3052.6978147688783 15425.569977108727
2249 2600.6096720638216 15395.016202457082
2251 3076.5366126242666 15422.762090617247
2252 3580.39536343389 15990.394161529648
2257 2608.1080251385865 15395.215141135786
2258 3139.265029416123 16617.34422893667
2260 2585.6130759943544 15394.618328020202
2261 3091.747336853953 17374.57577902877
2263 1676.848101927381 17107.57687869721
2264 2893.9256387754017 15417.409629026803
2266 1854.62525637261 16871.016105304978
2272 2868.0815535384 16811.860682279428
2273 2727.0499176728845 14867.028153367148
2275 2429.2946263773238 16737.322698781078
2277 2881.5205926557555 16589.21997489331
2279 914.1102794290905 15917.734205734043
2280 2923.6502203635496 15422.382431303386
2281 1392.1007043332427 15497.5894018413
2282 3429.3190939215137 17047.229760782357
2283 3187.0960184577443 15406.507808746252
2284 2577.132691667027 16957.65841096311
2285 1980.888661660047 15402.65313605637
2287 2966.594402764765 15144.029083023861
2288 1923.54765081048 15402.952958544987
2289 2593.1113727757106 15394.817265205389
2290 2893.7206869460488 15420.605659874433
2291 3137.9690964820015 16663.343907779552
2292 3065.421208336906 16480.144683430153
2293 2901.2030987433113 15421.049854420187
2294 2872.5007542283474 15399.329788634506
2295 3459.9751758860207 16054.906874009437
2297 3973.654311970743 15719.12195920316
2298 2788.567896784445 16360.907620004244
2300 3389.0233537987497 16524.171391160482
2301 4032.858272476559 15075.852973196334
2302 3470.0728208014834 16089.435281910826
2303 2878.9237958010917 15416.925832829698
2304 2611.257496829238 15398.184781126436
2308 2826.2457365341847 15044.35107043193
2309 2570.616523416891 15394.22045473721
2311 1094.5142116345248 15672.623496484484
2312 1473.3086755076554 15684.351867881982
2315 4272.461005717935 16694.156292365766
2318 2880.0006036274926 15399.37371500275
2319 2757.843262329277 16358.02087144466
2320 1619.2996653857497 17026.242119449013
2321 2792.239753846943 16357.66962399911
2322 3146.6934219930695 16629.306924760607
2323 2887.500532842907 15399.417641838476
2324 1966.0933944926603 15396.419217906892
2325 2908.9091801275263 15418.301679165386
2328 3464.782409538564 16080.499574665448
2329 2882.095245767235 16352.31938917805
2330 3819.1476372003176 16660.095885154125
2331 2901.4174189050354 15417.855654658915
2332 3457.451713048678 16790.382033186794
2333 2806.576002304304 16160.006259580136
2335 3071.3288797157943 16507.939739890582
2336 2705.8848540797935 15403.616163707477
2337 3349.439790675671 16535.025946652462
2338 2849.236614306201 15387.759377767343
2339 2895.000460950189 15399.461568667712
2340 1437.198434751216 15645.153505439524
2342 1220.5186169914573 15065.459262592409
2345 3410.4385342736027 16497.324825859505
2346 2417.0140017066724 16368.434974034459
2347 3838.0700666840107 15214.074062646161
2348 2908.68546767589 15421.494046421272
2349 3717.390814307093 16496.781807842828
2350 2809.333848094375 16378.41074394365
2351 3459.614796883084 16071.771278971213
2352 2569.99277950657 16978.547979919786
2353 2725.8632971070824 16358.347441992915
2354 1533.7358366073827 16867.975365196173
2355 3119.230508900183 15588.598178007282
2356 2817.385171777783 16454.931383343283
2359 3358.1569958677665 15407.811105804649
2360 2402.0133344785595 16368.247482554852
2361 2800.1847873859733 16155.995911659205
2362 2594.3446388706343 16965.466060805993
2364 2336.6987246693498 16404.566252999368
2369 3003.388329851744 16298.57192144504
2370 3241.5705679073426 15406.921895181595
2371 2574.484194213498 16973.781628659613
2372 3602.990010374251 16411.254807795358
2373 3022.1035586120656 16420.02899000663
2374 3594.3678058049195 16300.962434996578
2376 2394.5130010251305 16368.153736817058
2377 2849.436050838676 15380.261131264386
2378 2972.2779681436123 15399.080086381
2379 2174.2161425367176 16667.428581448796
2380 4143.397182425918 15749.07109574476
2381 3116.078524001857 16599.796893902643
2383 3819.445766329039 15208.362311557565
2384 3133.342756145402 16607.80699016125
2385 1034.7390468008034 16773.119359369914
2386 1325.9519923378996 15670.317726251615
2387 2337.097793278252 16376.660650518326
2389 2942.6524727464625 15419.181236373232
2390 1826.2564483354163 15382.871618975598
2391 1808.8754994772526 16876.0147935358
2392 2553.9069074833274 16967.685985475273
2393 3004.42877341356 15599.215392691834
2394 2844.6217206597835 16371.204322056783
2396 2852.4366159893766 15387.839314484709
2397 3627.840647822854 16358.605593762899
2398 2916.1678271697247 15421.938237862027
2399 1653.1592540860188 15410.236133685305
2400 2448.221955686077 16368.825038381472
2401 2573.5359317435436 16978.05878010708
2402 2517.5412989524048 16858.090497696532
2403 3692.825901637727 16457.584227524072
2405 2424.5143630092743 16368.52872012034
2406 3708.4154592089103 15288.199065656365
2407 3567.9557262223248 16255.478526103736
2408 3647.9260210949606 16385.730830744018
2409 2432.023234622927 16368.622572575541
2410 2837.1603184008886 16371.417138684787
2411 3091.0146480510375 15434.833327234384
2412 2356.062923586899 16638.452656914844
2413 2837.061637816579 16368.217103043002
2415 2960.722560109141 15424.05393834036
2417 3923.5950026069077 15152.744919502082
2418 2831.7928788693443 15441.388572424026
2419 3628.7854374532394 15311.639013694019
2420 2852.835486654439 15372.842911707736
2421 3201.628853059291 15626.765269841726
2422 2572.120562665132 16964.655241075663
2423 3558.6533899501114 15369.603192340148
2424 2010.3421410351345 15409.934760118364
2425 3706.832214891338 16485.96386387502
2426 2863.322447772312 14541.712133022847
2427 4077.593513424499 15645.074321100721
2428 4477.304577247835 15946.962446315347
2429 2826.3257190366407 15556.414231970315
2430 2852.6360510698737 15380.341122571992
2431 2910.0002527359075 15399.549421948823
2432 1868.263652430698 15489.699832791717
2433 3755.76156643575 15088.659604317721
2434 3344.7424489345804 15865.700421923018
2435 4093.5750963354903 15647.702715005325
2436 1865.8327301738536 15597.16169960281
2437 2853.121678286755 15362.08292014774
2438 4244.761419769253 15926.352606683478
2439 2145.3993022354807 16354.139065069248
2440 1480.1324832798666 15559.039636418735
2441 2902.5003780238376 15399.505495432322
2442 2843.053311768136 15640.486037794806
2443 1998.907980195716 15390.518652941375
2444 2552.3547141515637 16964.887335267744
2445 3543.4487575943576 16010.1465099627
2446 3071.2839679512863 15418.93145342168
2447 1841.6395229060865 15402.47304913698
2448 1420.8053682982 16365.136412459346
2449 4168.536200642069 15606.132569565656
2450 3446.510159386264 15401.172416451782
2451 1596.3347653839123 16287.720416004184
2452 3474.5527527195177 16097.002058501403
2453 2176.699267928705 17209.171916859254
2454 2849.8349210116894 15365.26474698706
2455 2637.0133074861405 16202.450275331741
2456 3280.1611268139472 17374.372821314217
2457 996.9733390171025 16389.102156002522
2458 3294.0528297303536 15786.247914509871
2459 3030.073505408243 16077.909433370762
2460 4044.152804258437 15576.798301816956
2461 855.7206335371602 15792.476307870797
2462 3826.592054595677 15205.18046778778
2463 3371.532268054945 15913.52765868823
2464 2758.57622177291 17317.36686520978
2465 3346.309707477626 15517.964547440135
2466 1837.2391692224805 15383.071761462998
2467 3861.829207452791 16827.902880030622
2468 2718.2989299965793 17337.535442120687
2469 3302.4792189921363 16911.67632121298
2470 1848.0358836213602 15576.540039331363
2471 3535.440512686738 15358.232852834712
2472 1573.9016997849224 16997.753711623744
2473 1014.593421084225 16379.226024741876
2474 3326.989809559287 15835.61120264286
2475 2917.954359517514 14488.172840769617
2476 1004.0657288652227 15633.789382925293
2477 4100.313420115756 16948.98947879369
2478 3627.51659616169 17107.392432983263
2479 3419.9457188924594 16075.65020379196
2480 2917.500284062829 15399.593349382612
2481 3443.943056372313 17490.696202701878
2482 3148.0036531605847 16859.341633312415
2483 3034.739965480869 15394.257273578864
2484 3835.1612594854773 17278.075783016517
2485 1848.7585132176353 15487.748618423451
2486 4129.0217755868625 16953.90258874903
2487 778.6501727398909 16511.47443982483
2488 1437.2366707194926 16039.028815257725
2489 1825.3295240061293 16580.9893696642
2490 2040.7503206483495 16743.26890944471
2491 2849.6354865966287 15372.762913881252
2492 1058.0619382602392 15680.387369109236
2493 3712.585109710911 15728.143675823574
2494 1858.8810443840766 16232.320629465463
2495 3183.492165911378 17055.814488486067
2496 1857.7351532690318 17309.46893592038
2497 1572.3627136008574 16925.454306806554
2498 3522.9564405857827 17453.456489031687
2499 954.0033735768446 17036.58777684682
2500 2894.2353104348294 15602.60128606205
2501 2842.018209943179 15668.3347093121
2502 2345.880679875798 16255.168209158312
2503 1939.3677024207614 16814.26143590677
2504 3893.513594819216 15169.13880464212
2505 3000.896450696633 16128.987857545571
2506 2392.30348248936 17584.703868556542
2507 3451.6956469879765 16695.4058889146
2508 2859.967328048637 15152.387460089149
2509 3343.8758105354605 15472.861508383112
2510 1113.6420681637387 17023.953048516767
2511 2868.030283679431 17017.189233565023
2512 2873.151730210303 15208.611909884656
2513 830.1669915270727 15162.504017778761
2514 3837.776747141042 15217.832350698856
