1636 2648.627253598904 15504.991857477567
1656 3039.91888799219 15598.333830625006
1686 2649.150721466184 15459.69766267172
1747 2853.2852995045996 15429.747433828747
1834 2846.510023965852 15572.659151289277
1838 2854.0488597433687 15464.718785388217
1840 3109.6588816044778 15590.64072152677
1848 1842.7178285570826 15727.70284792129
1878 2927.879068519056 15399.65422761545
1900 2848.3195229261614 15405.429036577016
1910 2850.156867608387 15520.443975262608
1914 2859.067872299857 15599.512463360094
1924 2878.7377643898226 15420.119071820804
1937 2836.0866977262135 15400.84840649318
1939 812.7340094697287 16211.576948299931
1955 2632.8783236734926 15411.009577195571
1962 2790.656939353377 15399.855812506097
1969 2871.2459268829816 15419.884179225704
1989 3955.540913633013 17230.819974212176
1997 2863.921064024333 15416.461015167532
2008 2717.977612183681 15398.08898647606
2011 2759.2498165994425 15399.09230898768
2024 2016.8885045702884 16776.829175351148
2035 2801.7422747875535 15400.12529572725
2036 2746.370998955349 15398.77922642162
2037 2802.2709634068806 17288.467295495768
2052 1809.0490577792555 16361.580161762884
2055 2886.229616953004 15420.353964887965
2057 2780.54474195228 15399.609986157879
2076 3476.835125579972 17103.869491564958
2091 2903.3716487722677 14501.441940465756
2095 2732.088197905495 15398.432013181495
2098 3921.8763352660876 16646.780914605144
2099 2771.3648532752736 15399.386824126817
2105 3386.177066902426 17535.684207348353
2108 1674.081426080666 15395.99530866923
2121 2704.012109876026 15397.746977976147
2122 3879.882757190331 16751.182391943323
2125 1648.261514841334 16712.42498598538
2129 2690.6920520393865 15397.406176557832
2134 2037.3382879611631 16757.938152185397
2135 2191.978302273311 17189.18968171646
2136 2263.450309095228 16365.708775348707
2144 3643.720177733333 16383.922159959999
2150 2871.4224401691527 15416.693424316381
2157 1975.7352126105802 15407.435093122482
2160 2338.566749278183 16034.52683161973
2173 1002.8235106442535 16184.497033149013
2176 4543.6292676519815 15392.716742114655
2177 2931.0667540660534 15166.84990311221
2178 3009.289202786518 16398.53574774493
2179 2923.1658295429866 15186.810154113442
2184 3207.597171412977 16605.78565898861
2189 2863.754006367375 15419.64928402802
2191 3855.8068515898135 16716.78261134203
2194 2357.0138544276 16367.685039633616
2195 2654.405032832758 15396.443446264508
2196 1219.7721508247105 15590.513398975361
2201 2916.400872907698 15418.74769959712
2202 2372.682941005243 16367.880885603789
2203 2947.1669277953247 16358.331529255143
2205 2590.2132747339756 15394.740375815221
2207 2817.0287616059695 15400.49690845222
2208 2349.511064131335 16367.591263188046
2211 3651.317781336979 16389.219836160315
2216 787.4613954161808 17209.459253310382
2217 2783.2650363994103 14610.592941414321
2218 2674.555898664896 15396.978068545353
2219 1126.578832998168 15185.1076229698
2224 2433.6579383878448 17496.407318891896
2228 2886.425142532408 15417.158241067254
2231 2400.784852060739 16368.232127905443
2232 2865.000910034329 15399.285862296749
2234 2939.223991587302 15405.913891543449
2239 2364.698797979017 16367.781092790134
2245 2609.9353329212913 15395.263621407688
2246 2923.8927579860297 15419.193731477388
2249 2813.185831200453 15397.201565341678
2251 3031.0775049599874 15371.853607504134
2252 3770.2385913497437 15837.91218617586
2257 2634.993599329491 15395.928441850283
2258 3344.868059132167 16955.187726684624
2260 2791.87148934715 15396.683508421633
2263 2012.7060470425981 17281.44872467778
2264 2893.9256387754017 15417.409629026803
2266 1844.0061810157347 17063.423375037306
2272 2600.274444408152 16962.157504239098
2273 2722.4583532219604 14668.494509343975
2275 2230.212477081254 16648.714074584794
2277 2528.5955593024314 16680.532378270687
2279 1071.5246127449532 15772.75419381746
2280 2923.6502203635496 15422.382431303386
2281 1147.4132465520427 14963.520556635267
2282 3708.318022303482 17503.997090693832
2283 3746.774642441185 15248.110499533985
2284 2884.11131247331 17424.97097937615
2285 1864.1203028153782 15660.709766094978
2289 2621.891968475167 15395.580842703503
2290 2893.7206869460488 15420.605659874433
2291 2625.782504828797 16947.925189152276
2293 2901.2030987433113 15421.049854420187
2294 2872.5007542283474 15399.329788634506
2295 3676.776830159397 15878.007416811071
2298 2990.518813977216 16377.046548882498
2300 3167.87207237024 16647.78723388349
2302 3326.206507258594 15840.574588573887
2303 2878.9237958010917 15416.925832829698
2304 3205.16374059169 15406.645149921696
2308 2664.227797376 14774.802815830953
2309 2599.766478672947 15394.993831707478
2311 1556.0126925195002 15482.589666487407
2312 1729.0816611086466 15636.693416914066
2318 2880.0006036274926 15399.37371500275
2319 2969.7443746527806 16316.735497550499
2320 1863.6706516157315 17378.985036805116
2321 2812.07982416205 15898.626714409684
2322 3337.2584057411127 16968.881266075325
2323 2887.500532842907 15399.417641838476
2324 1853.3525952453915 15283.802579177436
2325 2908.9091801275263 15418.301679165386
2328 3287.9483402684923 15775.979545017026
2329 3279.8980955285915 16149.29666419676
2330 4130.948765428502 16980.04895505663
2331 2901.4174189050354 15417.855654658915
2333 2830.5312133459365 15467.933234258984
2335 3147.8467211030634 16631.16419957531
2336 3462.142579365789 15396.405949553207
2337 3579.3885954129983 16427.812693389038
2338 2849.236614306201 15387.759377767343
2339 2895.000460950189 15399.461568667712
2340 1475.168716505866 15569.040668761078
2342 1046.606234714513 15016.586607140423
2345 4015.2610771875557 16161.713077925486
2346 2409.269879557074 16368.33818121198
2347 3366.024324949817 15428.110101685139
2348 2908.68546767589 15421.494046421272
2349 4097.589754736319 16945.549371420584
2350 2816.737208102269 15776.202324872715
2351 3261.0765049944507 15730.872716709295
2352 2323.1866491345468 16582.36738684422
2353 2943.533652015017 16329.714245918509
2354 1412.3829112134777 16264.718166070212
2355 3392.4465239983037 15952.074788959537
2356 3015.167629515249 16292.098907613858
2359 3833.6462319689986 15202.915860390436
2360 2391.8843339327805 16368.120881433024
2361 2826.557179559262 15484.19658844523
2362 2593.7241237253147 16965.812279488193
2364 2483.4536215205912 16822.61366329529
2369 3318.3140771350277 16042.894524351428
2370 3807.2915312643063 15211.946121788334
2371 2323.106817557274 16540.844471853095
2372 3176.6938682260384 16643.698499097773
2373 3143.8901744348727 16624.792570206704
2374 3410.804929273549 15992.186992563049
2376 2382.271183921253 16368.000727863056
2377 2849.436050838676 15380.261131264386
2378 3060.744196747861 15272.049007214819
2379 2339.4695971874517 16361.337134224683
2380 4255.082666027192 15981.004153825748
2381 2777.4307084537904 16370.784534780081
2383 3577.989048567954 15337.145317425597
2384 3332.1140965061063 16934.839188511956
2385 999.7492036370471 16579.640051215876
2386 1780.4783991599577 15382.037387392682
2387 2183.4042165289698 16675.3121619123
2389 3242.218244899766 15403.726599038328
2390 2100.091467737636 15384.72037256027
2391 1980.3598025620806 16777.670279572434
2392 2616.481429825731 16930.49504357394
2394 2620.431087012388 16372.499303109867
2396 2852.4366159893766 15387.839314484709
2397 3440.005058350228 16039.31351576105
2398 2916.1678271697247 15421.938237862027
2399 1498.0409207720106 15866.446092429022
2400 2433.4521272232405 16368.64043212697
2401 2338.6519904997035 16610.503472894376
2402 2878.3514628738976 16786.131115528457
2403 3969.054291673727 16621.539227629422
2405 2417.4299640403333 16368.440173096089
2406 3097.1877116805076 15416.084427575137
2407 3392.1406507575994 15958.213110682316
2408 3902.6844636799306 16780.2223576854
2409 2425.5598814092095 16368.541787925176
2410 2575.872613961922 16371.784996411987
2411 3052.223913373659 15400.017788609981
2412 2142.87538275483 16363.159838126898
2413 2837.061637816579 16368.217103043002
2415 2931.1326045033893 15422.826624207253
2417 4454.995918423934 14879.540591002838
2418 2832.482476174906 15426.879871870016
2419 3975.652449892008 15430.443126430784
2420 2852.835486654439 15372.842911707736
2421 3268.4557189648754 15863.444690256389
2422 2330.975608941716 16428.427802094273
2423 2987.3546948814255 15421.292094744598
2424 1529.5871243819765 15527.48625608918
2425 3547.486130463196 16220.268355742019
2426 2651.7999002356764 14735.56481458655
2427 3832.4033252356867 15227.081928541977
2428 4216.3534283942545 15911.609460494556
2429 2832.126356424921 15434.372411026172
2430 2852.6360510698737 15380.341122571992
2431 2910.0002527359075 15399.549421948823
2432 1859.3385699640373 16126.564682813792
2433 3818.908835289719 15195.652855569067
2434 3579.7957585271565 15990.714721558663
2435 3830.7055366729305 15230.59243274582
2436 1859.578027778643 16192.929050717385
2437 2853.0349219239683 15365.344712687953
2438 3967.479396763193 16204.970165468965
2439 2337.7770565620226 16099.509767796242
2441 2902.5003780238376 15399.505495432322
2442 2830.671956957241 16239.48962454133
2443 2729.157990348435 15400.963314748606
2444 2524.1102093309 16902.775003022092
2445 3753.449870438128 15835.430325660216
2446 2398.710054651501 15407.411599989244
2447 1416.6002213320817 15650.704939957968
2448 1426.4139095318374 16282.144380966976
2449 3902.8516642110326 15351.600689203222
2450 3811.503309666522 15228.285190512663
2451 2049.0981809903833 16351.915309537937
2452 3364.826267251545 15907.875169634013
2453 2630.252645655029 16930.213686201667
2454 2849.8349210116894 15365.26474698706
2455 2787.3639793860793 16360.919912401612
2456 2882.8419152512074 17449.135196060273
2457 973.9654087223581 16047.172474483306
2458 3096.663235602074 15596.048848167531
2459 3082.355447093197 16264.381386392948
2460 3965.7973924414728 15460.339436861503
2461 1238.117450090329 15681.174902288776
2462 4080.3163018174523 15634.860421116553
2463 3586.557799503472 16281.132739678917
2464 2463.682061743174 17483.410623424985
2465 3545.3205199590793 15690.739823925893
2466 2134.445343124287 15385.315117495096
2468 2608.001398649795 17020.446764568325
2469 3037.924189692439 16471.35625920084
2470 1849.510568828579 15416.252058864873
2471 3902.9501025229206 15299.362591651656
2472 1931.7406971471805 16806.146149062828
2473 961.8097145304594 16018.982823358849
2474 3550.60634079555 16006.319931739452
2475 3220.053581962174 14295.116113353744
2476 1422.6207566499374 15628.756173422811
2477 3756.5831029283913 16565.497100504763
2478 3816.1393919909556 17008.723626493447
2479 3239.231115325383 15694.868439601787
2480 2917.500146214096 15399.593348575238
2481 3248.785287969884 17386.88246441364
2482 3159.1089717597156 16642.57622766872
2483 2949.6010748418516 15398.910754740456
2484 3441.538375857727 17491.71873964077
2485 1849.589470483525 15408.751021986702
2486 3785.8107626242995 16612.522378595993
2487 1034.0453816025895 16368.336147696251
2488 1607.628378047031 16287.99264577002
2489 2100.470969612231 16353.317972211182
2490 2317.1327519375072 16591.35096939068
2491 2849.6354865966287 15372.762913881252
2493 3616.972110386486 15922.991872650602
2494 2144.755487648513 16354.127298962463
2495 3312.1696192124787 16914.9803615714
2496 2186.5240121608394 17175.427640868176
2497 1792.083521961585 17287.89608970774
2498 3348.6973919505135 17356.433765191512
2499 1200.5185568920288 16943.541949461847
2500 2850.4710843662865 15602.73968034398
2501 2821.067117330778 16283.73197129432
2502 2482.435992269188 16803.204716396078
2503 1937.074830585346 16810.436380270385
2504 3853.915066367695 15202.045266058612
2505 2903.587012431073 16160.847297256752
2506 2562.6359619283835 17424.879469906322
2507 3501.076590230313 16496.559074727305
2508 2853.234358366915 15357.84646955102
2509 3128.4977139566477 15423.6315814439
2510 1294.5831483554862 17150.826180683278
2511 3094.7543803527565 16888.863270591028
2512 2926.2999096182853 15193.909399698323
2513 1011.2072399362272 15388.65331301104
2514 3420.1005475333973 15428.74299110189
2515 3881.086768655848 15319.642205364235
2516 3259.1238166395606 15399.4545772718
2517 1019.6934464742205 15031.313113904844
2518 1033.6489325921846 15692.441919975994
2519 3370.1699926063643 16644.109172117696
2520 2407.7714483387535 16870.85950393844
2521 4374.767640636476 15488.270119261406
2522 3632.7003652928465 15986.709932772805
2523 2855.4010844266927 15268.908675493829
2524 2795.9979963636165 16360.83175621438
2525 4006.7430159224705 15537.623553844496
2526 3893.8787481273966 16450.037795721324
2527 3825.5446164604778 15208.057907938157
2528 3422.636005940958 17497.307233277443
2529 3330.196532691427 15409.1978857108
2530 3183.039216079817 15257.775225629199
2531 2694.609678461394 17176.340883608722
2532 3126.7038158785303 15830.565006892046
2533 1708.1892153563222 16927.781247365492
2534 3420.9323551342954 16075.13755980651
2535 3825.428656102706 16701.80382718883
2536 2860.298660490514 15181.871102155887
2537 3580.7276095215925 15115.51625934376
2538 4241.320612727992 16917.052798697092
2539 4143.431829353575 17002.293087221817
2540 3057.623485309153 15294.939167214852
2541 998.7984165974277 15365.906545389864
2542 2965.993328397442 16300.009216391094
2543 1572.614498152866 17543.221455010527
2544 1416.6276630574455 16638.35145906396
2545 2803.498746411977 14982.631756263476
2547 1736.3460894810144 16665.15970445781
2548 1362.5137114951165 15359.625424492862
